0 801
0 142
0 133
1 127
1 970
1 971
2 3
2 113
2 1196
3 963
3 97
4 1176
4 5
4 9
5 6
5 1177
6 1056
6 356
7 8
7 11
7 1056
8 1057
8 11
9 1057
9 1175
10 1177
10 227
10 1176
11 12
13 14
13 350
13 17
14 15
14 350
15 16
15 1160
16 17
16 227
17 222
18 20
18 163
18 19
19 20
19 24
20 21
21 22
21 25
22 23
22 25
23 26
23 24
24 26
25 159
26 722
27 774
27 1026
27 167
27 1270
28 1159
28 29
28 1272
29 103
29 112
30 961
30 957
30 31
31 32
31 1297
32 146
32 1297
33 43
33 703
33 290
34 434
34 289
34 436
35 274
35 706
35 704
36 1236
36 1023
36 1235
37 651
37 38
37 1236
38 653
38 1295
38 1235
38 1234
39 426
39 40
39 1234
40 175
40 1205
41 722
41 176
41 1233
42 512
42 846
42 43
43 711
44 707
44 719
44 711
45 775
45 761
45 772
46 781
46 482
46 775
47 481
47 826
47 482
47 480
47 968
48 557
48 465
48 470
49 50
49 194
49 971
50 801
50 971
51 801
51 52
52 805
52 53
53 229
53 55
54 198
54 984
54 66
55 136
55 1055
56 460
56 472
56 58
57 58
57 461
57 460
58 557
59 121
59 358
59 1297
60 61
60 126
60 143
60 201
61 110
61 126
61 974
62 984
62 136
62 198
62 234
62 131
63 64
63 963
63 359
64 1043
64 1050
64 65
65 981
65 990
66 983
66 978
67 1114
67 198
68 1102
68 990
68 1043
69 202
69 70
69 1102
70 209
70 1122
71 394
71 315
71 393
72 93
72 270
73 940
73 472
73 944
74 637
74 944
74 455
75 1281
75 655
75 784
76 1281
76 112
76 77
77 950
77 78
78 935
78 933
79 80
79 864
79 1293
79 1177
80 1189
80 415
81 1188
81 1189
81 420
81 1183
82 83
82 1188
82 89
83 84
83 89
84 85
84 87
85 86
86 570
87 88
89 90
90 91
92 1062
92 1069
93 1065
93 1069
94 925
95 306
96 309
96 624
97 98
97 279
98 1195
98 99
99 100
99 790
100 969
100 193
101 1039
101 1037
101 102
102 958
102 103
103 956
104 1286
104 1077
104 105
104 1228
105 106
105 1282
107 147
107 115
107 116
108 110
108 130
108 122
109 143
109 148
109 121
110 131
111 127
111 141
111 129
112 138
113 146
113 114
114 115
114 117
115 116
116 117
116 975
117 1050
118 982
118 979
118 983
119 976
119 975
119 200
120 121
120 123
120 148
122 974
122 201
124 125
124 1049
124 970
125 126
125 143
125 128
126 129
127 128
127 194
128 129
129 144
130 978
130 200
130 131
131 139
132 569
132 390
132 142
133 569
133 959
134 933
134 162
134 135
135 1308
135 1222
136 137
137 140
137 811
138 961
138 1045
139 811
139 144
140 808
140 812
141 196
141 804
142 970
144 145
146 147
148 201
149 959
149 390
149 661
150 1202
150 319
150 1200
151 1159
151 152
151 319
152 1195
152 1097
153 244
153 595
153 177
154 902
154 904
154 901
155 157
155 510
155 1227
156 764
156 176
156 506
157 763
157 738
157 1227
158 758
158 741
158 757
159 774
159 757
160 168
160 167
160 325
161 1026
161 444
161 1027
162 504
162 1307
163 169
163 967
164 324
165 166
165 548
166 167
168 908
168 169
169 170
170 593
170 324
171 172
171 175
171 329
172 422
172 335
172 697
173 585
173 583
174 1204
174 575
174 571
175 1205
176 1294
177 763
177 243
178 179
178 182
178 1096
180 181
180 1031
180 1097
181 188
181 190
182 325
182 379
182 216
182 321
183 378
183 377
183 922
183 384
184 921
184 923
184 922
185 923
185 920
185 186
187 1030
188 790
188 789
189 279
189 280
189 969
190 1033
190 789
191 793
191 362
191 948
192 948
193 669
193 794
194 195
195 807
195 196
196 197
197 812
197 807
199 200
202 204
202 203
204 1125
204 205
205 800
205 798
206 208
206 814
206 210
207 208
207 681
207 821
208 802
209 210
209 1125
210 800
211 1060
211 363
211 814
212 213
212 874
212 224
213 258
213 408
214 410
214 340
214 215
216 344
216 343
217 372
217 344
217 890
218 382
218 343
218 340
219 220
220 868
220 621
221 871
221 223
221 884
222 405
222 398
223 874
223 224
224 405
225 561
225 276
225 856
226 564
226 1173
226 862
227 1164
228 1164
228 255
228 246
229 230
229 231
229 623
229 986
230 797
230 1041
232 237
232 236
232 235
233 235
234 237
234 235
236 1044
237 239
238 1114
238 1106
238 239
239 240
241 704
241 706
241 278
242 916
242 487
242 907
243 610
243 602
245 1170
245 1168
245 253
246 1089
246 256
247 1054
247 351
248 355
248 1278
248 249
249 396
249 357
250 1087
250 251
250 1074
251 1167
251 252
252 252
253 254
253 391
253 261
255 399
255 398
256 313
256 391
257 399
257 403
257 314
258 346
258 414
259 400
259 414
259 402
260 401
260 695
260 262
261 1284
261 1207
261 315
262 263
262 264
263 265
263 370
264 701
264 394
266 701
266 268
266 317
267 912
267 734
267 732
268 384
268 723
268 912
269 1240
269 1239
269 734
270 317
270 1061
271 620
272 621
272 859
272 273
273 878
273 698
274 698
274 283
275 276
275 616
275 859
276 861
277 278
277 339
277 338
278 1023
279 280
280 281
282 658
283 289
283 658
284 287
285 877
285 879
285 286
286 876
286 872
287 288
287 435
289 435
290 1266
290 1277
291 1194
291 558
291 293
292 534
292 1193
292 536
292 541
293 667
293 295
293 529
293 776
294 543
294 924
294 1192
295 296
295 542
296 465
296 690
297 298
297 926
297 360
298 928
298 1291
299 928
299 938
300 301
300 796
301 304
301 966
302 452
302 464
302 458
303 799
304 306
304 1178
305 1179
305 977
305 985
306 803
307 1013
307 1008
307 1012
308 1016
308 1017
308 1018
309 625
310 311
310 939
310 793
311 428
311 387
312 955
313 393
313 314
315 1206
316 1206
317 1058
318 1058
319 320
320 1096
320 447
322 325
322 326
322 323
324 326
326 327
328 335
330 335
331 640
331 337
331 332
333 653
333 334
333 650
336 337
337 338
338 648
340 341
342 343
344 910
344 345
346 382
346 347
347 886
347 889
348 349
348 889
348 892
350 869
351 1054
351 354
352 354
352 1054
352 396
353 354
355 357
355 397
356 1278
356 1056
357 421
358 1048
358 1046
359 1042
359 963
360 930
360 461
361 938
361 464
362 794
362 789
363 1042
364 657
364 1052
364 1266
365 1062
366 386
366 385
366 368
367 368
368 369
370 413
370 885
371 373
372 373
372 885
373 374
375 377
376 377
378 379
378 380
379 381
382 383
384 385
385 913
386 1073
386 827
387 1073
387 389
388 389
389 927
390 567
390 655
391 392
392 392
393 395
394 395
395 694
397 1269
398 399
400 403
400 401
401 402
402 413
403 404
405 406
407 409
408 410
408 409
409 411
410 412
413 414
415 862
415 416
416 836
416 417
417 1288
417 1290
418 420
419 420
419 860
419 862
421 421
422 641
422 441
423 424
423 442
423 441
425 426
426 440
427 428
427 1072
429 881
430 432
431 433
432 881
432 433
433 434
434 703
435 875
437 439
438 440
439 440
439 1021
441 639
443 444
444 1025
445 446
446 447
446 1027
447 1203
448 450
448 637
448 638
449 451
451 460
451 454
453 454
454 455
455 456
457 458
458 1041
459 549
461 463
462 464
465 467
466 467
467 468
469 470
470 549
471 472
473 1193
473 475
473 474
475 476
475 478
476 482
476 477
477 1191
478 1191
478 479
479 480
479 1192
480 481
481 1192
483 486
484 489
484 485
484 488
485 486
485 488
486 487
487 659
488 489
489 494
490 491
490 495
490 492
491 493
491 499
494 783
494 495
495 952
496 497
496 659
496 1095
497 499
497 500
498 499
501 1310
501 614
501 916
502 503
503 1301
503 1274
504 1232
504 1095
505 1232
505 784
505 1095
506 507
506 759
508 509
508 1221
508 510
509 509
510 1223
511 1224
512 514
512 898
513 514
514 515
515 516
515 517
515 518
516 524
516 519
519 521
519 522
520 524
523 525
524 525
525 530
526 527
527 531
527 528
530 534
530 532
531 532
531 533
532 535
534 915
537 915
537 838
537 538
539 540
540 541
540 828
541 543
543 544
545 547
546 547
547 548
548 1233
549 782
550 552
551 552
552 553
553 553
553 556
554 556
554 555
556 1278
557 783
558 900
558 905
559 562
560 564
561 562
561 563
562 564
563 565
563 566
567 568
568 569
571 572
571 574
572 573
572 1296
573 574
573 1296
574 1233
575 591
575 580
576 580
577 578
578 580
578 579
581 583
581 582
581 587
582 1214
582 588
584 585
585 590
586 1219
586 588
586 1215
587 588
587 589
589 590
589 592
590 591
591 656
594 596
595 601
595 706
596 605
596 598
597 610
597 1268
597 609
599 601
600 602
601 602
603 609
604 605
605 608
606 608
607 748
608 609
610 748
611 612
612 613
612 614
614 1268
615 1019
615 616
615 619
616 855
617 1020
618 619
619 1020
620 852
620 854
621 622
623 626
623 966
624 823
624 825
625 841
625 1017
627 761
627 725
627 628
628 755
628 756
629 631
630 755
630 687
630 684
631 917
631 919
632 633
632 797
632 634
633 791
633 635
634 634
636 637
640 641
640 642
641 643
643 644
643 645
646 648
647 648
649 651
651 1237
652 1237
653 654
655 1045
657 658
657 1174
659 1298
660 661
661 952
662 717
663 1284
664 1284
665 1283
666 779
668 781
670 802
671 765
672 760
673 760
674 764
675 710
676 1058
677 821
678 819
679 825
680 824
682 797
683 756
685 756
686 755
688 790
689 720
691 704
692 694
693 722
694 695
695 696
698 699
700 701
702 703
705 705
705 708
707 710
707 714
708 709
709 710
709 721
711 712
712 713
712 716
714 715
714 717
717 718
719 725
719 720
720 724
723 1067
723 737
725 727
726 728
726 904
726 911
729 730
729 737
729 912
730 746
730 731
730 736
731 744
731 733
732 734
732 747
733 739
733 735
734 736
735 740
735 739
736 746
737 740
737 1070
738 742
738 911
739 744
740 753
743 748
744 746
745 747
745 751
745 750
747 749
749 750
749 1259
750 751
751 771
752 753
753 754
754 1072
754 1070
757 766
758 770
758 759
759 768
760 765
761 762
763 769
764 1227
765 772
767 772
773 774
775 780
776 783
776 1094
777 779
778 781
779 782
782 968
784 937
785 787
786 787
787 788
787 793
791 940
791 792
794 795
796 799
800 802
804 806
804 808
807 810
808 809
810 813
810 815
811 816
812 817
813 815
814 818
819 820
819 821
822 824
824 825
829 969
830 1073
831 1008
832 1011
833 1011
834 968
835 950
835 947
835 953
837 904
839 915
840 1017
842 900
843 967
844 891
845 930
847 939
848 949
849 1179
850 937
851 890
853 854
854 856
856 857
858 859
863 1293
863 863
864 1160
864 1293
865 867
866 867
867 868
868 870
869 871
869 870
870 871
873 877
874 884
877 1266
879 881
879 880
882 883
883 1292
883 1277
884 888
885 894
887 891
888 967
888 891
889 890
893 899
895 898
896 905
897 906
898 899
899 900
903 907
905 906
906 907
909 911
914 1309
916 918
919 926
919 925
922 923
925 1291
926 930
928 929
929 932
929 931
933 937
934 952
935 1271
935 942
936 940
939 949
941 945
943 945
944 951
945 948
946 950
949 955
954 955
956 957
958 1238
958 960
959 962
961 1045
964 966
965 966
972 974
973 975
976 979
976 980
977 994
977 1006
978 984
979 980
980 983
981 982
981 1260
982 987
985 986
985 995
986 1005
987 988
987 999
988 989
988 1000
989 991
989 1001
990 1119
991 1002
991 992
992 993
992 1003
993 1004
994 1008
994 1007
995 996
995 997
998 1016
999 1109
999 1261
1000 1001
1000 1109
1001 1002
1002 1111
1003 1004
1003 1111
1009 1014
1010 1012
1011 1012
1013 1014
1013 1015
1014 1016
1019 1020
1022 1023
1024 1025
1025 1026
1027 1028
1029 1030
1030 1031
1031 1032
1034 1035
1034 1037
1034 1157
1035 1036
1036 1039
1037 1196
1038 1039
1038 1038
1040 1041
1042 1043
1045 1047
1046 1048
1046 1047
1047 1049
1048 1049
1050 1051
1052 1174
1052 1053
1053 1174
1057 1279
1059 1065
1059 1066
1060 1116
1061 1067
1061 1068
1063 1067
1064 1072
1070 1071
1074 1075
1074 1076
1077 1087
1077 1081
1078 1079
1079 1083
1079 1080
1080 1084
1080 1082
1081 1086
1081 1083
1083 1084
1084 1085
1085 1086
1087 1088
1088 1088
1089 1170
1089 1090
1090 1092
1090 1091
1091 1092
1091 1093
1092 1171
1096 1098
1097 1101
1098 1099
1098 1101
1099 1100
1099 1101
1102 1104
1103 1104
1104 1105
1106 1116
1106 1113
1107 1108
1107 1113
1107 1117
1107 1116
1109 1110
1111 1112
1112 1112
1113 1260
1114 1115
1117 1118
1117 1119
1118 1119
1118 1120
1120 1123
1120 1122
1121 1123
1122 1123
1123 1124
1125 1126
1126 1134
1126 1133
1127 1143
1127 1133
1127 1139
1127 1131
1128 1143
1128 1130
1128 1140
1129 1147
1129 1137
1129 1148
1130 1142
1130 1150
1130 1141
1131 1142
1131 1149
1131 1141
1132 1149
1133 1134
1133 1149
1134 1148
1135 1137
1135 1139
1135 1145
1136 1140
1136 1138
1136 1145
1136 1153
1137 1146
1138 1146
1138 1147
1139 1144
1140 1144
1141 1142
1142 1143
1143 1144
1144 1145
1145 1146
1146 1147
1147 1148
1151 1153
1152 1153
1153 1154
1155 1156
1156 1157
1156 1159
1157 1158
1160 1162
1161 1162
1162 1163
1164 1165
1165 1265
1165 1166
1166 1263
1167 1168
1167 1231
1168 1169
1169 1229
1169 1230
1170 1171
1171 1172
1175 1279
1175 1176
1175 1228
1176 1177
1179 1181
1180 1181
1181 1182
1183 1187
1184 1186
1185 1186
1186 1187
1187 1188
1189 1190
1193 1193
1195 1196
1197 1272
1197 1198
1197 1270
1198 1199
1198 1200
1200 1201
1202 1203
1204 1296
1204 1205
1206 1207
1207 1208
1209 1212
1210 1216
1211 1217
1212 1216
1212 1217
1213 1220
1214 1217
1214 1219
1215 1220
1215 1218
1216 1220
1219 1220
1222 1308
1222 1226
1223 1226
1223 1224
1224 1225
1224 1226
1228 1279
1229 1230
1231 1231
1232 1275
1232 1306
1235 1236
1236 1237
1240 1242
1240 1241
1242 1244
1242 1243
1244 1247
1244 1245
1246 1247
1247 1249
1248 1249
1249 1251
1250 1251
1251 1253
1252 1253
1253 1255
1254 1255
1255 1257
1256 1257
1257 1259
1258 1259
1260 1261
1261 1262
1263 1264
1264 1265
1267 1268
1267 1276
1267 1310
1268 1277
1270 1271
1271 1272
1273 1309
1273 1299
1273 1275
1274 1306
1274 1299
1275 1306
1276 1310
1276 1309
1279 1282
1280 1281
1283 1286
1283 1284
1285 1286
1287 1288
1288 1289
1294 1294
1299 1303
1300 1301
1300 1307
1301 1302
1303 1305
1303 1304
1307 1308
