0 1
0 1636
0 2
2 1948
2 3
3 1946
3 1947
4 1636
4 3386
4 1260
4 4504
4 2221
4 2001
5 4855
5 11
5 1238
6 4851
6 1899
6 4850
6 1977
7 3386
7 1639
7 9
7 594
7 3394
8 3477
8 10
8 1634
8 11
8 3970
9 1296
9 594
9 1641
9 1642
10 2982
10 363
10 1974
10 2399
10 2980
11 3970
11 1237
12 1973
12 3957
12 1237
12 2981
12 3380
13 2927
13 14
13 4839
13 916
14 18
14 1633
15 4850
15 1977
15 2927
16 1629
16 1628
16 3775
16 2247
16 2926
17 1722
17 1149
17 1559
18 368
18 4058
19 2888
19 2889
19 2891
19 2890
20 3159
20 3158
20 4183
21 4181
21 489
21 494
22 2891
22 2892
22 3058
23 4449
23 24
24 25
24 5027
26 1345
26 2041
26 4880
27 28
27 223
27 2045
28 4559
28 222
29 4123
29 4124
29 4882
30 4714
30 4890
30 3916
31 4919
31 4918
31 4917
32 321
32 3984
32 543
33 376
33 819
33 3123
33 1975
34 35
34 2173
34 4576
34 4578
35 4491
35 2173
35 4309
36 2406
36 136
36 148
37 1247
37 2897
37 1246
37 2896
38 2466
38 1840
38 3004
39 2460
39 40
39 2456
40 4853
40 4852
41 1427
41 1285
41 1426
41 1588
42 47
42 1426
42 3002
43 3002
43 1087
43 2911
44 4635
44 941
44 1101
45 1291
45 759
45 2908
46 952
46 957
46 4600
47 3001
47 2911
48 2920
48 2919
48 1733
49 2187
50 1351
50 1353
51 3628
51 1207
51 52
52 65
52 1208
53 55
53 99
53 68
53 2612
54 59
54 4332
54 4448
55 318
55 1925
56 293
56 294
56 3505
57 67
57 63
57 1390
58 312
58 2343
58 305
58 434
59 61
59 3419
60 3626
60 1206
60 67
61 5089
61 512
62 304
62 305
62 4778
63 3627
64 4836
64 3140
64 300
64 3481
65 1208
65 2724
66 3057
66 3133
66 4836
66 3127
67 2724
68 99
68 444
69 1653
69 473
69 479
69 517
70 3697
70 298
70 293
71 515
71 4510
71 633
72 2363
72 3155
72 3055
72 3056
73 2775
73 4545
73 2774
74 3627
74 3628
75 117
75 4283
76 2351
76 734
76 83
77 78
77 87
77 460
78 79
78 88
79 80
79 3752
80 81
80 4785
81 82
81 1922
82 83
82 595
83 2852
84 1607
84 1714
84 2098
85 1749
85 1199
85 4748
85 1608
86 841
86 129
87 1587
87 88
88 3751
89 2747
89 4203
89 1197
90 747
90 741
90 743
91 4952
91 4954
91 145
91 4946
92 2442
92 4938
93 1988
93 2430
93 2431
94 2556
94 1986
94 4616
95 142
95 4970
95 4954
95 4956
96 736
96 3769
96 4377
97 166
97 4513
97 607
97 4977
98 99
98 318
98 319
99 316
100 555
100 320
100 540
100 317
101 1657
101 4592
101 1655
101 1658
102 3182
102 2358
102 3516
102 4978
103 1753
103 333
103 104
103 3778
104 2093
104 4388
104 1752
105 1200
105 4087
105 2930
105 3740
106 359
106 1298
106 1602
107 1604
107 301
107 309
108 2961
108 1717
108 1604
109 133
109 3045
109 4571
110 504
110 3051
110 1852
110 3050
111 822
111 1917
111 3051
112 1580
112 824
113 114
113 840
113 3527
114 4075
114 840
115 1917
115 3050
115 4478
116 2741
116 497
116 2743
116 4061
117 1713
117 1714
118 2098
118 119
118 1713
119 2169
119 1711
120 1795
120 1798
120 771
121 122
121 3506
121 772
122 2297
122 1794
123 1797
123 1798
124 1794
124 2704
124 3506
125 2704
125 128
125 2702
125 4035
126 1835
126 138
126 141
127 1833
127 1277
127 138
128 1834
128 1835
129 130
129 3607
131 3125
131 4991
131 4174
132 4041
132 4975
132 4976
133 2446
133 5105
134 135
134 137
134 1221
135 1219
135 1675
136 1462
136 4317
137 1220
137 2406
138 1834
139 1829
139 140
139 1277
140 1278
140 1828
141 1278
141 1832
142 145
142 4963
142 4957
143 451
143 4966
143 4967
144 4383
144 4951
144 4964
144 3085
145 4955
145 4954
145 4964
146 147
146 1926
146 1572
146 2897
147 4548
147 1927
148 1460
148 1463
149 2854
149 2850
150 4146
150 2853
150 1994
151 4146
151 152
151 1922
152 4344
152 1921
152 4784
153 1218
153 4145
153 4783
153 3175
154 155
154 158
154 1890
154 637
155 638
155 635
156 161
156 163
156 3153
156 296
157 1487
157 438
157 4680
158 2857
159 1483
159 2857
159 1480
159 4514
160 597
160 343
160 602
161 4836
161 252
161 4678
162 1485
162 4678
162 1534
162 3414
163 164
163 3148
163 336
164 337
164 3146
164 296
165 3413
165 3414
165 296
165 2365
166 4671
166 3156
166 4511
167 513
167 514
167 512
167 3032
168 4509
168 4507
168 4508
169 1010
169 171
169 3684
169 3786
170 2142
170 1676
170 2788
171 3682
171 3678
172 2865
172 1149
172 1143
173 2921
173 2923
173 3851
173 931
174 2111
174 1373
174 4546
175 4077
175 4076
175 991
176 177
176 1007
176 983
177 967
177 1790
178 5055
178 1691
178 1690
179 1369
179 2833
179 1690
180 1683
180 3176
180 1995
181 3205
181 336
181 3154
181 3206
182 278
182 331
182 3701
183 3737
183 3736
183 3403
184 185
184 710
185 220
185 723
185 186
186 708
186 3355
187 1734
187 246
188 2499
188 4367
188 3305
189 1693
189 1327
189 4201
190 3565
190 5092
190 327
191 1175
191 4343
191 261
191 195
191 1395
192 1494
192 1495
192 4343
193 4068
193 1393
193 1492
194 1871
194 1392
194 1393
195 197
195 1174
195 268
196 298
196 425
196 386
197 267
197 431
198 757
198 3565
198 431
199 267
199 200
200 287
201 202
201 757
201 287
202 291
202 292
203 3877
203 247
203 1504
204 1500
204 1503
204 3877
205 1413
205 650
205 4209
206 3364
207 3904
207 3366
207 728
207 3367
208 1545
208 1525
208 1524
209 3920
209 2588
209 1379
210 1991
210 1935
210 1993
211 550
211 253
211 547
212 4658
212 1417
212 349
213 711
213 2992
213 699
213 3299
214 711
214 713
214 2928
215 1499
215 2725
216 3509
216 3604
216 425
216 381
217 249
217 3193
217 2206
217 2209
218 250
218 2078
218 3594
219 250
219 3473
219 430
219 3596
220 709
220 719
221 2543
221 1981
221 1780
222 3556
222 225
223 2046
223 224
224 3555
224 225
225 3557
226 234
226 235
226 2472
227 3557
227 2496
227 2497
227 2473
228 3980
228 4924
228 4923
229 2030
229 4856
229 3980
230 239
230 2028
230 237
231 857
231 2597
231 2528
232 2482
232 3927
232 3928
233 3925
233 3926
233 1363
234 2474
234 608
235 2473
235 236
236 2499
236 2474
237 1448
237 238
238 3010
238 239
239 3428
240 2757
240 1449
240 882
240 868
241 849
241 2064
241 2065
242 610
242 243
243 1434
244 2756
244 895
244 3618
245 2333
245 895
245 3585
246 776
246 863
247 1509
247 1506
247 1504
248 2205
248 249
248 3753
249 2210
250 3597
251 4329
251 2347
251 2345
251 1718
252 3204
252 3202
253 1420
253 289
253 349
254 3569
254 2302
254 255
255 351
255 3382
255 2299
256 2300
256 257
256 2301
257 335
257 258
257 337
258 355
258 1188
259 1557
259 302
259 1555
260 310
260 476
260 552
261 4536
261 268
262 1491
262 4536
262 1495
263 264
263 4342
263 270
264 4341
264 4342
265 1491
265 1938
265 1492
266 1939
266 1938
267 268
267 432
268 2604
269 1174
269 271
269 270
270 271
271 273
272 1939
272 294
272 3350
273 418
273 3973
273 4341
274 450
274 277
274 451
275 3161
275 1301
275 3114
276 277
276 1374
276 3161
277 1563
278 3575
278 281
279 1703
279 280
279 3226
279 4095
280 331
280 5011
280 4048
281 5012
281 5011
281 2794
282 283
282 5012
282 2414
284 2240
284 3112
284 3115
285 4105
285 286
285 3112
286 2238
286 3113
287 291
288 289
288 2298
288 1720
289 350
290 2952
290 675
290 3442
291 292
292 293
294 2604
295 1706
295 4083
295 3563
295 3510
296 3151
297 298
299 4117
299 4448
299 3488
299 4443
300 4354
300 3484
300 3143
301 471
301 470
302 303
302 310
303 2979
303 304
304 305
306 309
306 3088
306 307
307 2961
307 308
308 2395
308 1488
309 2343
310 4778
311 362
311 1972
311 369
311 2974
312 444
312 313
312 435
313 314
313 316
314 1242
314 315
315 317
315 316
317 322
318 3116
318 1915
319 322
319 1915
320 2987
320 3178
320 322
321 3982
321 521
321 3985
323 758
323 324
323 329
324 3398
324 325
325 1490
325 1229
326 330
327 3566
327 3575
328 330
329 330
329 758
329 3736
329 3400
329 4028
331 3698
331 2929
332 340
332 2193
332 560
333 2194
333 3779
333 565
334 4051
334 337
334 3207
335 593
335 3207
335 3061
336 3200
336 4051
337 338
338 2365
338 1552
339 2972
339 355
339 1552
339 3412
340 3726
340 2714
340 2194
341 2192
341 576
341 5047
342 2191
342 2192
342 587
344 602
344 3418
344 4671
345 4198
345 348
345 347
346 2002
346 4198
347 1420
347 2630
348 349
348 2664
349 352
350 2893
350 352
351 2301
351 1721
352 353
352 3163
353 3067
353 1416
354 2302
354 3164
354 357
355 3411
355 1188
356 3411
356 358
356 4573
357 358
357 3387
357 3382
358 1721
358 3391
359 4049
359 4573
360 1638
360 3394
360 1601
361 363
361 2982
361 3385
361 4982
362 4982
362 4657
362 2977
363 3957
363 2981
363 1974
364 1236
364 2980
364 4060
365 2974
365 1236
365 2982
366 446
366 443
366 4657
366 373
367 4059
367 3906
367 2394
368 4988
368 4986
369 2394
369 5038
369 3908
370 3119
370 372
370 3117
370 3908
371 4989
371 1651
371 2616
372 1702
372 3118
372 375
373 484
373 1702
373 3122
374 375
374 3120
374 376
374 3119
375 3122
375 3121
376 1976
376 1399
377 1710
377 378
377 1709
378 4337
378 2734
379 4334
379 4340
379 2737
380 2737
380 2736
380 2738
381 4335
381 382
382 4334
382 2738
383 408
383 2727
383 403
383 1758
384 416
384 389
384 388
385 2391
385 2386
385 2389
385 389
386 2392
386 397
387 417
387 388
387 393
387 420
388 2212
389 3754
390 391
390 3754
390 2213
391 397
391 392
393 2731
393 394
394 2214
394 2206
395 396
395 2214
395 397
396 2733
396 398
398 426
398 2208
398 3604
399 406
399 1182
399 1207
400 402
400 404
400 403
401 403
401 1182
401 402
404 1187
404 413
405 409
405 415
405 1179
407 408
408 414
409 2722
409 2723
410 417
411 1509
411 1187
411 1186
411 2729
412 413
412 2728
412 2730
413 2727
414 416
414 415
414 1757
415 2386
416 417
417 1767
418 431
418 1174
418 1597
419 1200
419 3396
419 3737
420 4434
420 4437
421 2198
421 4436
421 4434
422 423
422 2209
422 2208
423 2310
423 424
424 429
424 427
425 3741
426 428
426 427
427 429
428 3830
428 3602
429 3602
430 2198
430 3269
431 432
432 757
433 1488
433 439
433 1489
434 436
434 3088
435 436
435 444
436 2396
437 439
437 440
437 2396
438 439
438 443
440 442
440 441
441 447
441 480
442 445
442 3892
443 480
445 5096
445 2612
446 4664
446 447
447 2662
448 449
448 2196
448 452
449 4458
449 2197
450 1301
450 1615
451 1563
452 2195
452 2794
453 2195
453 4048
453 1389
454 456
455 456
456 2196
457 1389
457 2875
457 1553
458 4737
458 2197
458 3845
459 4345
459 3924
459 4961
460 4675
460 2351
461 1699
461 4947
462 465
462 1534
462 3138
462 468
462 3413
463 467
464 465
465 466
466 467
466 3137
466 3136
467 470
468 3138
468 469
468 3137
469 471
469 472
470 2972
471 1555
472 475
472 478
472 1534
473 3056
473 474
475 1556
475 477
476 477
476 1557
477 2605
478 2605
478 3043
479 3043
479 3042
480 481
482 486
482 483
482 4664
484 487
484 2962
485 490
485 2963
485 488
486 2663
486 492
486 2963
487 490
487 488
488 2962
489 4061
489 491
490 491
491 495
492 2636
492 496
493 494
494 496
496 3159
497 2742
497 1190
497 2740
498 4062
499 4843
499 4062
499 4842
500 4572
500 4414
500 3047
501 4981
501 4414
501 4845
502 3047
502 1848
502 1700
502 1850
503 2890
503 626
503 2633
503 1916
504 1850
504 1851
504 1916
504 3053
505 3190
505 1181
505 4069
506 1554
506 507
506 1387
507 3344
507 3190
508 2878
508 2254
508 3189
508 1531
509 2248
509 3252
509 3251
510 2878
511 512
511 3767
511 514
514 2250
514 2248
515 4512
515 2366
516 3071
516 3091
516 4512
517 3071
517 518
518 2366
518 3071
519 545
519 536
519 537
520 1652
520 2663
520 528
521 1652
521 1923
522 523
522 1923
522 1924
523 526
523 528
524 525
524 529
524 526
525 532
525 529
526 531
527 2636
527 3158
527 528
529 4063
530 538
532 619
532 533
533 2157
533 538
534 615
534 535
534 619
535 612
535 536
536 537
537 546
538 624
539 4183
539 3160
539 4063
540 1239
540 2984
541 641
541 795
541 3625
542 3175
542 1919
542 5029
543 544
543 545
544 2635
544 2987
545 1924
546 613
546 2525
547 548
547 3059
548 1719
548 549
548 3060
549 3061
549 550
549 3062
550 1720
551 3157
551 1888
551 3156
552 556
552 3042
553 1241
553 557
553 556
554 556
554 4778
554 557
555 1242
555 1240
557 1242
558 1655
558 4355
558 4477
559 2158
560 5044
560 3779
561 2193
561 579
561 567
562 564
562 565
562 563
564 2190
564 569
565 4388
566 570
566 567
566 568
566 578
567 5044
567 578
568 5041
568 569
569 570
570 571
571 575
571 577
572 2190
572 576
572 2191
573 574
573 585
573 590
574 580
574 1755
575 1755
575 578
576 577
577 1755
578 580
578 579
579 583
580 581
580 583
581 590
581 582
582 3154
582 583
584 1340
584 2313
584 5048
584 2315
585 586
585 5047
586 591
586 587
587 5048
588 5052
588 591
588 2092
589 3207
589 5040
589 593
589 3205
590 592
591 592
592 5040
593 2092
594 1602
594 1297
595 2852
595 2153
596 601
596 4040
596 603
596 2321
597 3028
597 598
598 599
598 3063
599 3864
599 601
599 600
600 3865
600 602
601 3063
603 3025
603 3409
604 605
604 607
604 4040
605 3410
605 3500
606 4040
606 3865
606 3864
607 736
608 3551
608 3554
609 1363
609 3591
609 2482
610 2065
610 2064
611 789
611 612
611 621
612 794
613 787
613 794
614 617
614 621
614 3093
616 2158
616 5079
617 618
617 3092
618 631
618 619
620 622
620 751
620 2618
621 751
621 3170
622 3093
622 3574
623 755
623 625
623 4033
624 3058
624 625
625 2160
625 629
626 1700
626 2889
627 2633
627 628
627 2166
628 629
628 748
629 2891
630 4468
630 2166
630 3053
631 2158
631 2157
632 2523
633 636
633 4513
634 1658
634 2522
634 639
634 1656
635 1747
635 2522
636 1747
636 1890
637 640
637 4145
638 639
638 640
639 1659
640 641
641 5029
642 787
642 1661
642 795
643 3463
643 2203
643 648
644 3463
644 1413
644 649
645 3466
645 2203
645 3470
646 3470
646 2204
646 3471
647 2204
647 3459
647 3458
648 3458
648 3464
649 3464
649 3461
650 2077
650 651
651 3461
651 3462
652 672
652 661
652 2077
653 2215
653 657
653 2952
654 3457
654 658
654 2215
655 2089
655 657
655 660
656 3635
656 2089
656 659
657 4459
658 2074
658 3459
659 660
659 2076
660 2074
661 3462
661 2076
662 4209
662 1545
662 663
663 664
663 4209
664 665
664 1546
665 666
665 667
666 668
666 1546
667 669
667 668
668 4560
669 670
669 671
670 673
670 671
671 4560
672 3635
672 2091
673 4941
673 1539
674 1540
674 2091
674 689
675 4566
675 1322
676 4106
676 4157
676 2345
677 685
677 678
677 681
678 685
678 679
679 689
679 694
680 1562
680 681
680 3634
681 1442
682 4940
682 4937
682 4933
683 1562
683 684
683 4940
684 687
684 4940
685 686
686 1441
686 2567
687 4934
687 4937
688 4935
688 1987
688 4938
688 1988
688 4937
689 690
690 2669
690 694
690 2674
691 3023
691 1528
691 2676
692 1530
692 1540
692 2669
693 2676
693 695
693 2674
694 695
695 1856
696 1694
696 4446
696 3369
697 698
697 1512
697 1510
698 699
698 3287
699 3288
700 3289
700 1872
700 3278
701 3289
701 1695
701 3292
701 3287
702 3277
702 707
702 3281
703 705
703 3278
703 3282
703 3281
704 709
704 713
704 3282
705 3284
705 3286
706 4462
706 1695
706 1696
707 3279
707 3111
708 3279
708 3284
709 3286
710 3275
710 718
711 3276
712 718
712 3276
712 3299
713 715
714 1521
714 4451
714 717
715 4451
715 3815
716 3815
716 3283
716 3274
717 3283
717 720
718 3274
719 1521
719 1522
720 1522
720 3285
721 3800
721 2554
721 722
722 4237
722 3440
723 4405
723 4407
724 3315
724 4798
724 5093
725 2552
725 4693
725 4239
726 1982
726 3991
726 2967
726 1783
727 4121
727 3359
727 3361
728 1523
728 3545
729 3607
729 4974
730 2017
730 2432
731 732
732 2964
733 2867
733 734
733 4259
734 4119
735 2867
736 738
737 738
737 3085
737 2851
737 3182
738 4041
739 1587
739 4464
739 2851
739 3094
740 2024
740 3425
740 1445
741 747
741 745
741 744
742 1445
742 3429
742 3430
743 3422
743 2747
744 3430
744 746
745 872
745 2752
746 747
746 3429
747 3615
748 752
748 3089
749 750
749 2527
749 751
750 806
750 754
752 2509
752 4556
753 3089
753 3090
753 1580
754 3170
754 811
754 756
755 2618
755 2527
756 805
756 809
756 811
757 3564
758 3566
759 1969
759 2907
760 944
760 903
760 936
760 1969
761 2135
761 4552
761 925
761 909
762 763
762 3770
762 1733
763 1057
763 1047
764 1329
764 1330
764 3074
765 2183
765 1968
765 1213
766 2920
766 2184
767 4047
767 1021
768 770
768 769
768 1410
769 1410
769 1409
770 4517
771 2297
771 3508
772 1791
772 1793
773 1202
773 1293
774 1146
774 1158
774 3735
775 4860
775 3001
776 777
776 869
777 1999
777 2000
778 830
778 4994
778 4613
779 2772
780 5028
781 4862
781 1019
782 1066
782 1084
782 1044
783 1543
783 1526
783 4801
784 1530
784 2673
784 3022
785 786
785 2070
785 3971
785 2677
786 3022
786 1526
787 796
788 792
788 794
788 797
788 798
789 792
789 811
790 791
790 792
790 797
791 801
791 810
793 797
793 798
793 1561
795 798
799 800
799 2164
799 802
800 1919
800 804
801 4814
801 3339
802 4814
802 1468
802 4129
803 804
804 3969
804 1465
805 806
805 814
806 813
806 4556
807 809
807 808
807 3334
808 814
808 809
808 1467
810 3333
810 811
812 1712
812 1711
812 1199
813 1584
813 2509
814 1584
815 1581
815 1583
815 817
815 1582
816 4276
816 1711
816 1712
817 1201
817 1749
818 1472
818 835
818 833
819 1646
819 836
820 2642
820 2520
820 3762
821 4491
821 4563
821 825
822 4467
822 3218
823 3535
823 831
823 835
824 4102
824 2167
825 4995
825 826
826 830
826 3855
827 4268
827 2637
827 4470
828 3762
828 832
828 2645
829 840
829 839
829 1952
830 834
831 3534
831 3532
832 2642
832 4268
833 4999
833 3539
834 4362
834 3538
835 3533
837 3530
837 1574
837 3733
837 3220
838 4748
838 2667
838 4786
839 2637
839 2644
840 4274
840 4479
841 3330
841 842
843 846
843 847
844 859
844 1433
844 1432
845 4823
846 3590
847 853
847 3947
848 2816
848 2817
848 3580
849 3578
849 1360
850 1963
850 1176
850 1740
851 4824
851 854
851 859
852 3581
852 3580
852 3579
854 4825
854 1430
855 3581
855 2819
855 2818
856 2062
856 3584
856 3610
857 1362
857 860
858 1359
858 2478
858 2477
859 4823
860 3578
860 3579
861 890
861 1449
861 888
862 885
862 1452
862 2019
863 1447
863 891
863 2759
864 882
864 2331
865 878
865 2325
865 869
866 2751
866 2753
866 4248
867 4130
867 872
867 2752
868 2326
868 2333
869 894
870 1996
870 2751
870 2966
871 4015
871 1962
871 4014
872 3424
873 890
873 2331
873 2330
874 2760
874 888
874 891
875 3313
875 889
875 883
876 885
877 881
877 2325
877 1178
878 3900
878 2325
879 893
879 1197
879 2052
880 3613
880 890
880 1450
881 2326
881 1447
883 3613
883 2330
884 892
884 2052
884 887
885 1450
885 889
886 2067
886 3011
886 2748
887 4130
887 2750
888 1962
889 2021
892 2752
892 893
893 3422
894 2067
894 3900
895 2966
896 4218
896 1150
896 2856
897 3711
897 908
897 901
898 2122
898 900
898 937
898 899
899 4552
899 902
900 2170
900 5081
901 946
901 903
902 4218
902 904
903 908
904 906
904 2122
905 1189
905 947
905 955
906 1097
906 943
907 2903
907 928
907 1625
908 2170
909 930
909 1624
909 929
910 2109
910 913
910 925
911 1221
911 931
911 1949
912 913
912 923
912 921
913 929
914 2905
914 1627
914 921
915 917
916 2247
916 928
917 926
917 918
918 2381
918 920
919 2381
919 930
919 4177
921 922
922 4266
922 3168
923 929
923 1626
924 4266
924 2821
924 1219
924 5073
925 2820
927 5053
927 2895
927 1248
928 3775
930 3775
931 3809
931 3168
932 938
932 943
932 1370
933 2400
933 1368
933 940
933 5069
934 2128
934 2609
934 1742
935 3774
936 942
936 2936
937 2176
937 3761
937 2610
938 4648
938 5071
939 943
940 1613
940 3772
941 2935
941 2936
941 2907
942 5081
942 2610
943 2608
944 945
944 946
944 953
945 949
945 948
946 947
947 948
948 955
949 951
949 956
950 957
950 958
950 953
951 953
951 954
952 2234
952 1009
954 958
954 959
955 956
955 1905
956 959
957 4217
958 1009
959 5053
960 988
960 977
960 1808
961 1268
961 1263
961 1802
962 1004
962 997
962 1788
963 995
963 1788
963 990
964 2745
964 1266
964 4076
965 1809
965 1275
965 1818
966 980
966 994
966 3679
967 972
967 2711
968 4483
968 3379
968 2902
969 975
969 1243
969 1251
970 1000
970 988
970 1789
971 1254
971 1809
971 1256
972 997
972 985
973 1006
973 4269
973 976
974 978
975 1257
975 1252
976 991
976 2784
977 1000
977 998
978 1003
978 986
979 2706
979 2711
979 1788
980 992
980 998
981 996
981 4385
981 1928
981 4386
982 1255
982 1256
982 984
983 1855
983 1002
984 1273
984 1275
985 993
985 987
986 1808
986 992
987 1274
987 990
988 1003
989 5123
989 3760
989 2790
990 1004
991 1001
992 1808
993 1855
993 1789
996 1458
996 1926
997 1004
998 1269
999 1805
999 1267
999 3646
1000 1854
1002 1805
1002 1854
1003 1789
1005 1245
1005 2378
1005 2784
1005 1822
1008 5062
1008 1328
1008 1100
1009 3271
1010 1376
1010 1897
1010 1898
1011 1015
1012 2306
1012 2305
1013 3667
1013 1276
1013 2693
1014 1015
1015 1272
1016 1831
1016 1832
1016 1830
1017 1810
1017 3789
1017 4489
1018 1020
1018 1021
1018 2147
1019 1020
1020 3999
1021 4862
1022 3648
1022 2147
1022 4533
1023 1060
1023 1050
1023 1043
1024 1059
1024 1085
1024 1048
1025 2837
1025 4830
1025 1047
1026 4826
1026 2835
1027 1052
1027 1042
1027 1041
1028 1032
1028 1035
1028 1073
1029 2916
1029 1082
1029 1036
1030 1730
1030 2919
1030 5129
1031 1964
1031 1084
1031 1966
1032 1083
1032 1085
1033 1044
1033 2647
1034 1066
1034 1037
1034 1074
1035 1058
1035 1068
1036 1082
1036 2910
1037 1067
1037 1424
1038 3172
1038 1425
1038 2832
1039 2910
1039 4555
1039 1080
1040 1966
1040 1049
1040 1965
1041 1060
1041 1045
1042 1059
1042 1054
1043 1060
1043 2054
1044 2846
1045 1056
1045 1069
1046 2096
1046 1078
1046 1051
1047 1070
1047 4273
1048 1064
1048 1085
1049 1086
1050 1063
1050 1077
1051 1078
1052 1059
1052 1063
1053 1071
1053 2648
1053 2652
1054 1061
1054 1056
1055 1075
1055 2917
1055 1080
1056 1069
1057 1728
1057 1062
1058 1086
1058 1068
1061 1081
1061 1064
1062 1728
1062 2916
1063 1083
1064 1081
1065 2766
1065 1072
1065 3176
1066 1074
1067 2055
1067 2056
1068 1071
1069 1078
1070 1681
1070 2837
1071 1084
1072 1080
1072 1099
1073 2651
1073 2648
1074 2649
1074 1077
1075 1096
1075 1099
1076 1728
1076 2917
1076 3641
1077 1083
1079 1424
1079 5050
1079 2844
1082 2910
1087 2766
1087 1613
1088 2403
1088 1368
1088 2467
1089 2834
1089 1689
1089 1091
1090 2764
1090 1091
1090 2765
1091 1093
1092 1099
1093 1106
1093 1098
1094 1103
1095 1100
1095 2139
1095 5074
1096 2998
1096 1104
1097 3004
1097 3007
1097 5084
1098 1958
1098 1691
1100 1102
1101 4271
1101 1106
1102 5074
1102 1328
1103 1596
1103 5084
1105 1970
1105 1106
1105 1958
1107 1114
1107 1110
1107 1112
1108 1117
1108 1113
1108 1121
1109 1283
1109 1117
1109 1128
1110 4211
1110 1202
1111 1292
1111 1293
1111 1114
1112 1113
1112 4212
1113 2004
1114 2004
1115 1120
1116 1126
1117 4860
1118 1122
1118 1130
1118 1128
1119 1124
1119 1132
1119 4859
1120 1125
1120 1129
1121 1128
1121 1129
1122 1127
1122 1129
1123 1125
1124 5107
1124 1151
1124 1130
1125 1126
1125 1131
1126 1132
1126 4213
1127 4859
1127 1131
1127 1130
1131 1132
1132 1134
1133 1139
1133 5107
1133 4857
1135 1137
1135 1142
1135 1157
1136 1163
1136 1153
1136 1725
1137 2324
1137 2322
1137 1144
1138 1163
1138 1145
1138 4327
1139 1161
1139 1281
1140 1162
1140 1150
1140 1147
1141 1159
1141 1160
1141 1154
1141 1144
1142 1155
1142 1156
1143 1148
1143 1147
1144 1156
1145 1159
1145 1154
1146 1203
1146 1163
1147 1149
1148 2324
1148 4325
1148 1162
1150 1839
1151 1159
1151 1158
1151 1160
1152 3755
1152 1161
1152 1157
1153 4325
1153 1154
1153 4327
1154 2322
1156 1161
1157 1162
1158 3735
1160 1161
1164 1726
1164 1232
1165 1166
1165 1168
1165 1169
1166 1172
1166 1168
1166 2739
1167 1172
1167 1170
1167 1418
1168 1204
1169 1173
1169 1172
1170 1418
1171 2093
1171 1336
1171 1205
1174 1175
1175 4342
1175 1397
1176 4002
1176 4003
1176 1433
1177 3301
1177 2584
1177 4408
1179 1208
1179 4178
1180 1180
1180 2660
1181 3226
1181 2658
1183 2201
1183 1186
1183 1187
1184 1185
1184 1511
1185 1514
1185 1186
1186 2202
1188 1552
1189 1673
1189 4499
1190 4578
1190 4309
1190 2172
1191 1628
1191 2856
1191 1558
1192 3673
1192 1900
1192 2684
1192 1823
1193 1902
1193 5053
1193 2234
1194 1235
1194 4780
1194 3476
1195 3634
1195 3931
1195 3632
1196 1879
1196 3633
1196 1324
1197 2747
1198 5025
1198 1828
1198 1829
1199 2884
1199 1748
1200 1756
1200 3240
1201 1582
1201 2850
1201 4120
1203 1232
1204 1497
1204 2739
1205 1753
1205 3776
1206 4178
1206 3626
1207 3628
1208 3626
1209 2305
1210 1215
1210 1216
1210 1212
1210 1211
1211 1214
1211 1212
1212 1970
1213 3214
1213 2139
1214 3214
1214 1217
1215 1216
1215 2935
1216 1217
1217 1971
1218 4782
1218 2154
1219 1675
1219 1221
1219 4320
1220 1949
1220 1221
1222 2130
1222 2129
1222 2933
1223 2129
1223 2006
1223 1742
1224 3651
1224 3652
1224 4315
1225 2463
1225 1227
1225 1593
1225 2460
1226 2452
1226 2450
1226 4122
1227 2457
1227 4314
1228 1423
1228 2746
1228 1891
1229 1891
1229 1423
1230 1231
1231 3701
1231 3403
1233 1688
1233 2053
1233 1685
1234 1685
1234 2056
1234 5050
1235 4355
1235 1241
1236 3478
1237 1238
1237 1973
1238 4734
1239 1240
1239 3476
1240 4144
1241 4144
1243 1253
1243 3811
1243 1250
1244 1819
1244 3661
1244 1821
1245 1821
1245 3688
1246 1249
1246 1247
1246 2895
1247 1248
1247 2613
1248 2895
1248 1903
1249 2896
1249 3689
1250 3653
1250 1819
1251 1253
1251 1255
1252 1273
1252 1258
1253 3782
1254 1256
1254 1255
1257 1258
1257 1259
1257 3811
1258 1259
1259 3682
1260 1637
1260 2001
1260 1414
1261 3370
1261 4850
1261 2217
1261 3342
1262 3693
1263 1800
1263 2744
1264 1799
1264 1809
1264 1801
1265 1266
1265 1268
1265 1804
1266 2709
1267 1804
1267 1803
1268 1803
1269 1802
1269 1800
1270 2793
1270 1334
1270 1271
1270 1751
1271 1750
1271 3760
1272 1536
1272 2789
1273 3086
1274 1751
1274 1750
1275 3086
1276 1817
1276 3086
1277 1536
1278 1830
1279 1280
1279 2925
1279 1283
1280 2914
1280 1281
1281 1282
1282 1283
1282 1284
1285 1289
1285 1588
1285 1590
1286 3692
1286 2606
1286 3652
1287 1614
1287 1288
1287 1591
1289 1591
1289 2932
1289 3690
1290 2130
1290 1744
1290 2175
1291 4217
1291 2909
1292 4860
1292 3217
1294 1295
1294 4323
1294 4322
1295 1461
1295 4321
1296 4008
1296 1297
1296 1643
1297 3169
1297 1717
1298 2970
1298 4573
1298 1603
1299 1619
1299 4107
1299 1388
1299 1931
1300 3948
1300 1388
1300 2795
1301 3115
1302 4153
1302 1303
1302 2548
1302 1305
1304 1306
1305 1309
1305 4934
1306 4152
1306 4240
1307 4164
1307 1308
1307 4163
1307 3953
1308 4966
1308 2795
1309 4939
1309 4935
1309 2548
1310 2547
1310 4153
1310 4115
1310 4240
1311 4240
1312 2081
1312 3814
1312 1316
1313 1315
1313 2082
1314 1873
1314 3601
1314 3598
1315 1322
1315 2084
1316 3448
1316 1873
1317 1318
1317 3448
1318 1320
1318 1319
1319 1320
1319 3451
1320 1321
1321 3630
1321 2083
1322 2086
1323 1880
1323 1325
1324 1325
1326 1331
1326 5094
1326 2698
1327 3435
1327 4828
1328 3435
1330 1331
1332 1474
1332 1672
1332 1671
1333 4284
1333 3726
1333 3705
1334 3759
1334 1385
1335 1337
1335 3695
1335 1336
1336 1418
1337 2739
1337 1338
1338 1891
1339 1340
1339 2314
1339 2313
1339 1752
1340 1754
1341 3020
1341 3635
1341 1342
1342 1880
1342 1878
1343 1347
1343 1349
1343 2572
1344 2181
1344 1345
1344 3940
1345 3941
1346 1349
1346 1347
1346 3513
1346 4408
1347 2573
1348 3988
1348 1781
1348 2181
1349 4818
1350 2048
1350 1781
1350 3939
1350 2181
1351 1404
1351 1354
1352 1356
1352 4229
1352 1355
1353 1357
1353 4046
1354 2180
1354 1404
1355 1358
1355 2504
1356 4727
1356 1400
1357 1358
1357 1402
1358 2503
1359 1367
1359 3927
1360 3577
1360 2063
1360 3584
1361 4015
1361 2597
1361 1365
1362 3610
1362 3577
1362 2597
1363 2481
1364 4045
1364 4770
1364 3582
1365 2528
1365 1367
1366 4776
1366 3548
1366 2591
1367 1985
1367 4045
1368 4271
1369 2700
1369 3817
1370 3650
1370 3692
1371 1372
1371 1836
1371 2120
1371 1373
1372 1632
1373 2607
1374 3113
1374 2239
1375 1676
1375 2685
1375 5054
1376 3684
1376 5015
1376 4611
1377 3552
1377 4922
1377 4919
1378 2030
1378 3310
1378 2334
1379 4913
1379 4912
1380 2433
1380 4910
1380 4911
1381 4911
1381 5003
1381 4905
1382 4912
1382 4906
1382 4903
1383 4903
1383 4908
1383 5003
1384 2687
1385 2791
1385 2792
1386 4141
1387 1389
1387 1703
1388 1931
1390 2780
1391 1598
1391 1600
1391 1869
1392 3975
1392 1397
1393 1494
1394 1845
1394 1598
1394 4148
1395 3974
1395 3975
1396 4587
1396 4148
1396 1598
1397 1871
1397 4587
1398 4538
1398 4682
1398 4541
1399 1649
1399 1650
1399 3120
1400 1402
1400 1405
1401 1883
1401 2569
1401 1403
1402 1405
1403 1404
1403 4233
1405 2569
1406 2969
1406 1518
1406 4717
1407 1516
1407 4724
1407 1519
1408 4371
1408 4372
1408 2969
1410 4518
1411 1786
1411 4517
1412 1567
1412 1599
1412 1566
1413 3357
1414 2222
1414 4504
1415 1416
1415 1946
1415 1417
1415 3167
1416 3067
1417 3067
1419 1420
1421 1623
1421 2629
1421 1621
1421 4262
1422 2627
1422 2623
1422 2629
1423 1622
1424 2057
1426 1590
1426 1427
1427 2915
1427 2918
1428 4942
1429 4824
1429 2424
1429 2419
1431 2419
1432 1433
1432 1740
1433 4001
1434 1735
1434 1736
1435 1739
1436 1439
1436 4003
1436 2426
1437 1734
1437 1738
1437 1739
1437 1737
1438 1440
1438 1734
1438 1735
1438 1737
1439 1738
1439 1736
1439 1739
1439 1963
1440 1734
1440 2063
1441 4933
1441 1442
1442 4933
1443 2565
1443 2556
1443 2557
1444 4167
1444 4928
1444 4931
1445 1446
1445 1979
1446 2753
1446 3616
1446 3424
1447 2761
1448 1451
1448 3309
1449 2760
1450 3613
1451 3313
1451 2332
1452 2393
1453 1455
1453 4042
1453 2018
1453 4625
1454 4905
1454 1455
1454 4625
1455 4042
1456 3614
1456 3615
1456 4928
1457 2107
1457 4398
1457 2108
1458 1459
1458 1464
1458 1460
1459 1463
1459 4385
1460 1462
1460 1463
1461 2108
1461 2138
1462 1464
1462 3693
1464 1674
1464 1572
1465 3969
1465 2155
1466 2155
1466 4782
1466 4784
1467 5100
1467 3337
1468 1918
1468 3337
1469 3733
1469 3727
1469 2639
1470 4999
1470 4998
1470 1471
1471 1672
1471 2827
1472 1952
1472 1473
1473 1952
1473 3521
1473 3524
1473 3523
1474 3527
1474 1475
1475 2827
1475 3525
1476 1723
1476 4575
1476 1478
1476 4574
1477 4574
1477 4576
1477 2446
1478 2470
1478 1724
1478 2173
1479 2888
1480 2858
1480 1920
1480 1701
1481 1482
1481 3516
1481 3517
1482 2858
1482 3184
1483 4344
1483 1920
1484 3054
1485 3054
1485 3055
1486 1487
1487 1489
1488 1489
1490 3973
1490 1597
1491 1493
1492 1494
1492 1495
1496 1497
1498 1502
1498 1500
1498 1505
1499 1501
1499 1502
1500 1505
1501 1504
1501 1502
1503 3465
1503 3877
1505 3466
1506 1515
1506 1508
1507 1508
1507 1514
1507 1509
1508 1513
1510 2991
1511 1515
1511 1513
1512 3369
1513 1514
1516 1517
1517 5093
1517 1982
1518 4373
1518 4718
1519 1520
1519 2967
1519 4723
1520 4369
1520 4723
1520 4724
1521 1522
1523 3359
1523 4121
1524 1525
1524 3362
1525 3367
1526 1529
1527 1550
1527 3368
1527 2680
1527 3543
1528 2673
1528 3971
1529 1530
1529 3022
1531 3496
1531 2242
1532 2362
1532 2242
1532 1563
1533 4220
1535 3074
1535 1537
1536 3758
1536 1833
1537 2306
1538 1662
1538 3828
1539 1881
1539 1541
1540 1881
1541 1882
1541 4210
1542 3368
1542 4802
1542 4560
1543 2668
1543 3824
1544 4623
1544 4624
1544 1861
1545 1547
1545 3362
1546 3543
1547 1549
1547 1550
1548 3543
1550 2072
1551 4270
1553 1554
1553 2877
1554 2236
1555 1556
1556 1557
1558 4103
1558 1722
1559 1722
1559 1560
1560 1629
1560 2926
1561 3625
1561 3173
1562 2603
1564 1870
1564 1841
1564 1842
1565 1599
1565 4540
1565 4545
1565 2771
1566 4545
1566 1567
1566 2775
1567 4544
1567 2776
1568 5037
1568 3573
1568 1570
1569 4386
1569 1571
1569 2900
1570 5035
1570 1571
1571 4484
1572 2613
1573 1574
1573 2637
1573 1575
1574 1576
1575 3730
1575 1576
1576 3731
1577 4470
1577 1578
1577 3732
1578 1579
1578 3728
1579 3727
1579 4413
1580 2443
1581 4223
1581 1583
1582 2849
1582 3187
1583 2518
1584 2511
1585 4223
1585 5100
1585 2514
1586 2513
1586 4006
1586 2514
1587 3095
1588 2918
1588 3690
1589 2931
1589 2918
1589 2456
1590 1591
1591 1592
1592 1593
1592 2932
1593 4315
1593 4852
1594 2466
1594 2462
1594 1595
1595 1596
1595 3862
1596 2466
1596 2463
1597 3398
1599 4543
1599 4541
1600 4586
1601 3390
1601 1602
1601 3389
1602 1603
1603 4793
1603 3169
1604 4010
1605 2073
1605 5097
1605 4650
1606 3187
1606 2073
1606 4650
1607 4832
1607 1608
1608 4833
1609 2103
1609 3836
1609 1610
1609 2102
1610 1611
1610 4020
1611 2665
1611 3961
1612 1613
1614 4665
1614 4669
1615 1931
1615 4628
1616 3108
1616 1618
1616 2600
1617 3109
1617 4109
1617 3106
1618 3932
1618 4154
1619 4628
1619 4109
1619 4159
1620 2598
1620 3932
1620 2600
1621 4766
1621 3079
1621 3721
1622 4649
1622 3073
1622 2009
1623 4649
1623 3721
1623 2627
1624 1625
1624 1626
1625 1627
1626 1627
1628 4103
1629 4103
1629 1722
1630 3890
1630 3887
1630 3883
1630 3881
1631 3884
1631 1961
1632 1853
1632 1836
1633 1978
1633 4735
1634 4854
1634 1978
1635 3068
1635 2221
1635 3253
1636 2221
1637 3342
1637 3340
1638 3165
1638 3393
1638 3390
1639 3384
1639 4526
1639 1641
1640 1642
1640 1641
1640 4550
1641 1642
1642 1643
1643 5127
1643 2958
1644 2377
1644 1645
1644 1912
1645 1913
1645 1914
1645 1911
1646 1912
1646 1913
1647 4569
1648 4569
1649 2171
1649 3123
1650 3124
1650 3125
1650 4991
1651 4983
1651 2614
1652 1925
1653 1654
1653 2855
1654 1655
1654 4592
1655 1656
1656 1658
1657 2521
1657 1658
1659 3829
1659 3749
1660 4220
1660 1661
1661 3749
1662 3829
1662 4475
1663 1664
1664 1665
1664 1954
1665 1666
1665 4998
1665 4996
1666 1668
1666 1672
1667 1668
1668 1670
1669 1670
1670 1671
1671 4549
1671 2471
1673 4398
1673 4323
1674 4308
1674 1906
1675 4317
1676 4641
1677 2762
1677 1678
1677 1679
1678 3172
1678 1680
1679 2764
1679 1680
1680 2834
1681 1682
1681 1683
1682 1684
1682 2840
1683 1684
1684 2762
1685 1686
1686 1687
1686 2058
1687 2841
1687 1688
1688 2841
1689 1690
1689 1691
1692 3816
1692 2700
1692 1693
1693 5094
1694 1696
1694 1695
1696 1697
1698 4953
1698 4956
1698 3405
1699 4942
1699 4952
1700 1850
1700 1916
1701 2359
1701 4976
1701 4514
1702 3122
1703 4048
1704 3561
1704 3562
1704 1706
1705 3560
1705 3563
1705 1706
1706 3562
1707 3563
1707 3697
1707 1708
1708 4082
1708 1709
1709 3510
1710 2721
1710 3696
1710 4338
1711 2169
1711 2098
1712 2884
1713 2099
1714 2099
1714 2100
1715 2921
1715 1914
1715 2922
1716 2924
1716 2922
1716 2923
1717 4008
1717 4010
1718 3645
1718 4458
1719 3059
1719 2315
1720 3570
1721 3383
1723 1724
1723 4574
1724 2471
1725 2861
1725 1726
1726 1727
1727 2244
1727 2861
1729 5128
1729 2996
1730 3642
1730 5102
1730 1733
1731 2949
1731 5101
1732 1733
1732 2920
1732 2185
1735 1737
1736 1738
1737 1738
1741 4001
1742 4642
1742 2127
1743 4642
1743 4645
1743 3831
1743 2125
1744 3831
1744 1745
1745 2933
1745 3831
1746 1747
1748 2883
1748 1749
1748 2518
1749 4749
1750 1751
1752 1754
1752 2093
1753 3776
1754 5046
1754 4388
1756 3705
1756 3740
1757 1761
1757 1760
1758 1759
1758 1762
1759 1760
1759 1762
1760 1761
1761 1763
1762 1764
1763 1767
1763 1765
1764 1766
1764 1768
1765 1766
1765 1767
1766 1768
1768 3743
1769 1770
1770 2310
1770 3601
1771 4693
1771 1773
1771 1772
1772 1773
1772 1774
1773 1775
1774 1776
1774 1777
1775 1779
1775 1780
1776 4797
1776 1777
1777 1778
1778 1779
1778 3989
1779 1780
1781 3453
1781 1937
1782 1985
1782 4247
1782 4012
1783 3991
1783 2968
1784 2968
1784 1785
1784 2050
1785 3940
1786 4047
1787 4519
1790 1791
1790 1792
1791 1792
1792 1793
1793 1795
1794 3506
1795 1797
1796 4533
1796 3508
1796 3507
1797 1798
1799 1801
1799 2744
1800 1802
1801 2745
1803 1804
1805 1806
1806 1807
1806 5121
1807 3646
1807 5117
1810 3262
1810 3664
1811 2693
1811 1812
1811 2692
1812 1815
1812 1813
1813 1816
1813 1814
1814 2693
1814 1816
1815 1816
1817 1818
1817 2792
1818 2793
1819 1820
1820 3665
1820 3782
1821 1822
1822 3666
1823 1824
1823 3654
1824 4564
1824 3657
1825 4696
1825 4215
1825 4640
1826 1896
1826 4570
1826 3662
1826 4564
1827 3671
1828 1829
1829 3758
1830 1832
1831 1835
1831 4450
1833 2304
1834 1835
1834 2304
1836 2607
1837 1840
1837 3003
1837 1838
1838 3003
1838 1839
1839 3003
1840 5077
1841 1843
1841 1845
1842 4050
1842 1843
1843 1844
1843 1846
1844 1846
1844 1845
1846 4682
1847 3048
1847 1848
1847 1849
1848 1849
1848 3045
1849 1852
1849 1851
1850 1851
1851 1852
1853 2607
1853 3378
1854 1855
1856 1857
1856 1858
1857 4930
1857 1858
1858 4136
1859 1862
1859 1866
1859 4921
1860 1864
1860 4920
1860 1863
1861 4627
1861 4624
1861 1865
1862 1864
1862 1866
1863 1865
1863 4624
1864 3432
1865 4297
1866 2312
1867 3792
1867 3361
1867 3360
1868 1869
1868 4584
1868 1870
1869 1870
1871 4585
1872 3288
1872 2928
1873 2081
1874 1875
1874 2086
1874 2068
1875 1876
1875 2090
1876 1878
1876 1877
1877 1879
1877 2068
1877 2069
1878 2069
1879 3630
1880 2091
1881 4210
1882 4210
1882 4801
1883 4729
1884 2342
1884 2483
1884 2484
1885 2342
1885 2489
1885 2488
1886 2489
1886 4128
1886 4376
1887 1981
1887 5002
1887 2051
1888 3132
1888 2363
1888 3055
1888 3133
1889 3156
1889 3418
1889 3416
1890 4979
1892 4611
1892 1894
1892 1893
1892 3785
1893 3670
1893 3668
1893 1895
1894 1896
1894 2684
1895 3669
1895 1896
1896 4564
1897 2685
1897 1898
1897 3683
1898 3265
1898 3786
1899 3371
1899 4734
1900 5014
1900 4696
1900 3674
1901 3213
1902 3686
1902 2787
1903 2613
1903 1904
1904 1905
1904 4515
1905 1906
1905 4499
1905 4515
1906 4515
1906 4516
1907 2904
1908 2368
1908 5087
1908 4505
1909 2370
1909 1910
1909 2368
1910 2369
1910 2371
1911 1914
1911 2376
1912 1913
1915 4840
1917 3052
1917 3219
1919 5030
1919 2154
1920 1921
1921 1922
1923 1924
1925 5096
1926 1928
1927 1928
1927 4548
1929 3757
1930 3936
1931 4628
1932 2808
1932 2544
1932 4702
1933 2808
1933 4900
1933 2546
1933 3452
1934 4909
1934 3452
1934 3455
1935 3912
1935 2804
1936 4886
1936 5002
1936 4716
1937 2048
1937 5002
1939 2604
1940 4431
1940 2778
1940 1942
1941 3347
1942 3348
1942 2780
1943 1944
1944 1945
1944 1947
1945 1946
1945 1947
1948 2225
1948 4081
1949 1950
1950 1951
1950 4310
1953 1954
1954 2617
1955 4242
1956 2799
1956 2592
1956 4243
1957 2799
1957 4559
1957 4244
1958 1959
1960 2381
1961 5085
1962 2062
1963 4003
1964 1965
1965 1966
1967 1968
1967 2909
1967 2183
1968 2908
1970 2133
1971 3215
1971 2907
1972 3117
1972 2976
1973 3970
1973 3957
1974 3957
1974 3970
1975 1976
1975 4989
1976 4506
1976 3119
1977 4854
1978 2219
1979 4166
1979 4927
1979 4928
1980 4871
1980 4867
1980 3008
1981 1982
1981 4368
1983 4013
1983 1984
1983 4012
1984 2438
1984 4872
1985 3623
1986 2408
1986 4616
1987 1989
1987 4936
1987 1988
1988 1989
1989 4078
1989 2410
1990 1992
1990 1991
1991 3791
1992 1993
1993 2586
1996 3011
1996 1997
1997 1998
1997 3012
1999 2320
1999 2000
2000 2067
2001 2218
2002 2664
2002 4658
2003 2005
2003 2950
2003 3217
2004 2005
2005 2951
2006 2176
2006 3761
2007 3995
2007 3989
2007 3990
2008 3229
2008 2619
2008 2059
2009 3724
2009 4795
2010 3978
2010 2011
2010 3713
2011 3718
2011 3719
2012 3712
2012 3776
2012 3718
2012 3714
2013 3712
2013 2628
2013 2626
2014 2632
2014 3720
2014 3714
2015 3738
2015 3707
2015 3717
2016 2409
2016 2017
2016 2410
2018 2594
2018 2019
2019 2318
2020 2021
2020 2334
2020 2023
2021 3312
2022 2338
2022 2027
2022 2023
2023 2339
2024 3431
2024 2025
2025 3308
2025 2026
2025 3309
2026 2335
2026 2027
2027 2340
2028 3425
2028 3426
2028 3309
2029 3979
2029 4914
2029 4915
2029 4925
2030 3308
2031 4742
2031 2032
2031 2436
2032 4740
2032 4741
2033 2036
2033 4257
2033 2468
2034 4883
2034 2035
2034 4907
2035 2797
2035 2036
2036 4257
2037 2039
2038 4883
2038 2040
2038 2797
2039 2534
2039 2243
2040 4881
2040 2044
2041 2042
2041 4881
2041 2046
2042 3941
2042 4298
2043 2592
2043 2591
2044 4559
2044 2045
2045 2046
2045 4881
2046 2047
2047 4820
2047 3555
2048 2049
2049 2050
2049 5004
2049 3939
2050 4731
2051 3993
2051 3994
2052 2964
2053 4826
2053 2836
2054 2055
2056 5049
2057 5049
2059 3076
2059 2620
2060 4654
2060 2620
2060 3078
2061 2623
2061 3719
2061 3227
2061 3078
2062 2063
2063 2064
2064 2065
2066 3591
2066 4745
2066 3590
2068 3451
2069 3450
2070 3972
2070 2071
2071 2071
2072 3544
2072 2681
2073 3186
2074 2075
2075 3460
2075 2076
2077 3462
2078 2310
2078 2079
2079 2080
2079 3474
2080 2082
2080 2081
2082 3441
2084 3446
2084 3445
2085 3446
2085 2086
2085 3449
2087 3449
2088 3451
2089 2954
2090 2954
2090 3019
2090 4460
2092 3060
2094 2095
2094 2094
2095 4988
2095 4992
2095 4993
2097 4790
2097 3899
2097 4787
2098 2099
2100 2101
2100 3837
2101 3835
2101 4283
2102 3837
2102 4832
2103 4833
2103 3961
2104 3271
2105 4398
2106 2107
2107 2820
2108 4324
2108 4321
2108 4316
2109 2821
2109 2110
2110 4324
2110 4319
2111 4270
2111 2115
2112 2113
2112 2269
2112 2116
2113 2114
2113 2267
2114 2115
2114 2256
2115 2117
2116 2269
2116 2119
2117 2118
2117 2256
2118 2120
2118 2274
2119 2272
2119 2121
2120 2257
2120 2278
2121 2275
2121 2277
2122 3756
2123 2128
2123 4636
2123 2124
2124 2823
2124 2825
2125 2822
2125 4642
2125 2127
2126 2825
2126 2128
2126 2127
2129 2130
2131 4659
2131 4877
2131 2606
2132 4661
2133 2134
2134 2935
2135 2136
2135 3711
2137 4552
2138 3693
2138 4322
2139 2140
2140 4235
2140 2141
2141 3675
2141 2142
2142 5065
2143 2144
2143 2145
2143 2183
2144 4034
2144 2146
2145 4034
2145 4228
2145 4607
2146 4034
2146 4216
2147 2148
2148 4518
2148 2149
2150 2853
2151 2151
2151 2152
2152 4221
2152 2153
2153 4221
2154 2155
2156 2157
2159 2618
2161 2162
2161 3174
2161 3863
2162 3174
2162 2163
2163 2164
2163 2165
2164 4129
2166 4468
2167 2168
2167 4467
2168 4468
2168 3090
2169 2443
2170 2341
2171 3125
2171 4173
2171 3123
2172 4309
2172 3123
2173 4575
2174 4479
2174 3219
2174 3220
2175 2608
2175 4816
2175 2405
2176 2609
2177 2178
2178 3982
2178 4065
2179 4656
2179 2398
2179 3477
2182 4880
2182 3988
2182 4883
2184 2185
2184 3354
2185 2186
2185 2188
2187 2188
2187 3354
2188 2189
2190 5046
2191 5046
2192 5047
2193 4112
2194 3779
2194 3778
2195 5013
2195 2196
2196 2197
2197 3645
2198 3596
2199 2200
2199 4457
2199 3465
2200 3268
2200 4456
2201 2202
2203 2204
2205 2731
2205 2206
2206 2207
2207 2208
2207 2209
2210 2211
2210 3753
2210 3193
2211 3597
2211 3595
2211 3194
2213 3754
2213 2214
2215 2216
2217 2218
2217 3371
2218 3342
2219 2219
2219 4058
2220 3066
2222 2223
2222 4501
2223 3340
2223 3066
2224 3340
2224 3341
2224 4503
2226 2227
2227 2230
2227 4638
2228 4228
2228 4226
2228 2232
2229 2230
2229 4397
2229 3208
2230 2231
2231 2232
2231 3677
2232 3211
2233 3211
2233 3212
2233 2234
2235 3841
2235 2236
2235 2238
2236 2237
2236 2241
2237 2239
2238 2240
2240 4106
2241 2242
2241 2255
2244 5075
2244 2245
2245 5076
2245 2864
2246 5076
2247 2926
2248 4534
2248 4135
2249 4534
2249 2869
2249 2252
2250 2321
2250 2251
2251 2252
2251 4534
2251 4116
2252 2253
2254 3344
2254 3494
2255 4132
2255 3494
2256 2274
2256 2268
2257 2258
2257 2279
2257 2274
2258 2275
2258 2273
2258 2280
2259 2261
2259 2260
2259 2280
2260 2262
2260 2283
2261 2262
2261 2282
2262 2263
2263 2286
2263 2287
2263 2289
2264 2292
2264 2293
2264 2265
2265 2266
2265 2296
2266 2294
2266 2295
2267 2268
2267 2270
2268 2271
2269 2272
2269 2270
2270 2271
2271 2273
2272 2273
2272 2275
2273 2274
2275 2276
2276 2277
2276 2280
2276 2282
2277 2281
2278 2284
2278 2279
2279 2283
2279 2280
2281 2285
2281 2282
2282 2286
2283 2287
2283 2284
2284 2288
2285 2286
2285 2290
2286 2291
2287 2294
2287 2288
2288 2295
2289 2293
2289 2292
2290 2291
2290 2296
2291 2296
2291 2293
2292 2294
2294 2295
2297 3507
2298 2299
2298 2894
2298 2300
2299 2301
2300 3062
2302 2303
2304 2790
2305 2306
2307 2309
2308 4377
2308 4379
2308 4949
2309 4381
2309 3404
2311 2312
2312 3312
2313 2314
2314 3059
2315 5052
2316 2318
2316 2317
2317 2318
2319 2320
2320 2965
2321 3025
2321 3024
2322 2323
2323 2324
2323 4325
2326 2328
2327 2328
2328 2329
2330 2331
2332 3611
2332 3585
2333 3585
2334 2336
2334 2335
2335 2336
2336 2338
2337 2338
2339 2340
2339 3313
2342 4128
2343 2344
2345 2346
2347 3598
2347 2348
2349 3330
2349 4674
2349 4675
2350 4674
2351 4675
2352 2852
2352 2354
2352 2882
2353 2882
2353 2355
2353 2356
2354 4296
2354 2355
2355 4562
2356 4562
2356 4120
2357 4080
2358 3518
2358 4975
2359 3518
2359 3516
2360 2361
2361 3497
2362 4961
2362 3497
2363 3055
2363 3157
2364 2365
2366 2367
2367 3070
2367 2941
2368 2369
2369 4505
2370 2372
2370 2371
2371 2373
2372 2374
2372 2373
2373 2375
2374 2376
2374 2375
2375 2377
2376 2377
2378 2379
2378 2896
2380 4176
2382 2609
2383 2610
2384 2386
2385 2388
2385 2389
2385 2387
2387 2389
2387 2388
2388 2391
2390 2392
2391 2392
2393 4014
2394 5038
2395 2396
2395 3088
2397 4985
2397 2399
2397 2398
2398 2399
2398 3477
2399 2980
2400 5068
2400 2401
2401 2467
2401 2403
2402 2467
2404 4816
2406 4310
2407 4312
2408 2409
2410 2411
2411 4365
2411 4366
2412 4363
2412 4078
2412 4364
2413 2414
2413 4083
2413 2734
2414 2415
2416 3947
2416 2417
2416 3593
2416 2426
2417 2418
2417 2429
2418 2419
2418 2427
2420 2424
2421 2423
2422 2425
2423 2425
2423 2424
2425 4825
2426 2427
2427 4002
2428 2429
2428 3593
2428 4590
2430 2431
2430 2442
2431 2432
2433 4012
2433 2437
2434 2437
2434 2435
2435 4902
2436 4902
2436 4907
2437 4902
2438 2439
2438 4171
2439 2440
2439 3621
2440 2441
2440 4868
2441 3621
2441 3624
2443 2444
2445 2446
2445 3049
2445 4549
2447 3651
2447 2448
2447 4122
2448 2449
2448 2451
2449 2453
2449 2450
2450 2455
2451 2453
2451 3649
2452 2454
2452 2459
2453 2455
2454 2457
2454 2464
2455 2459
2456 2458
2457 2465
2458 2461
2458 2462
2459 2464
2460 2461
2461 3862
2461 2462
2461 2463
2462 3862
2463 4314
2464 2465
2465 4314
2468 2469
2468 4260
2470 2617
2470 4490
2471 2617
2472 3554
2472 2473
2472 2496
2473 2497
2474 2475
2475 4245
2475 4495
2476 4245
2476 2535
2476 3867
2476 3866
2477 4045
2477 2478
2477 3925
2478 2479
2479 2481
2479 2480
2481 2482
2485 2488
2486 2491
2487 2491
2488 2491
2489 2493
2489 4099
2490 2492
2492 2493
2492 2495
2493 2494
2496 4738
2496 3813
2497 2498
2497 3558
2498 2499
2498 2574
2500 3434
2500 2506
2500 2501
2501 2507
2501 3512
2502 3512
2502 2508
2502 2503
2503 2504
2504 4230
2505 2506
2505 4818
2505 3434
2506 2507
2507 3511
2508 4230
2508 3511
2509 4280
2510 2511
2511 2513
2512 2513
2514 2515
2515 2516
2515 2517
2516 4006
2516 2517
2517 2518
2519 2608
2520 3529
2521 2947
2521 2522
2523 2524
2523 2635
2524 2525
2524 2526
2525 2635
2527 2826
2528 3928
2529 2532
2530 2532
2530 2531
2530 2798
2531 2533
2531 2798
2532 2534
2534 3987
2535 4168
2535 3868
2535 3866
2536 2537
2536 3870
2536 3867
2537 2538
2537 2542
2538 2539
2538 2542
2539 2540
2539 2541
2540 3871
2541 2542
2541 3871
2543 4418
2543 2545
2544 4901
2544 2805
2545 4901
2545 4894
2545 4834
2546 4909
2546 3452
2548 4113
2549 3109
2549 3107
2549 2601
2550 4440
2550 3199
2550 2551
2552 4405
2552 2553
2554 3806
2554 3803
2555 4402
2556 2557
2557 2559
2558 2559
2559 2560
2559 2562
2561 2562
2562 2563
2562 2811
2564 2811
2564 2812
2564 4932
2565 2566
2566 4931
2567 2568
2567 4306
2568 4307
2568 4524
2569 2570
2570 4730
2570 4729
2571 2572
2572 3942
2573 2574
2573 3781
2574 4408
2575 2576
2576 2579
2576 2577
2578 2579
2579 2583
2579 2580
2580 2584
2580 2582
2581 2583
2583 2584
2585 2586
2585 2587
2585 4252
2586 3920
2587 4252
2587 2588
2587 4251
2588 2589
2589 4297
2589 4904
2590 2591
2590 4257
2593 4625
2593 2594
2593 3432
2594 3432
2595 2596
2595 4013
2595 4169
2596 4171
2596 4170
2598 3934
2598 2599
2600 2601
2601 4172
2602 3955
2605 4779
2606 4400
2606 4659
2611 4992
2611 4990
2611 2614
2611 3907
2612 3894
2613 2897
2614 2615
2615 2616
2615 4992
2616 4505
2616 5086
2619 4111
2619 4039
2620 3077
2620 5033
2621 3722
2621 2629
2621 2813
2622 3077
2622 2623
2622 2624
2624 3076
2624 3722
2625 3776
2626 3872
2626 3717
2627 3712
2627 2628
2628 3876
2630 2631
2632 4655
2632 3872
2633 2634
2636 2663
2638 2640
2638 2639
2638 3734
2638 3730
2639 3731
2639 2641
2640 3732
2640 2641
2641 3728
2642 4142
2643 2645
2644 2645
2644 2646
2647 2844
2647 2843
2648 2650
2649 2652
2649 2650
2650 2655
2651 2655
2651 2654
2652 2653
2655 2656
2657 4208
2658 4208
2658 4133
2659 4553
2659 2660
2659 2661
2660 4553
2661 4553
2661 4133
2662 2663
2662 5096
2664 4198
2665 2886
2665 2666
2666 2886
2666 4023
2667 4790
2667 3964
2668 4803
2668 4802
2669 2672
2670 2671
2670 4803
2670 3823
2671 3825
2671 3822
2672 2675
2672 2673
2674 2675
2675 2676
2677 2679
2677 3824
2677 3827
2678 2679
2678 3909
2678 4626
2679 3822
2679 2682
2680 2682
2680 3368
2681 2683
2681 3909
2682 2683
2683 3909
2684 5015
2685 3757
2685 3683
2686 3254
2687 5021
2687 3254
2687 3258
2688 2690
2688 3261
2688 2689
2689 3261
2689 2691
2689 3258
2690 2692
2690 3264
2692 3262
2692 4441
2693 3264
2694 5056
2695 5055
2696 5058
2697 5057
2698 5095
2698 2782
2699 3821
2700 4417
2701 2830
2702 2703
2702 5125
2703 2704
2703 2706
2705 2706
2707 2708
2707 5121
2708 5117
2708 5115
2709 4077
2710 4139
2710 4137
2710 4138
2711 2712
2712 4137
2712 4138
2713 2715
2714 2715
2714 3740
2715 4447
2716 4087
2716 4086
2716 3318
2717 2718
2718 2719
2718 4330
2718 3139
2719 3322
2719 3139
2720 3139
2720 4444
2720 4333
2721 4335
2721 3696
2724 3626
2725 2726
2725 3273
2727 3746
2728 3743
2728 3746
2729 2730
2731 4434
2732 3741
2732 2733
2734 2735
2735 2736
2737 2738
2740 2938
2740 4173
2741 4174
2741 2938
2742 4571
2742 2939
2743 2939
2743 4572
2744 2745
2747 3422
2748 3608
2749 2814
2749 2815
2749 4445
2750 2815
2750 3608
2751 3618
2751 4054
2753 3009
2754 2755
2755 2756
2756 3010
2757 2760
2757 2758
2758 2759
2762 2763
2763 2765
2763 2764
2765 4465
2766 2767
2768 4199
2768 4433
2768 2769
2769 2772
2769 4433
2770 2771
2770 2773
2771 4200
2772 2773
2773 2774
2775 2776
2776 2777
2777 2778
2777 4544
2778 2779
2779 2780
2781 3711
2783 2784
2785 3673
2786 4699
2787 3685
2787 4215
2789 2790
2789 3759
2791 4489
2791 2792
2792 2793
2794 5012
2794 5013
2795 2796
2797 2798
2799 2801
2800 2801
2801 2802
2803 3511
2804 2805
2804 2806
2805 2806
2805 4419
2806 2807
2807 2809
2807 2808
2810 2811
2813 4262
2813 4039
2814 4056
2814 2815
2814 4249
2815 4053
2820 4324
2821 3694
2824 2825
2827 5031
2828 3341
2828 4500
2828 2829
2829 3372
2830 5059
2830 5061
2831 2833
2832 2834
2832 2833
2835 2840
2837 2838
2839 2840
2841 2842
2843 2845
2843 2846
2844 2845
2845 2847
2846 4812
2848 2849
2848 5099
2848 4118
2849 4223
2850 4224
2851 4222
2853 3185
2854 3186
2854 3185
2856 4175
2858 3184
2859 3184
2859 2860
2859 5051
2860 5051
2860 3517
2861 2865
2862 2864
2862 2863
2863 2864
2865 5075
2866 2867
2868 2871
2868 2872
2868 2869
2869 2870
2873 4000
2873 2874
2874 3409
2874 4972
2875 4737
2875 3501
2876 3504
2876 2877
2876 3842
2876 3503
2877 3841
2878 2879
2879 2880
2881 4650
2881 2882
2881 4221
2883 3812
2883 2884
2884 3960
2885 2886
2885 3963
2885 4788
2887 2888
2887 2892
2887 4841
2887 4878
2889 2890
2889 4841
2892 4846
2892 4064
2893 3569
2893 4598
2894 4598
2894 3569
2898 2901
2898 2899
2898 4084
2899 4085
2899 4313
2899 4392
2900 2901
2900 4483
2901 4286
2902 4029
2902 3809
2903 2905
2903 2904
2904 3890
2904 2905
2906 2936
2908 2909
2908 3215
2911 3002
2912 2995
2912 2914
2912 2993
2912 4057
2913 2994
2914 2915
2915 2994
2916 2917
2916 4273
2921 4104
2922 4104
2923 4104
2924 4563
2924 4614
2925 2995
2927 4839
2928 3295
2929 3240
2929 2930
2929 3397
2930 4095
2930 2956
2931 3690
2931 2932
2931 4853
2932 4852
2933 2934
2937 2938
2939 2940
2941 2942
2941 3069
2942 2943
2943 2944
2944 2945
2944 4592
2946 2946
2946 2947
2947 4979
2948 5129
2948 2949
2950 2951
2952 4567
2953 4567
2953 4459
2953 3013
2953 3014
2954 4459
2954 3017
2955 3017
2955 3021
2955 3018
2955 3020
2956 3318
2956 4088
2956 4580
2957 4088
2957 4095
2957 3324
2958 2959
2958 4551
2959 2960
2959 5126
2960 4011
2960 5126
2961 4011
2961 4008
2962 2963
2964 2965
2966 3618
2967 2968
2969 4725
2970 3412
2970 2971
2971 3412
2971 2972
2973 2975
2974 2975
2975 4982
2976 2978
2976 2977
2977 3118
2980 3478
2981 3385
2981 4527
2982 3478
2983 2984
2983 2985
2984 2986
2985 2986
2986 3179
2987 3178
2988 2989
2989 2990
2989 2992
2990 2992
2990 2991
2993 2994
2993 4057
2996 2997
2996 5102
2997 2999
2997 2998
2998 3000
2999 3000
3000 3001
3003 3005
3004 3006
3009 3617
3009 3618
3010 3617
3011 3012
3012 3900
3014 4460
3014 4566
3014 3015
3016 3017
3017 3019
3019 3020
3022 3971
3023 3552
3023 4520
3025 4116
3025 3065
3026 3032
3026 3027
3026 3028
3027 3029
3027 3030
3028 3030
3030 3031
3032 3224
3033 3037
3033 3034
3033 3035
3034 3039
3034 3036
3035 3037
3035 3038
3036 3040
3036 3041
3037 3039
3039 3040
3040 3041
3041 3224
3042 4779
3043 4779
3044 3046
3045 3046
3046 3047
3048 3049
3048 5105
3049 3050
3050 3052
3051 3053
3051 3052
3054 3056
3057 3129
3057 3132
3058 4064
3060 3061
3062 3570
3063 3064
3065 4487
3065 4116
3066 4502
3068 3167
3072 3893
3073 3709
3073 3721
3074 3087
3075 3817
3075 3818
3076 3229
3076 3077
3077 3078
3078 3227
3079 4686
3079 3710
3080 4588
3081 4629
3082 3084
3083 3084
3083 4068
3085 4960
3089 3090
3092 3093
3092 4811
3094 3095
3094 4948
3095 4944
3096 4973
3097 4172
3098 4016
3098 3937
3098 3954
3099 3100
3099 3105
3099 4158
3100 3105
3100 4156
3101 3102
3101 3106
3101 4156
3102 3103
3102 3109
3103 3104
3103 3107
3104 4154
3104 3108
3105 3106
3107 3108
3110 3111
3111 4462
3112 3114
3113 4105
3113 3161
3114 4105
3114 3115
3116 4065
3116 4840
3117 3118
3120 3124
3121 3124
3121 4991
3126 3127
3126 3128
3126 3130
3127 3129
3128 3131
3128 3129
3130 3131
3130 3134
3131 4347
3132 3416
3132 3133
3134 3135
3134 3142
3135 3145
3135 4347
3136 3138
3136 3137
3140 3141
3140 3143
3141 3142
3141 3144
3142 3145
3143 3144
3144 3145
3146 3147
3146 3148
3146 3151
3147 4070
3147 3150
3147 3149
3148 3149
3148 3153
3149 4071
3149 3152
3150 4072
3150 3151
3150 3152
3151 3153
3152 3153
3152 4073
3154 4361
3155 4507
3155 3157
3156 3417
3158 3159
3159 4182
3160 3588
3160 4837
3160 4849
3162 3253
3162 3165
3162 3163
3163 3164
3164 3165
3166 3167
3168 4266
3169 4010
3170 4810
3171 3172
3173 3174
3173 3339
3175 4781
3176 3177
3178 3179
3179 4415
3180 3959
3181 3959
3181 3960
3182 3183
3183 4978
3183 4785
3185 3186
3186 4118
3187 4118
3188 3406
3188 3407
3188 3189
3189 3251
3190 3958
3191 3192
3192 3766
3192 3767
3193 3595
3194 3753
3194 3596
3195 4439
3196 3197
3197 4439
3197 3198
3197 3199
3199 4239
3200 3206
3200 3202
3201 3202
3201 3206
3201 3203
3203 3204
3203 4442
3204 4835
3205 4051
3208 3209
3208 4608
3209 3677
3209 4610
3210 3211
3210 4067
3210 4603
3212 4605
3212 4067
3213 3686
3213 3685
3214 3215
3216 3217
3218 3530
3218 4467
3219 3221
3220 3221
3221 3222
3221 3530
3223 3224
3224 3225
3226 4131
3227 3327
3228 3343
3228 3905
3228 3229
3229 3905
3230 3231
3230 4143
3230 3232
3233 4143
3234 3237
3235 3238
3236 3242
3237 3238
3237 3239
3238 3241
3239 3244
3239 3396
3240 3396
3241 3242
3241 3245
3242 3243
3242 3702
3244 3246
3244 3245
3245 3247
3246 3247
3246 3699
3247 3248
3247 3702
3248 3249
3248 3698
3249 3702
3249 3700
3250 4972
3251 3252
3252 4140
3253 4806
3254 3255
3255 3256
3255 5016
3257 3262
3258 3260
3259 5010
3259 3789
3259 3663
3261 3264
3261 3263
3264 3265
3265 3667
3266 3269
3266 3267
3266 3268
3268 3269
3270 3271
3272 4446
3273 3332
3274 3275
3275 3285
3276 3815
3277 3292
3277 3278
3279 3280
3281 3284
3282 3286
3283 4451
3283 3285
3287 3288
3289 3291
3290 3292
3293 3295
3293 3297
3293 3294
3295 3296
3298 3299
3300 3301
3301 3304
3302 3303
3303 3307
3303 3305
3304 3305
3304 3306
3308 4856
3311 3312
3314 3315
3314 3316
3315 3317
3316 3317
3317 3798
3318 3320
3319 4094
3319 3322
3319 3567
3320 4093
3320 3321
3321 3323
3321 4599
3322 3326
3323 3324
3323 4599
3324 3325
3325 4090
3325 3326
3326 4089
3328 3329
3328 3331
3328 3330
3333 3334
3335 3336
3336 4129
3336 4814
3337 3969
3338 3339
3341 3342
3344 3345
3346 4431
3346 3348
3346 3347
3347 3348
3349 3350
3350 4178
3351 3352
3352 3353
3352 3976
3355 3356
3355 3357
3357 3358
3358 3358
3359 3360
3359 3361
3360 3361
3362 3903
3363 3903
3363 3366
3363 3365
3364 3904
3364 4461
3365 3367
3365 3366
3370 3371
3370 3373
3372 4838
3374 4270
3375 4269
3376 3378
3377 3379
3378 3379
3380 3384
3380 4526
3381 3383
3382 3383
3384 3386
3385 4528
3386 3393
3387 3388
3387 3389
3388 3389
3388 3390
3389 3391
3391 4049
3392 3393
3393 3394
3395 3737
3395 3401
3395 3705
3395 3704
3396 3397
3397 3699
3398 3399
3401 3736
3401 4028
3402 3403
3405 4943
3405 4938
3406 3766
3406 3407
3407 3408
3407 3764
3409 3410
3410 3498
3411 3412
3413 3414
3415 3417
3415 3415
3416 4356
3417 4508
3420 3488
3420 3421
3420 3490
3423 3424
3425 3426
3426 3427
3427 3428
3427 3616
3428 3616
3429 3430
3431 4856
3431 3981
3433 3434
3433 4726
3433 4046
3435 3436
3436 3437
3436 3438
3439 3440
3440 3800
3441 3443
3441 3814
3442 3473
3442 3475
3443 3446
3443 3814
3443 3447
3444 3475
3447 3449
3447 3448
3452 3454
3453 4124
3453 4882
3454 3456
3454 3455
3454 4125
3455 4123
3456 4124
3456 4125
3456 4123
3457 3471
3457 3459
3458 3460
3460 3461
3463 3464
3465 3468
3466 3467
3467 3468
3467 3470
3468 3469
3469 3472
3469 3471
3473 3474
3474 3475
3476 4144
3476 4143
3479 3482
3479 3480
3479 3489
3480 3483
3480 3481
3481 3484
3482 3493
3482 3483
3483 3484
3485 3486
3485 3490
3485 4815
3486 3487
3486 3491
3487 3489
3487 3492
3488 4815
3489 3493
3490 3491
3491 3492
3492 3493
3494 3496
3495 3496
3498 3499
3498 3500
3499 4972
3499 3500
3501 3503
3501 3502
3503 3838
3507 3508
3509 4329
3509 3605
3510 4082
3511 3512
3513 3514
3513 3515
3516 3518
3517 4978
3518 4080
3519 3521
3519 3526
3519 3522
3520 3522
3520 3526
3520 3525
3521 3528
3522 3528
3523 3528
3523 3524
3524 4274
3525 3526
3527 4274
3529 3537
3531 3532
3531 3533
3531 3539
3532 3854
3532 3534
3533 3854
3533 3535
3534 3854
3534 3535
3535 3854
3536 3537
3538 3539
3540 4362
3541 4999
3541 4997
3541 3542
3542 3853
3542 3857
3544 3545
3546 4558
3546 3547
3546 3813
3546 4738
3548 3549
3548 3550
3548 3551
3550 3551
3550 4777
3552 3972
3553 3554
3555 3781
3555 3558
3556 3813
3556 4558
3556 3557
3557 3558
3559 4192
3560 3561
3560 5091
3561 5092
3561 3562
3562 4083
3563 4082
3564 3565
3564 5091
3565 3566
3567 4447
3567 4330
3568 4330
3570 3571
3572 4547
3573 4548
3573 4547
3575 3576
3577 3578
3579 3580
3579 3581
3582 3926
3582 4492
3583 3584
3586 4980
3587 3587
3587 4192
3588 4191
3588 4180
3589 4981
3590 3593
3591 3592
3594 3597
3594 3595
3596 3597
3598 3599
3599 3602
3600 3601
3603 3604
3605 3830
3605 3606
3606 3742
3606 3830
3609 3610
3611 3612
3612 4044
3614 3615
3614 4931
3616 3617
3619 4247
3619 3620
3619 3945
3621 3622
3625 4472
3629 3630
3631 3632
3632 3633
3633 3634
3636 3637
3637 4042
3637 4863
3638 3641
3638 3639
3638 3642
3640 3642
3641 3643
3644 3645
3645 4458
3646 3647
3649 3650
3649 3651
3650 3652
3653 4676
3653 3662
3654 3657
3654 3661
3654 3656
3655 3659
3655 3658
3656 3658
3656 3659
3657 3658
3660 4570
3661 4570
3662 3681
3665 3666
3667 3680
3671 3673
3671 5023
3672 5023
3673 3674
3674 4638
3674 4697
3675 4539
3675 3676
3676 4610
3676 4539
3677 4226
3681 3682
3681 3811
3681 3684
3683 5015
3683 5054
3685 3686
3685 4640
3686 3687
3688 3689
3691 3692
3693 4316
3694 4396
3694 4399
3695 3978
3695 4654
3696 3697
3698 3699
3700 3702
3700 3701
3703 3708
3703 3707
3703 3977
3704 4284
3704 4027
3706 4284
3706 3738
3706 3708
3707 3976
3708 3738
3709 3710
3712 3719
3713 3716
3713 3718
3714 3716
3715 3723
3715 4655
3716 3723
3717 3872
3722 3905
3723 4655
3724 3725
3724 3897
3726 3778
3727 3728
3728 3732
3729 3730
3730 3731
3731 3733
3732 4470
3735 4213
3738 3739
3743 3747
3744 3747
3745 3748
3745 3747
3745 3746
3749 3750
3751 3752
3751 4464
3752 4222
3757 5021
3759 3760
3761 4816
3763 3764
3763 3766
3763 3768
3764 3799
3764 3765
3767 3768
3768 3799
3770 4812
3770 4804
3771 3774
3772 3774
3772 3773
3777 3778
3780 4299
3780 4300
3780 4298
3781 4299
3782 3783
3784 3785
3785 4611
3786 3787
3788 5054
3789 3790
3791 3792
3791 3793
3792 3794
3795 3797
3796 3797
3797 3798
3799 4135
3800 3801
3801 3803
3801 3805
3802 3805
3802 3804
3802 4401
3803 3804
3804 3806
3805 3807
3806 4402
3808 3810
3809 3810
3810 4291
3810 4292
3817 3819
3818 3819
3818 3820
3819 3821
3821 4416
3822 3826
3824 4803
3828 4476
3829 4473
3831 4643
3832 3833
3832 3834
3832 4271
3835 3836
3836 3837
3838 3846
3838 3845
3839 3844
3839 3843
3839 3845
3840 3847
3840 3848
3840 3843
3841 3848
3842 3846
3842 3842
3843 3844
3844 3847
3846 3846
3847 3848
3849 3850
3849 3852
3849 3851
3851 4613
3855 3856
3856 3858
3857 4995
3857 3858
3858 3861
3859 3860
3859 3861
3860 3861
3863 5030
3863 4472
3864 3865
3866 4831
3867 3868
3868 3869
3873 3875
3874 3875
3874 3896
3874 4485
3875 3876
3876 3896
3878 3879
3879 3887
3879 3882
3879 3886
3880 3884
3884 3886
3884 4052
3885 3886
3887 3888
3889 3890
3891 3892
3892 3893
3893 3894
3894 3895
3896 4794
3897 4649
3897 3898
3899 4789
3901 3903
3902 3904
3906 4987
3906 3907
3907 4988
3908 4990
3908 4983
3910 3911
3910 4427
3910 3912
3912 4418
3913 4231
3914 3943
3914 4232
3915 4733
3915 4709
3915 4711
3916 4889
3916 4892
3917 4126
3917 4713
3917 4426
3918 3919
3919 3921
3920 4255
3921 4255
3922 4962
3922 4345
3922 4968
3923 4967
3923 4965
3923 4966
3925 3926
3927 3928
3929 3931
3929 4155
3929 3930
3930 3933
3930 3932
3931 3933
3933 3935
3936 4016
3936 3955
3937 4159
3937 3938
3938 4160
3938 4018
3939 3940
3940 3941
3941 4046
3942 4726
3943 3944
3943 4229
3944 4232
3944 4231
3946 3947
3948 3949
3949 4163
3950 3951
3950 3952
3950 3953
3951 3956
3951 4939
3953 4939
3954 4017
3954 4018
3955 4017
3959 4006
3961 3963
3962 4787
3962 4748
3962 3963
3963 4788
3964 4031
3964 4791
3964 4749
3964 4756
3965 4005
3965 3966
3965 4791
3966 4005
3967 4758
3968 4762
3972 4626
3973 4341
3974 4147
3974 3975
3976 3977
3977 4027
3978 4822
3979 3980
3979 4925
3982 3984
3983 4840
3983 3984
3983 4065
3986 4244
3986 4265
3986 4263
3987 4265
3987 4242
3987 4241
3988 4882
3989 3992
3990 3993
3990 3991
3992 3995
3992 3994
3993 5004
3994 3995
3996 4798
3996 4797
3996 5093
3997 4262
3997 4688
3997 3998
3997 4261
3998 4262
3998 4037
4000 4004
4001 4002
4001 4823
4002 4003
4007 4102
4007 4413
4007 4469
4008 4009
4009 5127
4009 4011
4013 4169
4014 4015
4016 4017
4016 4172
4017 4161
4018 4161
4019 4161
4020 4021
4020 4023
4021 4282
4021 4024
4022 4281
4022 4025
4022 4283
4023 4024
4024 4026
4025 4281
4025 4026
4026 4282
4027 4028
4029 4030
4029 4290
4031 4295
4031 4792
4032 4295
4033 4097
4033 5079
4036 4261
4036 4111
4036 4821
4036 4037
4037 4038
4037 4039
4041 4977
4042 4043
4049 4573
4050 4540
4050 4200
4053 4055
4053 4250
4054 4250
4054 4056
4056 4249
4056 4250
4057 4861
4058 4565
4059 4060
4059 4565
4060 4656
4061 4062
4062 4414
4063 4837
4064 4837
4066 4603
4066 4067
4066 4604
4068 4588
4069 5088
4069 5089
4070 4071
4070 4072
4071 4073
4072 4073
4074 4481
4074 4480
4074 4075
4075 4478
4076 4077
4078 4079
4080 4975
4086 4447
4087 4580
4088 4599
4089 4091
4089 4094
4090 4091
4090 4093
4091 4092
4092 4093
4092 4094
4096 4350
4098 4099
4099 4100
4101 4102
4106 4454
4107 4159
4107 4554
4108 4109
4110 4261
4110 4821
4110 4683
4111 4821
4113 4114
4113 4115
4115 4153
4117 4444
4117 4448
4120 4224
4121 4799
4122 4315
4124 4126
4125 4422
4125 4423
4126 4892
4127 4128
4128 4375
4130 4445
4133 4206
4134 4135
4136 4925
4136 4915
4137 4138
4139 4139
4140 4141
4145 4783
4146 4784
4148 4537
4148 4585
4149 4150
4150 4153
4150 4152
4151 4152
4154 4155
4155 4157
4156 4157
4158 4158
4162 4163
4165 4260
4165 4884
4165 4819
4165 4740
4166 4927
4166 4926
4167 4925
4167 4927
4169 4170
4170 4171
4173 4174
4175 4176
4175 4197
4175 4219
4176 4225
4179 4180
4179 4181
4179 4182
4180 4190
4180 4842
4181 4842
4182 4191
4182 4183
4184 4185
4185 4187
4185 4189
4185 4186
4187 4188
4187 4845
4187 4847
4188 4190
4188 4844
4188 4848
4189 4195
4189 4878
4189 4194
4190 4849
4190 4843
4191 4192
4193 4195
4195 4846
4196 4219
4199 4200
4201 5095
4201 4202
4203 4205
4203 4204
4204 4205
4207 4208
4211 4212
4212 4213
4214 4215
4216 4607
4216 4217
4218 4219
4222 4464
4226 4227
4227 4228
4227 4610
4229 4727
4229 4230
4231 4728
4231 4727
4233 4234
4236 4237
4237 4412
4238 4239
4242 4243
4243 4244
4246 4247
4248 4249
4248 4445
4251 4253
4252 4253
4254 4255
4256 4819
4258 4259
4258 4258
4260 4819
4264 4265
4267 4268
4269 4546
4272 4273
4275 4276
4276 4278
4277 4278
4278 4280
4279 4280
4281 4282
4283 4597
4285 4286
4286 4288
4287 4288
4288 4290
4289 4290
4292 4395
4292 4311
4293 4313
4293 4390
4293 4395
4294 4949
4295 4791
4295 4792
4297 4621
4298 4820
4299 4300
4300 4301
4302 4303
4302 4306
4302 4304
4303 4306
4303 4305
4304 4305
4304 4307
4305 4307
4308 4516
4308 4322
4309 4577
4309 4578
4310 4312
4311 5032
4311 4391
4311 4395
4312 4593
4313 4394
4316 4320
4316 4317
4318 4324
4318 4320
4318 4319
4319 4399
4320 4396
4321 4323
4323 4499
4326 4327
4328 4329
4331 4333
4332 4333
4332 4444
4334 4335
4336 4340
4336 4337
4336 4339
4337 4338
4338 4339
4339 4340
4343 4536
4344 4783
4345 4958
4346 4964
4346 4963
4346 4383
4347 4348
4348 4349
4348 4359
4348 4360
4349 4357
4349 4358
4350 4352
4350 4353
4350 4351
4351 4352
4351 4354
4352 4354
4352 4353
4353 4354
4355 4780
4362 5001
4363 4364
4363 4365
4364 4366
4365 4366
4367 4746
4367 4590
4368 4891
4368 4889
4369 4722
4369 4372
4369 4370
4370 4721
4370 4723
4371 4725
4371 4722
4372 4724
4373 4721
4373 4725
4374 4375
4375 4746
4377 4378
4379 4380
4379 4381
4381 4382
4383 4959
4384 4387
4385 4387
4386 4387
4389 4509
4390 4595
4390 4591
4391 4394
4391 4392
4392 4394
4393 4394
4396 4399
4401 4402
4401 4403
4404 4405
4406 4407
4407 4412
4409 4411
4410 4411
4411 4412
4414 4841
4416 4417
4418 4419
4419 4901
4420 4702
4420 4899
4420 4705
4421 4424
4421 4712
4421 4422
4422 4423
4423 4885
4424 4733
4424 4710
4425 4426
4425 4711
4425 4713
4426 4712
4428 4629
4428 4538
4428 4429
4429 4630
4429 4432
4430 4432
4430 4630
4430 4431
4432 4543
4435 4436
4436 4437
4437 4875
4438 4439
4439 4440
4440 4799
4442 4443
4442 4444
4443 4815
4443 4835
4449 4450
4452 4454
4453 4454
4454 4455
4459 4460
4462 4463
4465 4466
4465 5068
4467 4468
4471 4472
4473 4474
4473 4475
4475 4476
4476 4477
4477 4780
4478 4480
4478 4479
4480 4549
4482 4483
4485 4795
4485 4486
4488 4489
4490 4491
4492 4771
4492 4494
4493 4494
4494 4495
4495 4496
4496 4497
4496 4498
4499 4516
4500 4503
4501 4502
4501 4504
4502 4503
4506 4989
4506 4983
4507 4508
4509 4510
4510 4511
4511 4513
4512 4971
4513 4525
4514 4979
4518 4519
4521 4523
4522 4523
4523 4524
4524 4930
4525 4979
4525 4977
4526 4527
4527 4528
4527 4550
4528 4551
4528 4529
4530 4532
4531 4532
4532 4533
4535 4536
4537 4588
4537 4732
4538 4732
4538 4542
4539 4608
4540 4541
4541 4542
4542 4543
4543 4544
4546 4547
4550 4551
4556 5098
4557 4738
4558 4559
4561 4562
4563 4615
4565 4986
4565 4656
4566 4567
4567 4568
4569 5087
4571 4572
4575 4576
4576 4578
4579 4580
4581 4584
4581 4582
4581 4583
4582 4583
4585 4587
4585 4588
4586 4587
4589 4590
4591 4593
4591 4595
4593 4594
4595 4596
4601 4602
4602 4604
4602 4603
4604 4605
4605 4606
4608 4609
4612 4613
4616 4936
4617 4618
4618 4619
4618 4621
4618 4620
4619 4620
4619 4621
4620 4627
4621 4622
4623 4626
4623 4627
4629 4630
4631 5109
4631 4636
4631 4632
4632 4634
4632 5109
4632 4633
4633 4634
4633 4635
4634 5109
4635 4636
4637 4638
4638 4639
4640 4699
4640 4697
4644 4645
4645 4648
4646 4648
4647 4648
4651 5016
4651 4652
4651 5020
4653 4654
4657 4680
4659 4876
4660 4876
4660 4661
4660 4877
4661 4876
4662 4839
4663 4664
4665 4666
4665 4877
4666 4669
4666 4667
4668 4672
4669 5078
4670 4672
4671 4672
4673 4674
4677 4678
4679 4680
4681 4732
4682 4732
4683 4686
4683 4684
4685 4686
4687 4688
4688 4691
4688 4767
4689 4767
4690 4691
4691 4768
4691 4766
4692 4768
4693 4694
4695 4698
4696 4697
4697 4698
4698 4699
4700 4705
4700 4897
4700 4894
4701 4897
4702 4900
4703 4900
4704 4899
4705 4898
4706 4898
4707 4895
4707 4834
4707 4885
4708 4893
4708 4896
4708 4709
4709 4710
4710 4893
4711 4712
4712 4733
4713 4891
4714 4715
4714 4888
4715 4716
4715 4887
4716 4886
4717 4719
4717 4718
4718 4720
4719 4720
4721 4722
4729 4730
4730 4730
4734 4851
4736 4737
4739 4743
4740 4741
4741 4742
4741 4744
4742 4743
4742 4744
4743 4744
4746 4747
4749 4755
4750 4756
4750 4754
4750 4757
4751 4752
4752 4754
4752 4763
4753 4764
4753 4757
4753 4754
4755 4757
4755 4756
4758 4761
4758 4759
4760 4761
4760 4764
4760 4765
4761 4762
4762 4765
4763 4765
4763 4764
4766 4768
4767 4768
4769 4770
4770 4771
4770 4773
4771 4774
4772 4773
4773 4774
4773 4776
4774 4777
4775 4776
4776 4777
4782 4783
4785 5051
4786 4787
4786 4790
4787 4788
4790 4791
4794 4796
4794 4795
4797 4798
4799 4800
4801 4802
4804 4813
4804 4812
4805 4806
4806 4809
4807 4809
4808 4809
4817 4818
4820 4879
4823 4824
4824 4825
4826 4827
4829 4830
4830 5050
4832 4833
4834 4896
4835 4836
4838 4839
4838 4850
4843 4844
4844 4845
4846 4980
4847 4848
4847 4980
4848 4849
4851 4855
4852 4853
4854 4855
4858 4859
4863 4865
4863 4864
4865 4866
4865 4867
4868 4869
4868 4873
4869 4870
4869 4874
4870 4871
4870 4872
4871 4872
4878 4981
4880 4881
4882 4883
4885 4894
4885 4897
4886 4887
4887 4888
4888 4890
4889 4890
4891 4892
4893 4895
4895 4896
4897 4898
4898 4899
4899 4900
4903 4909
4904 4905
4904 4906
4906 4913
4907 4908
4908 4909
4910 4911
4910 5003
4912 4913
4914 4923
4914 4916
4915 4918
4916 4917
4916 4921
4916 4924
4917 4920
4918 4922
4919 4922
4920 4921
4921 4924
4923 4924
4927 4928
4929 4930
4930 4931
4934 4935
4936 4937
4942 4952
4943 4965
4943 4966
4944 4969
4944 4948
4944 4945
4945 4973
4945 4947
4946 4947
4946 4955
4946 4969
4947 4969
4948 4951
4948 4950
4949 4960
4950 4951
4950 4955
4951 4964
4952 4953
4953 4954
4953 4956
4956 4965
4957 4962
4957 4968
4957 4970
4958 4960
4958 4959
4959 4962
4959 4963
4961 4968
4962 4963
4965 4970
4967 4968
4967 4970
4973 4974
4976 4979
4984 4987
4986 4987
4990 5038
4992 4993
4993 5086
4993 5085
4994 5001
4995 4997
4996 4998
4996 4997
5000 5001
5005 5006
5005 5007
5005 5009
5006 5007
5006 5009
5007 5008
5008 5010
5009 5010
5011 5013
5016 5017
5018 5020
5019 5020
5021 5022
5023 5024
5026 5028
5026 5027
5029 5030
5034 5035
5035 5037
5036 5037
5039 5040
5041 5043
5041 5042
5044 5045
5048 5052
5055 5056
5056 5057
5057 5058
5058 5059
5059 5060
5061 5063
5061 5062
5062 5064
5065 5074
5065 5066
5067 5068
5069 5070
5069 5071
5071 5072
5075 5076
5079 5080
5081 5082
5083 5084
5085 5087
5086 5087
5088 5089
5090 5091
5091 5092
5094 5095
5099 5100
5099 5108
5101 5128
5101 5102
5102 5103
5104 5105
5106 5106
5106 5107
5110 5115
5110 5113
5110 5111
5112 5113
5112 5112
5113 5114
5115 5116
5117 5120
5118 5119
5119 5120
5122 5123
5123 5125
5124 5125
5126 5127
