0 284
0 280
0 282
1 277
1 281
1 288
1 1442
2 349
2 1442
2 277
3 265
3 825
3 136
3 264
3 262
4 826
4 269
4 1735
5 6
5 408
5 1388
6 52
6 215
7 118
7 113
7 117
7 1095
8 837
8 362
8 363
8 838
8 361
9 383
9 1073
9 371
9 382
10 409
10 408
10 412
10 416
11 1463
11 785
11 162
12 1467
12 159
13 156
13 155
13 786
14 151
14 154
14 180
15 150
15 518
15 20
16 570
16 17
16 150
17 18
17 570
18 167
18 19
19 20
19 167
20 950
21 1638
21 1633
21 1636
22 1682
22 1680
22 147
23 1722
23 615
23 769
24 442
24 238
24 1582
25 238
25 1189
25 1333
26 116
26 118
26 221
26 1052
27 120
27 50
27 398
28 1770
28 50
28 208
29 59
29 30
29 1770
30 397
30 1755
30 207
31 139
31 207
31 1057
32 34
32 33
32 970
33 195
33 34
34 1385
35 191
35 198
35 139
35 194
36 38
36 216
36 212
37 212
37 191
37 860
38 40
38 222
39 55
39 69
39 112
40 69
40 860
41 187
41 58
41 1806
42 1064
42 43
42 713
42 915
43 58
43 1064
44 232
44 1017
44 1018
45 47
45 996
45 219
45 1237
46 218
46 48
46 229
47 220
47 996
47 229
48 1101
48 397
49 1020
49 208
49 59
49 1819
50 114
51 119
51 400
51 1267
51 398
51 1299
52 1269
52 210
53 1388
53 209
54 56
54 55
54 70
55 111
55 187
56 57
56 1195
57 187
57 202
58 1276
58 714
59 1169
60 994
60 397
60 1270
61 1387
61 825
61 260
62 852
62 853
62 1053
63 842
63 1807
63 305
63 362
64 868
64 394
64 1788
65 1790
65 1358
66 1106
66 863
66 1727
67 1162
67 314
67 316
68 1817
68 1583
69 222
70 1195
70 132
71 456
71 478
71 464
72 978
72 980
72 92
73 846
73 79
73 978
74 304
74 840
74 1808
75 108
75 1137
75 1088
76 92
76 87
76 1253
77 1253
77 1021
77 92
78 87
78 79
78 1289
78 1087
79 1292
80 86
80 1082
80 1090
81 88
81 1082
81 1286
82 1766
82 1291
82 1290
82 88
83 1291
83 1808
83 1766
84 856
84 857
84 1847
85 121
85 973
85 974
85 110
86 848
86 300
87 1762
87 1088
88 1085
89 90
89 1438
89 123
90 192
90 1757
91 845
91 1242
91 765
91 365
91 189
93 1161
93 1072
93 396
94 95
94 1026
94 1000
95 96
95 98
96 902
96 98
97 104
97 1168
97 98
98 910
99 101
99 100
99 1272
100 1101
100 1298
101 1416
101 102
102 396
102 397
103 910
103 104
103 1014
104 1416
105 256
105 317
105 254
105 1028
105 1162
106 970
106 1752
106 107
106 396
107 1755
107 1756
108 976
108 1135
109 122
109 1847
109 110
109 1135
110 971
110 855
111 112
111 914
112 113
113 913
114 115
114 1020
115 116
115 221
115 230
116 216
116 117
117 222
118 1052
119 120
119 1052
120 221
121 971
121 967
122 858
122 1764
123 124
123 202
124 192
124 125
124 1068
125 202
125 1071
126 130
126 1067
126 1071
127 128
127 203
127 1067
128 129
129 130
130 1283
131 981
131 138
131 1080
132 860
132 133
132 857
133 859
133 1195
134 1016
134 1051
134 1104
134 1015
135 1112
135 1119
135 642
136 1736
136 825
136 265
137 138
138 1281
139 1819
140 641
140 1722
140 619
141 197
141 1445
141 337
142 1445
142 693
142 1446
143 709
143 1320
143 1355
144 1645
144 145
144 1644
144 248
145 248
145 1647
146 1426
146 1680
146 1677
147 773
148 1638
148 510
149 698
149 948
149 950
150 518
151 178
151 787
152 172
152 153
152 787
153 154
153 169
154 181
155 157
156 169
156 172
157 163
158 159
158 161
160 1240
160 161
160 1463
161 762
162 785
163 1467
164 790
164 728
164 727
165 173
165 779
166 724
166 171
166 729
167 510
168 247
168 799
168 723
169 172
170 779
170 723
171 927
171 725
173 784
174 1249
174 788
174 178
175 247
175 797
175 179
176 1145
176 180
176 181
177 712
177 727
177 792
178 788
179 726
179 712
180 181
182 1380
182 738
182 1382
183 1163
183 186
184 874
184 876
184 871
185 250
185 875
185 871
186 250
186 1093
188 211
188 838
188 1363
189 1285
189 203
190 849
190 833
190 304
191 198
191 194
192 1069
193 437
193 1565
193 206
194 1819
194 228
195 969
195 1753
196 1019
196 465
196 1398
197 343
197 983
198 1385
198 1768
199 286
199 204
199 290
200 770
200 348
200 1173
201 288
201 1054
201 1055
203 1070
204 1072
204 966
205 237
205 211
205 1767
206 989
206 499
207 1819
207 1752
208 1770
209 401
210 916
210 215
211 1767
212 1284
213 992
213 232
213 231
214 1164
214 223
214 226
215 217
216 1284
216 230
217 1052
217 1267
218 1415
218 977
219 224
219 399
220 231
220 232
223 1303
223 992
224 231
224 225
225 992
225 1302
226 1167
226 1802
227 1299
227 990
227 1302
228 1284
228 1020
229 995
229 993
229 996
230 1020
233 1703
233 1705
233 933
234 341
234 1075
234 339
235 1474
235 754
235 755
236 872
236 876
237 240
237 392
238 1725
239 1725
239 1365
239 1364
239 240
240 1365
241 775
241 782
241 447
241 1384
242 774
242 775
242 943
243 244
243 1658
243 472
244 446
244 246
244 449
245 1677
245 246
245 946
246 766
248 942
249 766
249 480
249 467
250 873
251 1721
251 328
251 322
252 322
252 253
252 324
253 325
253 317
254 256
254 323
254 272
255 257
255 322
255 261
256 1056
257 258
257 324
258 259
258 325
259 263
259 323
260 262
260 825
261 263
261 268
262 264
262 266
263 270
264 1441
264 267
265 1734
265 267
266 1441
266 349
267 269
268 270
268 271
269 1441
270 273
271 273
271 274
272 276
272 1056
273 274
274 275
275 279
275 276
276 280
277 278
278 328
278 279
278 281
279 282
279 280
280 283
281 282
281 288
282 284
283 285
283 286
284 289
284 285
285 287
286 287
287 290
287 289
289 291
289 1054
290 291
291 417
292 1053
292 1055
292 827
293 352
293 1812
293 295
294 827
294 296
294 1243
295 353
295 297
295 1849
296 300
296 967
297 354
297 351
298 355
298 862
298 301
299 301
299 1379
299 862
300 973
301 303
302 305
302 304
302 835
303 389
303 828
303 359
305 378
305 836
306 307
306 824
306 1814
307 308
307 1820
308 311
308 1721
308 824
309 313
309 1820
309 310
310 312
310 315
311 318
311 1820
312 314
312 1063
312 1016
313 318
313 319
314 316
315 319
315 316
317 323
317 1822
318 1397
319 1396
320 1821
320 1395
320 321
321 1394
321 1822
322 1821
324 325
326 1732
326 327
327 328
327 349
327 1170
329 330
329 1434
329 1626
330 331
330 1672
331 332
331 1671
332 486
332 1685
332 1692
333 718
333 863
333 766
334 1698
334 1675
334 959
335 1692
335 1684
335 338
336 1259
336 1724
336 1723
337 1406
337 1676
338 959
338 339
339 772
339 344
340 343
341 960
341 342
342 616
342 344
343 1523
344 345
345 347
345 346
346 1387
346 822
347 1733
347 348
348 1736
350 1849
350 1176
350 351
351 826
352 1228
352 353
353 354
353 828
354 829
354 830
355 861
355 1228
356 829
356 831
356 357
357 851
357 849
358 1370
358 1375
358 1377
359 360
359 1363
360 389
360 381
360 391
361 381
361 362
361 836
362 363
363 364
364 368
364 366
365 366
365 1242
366 372
366 370
367 382
367 368
367 837
368 1804
368 384
369 1805
369 370
369 1842
370 372
370 375
371 1835
371 374
371 373
372 390
373 376
373 385
374 1842
374 375
375 390
375 385
376 377
376 933
377 388
378 389
378 380
379 380
380 836
380 381
382 384
384 1845
385 386
386 387
386 1716
387 956
388 956
390 1238
392 868
392 1710
393 395
394 1790
394 1792
395 1789
395 1792
396 1172
398 399
398 1062
399 1299
400 990
400 991
401 991
401 1267
402 1024
402 1301
402 990
403 991
403 990
403 405
404 405
404 406
404 991
405 1304
405 407
405 410
406 409
406 408
406 407
407 409
407 1089
408 413
409 411
410 1304
410 1089
411 1089
411 412
412 1799
412 414
413 415
413 1268
414 1266
414 416
415 1268
415 416
416 1262
417 852
417 968
418 1414
418 1501
418 419
419 1506
419 1502
420 1793
420 1504
420 421
421 1504
421 422
422 423
422 1793
423 1081
423 424
424 667
424 711
425 426
425 1793
426 1419
427 667
427 428
427 710
428 663
428 662
429 662
429 430
429 681
430 433
430 431
431 434
431 1342
432 1419
432 669
432 1548
432 1250
433 1342
433 679
434 1496
434 1124
435 1496
435 1446
435 1490
436 999
436 1446
436 998
437 998
437 997
438 440
438 999
438 495
438 500
439 1571
439 618
439 1566
440 503
440 1526
440 498
441 442
441 1110
441 767
442 1119
443 1818
443 763
443 478
444 469
444 461
444 472
445 468
445 447
445 454
446 469
446 480
447 448
448 468
448 459
449 946
449 1668
450 1729
450 451
450 1730
451 905
451 908
452 453
453 907
453 466
454 471
455 456
456 1298
457 465
458 473
458 764
458 464
459 463
459 472
459 479
460 907
460 475
461 462
461 467
461 469
462 472
462 479
462 481
463 774
463 775
464 764
465 476
465 1411
466 906
466 905
467 481
468 479
469 480
470 477
471 477
471 479
473 482
473 478
474 475
474 1729
474 1731
475 900
477 481
483 484
483 945
484 1660
484 1666
485 486
486 1673
487 493
487 489
487 490
488 961
488 492
488 490
488 1107
489 1406
489 490
491 639
491 493
491 616
492 651
492 656
493 960
494 1360
494 496
494 1260
494 1519
495 496
495 505
496 497
497 1129
497 505
498 506
498 504
499 1109
499 1526
499 500
500 501
502 503
503 637
504 505
504 1816
507 534
508 529
508 1633
508 563
509 553
510 553
511 516
511 1149
511 1150
512 514
513 527
514 551
514 546
515 542
516 562
516 541
517 537
518 701
519 559
519 599
519 888
520 1640
520 529
520 522
521 537
523 539
524 556
524 549
524 527
525 1150
525 545
525 1151
526 560
526 570
526 564
527 557
528 566
529 550
530 555
531 568
531 535
531 572
532 535
533 1538
533 572
533 557
533 1529
534 704
534 705
535 1400
536 567
537 569
538 893
538 545
538 897
539 546
539 566
540 571
540 548
540 547
541 549
541 571
542 544
542 958
543 561
544 1400
544 546
545 882
547 556
547 568
548 701
548 596
549 571
552 563
553 567
554 561
554 569
554 958
555 564
555 568
556 1538
557 1533
558 566
559 580
559 599
560 564
560 569
561 567
562 1531
562 1533
563 1639
564 939
565 566
568 1538
572 1528
573 583
573 608
573 584
574 595
575 582
575 586
575 1210
576 603
576 602
576 580
577 605
578 1850
578 598
579 584
579 1357
579 597
580 599
581 607
581 896
581 1247
584 589
585 596
586 592
586 605
587 612
587 614
588 604
589 614
589 595
590 597
591 598
591 614
591 599
592 705
592 1147
593 608
594 600
594 899
594 611
595 613
596 604
597 613
600 1743
600 606
601 602
602 604
605 1852
606 607
606 1216
607 904
608 1852
609 612
610 1233
610 881
610 613
611 897
611 1247
615 963
615 616
617 640
617 962
617 963
618 637
618 1581
618 634
618 621
619 965
619 627
620 627
621 634
621 630
621 631
622 630
623 651
624 629
625 638
625 646
625 633
626 643
627 641
628 650
629 1593
629 1592
629 633
630 1589
631 650
631 646
632 1589
633 1595
634 1570
635 768
635 649
635 1598
636 648
636 1597
636 655
637 1555
638 1597
638 1594
638 1598
639 640
639 1107
640 965
641 644
642 768
642 1114
642 1060
643 1592
643 1600
644 1059
644 653
645 1600
646 1570
647 649
647 648
647 1601
648 649
650 1592
651 1523
652 654
652 657
652 653
653 655
655 657
656 965
656 657
658 690
658 1614
658 1606
659 664
660 686
660 1100
660 1602
661 675
661 1513
661 1511
662 665
663 664
663 689
664 685
665 666
666 679
667 1250
668 680
668 1511
668 1512
669 679
669 682
670 680
671 684
671 681
671 674
672 1616
672 690
672 1607
673 1185
673 1186
674 687
674 1345
675 1342
675 1510
676 1315
676 1235
676 1604
677 1497
677 683
677 688
678 680
681 1516
683 1509
683 1507
686 1616
686 1610
687 687
688 1548
688 1542
688 1185
690 1414
691 1562
691 694
691 1491
692 1449
692 1453
692 921
693 1494
693 921
695 909
695 921
695 1491
696 699
696 697
696 1130
698 699
698 1144
699 947
700 701
700 1535
700 1534
702 1241
702 703
702 1466
703 1391
703 1240
704 705
706 708
706 955
706 1454
707 955
708 1483
708 1485
709 877
710 711
710 1217
711 1219
712 726
712 793
713 1076
713 912
714 1076
714 1278
715 717
715 902
715 1049
716 1015
716 717
716 1106
718 1105
718 1259
719 740
719 819
719 798
720 800
720 930
720 931
721 928
721 792
721 793
721 791
722 791
722 812
722 814
723 800
724 729
724 725
725 790
726 727
728 1194
728 730
728 790
729 1380
730 929
731 737
731 732
732 1405
733 1405
733 949
733 734
734 789
734 927
735 1719
735 737
735 1199
736 738
736 883
736 1383
737 883
738 1383
739 796
740 796
740 818
741 742
742 743
742 1540
743 1305
743 1521
744 1305
745 1456
746 747
746 1456
746 753
747 748
748 749
749 750
750 1717
751 1462
751 1459
752 753
752 1480
752 1208
753 755
754 756
754 1478
756 758
756 1477
757 759
758 759
758 1476
759 762
760 1476
761 762
761 1207
761 1475
764 1588
765 1242
767 1553
767 1582
768 1116
769 771
769 770
770 771
771 1722
772 1723
772 1724
773 1724
774 1651
776 777
777 780
777 800
778 1384
780 783
780 781
781 783
781 782
782 784
783 1384
785 1458
787 788
789 932
789 927
791 928
792 932
793 795
794 806
794 814
794 801
794 795
795 797
796 931
796 808
797 799
797 798
798 930
798 819
799 800
801 808
801 815
802 804
802 803
803 805
804 809
804 805
805 809
805 806
806 818
807 808
808 809
810 811
810 938
810 935
811 812
811 935
811 938
812 936
812 1390
813 816
813 814
815 1390
815 816
817 817
817 818
819 820
821 1653
821 1650
821 1651
822 823
822 1723
823 824
823 1259
824 1732
826 1171
827 1245
828 830
829 834
830 832
831 834
831 833
832 835
832 834
833 1809
834 835
837 838
839 1808
839 846
839 847
840 841
840 842
841 847
841 979
842 843
843 844
843 979
844 845
844 1807
845 1021
846 847
848 1286
848 851
849 850
850 1766
850 1286
851 1243
852 1439
852 853
853 967
853 1053
854 855
854 1753
854 966
855 1848
856 1768
856 1754
857 858
858 859
859 1438
861 862
861 1812
864 866
865 870
866 869
866 867
866 870
867 869
867 868
869 1771
871 876
872 874
873 1751
873 875
874 875
877 1443
877 1230
878 890
878 893
878 1247
879 899
879 897
879 891
880 884
881 894
881 896
882 890
882 894
882 893
883 887
884 888
884 1147
885 886
885 934
885 1718
888 1617
889 1328
889 1151
889 891
890 894
891 895
892 1617
892 1470
892 1349
895 898
895 899
896 1233
900 903
901 910
901 903
901 902
902 1047
903 1019
904 1215
904 1232
905 911
909 1494
909 1134
912 1256
913 914
913 1094
914 1064
915 1094
915 916
916 1095
917 1079
918 1333
918 1188
918 1339
919 1481
919 1099
920 1447
920 1097
920 1417
921 1447
922 924
923 925
924 925
925 926
926 1794
926 1795
928 932
930 931
933 1715
933 1074
934 1719
934 1201
935 936
936 937
938 1390
940 941
941 942
941 943
942 943
944 945
946 1127
947 1535
947 948
948 1536
950 1205
951 952
952 1358
953 954
953 1673
953 1133
954 955
954 1485
957 1621
957 958
957 1620
959 960
963 964
966 969
968 972
968 971
969 970
973 974
974 975
975 976
975 1287
976 1288
978 980
979 980
981 1283
981 982
983 1096
983 1160
984 1156
984 985
984 1158
985 1155
985 1154
986 987
986 1152
986 1154
987 988
987 1153
988 1155
988 1154
989 1096
989 1524
990 991
992 1802
993 1237
993 995
993 1271
994 1271
994 1062
995 1270
996 1237
997 999
997 998
1000 1168
1000 1825
1000 1161
1001 1002
1001 1010
1001 1825
1002 1003
1002 1008
1002 1011
1003 1012
1003 1009
1004 1013
1004 1833
1005 1026
1005 1263
1005 1833
1006 1007
1006 1828
1006 1827
1007 1829
1007 1830
1010 1827
1010 1011
1011 1828
1011 1012
1012 1829
1012 1013
1013 1830
1014 1416
1014 1019
1015 1103
1016 1048
1017 1018
1019 1399
1021 1255
1022 1023
1022 1300
1023 1024
1024 1025
1025 1301
1025 1300
1026 1832
1026 1029
1027 1034
1027 1047
1027 1049
1028 1263
1028 1823
1028 1063
1029 1046
1029 1041
1030 1031
1030 1037
1030 1032
1030 1045
1031 1036
1031 1033
1032 1043
1032 1041
1032 1040
1033 1034
1033 1038
1034 1050
1035 1038
1035 1036
1035 1039
1036 1037
1037 1039
1038 1040
1039 1040
1040 1042
1041 1045
1042 1044
1042 1043
1043 1803
1044 1048
1044 1803
1045 1046
1046 1047
1048 1050
1049 1051
1050 1051
1053 1440
1054 1439
1055 1440
1056 1264
1057 1385
1057 1752
1058 1371
1058 1379
1058 1059
1059 1117
1061 1077
1061 1281
1061 1278
1062 1237
1063 1803
1065 1285
1065 1070
1065 1757
1066 1765
1066 1067
1066 1070
1068 1071
1068 1069
1069 1765
1070 1765
1072 1826
1073 1074
1076 1077
1077 1078
1079 1080
1082 1083
1083 1085
1083 1084
1084 1086
1084 1090
1085 1289
1086 1087
1086 1749
1087 1088
1089 1163
1089 1164
1090 1750
1091 1379
1091 1370
1091 1376
1092 1376
1092 1368
1093 1166
1094 1095
1096 1159
1097 1099
1097 1098
1098 1450
1098 1834
1100 1265
1100 1603
1101 1102
1103 1105
1103 1104
1104 1813
1105 1106
1107 1108
1110 1120
1110 1553
1111 1112
1111 1120
1111 1119
1112 1113
1114 1117
1114 1115
1117 1118
1120 1576
1121 1576
1121 1123
1121 1122
1125 1623
1125 1624
1125 1625
1126 1624
1126 1127
1126 1626
1127 1128
1130 1206
1130 1131
1132 1133
1132 1149
1132 1529
1133 1485
1135 1763
1136 1140
1136 1758
1136 1764
1137 1762
1137 1138
1138 1139
1138 1763
1139 1140
1139 1759
1140 1763
1141 1142
1141 1383
1141 1249
1142 1143
1142 1402
1144 1145
1144 1719
1145 1146
1147 1148
1149 1150
1151 1537
1155 1156
1156 1157
1157 1159
1157 1158
1158 1160
1159 1160
1161 1747
1162 1822
1163 1165
1164 1165
1165 1166
1166 1167
1167 1801
1168 1172
1171 1244
1171 1442
1172 1748
1173 1811
1173 1177
1174 1811
1174 1178
1174 1175
1175 1182
1175 1176
1176 1179
1177 1810
1177 1812
1178 1180
1178 1810
1179 1181
1179 1183
1180 1182
1180 1810
1181 1182
1181 1183
1183 1849
1184 1544
1185 1541
1186 1551
1187 1260
1187 1522
1188 1341
1189 1190
1189 1333
1190 1327
1190 1341
1191 1193
1192 1194
1193 1194
1196 1806
1197 1382
1197 1198
1197 1402
1200 1201
1201 1203
1202 1203
1203 1205
1204 1205
1209 1458
1210 1211
1211 1356
1211 1213
1211 1214
1211 1232
1212 1214
1212 1216
1213 1215
1213 1356
1214 1356
1215 1216
1216 1356
1217 1218
1217 1443
1217 1516
1218 1219
1218 1517
1219 1220
1220 1310
1220 1221
1221 1308
1221 1309
1222 1307
1222 1308
1222 1223
1223 1306
1223 1224
1224 1225
1224 1309
1225 1226
1225 1231
1227 1313
1227 1312
1227 1235
1228 1229
1230 1231
1230 1314
1231 1306
1232 1233
1234 1235
1234 1310
1234 1311
1235 1236
1236 1265
1239 1240
1241 1241
1243 1244
1244 1245
1245 1246
1248 1249
1250 1251
1252 1795
1252 1381
1253 1762
1253 1254
1254 1255
1254 1761
1255 1285
1256 1258
1256 1257
1257 1258
1260 1360
1261 1269
1261 1262
1263 1720
1266 1799
1266 1751
1268 1269
1270 1271
1272 1273
1272 1398
1273 1275
1273 1274
1276 1806
1276 1277
1278 1279
1280 1281
1282 1283
1287 1750
1287 1288
1288 1749
1289 1290
1290 1292
1291 1292
1293 1296
1294 1295
1295 1297
1295 1296
1296 1298
1300 1303
1301 1302
1303 1304
1305 1539
1306 1314
1306 1307
1307 1314
1308 1309
1309 1310
1311 1312
1312 1313
1315 1499
1315 1316
1317 1334
1317 1336
1317 1393
1318 1322
1318 1328
1318 1347
1319 1337
1319 1335
1319 1336
1320 1328
1320 1321
1321 1343
1321 1834
1322 1338
1322 1334
1323 1350
1323 1325
1323 1330
1324 1335
1324 1483
1324 1834
1325 1331
1325 1337
1326 1352
1326 1340
1327 1330
1329 1331
1329 1334
1329 1330
1331 1393
1332 1340
1332 1436
1332 1338
1335 1337
1336 1393
1338 1347
1339 1366
1340 1435
1341 1354
1343 1345
1343 1515
1343 1346
1344 1391
1344 1349
1344 1473
1345 1346
1346 1481
1347 1348
1348 1350
1350 1392
1351 1463
1351 1466
1351 1464
1352 1353
1352 1354
1355 1515
1355 1443
1359 1361
1360 1361
1361 1563
1362 1363
1362 1377
1362 1375
1363 1767
1364 1725
1364 1374
1365 1726
1366 1726
1367 1369
1367 1368
1368 1378
1369 1378
1370 1371
1371 1374
1371 1372
1372 1373
1373 1374
1374 1375
1377 1378
1380 1381
1381 1382
1385 1752
1386 1387
1386 1386
1388 1389
1391 1472
1394 1395
1394 1396
1395 1397
1396 1397
1398 1399
1399 1416
1400 1401
1402 1403
1404 1405
1406 1407
1408 1409
1408 1585
1409 1410
1412 1543
1412 1544
1413 1414
1415 1588
1418 1419
1420 1420
1420 1433
1421 1427
1422 1423
1423 1433
1423 1425
1424 1425
1425 1427
1426 1427
1426 1434
1428 1429
1428 1430
1429 1431
1430 1431
1430 1432
1431 1432
1432 1433
1433 1434
1437 1759
1437 1760
1437 1758
1438 1764
1439 1440
1441 1442
1444 1445
1447 1448
1448 1449
1448 1450
1449 1450
1451 1452
1451 1453
1451 1454
1452 1454
1452 1453
1455 1456
1456 1457
1457 1457
1458 1460
1459 1461
1460 1461
1461 1462
1462 1480
1464 1466
1464 1465
1467 1468
1469 1470
1470 1534
1470 1471
1474 1475
1475 1476
1479 1480
1481 1482
1483 1484
1486 1487
1487 1624
1487 1625
1488 1625
1489 1490
1490 1562
1491 1492
1493 1494
1495 1496
1498 1499
1499 1501
1500 1501
1503 1504
1504 1506
1505 1506
1508 1509
1509 1510
1510 1512
1511 1512
1514 1516
1514 1515
1518 1519
1519 1578
1520 1521
1521 1522
1523 1590
1524 1525
1524 1590
1525 1526
1525 1527
1529 1530
1532 1533
1534 1535
1542 1543
1544 1545
1545 1546
1545 1547
1548 1549
1550 1551
1552 1553
1553 1577
1554 1580
1556 1569
1557 1573
1558 1578
1559 1569
1559 1564
1559 1560
1561 1578
1562 1568
1565 1572
1565 1569
1567 1573
1570 1579
1571 1573
1571 1574
1575 1582
1576 1581
1580 1581
1580 1816
1583 1584
1585 1817
1585 1586
1587 1588
1589 1590
1589 1591
1591 1592
1596 1598
1597 1598
1599 1600
1605 1613
1608 1613
1608 1610
1608 1609
1610 1611
1612 1613
1615 1616
1617 1618
1619 1620
1620 1621
1621 1622
1621 1625
1626 1627
1627 1628
1627 1670
1628 1632
1628 1629
1629 1630
1629 1631
1633 1634
1634 1635
1634 1637
1640 1643
1640 1645
1641 1643
1642 1643
1645 1646
1647 1650
1647 1648
1649 1650
1651 1659
1652 1653
1653 1666
1654 1668
1654 1663
1654 1655
1655 1656
1655 1657
1658 1665
1658 1659
1659 1665
1660 1663
1660 1661
1662 1663
1664 1665
1666 1667
1668 1669
1673 1674
1675 1676
1677 1678
1679 1680
1681 1682
1682 1684
1683 1684
1685 1698
1685 1687
1686 1687
1687 1689
1688 1689
1689 1691
1690 1691
1691 1692
1693 1695
1693 1694
1694 1695
1695 1696
1696 1697
1696 1700
1697 1698
1697 1699
1701 1702
1702 1703
1702 1704
1703 1708
1705 1706
1705 1707
1708 1712
1708 1713
1709 1711
1709 1710
1709 1712
1710 1713
1712 1713
1714 1715
1721 1821
1723 1724
1725 1726
1728 1729
1734 1735
1736 1737
1737 1738
1738 1739
1740 1807
1741 1745
1742 1743
1743 1746
1744 1745
1745 1746
1747 1748
1749 1750
1751 1797
1753 1754
1754 1848
1755 1756
1756 1756
1757 1760
1758 1759
1758 1760
1759 1760
1768 1769
1771 1788
1771 1772
1772 1773
1772 1776
1773 1780
1773 1779
1774 1778
1774 1777
1774 1782
1775 1786
1775 1776
1775 1780
1776 1787
1777 1778
1777 1786
1778 1787
1780 1781
1781 1785
1781 1783
1782 1783
1782 1784
1783 1784
1784 1785
1785 1786
1787 1788
1789 1791
1790 1791
1791 1792
1795 1796
1798 1799
1800 1802
1804 1805
1810 1811
1813 1814
1815 1816
1817 1818
1824 1833
1825 1826
1825 1832
1826 1827
1827 1828
1828 1829
1829 1830
1830 1831
1832 1833
1835 1845
1835 1836
1836 1840
1836 1843
1837 1843
1837 1838
1838 1841
1839 1844
1839 1841
1840 1844
1841 1842
1843 1844
1845 1846
1846 1846
1847 1848
1851 1852
