0 3896
0 2793
0 583
1 2856
1 597
1 588
1 3551
1 620
1 3842
2 6
2 3472
2 3
3 8
3 560
4 321
4 3475
4 4007
5 560
5 321
5 562
6 3472
6 2171
7 564
7 4007
7 2263
8 2375
8 560
9 2525
9 395
9 1319
10 12
10 3473
10 1550
11 13
11 3474
11 3480
12 2171
12 3473
13 1725
13 3474
14 323
14 1561
14 325
15 325
15 324
15 3769
16 3827
16 4122
16 403
16 4123
17 3816
17 4127
17 402
17 3828
18 3829
18 4128
18 762
18 404
19 1207
19 4132
19 502
19 3934
20 3936
20 429
20 774
21 1197
21 3939
21 1210
22 424
22 3630
22 3386
23 3942
23 1706
23 424
24 3711
24 3563
24 1706
25 3919
25 3712
25 26
25 3559
25 3563
25 3918
25 3943
26 2358
26 3552
26 49
26 4099
27 722
27 3553
27 129
27 733
28 3185
28 517
28 1055
29 2954
29 624
29 744
29 632
30 2954
30 512
30 1636
31 32
31 1770
31 1633
32 527
32 1636
33 88
33 115
33 486
34 119
34 123
34 84
35 486
35 36
35 124
36 4134
36 486
37 4072
37 38
37 3798
37 4079
38 124
38 4076
38 518
39 3798
39 124
39 1395
40 118
40 110
40 783
40 1396
41 3032
41 44
41 4072
42 433
42 3100
42 3032
43 4079
43 433
43 3813
44 736
44 3815
44 45
44 3037
45 755
45 3829
46 47
46 69
46 435
46 3924
47 783
47 3678
48 722
48 732
48 1843
48 4164
49 2358
49 3559
49 1705
50 1568
50 51
50 3770
51 4058
51 241
52 1297
52 330
53 4102
53 4097
53 417
54 421
54 673
54 677
55 1708
55 3801
55 3711
56 3801
56 58
56 57
57 3710
57 1709
57 58
58 3803
59 940
59 3958
59 920
60 911
60 920
60 930
61 295
61 4158
61 1643
61 2626
62 2961
62 607
62 588
62 748
63 82
63 64
63 3066
64 65
64 113
64 71
65 66
65 112
65 108
66 1206
66 67
67 3067
67 1397
68 3904
68 3901
68 75
68 1206
68 1391
68 3903
69 526
69 435
70 435
70 3064
70 82
71 82
71 783
72 3907
72 3955
72 3908
72 3954
72 3384
73 656
73 962
73 412
73 657
74 3638
74 3909
74 412
75 3306
75 719
75 717
75 718
76 77
77 78
77 1231
78 620
78 600
78 616
79 3868
79 3861
79 515
80 81
80 553
80 87
81 3638
81 87
83 405
83 3826
83 3549
83 3927
84 114
84 122
84 118
85 1744
85 477
85 1749
86 2097
86 2359
86 2360
87 494
87 3638
88 91
88 4137
89 120
89 4136
89 739
89 4137
90 740
90 4119
90 2970
91 119
91 114
92 1349
92 2365
92 2040
93 3982
93 576
93 2288
94 3981
94 1050
94 576
95 3968
95 815
95 3967
96 1092
96 2000
96 3971
97 1496
97 3402
97 2286
98 100
98 99
98 2284
99 2286
99 313
100 318
100 1498
101 320
101 102
101 317
102 106
102 2285
103 313
103 315
103 316
104 448
104 1727
104 447
104 4160
105 2285
105 3661
105 1818
106 3660
106 316
107 3795
107 497
107 490
108 109
108 1840
109 123
109 423
110 111
110 113
111 122
111 112
112 113
114 117
114 115
115 116
115 124
116 117
116 1395
117 118
117 3679
119 120
120 1767
120 121
121 436
121 123
121 3535
122 123
125 1840
125 423
125 3882
126 524
126 3805
126 749
126 1761
127 533
127 528
127 130
127 554
128 528
128 1815
128 131
129 718
129 130
130 131
132 500
132 490
132 3905
133 491
133 558
133 3713
134 314
134 2618
134 1486
135 531
135 141
135 140
136 522
136 521
136 140
136 1157
137 2279
137 498
137 3050
137 1158
138 139
138 832
138 3303
138 3385
139 3713
139 833
140 3894
140 800
141 495
141 142
142 3894
142 513
143 144
143 930
143 3958
144 3956
144 3957
144 2168
145 690
146 703
146 1604
147 438
147 148
148 808
149 3601
149 3603
149 899
150 867
150 3590
151 804
151 809
152 413
152 803
152 2433
153 3861
153 3408
153 489
154 2569
154 561
154 1545
155 1547
155 1545
155 561
156 1001
156 191
156 159
157 244
157 1054
157 1059
157 1072
158 1054
158 190
158 191
159 996
159 190
160 187
160 185
160 175
161 174
161 163
161 180
162 3128
162 180
162 188
163 1070
163 164
164 172
164 168
165 169
165 166
165 174
166 169
166 171
167 173
167 168
169 170
170 172
170 171
171 173
172 173
174 181
175 176
175 187
176 177
176 179
177 186
177 178
179 2154
179 4147
180 181
181 182
182 186
182 183
183 3128
183 184
184 185
184 187
185 186
188 3125
188 3121
189 3123
190 1063
191 1079
192 2339
192 3558
193 207
193 199
193 198
194 238
194 198
194 207
195 3718
195 3093
195 2629
196 1377
197 2136
197 198
197 200
199 1373
199 206
200 203
200 206
201 202
201 1376
202 203
203 204
203 1376
205 206
207 2133
208 209
208 972
208 2141
209 210
209 2141
210 3199
210 958
211 212
211 1737
211 1742
212 223
212 221
213 214
213 215
213 216
214 3154
214 234
215 2100
215 216
216 233
216 232
217 2097
217 219
217 233
218 219
218 1729
218 220
219 2115
220 2090
220 231
221 222
221 224
222 223
222 232
223 2100
224 225
224 1740
225 226
225 1738
226 4181
226 230
227 230
227 3092
227 4181
228 4181
228 3092
228 229
229 2090
229 1732
230 1735
232 233
234 2360
234 3151
235 2141
235 2133
235 236
237 1643
237 2139
237 4157
237 239
238 2626
238 239
239 240
241 1593
241 330
242 1372
242 245
242 244
243 245
244 245
246 247
247 3520
247 2158
247 2382
247 248
248 2382
248 2381
249 2382
249 250
249 251
252 252
252 3891
252 253
253 3870
253 1091
254 1147
254 2142
254 3419
254 2140
255 257
255 295
255 4151
256 4151
256 281
256 4150
257 4150
257 2624
257 311
258 3328
258 294
258 3196
259 260
259 3203
259 1487
260 1477
260 288
261 1476
261 288
261 1489
262 270
262 268
262 267
262 2746
263 3157
263 2110
263 3200
263 1481
263 2126
264 1669
264 854
264 726
265 266
265 1668
265 854
266 861
266 267
267 838
267 860
268 857
268 2747
268 729
269 3890
269 278
269 729
269 275
270 3206
270 271
271 280
271 274
272 319
272 317
272 318
273 2452
273 2917
273 283
273 3206
274 1475
274 279
275 276
275 277
276 277
276 278
277 3150
278 688
279 1478
279 280
280 3890
281 3835
281 282
281 3344
282 2110
282 3156
283 1475
283 284
284 286
284 287
285 287
285 1489
285 2452
287 288
288 289
289 3205
289 290
290 3356
290 3352
291 300
291 1492
291 297
292 1492
292 3330
292 1639
293 294
293 932
293 3324
294 3312
295 4152
296 3355
296 3836
296 3837
297 298
297 926
298 917
298 937
299 308
299 937
299 310
300 3617
300 1664
301 734
301 4218
301 870
302 940
302 919
302 306
302 2463
303 888
303 895
303 892
304 894
304 893
304 891
305 2463
305 306
305 922
306 895
307 3617
307 2461
307 308
308 309
311 4149
311 312
312 3155
312 3195
313 1497
314 2487
314 514
314 1479
315 2623
315 316
317 318
319 967
319 320
320 3664
321 562
322 1550
322 325
322 3474
323 327
323 1548
324 1560
324 1548
326 327
326 1591
326 2046
327 328
328 329
328 659
329 2046
329 3479
331 3613
331 3476
332 2981
332 1545
332 3366
333 1262
333 1263
333 2989
334 4027
334 388
334 4026
335 3475
335 3462
335 337
336 400
336 713
336 401
337 338
337 400
338 401
338 3472
339 3004
339 3003
339 3001
340 3519
340 3003
340 2372
341 3965
341 342
341 570
342 3470
342 2393
343 2398
343 2390
343 1401
344 2830
344 1433
344 1773
345 1433
345 1427
345 571
346 1405
346 1522
346 1404
346 579
347 1518
347 1526
347 1413
348 1522
348 575
348 1526
349 384
349 1334
349 393
350 1343
350 1311
350 3627
350 409
351 352
351 1232
351 1345
352 1349
352 1500
353 608
353 1505
353 1216
354 3469
354 1401
354 3739
355 392
355 3628
355 383
356 3628
356 367
356 1316
357 2045
357 1591
357 1594
358 369
358 2045
358 359
359 1305
359 1571
360 361
360 1348
360 2291
361 362
361 1306
361 1350
362 1330
362 1304
363 1330
363 371
363 2289
364 1632
364 371
364 1264
365 1632
365 372
365 366
366 367
366 1263
367 398
368 1291
368 1286
368 686
369 3877
369 1278
370 1542
370 2044
370 3363
371 1280
372 2043
372 3878
373 398
373 2043
373 2568
374 3641
374 375
374 3642
375 3629
375 377
376 1337
376 2075
376 3627
377 1222
377 3434
378 1312
378 2411
378 1333
379 1816
379 2410
379 3677
380 1234
380 1535
380 381
381 445
381 2469
382 394
382 3258
382 1263
382 2482
383 392
383 394
384 2482
384 393
385 2989
385 399
385 4028
386 387
386 399
386 4025
387 4027
387 388
388 389
389 4028
389 1265
390 4031
390 2292
390 2445
390 1212
391 1317
391 1343
391 1334
392 393
394 2482
395 3480
395 3473
396 1331
396 1346
396 1226
397 1327
397 1813
397 1326
398 1460
398 2043
399 4025
400 401
400 3462
401 2170
402 3930
402 403
403 3929
404 3816
404 3932
405 3928
405 4123
406 589
406 1390
406 407
407 1390
407 3928
408 589
408 1784
408 3776
409 1346
409 1311
409 3633
410 3293
410 3301
410 3287
411 3293
412 3909
413 4102
413 2430
414 3048
415 416
415 3048
415 4100
416 677
416 661
417 661
417 420
418 4066
418 4060
418 4097
419 4103
419 4098
419 4066
420 3919
420 4098
421 676
421 422
422 3105
422 675
423 749
424 3667
425 428
425 2935
425 3924
425 426
426 503
426 548
427 428
427 503
427 431
428 3813
429 3671
429 1210
429 3937
430 431
430 3814
430 687
431 752
432 687
432 543
432 551
433 3814
434 2319
434 543
434 507
434 2598
436 1765
436 3884
437 3805
438 813
439 4054
439 441
439 2593
440 3757
440 1162
440 2978
441 684
441 4055
442 4055
442 443
442 1592
443 1544
443 775
444 445
444 1324
444 1817
445 3886
446 3074
446 2089
446 1649
447 2107
447 448
447 2088
448 2125
449 465
449 451
449 464
450 3720
450 2940
450 2125
451 462
451 3091
452 2628
452 2466
452 1650
453 2628
453 461
453 455
454 1646
454 460
454 459
455 461
455 460
456 458
456 457
456 461
457 459
457 458
458 3091
459 460
463 464
463 1454
463 3720
464 465
465 466
466 470
466 467
467 468
467 470
468 469
468 1446
469 1064
469 3721
470 3718
471 472
471 1450
471 1748
472 473
472 1749
473 1748
473 2354
474 3168
474 3158
474 3172
475 639
475 3087
475 629
476 1450
476 1443
476 1444
477 2178
477 3089
478 2716
478 2659
478 2665
479 645
479 1435
479 2074
480 2049
480 1762
480 2070
480 2068
481 482
481 1320
481 1312
482 1322
482 1333
483 2469
483 1322
483 3887
484 2934
484 3845
484 3676
484 1460
485 801
485 536
485 534
487 1192
487 525
487 1194
488 496
488 491
488 529
489 536
489 504
490 2931
491 2489
492 3674
492 764
492 4130
492 762
493 541
493 533
493 505
494 495
494 542
495 553
496 501
496 544
497 524
497 535
498 557
498 3051
498 1157
498 1161
499 510
499 550
499 520
499 529
500 516
500 506
501 529
501 2497
502 3673
502 4121
502 764
503 509
504 515
504 531
505 554
505 511
506 1458
506 510
507 543
507 551
508 3803
508 712
508 3922
509 712
509 548
510 558
511 3049
511 555
512 2371
512 538
513 962
513 530
514 2620
514 2938
515 3404
516 558
516 3304
517 3025
517 3185
518 3834
518 4077
519 3303
519 3131
519 1830
519 3902
520 1751
520 535
521 557
521 540
522 528
522 534
522 554
523 1161
523 555
523 1157
524 1754
525 1181
525 679
526 3923
526 547
527 618
527 538
530 546
530 540
531 801
532 618
532 2950
532 539
533 717
534 800
534 1815
535 550
535 1752
536 3553
536 1815
537 3099
537 551
537 687
538 2370
539 2370
539 2371
540 557
541 552
541 799
544 2938
544 545
545 1819
545 549
546 3082
546 959
546 848
547 3922
547 4163
548 556
549 2620
549 2619
550 1458
550 2931
553 3404
554 555
556 3565
556 3923
559 2988
559 4009
559 2983
561 1542
562 2373
563 2988
563 3284
563 2983
564 3000
564 2999
564 3988
565 1779
566 3547
566 586
566 574
567 582
567 2460
567 2385
568 3984
568 587
568 2288
569 587
570 580
570 591
571 2414
571 2412
572 594
573 585
573 593
573 575
574 3951
574 577
575 1401
575 1409
576 598
577 2711
577 586
578 594
579 1516
579 594
580 3964
580 591
581 1772
581 2404
581 1422
582 3547
582 3555
583 2793
583 3501
584 1629
584 3464
584 3895
585 596
585 1433
586 2690
587 1412
588 3422
589 1781
590 1525
590 3984
590 3506
591 610
592 2064
592 2048
592 651
595 1780
597 3551
597 3842
597 3478
599 2676
599 715
599 2070
600 2869
600 603
601 1513
601 3017
601 3960
602 603
602 1770
602 616
603 1628
604 2684
604 3614
604 2687
605 647
605 2684
605 2671
605 3962
606 2476
606 610
606 2791
607 2967
607 611
608 2792
608 3963
608 2409
609 2687
609 2689
609 2273
609 2686
610 3963
611 620
611 616
612 2426
612 2422
612 2427
613 1417
613 715
613 2689
614 2273
614 2386
614 3401
615 1022
615 3614
615 3400
616 618
617 1031
617 1049
617 2017
619 2426
619 983
619 1369
621 3960
621 1043
621 3959
622 652
622 3183
622 3917
623 2719
623 641
623 648
624 642
624 634
625 649
625 1588
625 628
626 3961
626 1436
626 644
627 4208
627 4202
627 4210
628 651
628 642
629 649
629 643
630 4200
630 2454
630 1360
631 2678
632 3179
632 633
633 3024
633 3194
635 2068
635 3079
635 2052
636 1020
636 4191
636 998
637 4210
637 4200
637 4204
638 3191
638 3189
638 2356
639 3176
639 653
640 1065
640 3194
640 1066
641 2664
641 648
642 3190
644 3962
644 1082
645 3086
645 1437
645 651
646 3170
646 2355
646 1065
647 1757
647 1082
648 2666
649 3086
650 2680
650 1436
650 3079
652 1589
652 3187
654 1584
654 4000
654 4001
654 1319
655 1590
655 2538
656 973
656 945
656 657
657 1691
658 1154
658 2169
658 1559
659 1552
659 1559
660 1199
660 680
660 673
661 782
662 676
662 3943
662 782
663 1459
663 777
663 1249
663 2589
664 2590
664 665
664 1459
665 4043
666 1233
666 667
666 4043
667 1233
667 2981
668 1722
668 1716
668 1192
669 1722
669 773
669 3938
669 3944
670 3940
670 1200
670 1203
671 672
671 2972
671 1192
671 1716
672 1192
672 2973
673 674
674 1195
674 675
675 1201
676 3942
677 782
678 1195
678 2030
679 1194
679 681
680 1175
680 1174
681 1174
681 1188
682 756
683 1153
683 2871
684 4056
684 2532
684 3742
685 3028
685 3029
685 2871
686 3028
686 2542
688 1387
688 835
688 728
689 3150
689 1382
689 1654
689 3149
690 707
691 806
691 1597
691 702
692 814
692 2335
692 693
693 3851
693 2277
694 814
694 811
694 1597
695 696
695 3860
695 705
696 1168
696 706
696 705
697 701
697 700
697 1167
698 1600
698 701
698 1611
699 2447
699 700
699 706
700 804
701 813
702 803
702 708
703 1619
703 2450
703 1172
704 1170
704 705
704 4113
706 3860
707 1609
707 708
708 1356
709 784
709 1357
709 795
709 1622
710 1625
710 2766
710 2769
711 1620
711 789
711 2434
712 750
713 2975
713 3459
714 3863
714 3459
714 2183
715 2688
716 2690
716 1022
716 983
717 799
717 718
719 3058
719 720
719 3056
720 3064
720 3061
721 1395
722 1842
723 3643
723 2864
723 2444
723 1789
724 1152
724 1806
724 725
725 3307
725 1152
726 1379
726 839
727 2746
727 850
727 2749
727 2743
727 860
728 853
728 844
728 729
730 853
730 836
730 845
731 839
731 855
732 733
732 3560
732 4164
732 2358
733 3552
734 1653
734 735
735 1822
735 4220
736 3828
736 4076
737 738
737 4135
737 4142
737 739
738 739
738 740
740 3806
741 3021
741 1763
741 745
742 746
742 743
742 1761
742 3021
743 744
743 3023
744 3023
745 747
745 2963
745 2961
746 1630
746 1834
747 1764
747 748
748 1767
749 946
750 752
751 3709
751 3669
751 3668
751 2313
752 2181
753 2181
753 2182
753 2319
754 1209
755 760
755 759
756 758
756 1205
756 3100
757 1209
757 3674
757 761
757 760
758 1209
758 1205
758 761
759 1209
759 760
761 1205
761 3673
761 3099
762 4120
762 4129
763 4120
764 3933
764 4131
765 766
765 767
765 3933
766 2586
766 2973
767 768
767 3934
768 769
768 3935
770 2410
770 1214
770 1245
771 2589
771 2580
771 2579
772 2584
772 1244
772 1246
773 3937
773 3936
774 3672
774 1207
775 1291
775 1289
776 3418
776 1252
776 3677
777 778
777 1234
778 2567
779 3742
779 4036
780 4036
780 3750
780 3747
781 3742
781 2593
781 2591
784 788
784 1354
785 3395
785 1463
785 3471
786 3396
786 2759
786 3395
787 2433
787 1354
788 791
788 1624
789 791
789 790
791 797
792 797
793 2180
793 798
794 798
795 1462
795 798
796 797
799 3306
800 801
802 4084
802 4080
802 810
803 806
804 807
805 1607
805 809
805 807
806 2335
806 814
807 812
808 1607
808 813
810 4081
810 2265
811 2265
811 4086
815 2283
815 3979
816 830
816 3999
816 2299
817 819
817 818
817 2944
818 2304
818 828
820 3996
820 2299
820 831
821 2303
821 828
821 822
822 829
822 2300
823 828
823 826
823 827
824 829
824 2303
824 2304
825 826
825 827
825 4002
826 1047
827 2507
828 2302
829 3979
830 831
830 3998
831 2297
832 3302
832 1160
833 3131
833 3304
834 1391
834 3302
834 3306
835 845
835 840
836 3224
836 3217
837 1471
837 845
838 856
838 861
839 851
841 1672
841 1673
841 3215
842 1685
842 848
842 1684
843 850
843 859
843 844
844 2751
844 2743
844 2747
846 1379
846 1820
847 3307
847 2742
847 1682
848 3051
848 3908
849 3217
849 859
849 3221
850 858
851 852
851 854
852 1676
852 860
853 859
854 860
855 1676
856 3210
856 861
858 3226
858 3221
862 3215
862 1467
863 890
863 906
863 871
864 897
864 3609
864 869
865 896
866 872
867 3055
867 4229
868 883
868 893
868 892
869 1831
869 3610
870 871
870 923
871 879
871 907
872 906
872 880
873 890
874 890
874 879
874 903
875 877
876 887
876 892
876 891
877 894
877 896
877 901
878 2928
878 896
878 906
879 907
880 916
880 922
880 923
881 3053
881 3591
881 3596
881 3595
882 887
882 895
882 898
884 885
884 3957
884 2327
885 887
885 2036
886 3054
886 4230
886 4229
886 3610
888 893
888 2928
889 902
890 903
891 902
894 2926
897 3577
897 1831
899 3575
899 3604
899 3605
900 1833
900 909
900 903
902 904
903 1833
905 1663
905 1833
905 909
907 908
908 909
910 915
910 4154
910 925
911 3876
911 4154
912 2465
912 1645
912 921
912 1644
913 3346
913 921
913 3342
914 929
914 918
914 916
916 918
917 925
917 919
918 922
919 931
920 4154
921 1641
923 929
924 929
925 931
925 1647
926 3347
926 3342
926 1647
927 1828
927 1653
927 1666
928 3343
928 3839
928 3840
930 2151
931 940
932 3324
932 941
933 3337
933 939
933 3333
933 3316
934 3329
934 939
934 938
935 3619
936 3329
936 3330
936 941
937 3619
938 3354
938 3337
939 3334
941 3323
941 3313
942 3523
942 2738
942 2118
943 945
943 951
943 969
944 1691
944 973
944 1805
945 968
947 2092
947 2733
947 2730
948 2924
948 2116
948 2919
948 2921
949 951
949 970
949 968
950 957
950 967
950 2917
951 959
952 3074
952 2114
952 2107
952 3175
953 2913
953 1494
953 2915
954 963
954 1690
954 1692
954 955
955 2913
955 1498
956 2096
956 964
956 2109
957 1494
957 1499
957 967
958 958
959 960
960 969
960 965
961 1494
961 1499
962 968
964 2093
964 2095
965 1684
965 1806
966 1691
966 3860
966 3909
969 1805
971 1820
971 1687
971 1686
972 972
973 1691
974 978
974 1695
974 1700
975 3825
975 1808
976 989
976 979
976 3883
977 980
977 1043
977 1583
978 980
978 3968
979 1041
979 1702
980 1011
981 1699
981 1517
981 1041
982 984
982 1034
982 1015
983 992
983 1528
984 1045
984 1031
985 1051
986 992
986 1528
986 1912
987 1574
988 1010
988 1007
988 1004
989 1410
989 1046
990 3095
990 2630
990 1062
991 1038
991 2630
991 2002
993 1020
993 993
994 1044
995 999
996 1070
996 1001
996 1063
997 1529
997 1530
997 4185
998 4189
998 1042
999 2301
999 1030
1000 1040
1000 1037
1000 1029
1001 1074
1001 1025
1002 1015
1002 3453
1002 1034
1003 1023
1004 3504
1004 1013
1005 1038
1005 1994
1005 1028
1006 1400
1006 1399
1006 1051
1007 1043
1007 1018
1008 1035
1009 3524
1009 1032
1009 2351
1011 1041
1011 1034
1012 1033
1012 3031
1012 2293
1014 2375
1014 2508
1014 1052
1015 1031
1016 1023
1016 3980
1016 1036
1017 2025
1017 1049
1017 2427
1018 2281
1018 3017
1019 3411
1019 1022
1019 3426
1019 3615
1020 2272
1021 4005
1021 3031
1021 2372
1021 2374
1022 3429
1023 3981
1024 1032
1025 1071
1025 1079
1026 3969
1026 2024
1026 2283
1027 1042
1028 1827
1028 1068
1029 1051
1029 4003
1030 2504
1030 1576
1032 4189
1032 2027
1034 3444
1035 1037
1035 4001
1037 4002
1038 2641
1039 2649
1039 2643
1039 2644
1042 4191
1044 2509
1044 2519
1044 2517
1046 1048
1046 1402
1047 2944
1047 4004
1049 3959
1050 3980
1050 2429
1052 1319
1052 1314
1053 1057
1053 1067
1053 1066
1054 1072
1054 1079
1055 1754
1055 1753
1056 1741
1056 1745
1056 1747
1057 1073
1057 1066
1058 2339
1058 1375
1058 1377
1060 1076
1060 1080
1060 1836
1061 1078
1061 3182
1061 1077
1061 3187
1062 2646
1062 1444
1063 1072
1063 1375
1064 1444
1064 2052
1065 1067
1067 3186
1067 2355
1068 4208
1068 2666
1069 1077
1069 2355
1069 1835
1069 3184
1070 1074
1071 1075
1071 1994
1073 1834
1073 3186
1074 1837
1074 2377
1074 1838
1075 2269
1075 1079
1076 3177
1076 1078
1077 1836
1078 3176
1080 2354
1080 3168
1080 3177
1080 3636
1081 3962
1082 1755
1083 1090
1083 1127
1083 3463
1084 1130
1084 1116
1084 1133
1085 1090
1085 3530
1085 3528
1086 1092
1087 1092
1088 2135
1088 1091
1088 1116
1089 2135
1089 3529
1090 3463
1091 3870
1093 3455
1093 1512
1093 3456
1094 1131
1094 3390
1094 1807
1095 1098
1095 1106
1095 1096
1096 1134
1096 1108
1097 1117
1097 1103
1097 1136
1098 1114
1098 1115
1099 1148
1099 1101
1099 1142
1100 1112
1100 1122
1100 1105
1101 1135
1101 1121
1102 1128
1102 1113
1102 1139
1103 1116
1103 1129
1104 1132
1104 1128
1104 1139
1105 1139
1105 1110
1106 1113
1106 1120
1107 1138
1107 1123
1107 1130
1108 1114
1108 1109
1109 1141
1109 1137
1110 1112
1110 1140
1111 1131
1111 1124
1111 1118
1112 1141
1113 1136
1114 1125
1115 1135
1115 1142
1117 1129
1117 1136
1118 1127
1118 1124
1119 1144
1119 3390
1119 1121
1120 1140
1120 1132
1121 1131
1122 1151
1122 1150
1123 1137
1123 1149
1124 1149
1125 1142
1125 1148
1126 1138
1127 1130
1128 1132
1129 1150
1129 1133
1133 1138
1134 1141
1134 1140
1135 1144
1137 1151
1143 1144
1145 2140
1145 1146
1145 2163
1146 3548
1146 2344
1146 2148
1146 2155
1147 3626
1147 3625
1148 1149
1150 1151
1153 1590
1154 1726
1154 1725
1155 1156
1155 3388
1155 2005
1156 1826
1156 1556
1158 1159
1158 3051
1159 1160
1159 2279
1160 2279
1161 3050
1162 2978
1162 2980
1163 1608
1163 1165
1163 1166
1164 1166
1164 2447
1164 1167
1165 1600
1165 1167
1166 1603
1168 1603
1168 1169
1169 1170
1169 2450
1170 1171
1172 1598
1172 1173
1174 1187
1175 1176
1176 3113
1176 1185
1177 1181
1177 1184
1178 1186
1179 1186
1179 3114
1180 1184
1181 3487
1182 1186
1182 3112
1183 3114
1183 1187
1183 1185
1184 1188
1185 1187
1189 3631
1189 2317
1189 4108
1190 1196
1191 2598
1191 3671
1191 3672
1193 3707
1193 4107
1193 3534
1194 2083
1195 1196
1196 1204
1197 1198
1197 3832
1197 3940
1198 4090
1198 2446
1199 1626
1199 2755
1200 1203
1200 3944
1200 3939
1201 3812
1201 4107
1202 3945
1202 3948
1202 3706
1203 2069
1204 1626
1204 3632
1205 3101
1206 3905
1207 4133
1207 3935
1208 2275
1208 2264
1208 4113
1210 3938
1211 3115
1211 1227
1211 2858
1212 1229
1212 1239
1212 3793
1213 3756
1213 3755
1213 4044
1214 1392
1214 1239
1215 1217
1215 2409
1215 1220
1216 1503
1216 2409
1217 2866
1217 1785
1218 1227
1218 2971
1218 1230
1219 1222
1219 3641
1219 3645
1220 1224
1220 3643
1221 1225
1221 1226
1221 1235
1222 3646
1223 2445
1223 3643
1223 2294
1224 1788
1224 2865
1225 1503
1225 1502
1225 1232
1226 2085
1227 3496
1228 1236
1228 4033
1228 2444
1228 2864
1229 4033
1229 4032
1230 3108
1230 4174
1231 4172
1231 4168
1231 4177
1232 1331
1232 1500
1233 4044
1234 2567
1235 3443
1235 3440
1235 3433
1236 4031
1236 4032
1237 3701
1237 4040
1237 4068
1238 1239
1239 2467
1240 3415
1240 1248
1240 1791
1241 3415
1241 2584
1241 2583
1242 1254
1242 1247
1242 3844
1243 2576
1243 2587
1243 1255
1243 2577
1244 1252
1244 1250
1245 1257
1245 3418
1246 1257
1246 3416
1247 1253
1247 3844
1248 1251
1248 2576
1249 1252
1249 1250
1250 2580
1251 2583
1251 2575
1253 1794
1253 1258
1253 1254
1254 2590
1255 1258
1255 2588
1256 1795
1256 3844
1256 2574
1257 3417
1258 2579
1259 2987
1259 4009
1259 2984
1260 3704
1260 3288
1260 3295
1261 2993
1261 2987
1261 1797
1262 1265
1262 1264
1264 1266
1265 1266
1266 3704
1266 3461
1267 1269
1267 1270
1267 2546
1268 1271
1269 1271
1269 1270
1270 1272
1271 1549
1272 1532
1272 1547
1273 1296
1273 1281
1273 1285
1274 1283
1274 1279
1274 1287
1275 1302
1275 1694
1275 3566
1276 1285
1276 2529
1276 1284
1277 1293
1277 1289
1277 1281
1278 1286
1278 1306
1279 1285
1279 2289
1280 1302
1280 2042
1281 1301
1282 1303
1282 1304
1282 2529
1284 1288
1284 1300
1286 1300
1287 1634
1287 2595
1287 1296
1288 1294
1288 1301
1289 1298
1290 1296
1291 1295
1292 2543
1292 2045
1292 1299
1294 1300
1294 1295
1295 1298
1297 1299
1297 1352
1298 1301
1299 1351
1302 1634
1303 2289
1303 1304
1305 1348
1305 1306
1307 1332
1307 1334
1307 1336
1308 1346
1308 1341
1308 1340
1308 1345
1309 1817
1309 1338
1309 1324
1310 1325
1310 3873
1310 1339
1311 1341
1312 1338
1313 1406
1313 2500
1313 2499
1314 2521
1314 2367
1314 2525
1315 2983
1315 1327
1315 1696
1316 3889
1316 3920
1317 1342
1317 1341
1318 3237
1318 1340
1320 1324
1320 1338
1321 1329
1322 1460
1323 1329
1326 1703
1326 1349
1327 3233
1328 3846
1328 3847
1328 1335
1329 1330
1331 1345
1332 1343
1332 3846
1333 2934
1335 3920
1335 3847
1336 3628
1336 3847
1336 3920
1337 3846
1337 3845
1339 2500
1339 1813
1340 1344
1341 1342
1342 3237
1344 1345
1344 1698
1345 1349
1347 1348
1349 1504
1351 1352
1351 2543
1352 2542
1353 1355
1354 1357
1355 1358
1355 1356
1356 1357
1359 1360
1360 1361
1361 2271
1362 1439
1362 1363
1362 1364
1363 1366
1363 1364
1364 1365
1365 1456
1365 1440
1366 1367
1366 3637
1367 3637
1367 3087
1368 1418
1369 2424
1369 1425
1370 2424
1370 1418
1370 2389
1371 2121
1371 2089
1371 3155
1372 1373
1372 1374
1373 1376
1375 2339
1377 4232
1377 2036
1378 1379
1380 1381
1381 1382
1382 1388
1382 1825
1383 3148
1383 1387
1383 3353
1384 3148
1385 1824
1385 3582
1385 1386
1386 2128
1387 3149
1389 3353
1390 3929
1391 3901
1392 2481
1392 1786
1393 3494
1393 1394
1393 3493
1394 3786
1394 1787
1395 3679
1396 3926
1396 3679
1398 3065
1398 3060
1398 3063
1400 4004
1400 4005
1402 1410
1402 1414
1403 1407
1404 1405
1404 1411
1405 2405
1405 2280
1406 2280
1406 3506
1407 1415
1407 1413
1408 1414
1408 2416
1408 1409
1409 1413
1410 1412
1412 1415
1414 1415
1416 1773
1416 1422
1416 2403
1417 1432
1417 2047
1418 2425
1419 2389
1419 1426
1419 1587
1420 1434
1420 1432
1420 2720
1421 3018
1421 2047
1421 3019
1422 2827
1423 1429
1423 2720
1423 1428
1424 1774
1424 2398
1424 1431
1425 2425
1425 3428
1425 3430
1426 2829
1426 2827
1428 2387
1428 1429
1428 2389
1429 3019
1430 2829
1431 2400
1431 2403
1432 2273
1433 1586
1434 2388
1435 2177
1435 1437
1436 3080
1437 2179
1438 2873
1438 2073
1438 1445
1439 1455
1439 1447
1440 1447
1440 1452
1440 1442
1441 2901
1441 2904
1441 1443
1442 1456
1442 3080
1443 1827
1445 1451
1445 2342
1446 2941
1446 1454
1447 1457
1448 3961
1448 2650
1448 1456
1449 2343
1449 1452
1449 2341
1450 1451
1451 1453
1452 3080
1453 2876
1453 2879
1454 2941
1455 1457
1455 2073
1457 2343
1458 3866
1459 2590
1459 2589
1460 3889
1461 2763
1461 1464
1461 1621
1462 2764
1462 1464
1463 1624
1463 2763
1464 2764
1465 1680
1465 1671
1465 3216
1466 1474
1466 1468
1466 1472
1467 3225
1468 1471
1468 1680
1469 3218
1469 1473
1469 3216
1470 3225
1470 3218
1471 1678
1472 1473
1475 1488
1476 1489
1476 1484
1478 3312
1478 1490
1479 1482
1479 1480
1480 1486
1480 1491
1481 1484
1482 2483
1482 1491
1483 3203
1485 2615
1485 2602
1485 2600
1486 2615
1487 3203
1487 1495
1487 3196
1491 2614
1492 1493
1496 2284
1496 1498
1497 2611
1497 2325
1500 1502
1501 1506
1502 1505
1503 1506
1504 1504
1505 1506
1507 1508
1507 3738
1508 1509
1508 3739
1509 3738
1509 3739
1510 1514
1510 1513
1510 1521
1511 1523
1512 1514
1512 1515
1513 1520
1514 1515
1515 1524
1516 1519
1516 1518
1518 1519
1519 1526
1519 1522
1520 1524
1520 1523
1523 1524
1527 1528
1529 1529
1531 1532
1531 1546
1531 1539
1532 1544
1533 1534
1533 1546
1533 1540
1535 1816
1535 1541
1536 1546
1536 1543
1536 1539
1537 3380
1538 2544
1538 2563
1538 2553
1539 1544
1541 3377
1541 3378
1541 3376
1542 2544
1547 2555
1548 2014
1550 1564
1551 1555
1551 1561
1551 1559
1552 1558
1553 1566
1554 1572
1557 1561
1560 3778
1560 3768
1560 3769
1562 2008
1562 3480
1562 1567
1563 2014
1563 1571
1563 4020
1564 2170
1564 3769
1565 3770
1566 3010
1566 3531
1567 1993
1567 1569
1569 3481
1569 2008
1570 2008
1570 1584
1570 2005
1571 1591
1572 3531
1572 3392
1573 2021
1573 1585
1573 1574
1574 3508
1575 1576
1575 1575
1576 1577
1577 1582
1577 1579
1578 3616
1578 1581
1578 1584
1579 2015
1579 1582
1580 3975
1580 2597
1580 2020
1581 2015
1581 1582
1585 3969
1585 3508
1586 1587
1589 3190
1589 3183
1591 1594
1592 2357
1592 4056
1593 1594
1593 4058
1594 2046
1595 1613
1596 1598
1597 1614
1598 1611
1599 1606
1599 1608
1599 1601
1600 1602
1601 1608
1601 1603
1604 1613
1605 1614
1607 1610
1609 1615
1611 1617
1612 1617
1613 1615
1614 2451
1616 1617
1618 1619
1619 4081
1620 3396
1620 3471
1621 2757
1621 2760
1623 1626
1624 1627
1625 2757
1625 2759
1628 2869
1628 1629
1629 3897
1630 3830
1630 3831
1631 1632
1633 2947
1633 1636
1634 1635
1637 1638
1637 1639
1637 1658
1639 1664
1640 2465
1640 4153
1640 1647
1642 3344
1642 2465
1642 4152
1643 4153
1646 1648
1646 1649
1649 3159
1650 3160
1651 1662
1652 1662
1653 1660
1654 1658
1654 1825
1655 3557
1655 1660
1655 1659
1656 1661
1657 1659
1657 1657
1658 1661
1658 1665
1659 3557
1660 3557
1661 1667
1662 1664
1666 4220
1666 4219
1668 1669
1670 1675
1670 3224
1670 1671
1671 1674
1672 1676
1672 1677
1673 1674
1673 1677
1674 1675
1675 3222
1675 1677
1679 1680
1681 1685
1681 1689
1681 1688
1682 1687
1682 1683
1683 3906
1683 1690
1684 3082
1685 2742
1685 3153
1687 1690
1688 2742
1688 3907
1693 1694
1694 2594
1697 3879
1697 2420
1697 3445
1698 1703
1698 1701
1701 3865
1701 1703
1704 1712
1704 3668
1704 1709
1705 1711
1705 3560
1706 3943
1707 1711
1707 3560
1707 4165
1708 4166
1708 3562
1709 3803
1710 3559
1710 3712
1710 3561
1711 3561
1713 1715
1713 3561
1713 3562
1714 1715
1714 4165
1714 3562
1715 3562
1716 1719
1717 1721
1717 1718
1717 1719
1718 1721
1718 1719
1720 1722
1721 2972
1723 1724
1723 1725
1723 1726
1726 3388
1727 2287
1727 1728
1727 2359
1728 1729
1728 2359
1729 1730
1730 1732
1730 4161
1731 2494
1731 1732
1731 2471
1732 3098
1733 3098
1733 1735
1733 1747
1734 2099
1734 3152
1734 1737
1734 1744
1735 1736
1736 1739
1736 1738
1737 2104
1738 1740
1739 1741
1740 1743
1742 1743
1742 2104
1743 2119
1744 2361
1745 3152
1745 2119
1746 3152
1746 1748
1747 1750
1749 2178
1750 1751
1750 2497
1751 1752
1752 1753
1753 1754
1754 1758
1754 3831
1755 1756
1755 2675
1756 1757
1756 1759
1757 1760
1758 1761
1758 3830
1759 2676
1759 1760
1760 2686
1761 1763
1762 2074
1762 2058
1762 2082
1763 1764
1764 1765
1764 3884
1765 1767
1766 2048
1766 2947
1766 2775
1767 2970
1768 1769
1768 4093
1768 2790
1768 4096
1769 2825
1769 3141
1769 2823
1770 2789
1771 1772
1771 2825
1771 2824
1772 3144
1773 1774
1774 1779
1775 2363
1775 2362
1775 3899
1776 3046
1776 3900
1776 1778
1777 2473
1777 2796
1777 3538
1778 3897
1778 2939
1778 3464
1778 3537
1778 3900
1779 1780
1780 3147
1781 3819
1781 1784
1781 3549
1782 2860
1782 3819
1782 3786
1783 2792
1783 1785
1783 2478
1783 3119
1783 3499
1784 3493
1785 1788
1786 3493
1786 2467
1786 1790
1786 3492
1787 4035
1787 3494
1788 1789
1789 2864
1790 3490
1790 3412
1791 3489
1791 1792
1791 3412
1792 4029
1792 2587
1793 3488
1793 1794
1793 2588
1793 4029
1794 1795
1795 3698
1796 3698
1797 3991
1797 1799
1798 3526
1798 1801
1798 1802
1800 3863
1800 2011
1800 1999
1801 3398
1801 2004
1802 2256
1802 2011
1803 1805
1804 1806
1804 2739
1804 2740
1804 2741
1807 3463
1808 3486
1809 1810
1810 1811
1810 3484
1812 2434
1812 2432
1813 2365
1814 3291
1814 3296
1814 3289
1816 1817
1818 3077
1818 3666
1819 3076
1819 2493
1820 1821
1822 1825
1823 3585
1823 2128
1823 1824
1823 3521
1824 3581
1827 2062
1828 4219
1828 3588
1828 3589
1828 4228
1829 3587
1829 3588
1829 3612
1831 3612
1832 3597
1832 3580
1832 3583
1834 3185
1835 3186
1835 3536
1836 2354
1838 2377
1838 2379
1839 1840
1841 3456
1842 3921
1842 3056
1842 4163
1843 4162
1843 3921
1844 1942
1844 1911
1844 1855
1845 2352
1845 2353
1845 2349
1846 1917
1846 1852
1846 1901
1847 1922
1847 1875
1847 1879
1848 1912
1848 1908
1848 1938
1849 1861
1849 1928
1849 1896
1850 1903
1850 1913
1850 1902
1851 1928
1851 1947
1851 1915
1852 1927
1852 1919
1853 1909
1853 1887
1853 1934
1854 1947
1854 1854
1855 1883
1855 1918
1856 1939
1857 1886
1857 1931
1857 1895
1857 1901
1858 3727
1858 1925
1858 1926
1859 1873
1859 1884
1859 1939
1860 1939
1860 3724
1860 1898
1861 1983
1861 1957
1862 1876
1862 1942
1862 1945
1863 1930
1863 1948
1863 1883
1864 1875
1864 1880
1864 1940
1865 1944
1865 1931
1865 3730
1866 1908
1866 1941
1866 1938
1867 1957
1867 2352
1867 1934
1868 3728
1868 1876
1868 1906
1869 1886
1870 1927
1870 1870
1871 1931
1871 1901
1871 1896
1872 3728
1872 3731
1872 2945
1873 1878
1873 1937
1874 1893
1874 1943
1875 1894
1876 1932
1877 1903
1877 1899
1877 1897
1877 1902
1878 1890
1878 1916
1879 1922
1879 1913
1880 1905
1880 1894
1881 1936
1881 1887
1881 1909
1882 1924
1882 1933
1882 1885
1883 1911
1884 1920
1884 1898
1885 1933
1885 1919
1886 1903
1886 1913
1887 1943
1888 1991
1888 1938
1888 1912
1889 1899
1889 1944
1889 1916
1890 1899
1890 1902
1891 1933
1892 1896
1892 1908
1892 1924
1893 1936
1894 1922
1895 1903
1895 1897
1897 1944
1898 1907
1899 1916
1900 1937
1904 1935
1904 1907
1904 1929
1905 1923
1905 1940
1906 1932
1906 3731
1907 1929
1909 1934
1910 3731
1911 1930
1914 1935
1914 1929
1914 1948
1915 1949
1915 1928
1916 1937
1917 1919
1917 1924
1918 1942
1918 1945
1920 1923
1920 1921
1921 1940
1921 1923
1925 1926
1925 1949
1926 3730
1927 1950
1930 1946
1932 1945
1934 1941
1935 1946
1936 1943
1937 1939
1941 1991
1946 1948
1947 1983
1949 4233
1950 1950
1951 1990
1951 1960
1951 1975
1952 1987
1952 1971
1952 1977
1953 1968
1953 1955
1953 1969
1954 1985
1954 4238
1954 1956
1955 1958
1955 1969
1956 2350
1956 1985
1957 1965
1958 1968
1958 4239
1959 1989
1959 1962
1959 1964
1960 1987
1960 1977
1961 1974
1961 4237
1962 1967
1962 1984
1963 1972
1963 1979
1963 1970
1964 1967
1964 1976
1965 1983
1965 1988
1965 1978
1966 1968
1966 4239
1966 1974
1967 1984
1969 1970
1970 1972
1971 1980
1971 1973
1972 1984
1973 1982
1973 1976
1974 4239
1975 1977
1975 1981
1976 1989
1978 1988
1978 1979
1979 1986
1979 1981
1980 1987
1980 1982
1981 1990
1982 1989
1985 3520
1986 1988
1986 1990
1991 1992
1993 3392
1993 2005
1994 2002
1995 2001
1996 2184
1996 2001
1996 2007
1997 2216
1997 2009
1997 2224
1998 2191
1998 2193
1998 2006
1999 3764
1999 2004
2000 2010
2000 3482
2001 2007
2002 3620
2002 3094
2003 2184
2003 3765
2003 2198
2004 3765
2006 3862
2006 2193
2007 3294
2009 2014
2009 2013
2011 3862
2012 2196
2012 2193
2012 2192
2013 4020
2013 2224
2014 3768
2015 2023
2016 2427
2016 2025
2016 2026
2017 2026
2017 2025
2018 2282
2018 2019
2018 3013
2019 2028
2019 2022
2020 3976
2020 2024
2021 3504
2021 3503
2021 3970
2022 2281
2022 3013
2023 3975
2023 3976
2024 3970
2026 2420
2027 2384
2027 2383
2028 3012
2028 2597
2028 3973
2029 4108
2029 3946
2029 2311
2030 3947
2030 3632
2031 2755
2032 3642
2032 3643
2032 3639
2032 2294
2033 2038
2033 3966
2033 2035
2034 2040
2034 2039
2034 2407
2035 2407
2035 2039
2036 3577
2037 3470
2037 3966
2037 3469
2038 2408
2038 2407
2039 3965
2040 3964
2041 2043
2041 2042
2041 2044
2042 2044
2047 2050
2047 2720
2048 2076
2049 2823
2049 2070
2050 2078
2050 2070
2051 2774
2051 2057
2051 2084
2052 2341
2053 2066
2053 2058
2053 2065
2054 2058
2054 2060
2054 2077
2055 2176
2055 2070
2055 2080
2056 2072
2057 2072
2057 2773
2058 2074
2058 3680
2058 2082
2059 2063
2059 2059
2060 2173
2060 2077
2061 2081
2061 2908
2061 2907
2062 2081
2062 2662
2062 2665
2063 3680
2063 2064
2064 2079
2064 2772
2065 2173
2065 2066
2066 2071
2067 4112
2067 2083
2067 3944
2068 2070
2069 3945
2069 2083
2070 2078
2072 2772
2073 2874
2075 3629
2075 3627
2076 2774
2077 2172
2078 2173
2079 2084
2079 2773
2080 2173
2080 2176
2081 2909
2082 4093
2084 2773
2085 3633
2085 3433
2086 2089
2086 2121
2086 2114
2087 2122
2087 2726
2087 2727
2088 3702
2088 2111
2090 2094
2091 3134
2091 4160
2091 3135
2092 2114
2092 2108
2093 2118
2093 2096
2093 3133
2095 2098
2095 2113
2096 2116
2096 2124
2097 2115
2098 2122
2098 3133
2098 2105
2099 3154
2099 2100
2101 2105
2101 3136
2101 3129
2102 2110
2103 2619
2103 3660
2103 3661
2104 2119
2105 2117
2106 2287
2106 4159
2106 4161
2107 2123
2108 2123
2108 2727
2109 2124
2109 3662
2111 3702
2111 2125
2112 2722
2112 2117
2112 2723
2113 2122
2113 4160
2114 2123
2115 4159
2115 3702
2116 2737
2116 2124
2117 2726
2118 3078
2118 2737
2120 2724
2121 3157
2121 2127
2122 3134
2123 3135
2124 3663
2126 2127
2126 3200
2126 3155
2127 3157
2129 3622
2129 2165
2129 2440
2130 2152
2131 3618
2131 2159
2131 2145
2132 2167
2132 2147
2132 2156
2132 2151
2133 2157
2134 2436
2134 2435
2134 2149
2136 3618
2136 4231
2137 2168
2137 2151
2137 2150
2138 2152
2138 2150
2138 2168
2139 3876
2139 4156
2139 2143
2140 2142
2142 2155
2144 2158
2145 2147
2145 2156
2146 3622
2146 3625
2146 2160
2147 2153
2148 3542
2148 2155
2149 2437
2149 2165
2150 2164
2152 2153
2153 2161
2156 2159
2158 2160
2159 3618
2160 2165
2162 2344
2162 2163
2162 2347
2163 2344
2163 3625
2165 3421
2166 2345
2170 2171
2174 3089
2174 2175
2174 2177
2175 3088
2175 2179
2175 3085
2176 2683
2177 2179
2178 3088
2179 3085
2180 3737
2181 2182
2182 3669
2183 2185
2183 2187
2184 2186
2187 2189
2187 2188
2188 2189
2188 4018
2189 4017
2190 4018
2190 2192
2190 2191
2191 4017
2192 2195
2194 3780
2194 2202
2194 2198
2195 2197
2195 2196
2196 2200
2196 2205
2197 2200
2197 2201
2198 2202
2198 2212
2199 4010
2199 2203
2199 2208
2200 2205
2200 2204
2201 2204
2201 2206
2202 3779
2202 2212
2203 4022
2203 2210
2204 2214
2204 2211
2205 2214
2206 2211
2206 2215
2207 2216
2207 3779
2207 2220
2207 2208
2208 2210
2209 2224
2210 2216
2211 2222
2211 2221
2212 2217
2213 4022
2213 2219
2213 2235
2214 2222
2215 2221
2215 2223
2216 2218
2217 2220
2217 3779
2217 3767
2218 2227
2219 2235
2219 2228
2220 2227
2221 2230
2221 2231
2222 2230
2223 2231
2223 2229
2225 2226
2226 2229
2226 2236
2228 2240
2228 2234
2229 2236
2229 2232
2230 2233
2231 2232
2232 2238
2232 2233
2233 2238
2234 2242
2234 4012
2235 2237
2236 2238
2237 2240
2237 4020
2237 2243
2239 2246
2239 4012
2239 2241
2240 2243
2240 2242
2241 2250
2241 2244
2242 2245
2242 4013
2243 2245
2244 2254
2244 2248
2245 2247
2246 2249
2246 2250
2246 4013
2247 2249
2247 4013
2248 2253
2248 2255
2249 2251
2250 2251
2250 2252
2251 2252
2252 2254
2253 2255
2254 2255
2256 2257
2256 3862
2256 3526
2256 2258
2257 2258
2257 2260
2258 2259
2259 2260
2259 2261
2260 2262
2261 2262
2263 3989
2263 3987
2264 2266
2264 2274
2264 3851
2265 2276
2266 2276
2266 4114
2267 2541
2268 2269
2269 2270
2269 3620
2271 2272
2272 2454
2274 3852
2274 2277
2274 3851
2275 2278
2275 4113
2276 4115
2277 2331
2278 4114
2278 4115
2279 3049
2280 2406
2281 3014
2281 3012
2282 3011
2282 3971
2282 3972
2283 3977
2284 2286
2285 3664
2285 3659
2287 3077
2287 4160
2288 3983
2290 2293
2290 3983
2290 3982
2292 2411
2292 3644
2292 3675
2293 2501
2294 3644
2295 2298
2295 2301
2296 2503
2296 2504
2296 3996
2296 2297
2297 3997
2298 3977
2299 3994
2300 3383
2300 3992
2301 3992
2302 2304
2302 2303
2305 3542
2305 3544
2305 2309
2306 3460
2306 2309
2306 2307
2307 3541
2307 3546
2308 3546
2308 3545
2308 3872
2309 3460
2310 3708
2310 2321
2310 3438
2311 3110
2311 3812
2312 2316
2312 2323
2312 2317
2313 3670
2313 4090
2314 2320
2314 2323
2314 4104
2315 2316
2315 2323
2315 2321
2316 3631
2316 3708
2317 3442
2318 2319
2319 3670
2320 2323
2320 2446
2321 3941
2322 3110
2322 3708
2322 3631
2323 3442
2324 3402
2324 2325
2324 3403
2325 2610
2326 2610
2326 2607
2326 2609
2327 3575
2327 3391
2328 2331
2328 2333
2328 2432
2329 2330
2329 2336
2329 2333
2330 2334
2330 2337
2331 2332
2332 2333
2332 2334
2334 2335
2336 2431
2336 2337
2337 2430
2338 4057
2338 2532
2338 2357
2339 2340
2341 2342
2342 2343
2344 2346
2345 3548
2345 2348
2346 3548
2346 2348
2347 2348
2347 3520
2349 2350
2349 2353
2350 2351
2350 2352
2351 2353
2351 2352
2356 3171
2356 3173
2357 4057
2357 4056
2360 2940
2361 3151
2361 3722
2362 2939
2362 3900
2362 2795
2363 2799
2363 2795
2363 2364
2364 3539
2364 2476
2364 2796
2365 2408
2366 2368
2367 2519
2367 2368
2368 2369
2370 2371
2372 2373
2373 2374
2374 2375
2374 3007
2376 3856
2376 3858
2376 3859
2376 3869
2377 3823
2377 2382
2378 2379
2379 2381
2380 2381
2384 2460
2384 3885
2386 3432
2386 2387
2387 2388
2390 2393
2390 2397
2391 2392
2392 2393
2392 2396
2394 2404
2394 2396
2394 2401
2395 2396
2395 2401
2395 2397
2397 2399
2397 2398
2399 2400
2399 2402
2400 2402
2401 2402
2403 2404
2406 2408
2406 2499
2409 3639
2410 2411
2412 2415
2412 2413
2413 2414
2413 2419
2414 2416
2415 2417
2415 2419
2416 2418
2417 2422
2417 2418
2418 2419
2420 2421
2421 2427
2421 2422
2422 2423
2423 2426
2423 3370
2423 2424
2424 2425
2428 2429
2429 3967
2430 2431
2431 2432
2433 3047
2434 3047
2437 2438
2438 2441
2439 3626
2439 3573
2439 2442
2439 3127
2440 2441
2440 3556
2441 2442
2442 2443
2444 2445
2444 2864
2446 3941
2446 3940
2447 2448
2449 2450
2452 2453
2454 2455
2454 2457
2455 2456
2456 2457
2457 2458
2458 2459
2459 3885
2460 3885
2461 2462
2461 4218
2463 2464
2467 3800
2468 3492
2468 3800
2468 3794
2469 2470
2471 2472
2471 2493
2473 2475
2473 2474
2474 3118
2474 2800
2474 2478
2474 2475
2475 3119
2476 2479
2476 2802
2477 3116
2477 2480
2477 2791
2478 3116
2479 2798
2479 2797
2480 3118
2480 2798
2481 2868
2481 2867
2483 3658
2483 3657
2484 2485
2484 3650
2484 3649
2485 2488
2485 3653
2486 3652
2486 3654
2486 3649
2487 2488
2487 2489
2488 2489
2490 2492
2491 2492
2492 2493
2495 2496
2496 2497
2496 2498
2499 2500
2502 2503
2503 2504
2505 2506
2506 3993
2506 4000
2508 2509
2508 2510
2509 2514
2510 2511
2510 2513
2512 2513
2513 2514
2514 2515
2516 2517
2517 2518
2519 2520
2521 2522
2521 2523
2522 2523
2522 2524
2525 2526
2526 2527
2527 2528
2528 2528
2529 2530
2531 2533
2532 2533
2533 2534
2534 2535
2534 2536
2537 2538
2538 2539
2539 2541
2540 2541
2542 2543
2544 2545
2545 2553
2545 2565
2546 2553
2546 2551
2547 2551
2547 2554
2547 2548
2548 2550
2548 2555
2549 2550
2550 2551
2551 2552
2552 2563
2552 2561
2554 2559
2554 2556
2554 2558
2555 2556
2556 2557
2559 2561
2559 2560
2561 2562
2563 2564
2566 2567
2566 2568
2566 2569
2568 2569
2570 2573
2570 2571
2570 3807
2571 3818
2571 4126
2572 2573
2572 3490
2572 3817
2573 3818
2575 2576
2575 2581
2575 2577
2577 2585
2578 2580
2578 2585
2578 2581
2579 2585
2581 2582
2582 2583
2582 2584
2586 3488
2586 3491
2587 2588
2587 4029
2591 3746
2591 4052
2592 4053
2592 4052
2592 3757
2593 4053
2596 3974
2597 3974
2598 2599
2599 2599
2600 2601
2600 2614
2601 2602
2601 2603
2602 2604
2603 2605
2603 2604
2604 2612
2605 2607
2605 2606
2606 2612
2606 2608
2607 2608
2608 2609
2609 2611
2610 2611
2612 2613
2613 2618
2613 2623
2614 2615
2616 2617
2616 2621
2616 2619
2617 2618
2617 2621
2620 2621
2622 2623
2625 2626
2627 2628
2630 3094
2631 3094
2631 2633
2631 2635
2632 2639
2632 2634
2632 2633
2633 2639
2634 2635
2634 2638
2635 2636
2636 2636
2637 2639
2638 2638
2639 2640
2641 2642
2641 2649
2644 2645
2644 2646
2646 2647
2648 2649
2650 2654
2650 2651
2651 2653
2651 2652
2652 2653
2654 2656
2654 2655
2656 2659
2656 2657
2657 2658
2657 2661
2658 2659
2658 2660
2662 2663
2662 2670
2663 2665
2663 2667
2664 2716
2664 2669
2666 2668
2667 2669
2667 2668
2668 2669
2671 2673
2671 2711
2672 2673
2673 2674
2675 2677
2675 2676
2677 2678
2677 2682
2678 2679
2679 2680
2679 2682
2680 2681
2681 2683
2681 2682
2683 3079
2684 2685
2685 2686
2685 2687
2686 2688
2688 2689
2690 2697
2691 2692
2692 2694
2692 2693
2694 2695
2694 2696
2696 2697
2698 2700
2698 2715
2698 2699
2699 2700
2699 2711
2700 2702
2701 2707
2701 4216
2701 2710
2702 2704
2702 2703
2704 2707
2704 2705
2706 2707
2707 2708
2709 2710
2710 3953
2712 2715
2712 2713
2712 3950
2713 2714
2714 2715
2716 2717
2717 2718
2718 2719
2719 4216
2721 2725
2722 2724
2722 2723
2723 2725
2724 2725
2726 2727
2728 2733
2728 3522
2728 2732
2729 2732
2730 2731
2730 2732
2733 2734
2734 2735
2734 2736
2737 2738
2738 2924
2743 2750
2744 2745
2745 2753
2745 2748
2745 2752
2746 2748
2747 2752
2748 2749
2749 2753
2749 2750
2750 2753
2750 2751
2751 2753
2751 2752
2754 2755
2756 3471
2757 2758
2757 2929
2758 2759
2758 2760
2760 2762
2761 2762
2761 2763
2764 2766
2765 2766
2767 2769
2767 2768
2767 2770
2769 2770
2771 2772
2775 2776
2775 4096
2776 2782
2776 2786
2777 2778
2777 2780
2777 2783
2778 2779
2778 2790
2779 2780
2779 2781
2780 2782
2781 2782
2781 2784
2784 2788
2784 2785
2785 2786
2785 2787
2786 2787
2787 2788
2788 2789
2789 3898
2790 3046
2791 2792
2793 3464
2793 3537
2794 3539
2794 3538
2794 2796
2795 3539
2796 2797
2797 2801
2797 3117
2798 3117
2799 2812
2799 2803
2800 2801
2802 2803
2802 2814
2803 2813
2804 2805
2804 2808
2804 2810
2805 2806
2805 2811
2806 2809
2807 2816
2807 2812
2807 2818
2808 2821
2808 2809
2809 2822
2810 3899
2810 2811
2811 3137
2812 2817
2812 2815
2813 2814
2813 2815
2814 2816
2815 2816
2817 2818
2817 2819
2818 2820
2819 2821
2819 2820
2820 2822
2821 2822
2823 2824
2824 2825
2824 3018
2826 2827
2828 2829
2830 3147
2830 3139
2831 2837
2831 2836
2831 2853
2831 2854
2832 2834
2832 2833
2832 2838
2833 2835
2833 2838
2834 2836
2834 2835
2835 2837
2836 2837
2838 2839
2839 2840
2839 4116
2839 2858
2840 2850
2840 2848
2841 3819
2841 2841
2842 2844
2842 3820
2842 2843
2843 2845
2843 2844
2844 2846
2845 2847
2845 2846
2846 2848
2847 2859
2847 2848
2849 2859
2849 2851
2849 2850
2850 2852
2851 2852
2854 2861
2854 2858
2854 3551
2855 3103
2855 3111
2855 2857
2855 2862
2856 4177
2856 2857
2857 4175
2858 3495
2858 2860
2858 4035
2859 2860
2861 2863
2861 2862
2861 3107
2862 2863
2863 3103
2863 3107
2864 4034
2864 3495
2865 2866
2867 2868
2869 3895
2870 2871
2872 2873
2873 2876
2873 2874
2874 2875
2875 2877
2875 2876
2876 2878
2877 2880
2877 2878
2878 2881
2878 2879
2879 2882
2880 2881
2880 2885
2881 2882
2881 2884
2882 2883
2883 2886
2883 2884
2884 2887
2884 2885
2885 2888
2886 2887
2886 2889
2887 2890
2887 2888
2888 2891
2889 2892
2889 2890
2890 2893
2890 2891
2891 2894
2892 2895
2892 2893
2893 2896
2893 2894
2894 2897
2895 2898
2895 2896
2896 2899
2896 2897
2897 2900
2898 2899
2898 2901
2899 2902
2899 2900
2900 2903
2901 2902
2902 2905
2902 2903
2903 2906
2904 2907
2904 2905
2905 2906
2905 2908
2906 2909
2907 2908
2908 2909
2910 2911
2911 3955
2911 3403
2912 2913
2913 2914
2916 2917
2918 2919
2919 2920
2921 2922
2921 2923
2924 2925
2927 2928
2930 2931
2932 2933
2932 2934
2932 3675
2933 3676
2933 3675
2935 2936
2935 3925
2937 2938
2939 3538
2939 3539
2940 2942
2940 2941
2941 3720
2941 3721
2941 2942
2942 3723
2943 2944
2945 3729
2946 2947
2948 2953
2948 2959
2948 2954
2949 2958
2949 2953
2949 2957
2950 2967
2950 2952
2951 2952
2952 2953
2955 2959
2955 3022
2955 2956
2956 2957
2956 2959
2957 2958
2958 3022
2960 2963
2961 2962
2963 2964
2964 2965
2964 2966
2967 2968
2969 2970
2971 3115
2971 4167
2972 2974
2972 2973
2975 3294
2975 3763
2976 4069
2976 4039
2976 3693
2977 4039
2978 2979
2981 2982
2983 3279
2984 3988
2984 3283
2985 2986
2986 3873
2986 2999
2987 3989
2987 3282
2988 3762
2989 4028
2990 2995
2990 2991
2990 4026
2991 3759
2991 3760
2992 2993
2992 2994
2992 3761
2993 2995
2994 3759
2994 2995
2995 2996
2996 2998
2996 2997
2999 3000
3000 4006
3001 3864
3001 4006
3002 3003
3002 3004
3002 3006
3004 3005
3008 4003
3009 3010
3010 3485
3011 3973
3011 3971
3012 3970
3013 3014
3014 3015
3014 3972
3016 3017
3018 3019
3019 3020
3021 3022
3023 3024
3024 3025
3025 3026
3027 3028
3029 4057
3030 3031
3032 3034
3033 3035
3033 3034
3033 3036
3034 3036
3035 3038
3036 3037
3037 3815
3038 3815
3039 3040
3039 3045
3039 3041
3040 3042
3040 3043
3041 3898
3041 3042
3042 3044
3043 3045
3043 3044
3044 3045
3045 3046
3047 3048
3049 3050
3052 3590
3052 3596
3053 3587
3053 3589
3053 3590
3054 3607
3054 3055
3055 3606
3056 3060
3056 3063
3057 3063
3057 3062
3057 3065
3058 3065
3058 3062
3059 3060
3061 3808
3061 3064
3062 3064
3066 3808
3066 3067
3067 3808
3068 3552
3068 3071
3068 3073
3069 3073
3069 3072
3069 3071
3070 3073
3071 3553
3074 3175
3075 3077
3075 3076
3075 3665
3076 3666
3078 3136
3078 3129
3079 3080
3081 3083
3082 3083
3083 3084
3085 3086
3087 3088
3088 3089
3090 3091
3092 3098
3093 3095
3093 3097
3094 3097
3095 3097
3096 3636
3099 3101
3100 3101
3102 3111
3102 3788
3102 3109
3103 3109
3104 3498
3104 4173
3104 3108
3105 3441
3105 3110
3106 3789
3106 4178
3106 3115
3107 3109
3108 3497
3111 3787
3112 3113
3116 3118
3117 3118
3119 3500
3120 3126
3121 3125
3121 3122
3122 3125
3122 3127
3123 3126
3123 3124
3124 4147
3124 3127
3126 3128
3129 3132
3129 3136
3130 3131
3133 3136
3134 3135
3137 3141
3138 3146
3138 3142
3138 3145
3139 3145
3139 3142
3140 3144
3142 3146
3143 3144
3145 3147
3145 3146
3149 3150
3151 3722
3151 3154
3158 3172
3158 3637
3159 3164
3159 3166
3160 3166
3161 3171
3161 3170
3161 3169
3162 3164
3162 3166
3163 3175
3165 3168
3165 3177
3165 3167
3167 3172
3167 3176
3170 3174
3171 3184
3178 3180
3178 3179
3178 3181
3179 3180
3179 3181
3180 3181
3181 3189
3182 3191
3182 3184
3183 3192
3187 3188
3189 3194
3190 3193
3191 3916
3195 3204
3195 3199
3196 3209
3197 3204
3198 3201
3198 3204
3199 3212
3199 3201
3200 4149
3202 3331
3202 3358
3202 3211
3203 3211
3206 3208
3207 3209
3209 3211
3213 3216
3214 3226
3214 3221
3214 3223
3215 3220
3217 3219
3218 3220
3220 3225
3222 3226
3222 3223
3223 3224
3227 3262
3227 3261
3227 3268
3227 3260
3228 3239
3228 3272
3228 3244
3229 3275
3229 3259
3229 3274
3230 3257
3230 3243
3230 3266
3230 3260
3231 3251
3231 3245
3231 3243
3232 3252
3232 3251
3232 3245
3232 3256
3233 3235
3233 3263
3234 3235
3235 3236
3238 3241
3238 3265
3238 3253
3239 3281
3239 3280
3239 3247
3240 3246
3240 3277
3240 3278
3241 3258
3241 3269
3242 3272
3242 3268
3242 3261
3243 3264
3244 3265
3244 3253
3245 3252
3246 3254
3246 3278
3246 3247
3247 3253
3247 3248
3248 3258
3248 3267
3249 3270
3249 3255
3249 3257
3250 3274
3250 3252
3250 3256
3251 3260
3251 3276
3253 3258
3254 3267
3254 3277
3255 3262
3255 3266
3256 3276
3256 3259
3257 3264
3259 3274
3260 3273
3261 3269
3261 3276
3262 3273
3263 3263
3264 3270
3264 3271
3265 3272
3266 3273
3267 3277
3268 3270
3269 3275
3270 3271
3271 3272
3271 3280
3275 3276
3278 3281
3280 3281
3282 3285
3282 3762
3284 3762
3284 4025
3286 3290
3287 3296
3287 3291
3288 3705
3288 3300
3289 3764
3289 3299
3289 3301
3290 3298
3290 3296
3291 3297
3292 3293
3292 3299
3294 3301
3302 3303
3304 3305
3308 4220
3308 3582
3309 3332
3310 3318
3311 3336
3311 3320
3311 3326
3312 3321
3314 3325
3314 3338
3314 3321
3315 3337
3316 3324
3316 3334
3317 3320
3318 3319
3318 3321
3320 3328
3322 3338
3323 3334
3323 3324
3323 3329
3326 3331
3326 3332
3327 3338
3328 3331
3329 3330
3332 3336
3335 3336
3339 3345
3340 3341
3340 3347
3340 3350
3341 3349
3341 3342
3343 3352
3343 3355
3344 3351
3345 3347
3345 3350
3346 3355
3346 3349
3348 3356
3348 3350
3348 3349
3352 3359
3356 3358
3357 3358
3360 3361
3360 3363
3360 3364
3362 3363
3365 3368
3365 3366
3365 3367
3366 3367
3367 3369
3370 3372
3371 3372
3373 3380
3373 3377
3373 3381
3373 3378
3374 3379
3374 3376
3374 3381
3375 3380
3376 3377
3377 3378
3377 3379
3378 3677
3379 3381
3382 3383
3383 3997
3384 3385
3386 3387
3386 3802
3387 3438
3387 3630
3387 3941
3388 3389
3391 3477
3392 3393
3394 3396
3394 3397
3394 3395
3398 3778
3398 3526
3398 3766
3399 3431
3399 3411
3399 3401
3401 3431
3402 3403
3404 3405
3405 3406
3406 3868
3407 3408
3407 3409
3407 3867
3408 3410
3409 3867
3409 3410
3410 3525
3411 3615
3412 3417
3413 3417
3413 3415
3414 3418
3419 3624
3419 4148
3420 3569
3423 3431
3423 3425
3423 3432
3423 3424
3424 3426
3424 3428
3425 3427
3425 3430
3426 3429
3428 3429
3430 3432
3433 3437
3434 3440
3434 3437
3435 3436
3435 3534
3436 3946
3437 3440
3438 3439
3439 3630
3439 3441
3440 3443
3441 3630
3442 3534
3443 3645
3444 3450
3444 3446
3445 3447
3445 3880
3446 3454
3446 3450
3446 3452
3447 3454
3447 3451
3448 3454
3449 3450
3449 3454
3449 3451
3451 3880
3451 3453
3453 3879
3455 3825
3455 3456
3457 3458
3458 3554
3458 3459
3462 3991
3464 3896
3465 3466
3465 3467
3466 3468
3467 3468
3467 3469
3468 3470
3469 3966
3475 3987
3476 3477
3477 3634
3478 3927
3478 3843
3479 3770
3479 4058
3481 3482
3481 3485
3482 3483
3483 3484
3483 3486
3484 3485
3487 3491
3488 4030
3488 3491
3489 3490
3489 4030
3490 3493
3492 3494
3492 4034
3495 3496
3495 4035
3496 3497
3497 3498
3498 3499
3499 3500
3499 4172
3500 4171
3500 3501
3501 3537
3502 3503
3502 3504
3505 3507
3506 3510
3507 3508
3507 3509
3510 3511
3510 3512
3511 3512
3513 3514
3514 3515
3514 3516
3516 3517
3516 3519
3518 3519
3521 3586
3522 3523
3524 4187
3524 4183
3525 4100
3525 4060
3526 3777
3527 3927
3527 3843
3527 4119
3527 3826
3528 3529
3528 3530
3530 3540
3531 3532
3533 4106
3534 4104
3537 3538
3540 3543
3540 3541
3541 3546
3542 3544
3544 3872
3545 3872
3547 3952
3549 3550
3549 3928
3550 4117
3550 4116
3551 4118
3554 3554
3558 4070
3558 4071
3558 3871
3563 3712
3564 3918
3564 4099
3564 4103
3566 3567
3566 3568
3569 3573
3569 3570
3570 3624
3570 3571
3572 3573
3574 3579
3574 3602
3574 3576
3575 3602
3576 3579
3576 3613
3577 3578
3578 3605
3578 3608
3579 3601
3580 4223
3580 3584
3581 3583
3581 3582
3583 3584
3584 3585
3585 4223
3585 3586
3586 3599
3587 4230
3588 4228
3589 4228
3591 3592
3591 3593
3592 4222
3592 3593
3593 3595
3594 4221
3594 3595
3594 4219
3596 3600
3597 4227
3597 3598
3598 4226
3598 4223
3598 3599
3599 3600
3601 3602
3603 3606
3603 3604
3604 3607
3604 3605
3606 3607
3607 3608
3608 3609
3609 3610
3610 3611
3611 4230
3611 3612
3614 3615
3617 3619
3620 3621
3622 3623
3623 3626
3623 3625
3624 3626
3629 3633
3630 3942
3632 3949
3635 3636
3639 3640
3640 3641
3640 3645
3640 3642
3644 3676
3647 3648
3648 3713
3648 3714
3649 3650
3650 3652
3651 3652
3653 3655
3653 3654
3654 3656
3655 3657
3655 3656
3656 3658
3657 3658
3659 3661
3659 3660
3662 3663
3662 3664
3663 3664
3667 3824
3667 3710
3667 3711
3668 3669
3668 3824
3669 3670
3670 4091
3671 3672
3671 3832
3672 4133
3673 4131
3673 4132
3674 4129
3674 4131
3678 3925
3678 3926
3680 3681
3682 3684
3683 3684
3684 3686
3685 3686
3686 3687
3687 3694
3687 3689
3688 3689
3689 3691
3690 3691
3691 3694
3692 3694
3692 4041
3692 3700
3693 4041
3693 3756
3695 3696
3696 3697
3696 3699
3698 3699
3699 3700
3700 4040
3701 4069
3701 4040
3703 3704
3706 4105
3706 4106
3707 4106
3707 4104
3709 3802
3709 3941
3710 3801
3710 3824
3711 3712
3715 3717
3716 3717
3717 3718
3719 3720
3721 3722
3721 3723
3722 3723
3724 3730
3724 3726
3725 3727
3725 3726
3725 3729
3726 3727
3728 3729
3732 3734
3733 3734
3734 3736
3735 3735
3735 3736
3736 3737
3740 3757
3740 3741
3740 4054
3742 4036
3743 4050
3744 3746
3744 3749
3744 4050
3745 4051
3746 4051
3747 3749
3747 4048
3748 4048
3748 4047
3748 4049
3749 4049
3750 4047
3750 3751
3751 4046
3751 3754
3752 4046
3752 3753
3753 4045
3754 3755
3754 4045
3755 4037
3756 4038
3758 3759
3762 4027
3763 3863
3763 3764
3764 3765
3765 3766
3766 3767
3767 3768
3767 3778
3769 3777
3770 4058
3771 3772
3772 3775
3772 3773
3774 3775
3775 3776
3776 3807
3777 3778
3779 4011
3780 4015
3780 4010
3781 3792
3781 3784
3781 3783
3782 3791
3782 3785
3782 3792
3783 3791
3783 3790
3785 3790
3785 3786
3787 3789
3787 3788
3788 3789
3790 3791
3791 3792
3795 3882
3795 3796
3797 3797
3797 3798
3799 3800
3802 3824
3804 3805
3807 4125
3809 3811
3810 3811
3811 3812
3813 3814
3816 3931
3817 3931
3817 3932
3818 4126
3821 4077
3822 4072
3826 4135
3826 3833
3827 3833
3827 4077
3827 3828
3828 3829
3829 4129
3830 3831
3832 4091
3833 4123
3833 3834
3834 4134
3835 3838
3835 3841
3836 3838
3836 3837
3837 3839
3838 3841
3839 3840
3840 3841
3842 3843
3843 4119
3845 3846
3848 3852
3849 3856
3850 3854
3852 3854
3852 3853
3854 3856
3854 3855
3856 3857
3861 3869
3862 4016
3863 4016
3867 3869
3868 3869
3873 3874
3875 3876
3876 4155
3879 3880
3881 3882
3884 4089
3886 3887
3888 3889
3891 4148
3891 3892
3893 3894
3895 3896
3897 3898
3899 3900
3901 3903
3902 3903
3902 3904
3904 3905
3906 3954
3906 3907
3907 3908
3910 3911
3911 3913
3911 3912
3913 3917
3913 3916
3914 3915
3915 3916
3915 3917
3918 3919
3918 4099
3921 4162
3922 4162
3922 3923
3923 3924
3924 3925
3925 3926
3927 4118
3928 4124
3929 3930
3929 4122
3930 4127
3930 4125
3931 3932
3931 4127
3932 4128
3933 4121
3933 4130
3934 3935
3934 4121
3935 3936
3936 3937
3937 3938
3938 4109
3939 3940
3939 4109
3942 3943
3944 4109
3945 4106
3946 4107
3946 4108
3947 3948
3950 3953
3950 3951
3951 3952
3952 3953
3954 3955
3956 3957
3956 3958
3959 3960
3961 3962
3963 3964
3964 3965
3965 3966
3967 3968
3968 3969
3969 3970
3971 3972
3973 3974
3974 3975
3975 3976
3976 3977
3977 3978
3978 3979
3978 3992
3979 3980
3980 3981
3981 3982
3982 3983
3983 3984
3985 3986
3985 3989
3986 3987
3986 3986
3988 3989
3990 3991
3992 3997
3993 3998
3993 3999
3995 3996
3997 3998
3998 3999
3999 4000
4001 4002
4002 4003
4003 4004
4004 4005
4006 4007
4008 4009
4010 4014
4011 4015
4011 4014
4012 4013
4014 4015
4016 4017
4017 4018
4019 4020
4021 4023
4022 4023
4023 4024
4026 4027
4029 4030
4031 4032
4032 4033
4033 4034
4034 4035
4036 4037
4037 4038
4038 4039
4039 4068
4040 4041
4041 4042
4042 4044
4042 4043
4044 4045
4045 4046
4046 4047
4047 4048
4048 4049
4049 4050
4050 4051
4051 4052
4052 4053
4053 4054
4054 4055
4055 4056
4059 4065
4059 4061
4059 4066
4060 4061
4061 4063
4062 4063
4063 4064
4064 4065
4067 4068
4068 4069
4072 4073
4074 4076
4075 4076
4078 4079
4080 4080
4081 4082
4082 4083
4082 4088
4084 4085
4084 4086
4086 4087
4090 4091
4091 4092
4093 4095
4094 4095
4095 4096
4097 4098
4097 4101
4098 4103
4100 4101
4101 4102
4110 4111
4111 4112
4114 4115
4116 4117
4117 4118
4120 4130
4120 4128
4122 4124
4123 4124
4125 4126
4132 4133
4134 4145
4135 4138
4136 4142
4136 4141
4137 4141
4138 4139
4138 4142
4139 4144
4139 4145
4139 4143
4140 4143
4141 4142
4143 4145
4145 4146
4147 4148
4149 4150
4150 4151
4151 4152
4152 4158
4153 4157
4153 4158
4154 4155
4155 4156
4156 4157
4159 4161
4162 4163
4164 4166
4165 4166
4167 4170
4167 4180
4168 4169
4168 4176
4169 4170
4169 4178
4170 4180
4172 4173
4173 4174
4174 4180
4177 4178
4179 4180
4182 4183
4183 4184
4184 4186
4184 4185
4185 4187
4187 4188
4189 4190
4191 4193
4192 4192
4192 4193
4193 4194
4193 4195
4195 4196
4195 4198
4196 4198
4196 4197
4198 4199
4199 4199
4200 4201
4201 4201
4202 4203
4202 4207
4204 4205
4204 4206
4208 4209
4210 4211
4211 4214
4211 4212
4212 4213
4212 4214
4213 4215
4213 4214
4215 4217
4215 4216
4221 4222
4221 4225
4222 4224
4224 4226
4224 4225
4225 4227
4226 4227
4229 4230
4231 4232
4233 4234
4233 4238
4234 4235
4234 4236
4235 4236
4237 4238
