0 3095
1 5
1 297
2 5
2 373
2 423
3 2080
3 2079
3 442
4 646
4 292
4 2073
4 4249
5 439
6 524
6 11
6 1558
6 3702
6 3705
7 1560
7 296
7 8
7 3702
7 3705
8 3581
8 3701
8 2050
9 3372
9 422
9 357
10 658
10 2345
10 3376
10 3375
11 1557
11 3702
11 12
12 407
12 59
13 14
13 40
13 22
13 20
14 1706
14 4898
15 40
15 16
15 37
16 57
16 2128
16 18
17 285
17 40
17 38
18 56
18 19
18 2126
19 20
19 4745
20 398
21 22
21 2128
21 40
22 2126
23 25
23 44
23 55
23 284
24 32
24 27
24 284
24 25
25 29
26 284
26 27
26 2125
27 2127
28 35
29 32
29 30
30 36
30 59
31 33
31 34
31 55
32 58
33 54
33 4743
34 35
34 2984
35 41
37 2108
37 524
38 2116
38 2109
39 1923
39 3948
39 2104
41 3614
41 44
42 3614
43 3614
44 45
46 47
46 1703
46 52
46 53
47 2338
47 2359
48 2041
48 1865
48 2773
49 169
49 2339
49 50
50 131
50 243
51 52
51 1768
51 131
52 3276
53 4737
53 398
54 284
54 55
54 523
56 57
56 2125
56 523
57 58
57 2127
58 59
60 61
60 74
60 76
61 89
61 440
62 695
62 73
62 440
63 2966
63 66
63 84
64 65
64 87
64 2966
65 1860
65 87
66 2577
66 1859
67 68
67 72
67 75
68 69
68 439
69 152
69 70
70 1055
70 152
71 151
71 72
71 1055
72 75
73 74
73 694
74 76
75 76
77 440
77 78
77 90
78 79
78 84
79 2582
79 3615
80 81
80 2592
80 2594
81 82
81 2963
82 91
82 92
83 2963
83 2298
83 92
84 695
85 2566
85 2562
85 2558
86 87
86 2283
86 3628
88 90
88 95
88 350
89 209
89 90
91 92
91 3121
93 2282
93 94
93 3090
93 2570
94 3091
94 1745
95 421
95 111
96 489
96 5371
96 4251
97 5371
98 106
98 108
98 109
99 1831
99 2845
99 101
100 1985
100 1888
100 5297
100 1887
101 111
101 129
102 1898
102 1897
102 5239
103 5280
103 5272
103 5277
103 5276
104 3274
104 2843
104 105
105 110
105 2842
106 480
106 485
107 1841
107 1840
107 108
107 2689
108 441
108 109
109 1952
110 111
110 113
112 113
112 442
112 416
113 1870
114 282
114 2132
114 3430
115 203
115 526
115 205
115 282
116 1708
116 2184
116 3101
117 3600
117 2980
117 126
118 2052
118 1561
118 2770
119 2747
119 2750
119 4259
120 4329
120 4324
120 211
120 222
121 3634
121 779
121 180
121 128
122 3636
122 2782
122 128
122 127
123 3599
123 2783
123 3573
123 127
124 192
124 125
124 665
124 3573
125 247
125 286
126 3696
126 2101
126 2087
127 3637
127 3572
128 3579
128 3578
129 130
129 425
130 2080
130 335
130 425
131 2340
131 2272
132 460
132 475
132 3757
133 1899
133 1897
133 1900
134 2842
134 1904
134 2849
135 1830
135 5343
135 2846
136 5259
136 1904
136 5256
137 2324
137 3267
137 2323
138 5231
138 5075
138 5074
138 1964
139 454
139 4251
139 4253
140 5151
140 5150
140 5228
140 5230
141 1879
141 1878
141 5225
141 5231
142 4199
142 5303
142 5227
143 144
143 543
143 634
143 145
144 782
144 777
144 1813
145 146
145 287
146 782
146 3578
146 3706
147 3348
147 2740
147 3343
148 3671
148 777
148 3105
148 3106
149 249
149 1691
149 621
149 1659
150 4256
150 4259
150 552
150 2744
151 341
151 439
152 2369
153 2369
153 154
153 1068
154 1069
154 1068
154 1994
155 156
155 1088
155 1997
155 1092
156 898
156 1082
157 1080
157 2277
157 1071
158 2484
158 921
158 849
159 3494
159 2617
159 4856
160 2496
160 2417
160 4856
161 817
161 3567
161 162
162 2950
162 2952
163 2952
163 353
163 165
163 2959
164 426
164 165
164 282
165 426
165 369
166 167
166 202
166 3438
166 385
167 168
167 281
167 522
168 3109
168 203
169 245
169 267
169 174
170 267
170 3682
170 2337
170 1906
170 3597
171 3402
171 1907
171 404
171 1906
172 2606
172 385
172 3108
172 3402
173 1863
173 175
173 2355
174 2041
174 244
175 2334
175 3681
176 5368
176 4727
176 345
176 5369
177 2075
177 542
177 646
178 548
178 183
178 545
178 565
179 580
179 388
179 413
180 3638
180 1659
180 2783
181 1695
181 366
181 349
181 249
182 2048
182 532
182 551
183 561
183 3283
183 535
184 663
184 187
184 1699
185 467
185 661
185 664
185 250
186 3295
186 3572
186 3294
186 3296
187 3297
187 251
187 4731
188 251
188 465
188 661
189 1669
189 3469
189 228
189 4338
190 4281
190 4326
190 230
190 237
191 483
191 192
191 286
192 228
193 3416
193 4747
193 3497
194 225
194 4379
194 4378
195 4941
195 1772
195 2066
196 2088
196 2347
196 1709
197 640
197 2347
197 2352
197 1709
198 3101
198 199
198 206
198 526
199 3102
199 506
199 200
200 3103
200 201
201 3595
201 3109
202 3430
202 281
203 281
203 506
204 3405
204 772
204 3216
205 206
205 369
206 3100
206 386
207 2729
207 1708
207 323
208 1441
208 3405
208 3098
209 298
209 3095
210 4394
210 4396
210 224
211 4349
211 4336
211 4346
212 221
212 214
212 4396
213 2746
213 2738
213 4006
214 215
214 218
215 3105
215 4390
216 4014
216 2094
216 2739
217 2739
217 4386
217 4390
218 4385
218 4386
219 2763
219 220
219 2755
220 4367
220 221
221 2754
222 4366
222 4370
223 4375
223 4939
223 4355
223 4374
224 4366
224 227
225 4354
225 4938
225 227
226 233
226 238
226 4369
227 4362
228 4340
229 4277
229 2091
229 4349
230 3470
230 4331
231 4331
231 232
231 4336
233 4289
233 4940
234 2100
234 4281
234 4283
235 241
235 4309
235 2098
236 4314
236 4289
236 4291
236 4320
237 238
237 4320
238 4324
239 240
239 4292
239 242
240 1701
240 4313
241 2063
241 4305
242 1701
242 2695
243 267
243 374
244 3684
244 2336
244 1864
246 1907
246 2270
246 3400
246 2771
247 248
247 465
248 467
248 665
249 1696
249 1693
250 251
250 662
250 1696
251 2648
252 2648
253 2527
253 2140
253 329
254 254
254 2140
255 931
255 1850
255 1853
256 4899
256 1265
256 3243
257 1991
257 1307
257 1275
258 1253
258 1239
259 260
259 1224
260 1209
260 1222
261 1790
261 1199
261 1240
262 604
262 2047
262 600
263 2194
263 482
263 1931
264 3967
264 3977
264 3965
265 2212
266 775
266 1569
268 690
268 269
268 473
269 271
269 270
270 272
270 738
271 272
271 479
272 672
272 785
273 785
273 681
273 672
274 2980
274 675
274 1677
275 2970
275 276
275 668
276 2860
276 2175
277 740
277 278
277 1555
278 743
278 3153
279 727
279 2170
279 2147
280 682
280 1430
280 473
281 282
283 4374
283 4363
283 4369
283 4372
285 4709
285 1922
286 3745
287 288
287 781
288 1692
288 2054
288 560
289 2524
289 2523
289 2525
290 5035
291 3865
292 3291
292 646
292 4256
293 3866
294 5185
295 1903
295 5268
295 1902
295 1901
296 3705
296 1559
296 1561
297 346
298 333
299 954
299 952
299 948
300 304
300 320
300 309
301 705
301 303
301 308
302 956
302 3004
302 954
303 307
303 1542
304 308
304 320
305 2927
305 1359
305 1321
306 3315
306 3066
307 309
307 322
308 711
309 322
310 1349
310 1368
311 315
311 313
311 321
312 316
312 314
312 315
313 321
313 1004
314 1342
314 315
316 1007
316 1012
317 1004
317 1006
317 3542
318 2626
318 319
318 985
319 993
319 999
320 1779
321 993
322 3561
323 414
323 1184
324 507
324 2836
324 1434
325 2607
325 2608
325 1435
326 1032
326 342
326 332
327 2834
327 5361
327 4698
328 404
328 374
328 2271
329 343
329 409
330 3586
330 3582
330 415
330 2052
331 3064
331 390
331 3193
332 346
332 379
333 433
333 389
334 2741
334 3343
334 2751
335 2081
335 535
335 538
335 2080
336 4744
336 4738
336 4743
337 3631
337 358
337 348
338 4741
338 402
338 4727
338 4901
339 3095
339 389
339 367
340 413
340 600
340 388
341 3442
341 416
342 373
342 1032
343 371
343 393
344 351
344 355
344 3568
345 3277
345 4726
346 423
347 1146
347 4826
347 3064
348 384
348 395
349 1699
349 1697
351 401
351 355
352 432
352 355
352 408
353 3568
353 386
353 3567
354 2807
354 928
354 390
355 432
355 381
355 361
356 607
356 1665
356 616
357 407
357 1557
358 378
359 1541
359 1540
359 360
359 419
360 419
360 364
360 368
361 381
361 414
362 405
362 366
362 403
363 2751
363 2747
363 2749
364 380
364 368
365 409
365 428
365 375
366 403
366 372
367 379
367 373
368 705
369 386
370 1812
370 2649
370 396
371 375
371 393
372 405
372 549
372 559
374 404
375 2429
376 544
376 2082
376 2790
377 583
377 3281
377 607
378 397
379 411
380 410
380 614
381 1524
382 1185
382 2131
382 1578
382 2837
383 4901
383 399
383 1496
384 418
384 406
385 3439
386 3099
387 411
387 412
388 568
389 411
390 1156
391 3703
391 520
391 3946
392 400
392 434
392 5361
393 2406
394 417
394 3053
394 3056
395 416
395 429
396 627
396 1809
396 614
397 3631
397 421
398 4745
400 5363
400 5361
401 408
401 823
402 4726
402 3276
402 4740
403 1798
405 1676
406 3441
406 3631
407 3580
407 1557
408 821
409 428
410 2304
410 2649
412 433
413 2797
413 2086
414 432
415 3938
415 1559
417 3057
417 3299
417 3054
418 2698
418 3442
419 465
420 1478
420 1475
420 1468
422 2050
422 3701
424 2945
424 4703
424 2131
425 544
426 2132
426 2837
426 4703
426 2131
427 1039
427 430
427 431
428 3201
429 435
429 2718
430 431
430 1039
431 3201
434 1496
434 1905
435 3443
435 2698
436 3260
436 504
436 758
437 1482
437 505
437 1473
437 793
438 514
438 3062
438 754
441 3274
441 442
443 444
443 1498
443 3212
444 446
444 447
445 449
445 1503
445 446
446 3212
447 1492
447 449
448 2808
448 1467
448 1449
449 798
450 1892
450 452
450 457
451 4253
451 531
451 456
452 1891
452 455
453 1818
453 1896
453 3811
454 4704
454 456
455 1894
455 457
456 2650
457 1893
458 464
458 462
458 684
459 673
459 773
459 3791
460 1565
460 3756
461 1573
461 1507
461 463
462 1429
462 680
463 1571
463 1921
464 673
464 2186
466 1673
466 3746
466 3696
466 483
467 661
468 2252
468 478
468 471
469 689
469 475
469 688
470 478
470 673
470 3793
471 677
471 2186
472 2200
472 679
472 1429
473 1431
474 2816
474 2253
474 476
475 1431
476 793
476 797
477 2252
477 3764
477 2817
478 1428
479 682
479 674
480 1865
480 1843
481 765
481 3927
481 681
482 2046
482 2198
482 1931
483 1671
484 492
484 2319
484 2318
485 487
485 3693
486 2841
486 490
486 2718
486 1576
487 3691
487 2353
488 493
488 1950
488 497
489 5303
489 4704
491 4413
491 3269
491 4421
492 5099
492 2316
493 497
493 3231
493 3232
494 1577
494 3096
494 1575
495 1948
495 3232
495 2185
495 1577
496 2321
496 1872
496 4252
497 2354
498 1949
498 3816
498 1681
499 3691
499 3690
499 4903
500 771
501 3438
501 3440
501 3420
502 3439
502 1681
502 1950
503 752
503 513
504 3261
504 752
505 2785
505 3214
506 526
508 2874
508 4871
508 511
509 510
509 1957
509 1958
510 512
510 514
511 3215
511 3214
512 2874
512 2877
513 1457
514 1934
515 2299
515 516
515 3726
515 828
516 3500
516 3529
517 2839
517 3727
517 832
517 2840
518 527
518 933
518 1858
518 530
519 930
519 2607
519 2193
519 2548
520 3583
520 2268
520 1558
521 2850
521 2851
521 1850
521 1849
522 3109
522 2606
523 4744
524 2268
525 2225
527 529
527 936
528 929
528 937
528 935
529 935
529 530
530 934
531 2651
531 5161
532 545
532 546
532 1665
533 562
533 634
533 543
533 2745
534 559
534 549
534 4932
535 1675
536 1760
536 554
536 562
537 552
537 2745
537 547
537 561
538 558
538 556
539 585
539 550
539 553
540 565
540 541
540 550
540 2084
541 545
541 546
542 3288
542 556
542 2076
543 1773
543 560
544 2081
546 1658
546 553
547 555
547 563
548 2082
548 1675
549 4921
550 580
550 2085
551 562
551 3283
552 3287
553 590
554 4933
554 559
554 2048
555 3290
555 3286
556 563
556 2077
557 559
557 1663
558 563
558 561
560 4931
560 1694
561 562
564 586
564 583
564 591
565 2083
566 3921
566 574
566 576
566 589
567 590
567 568
567 588
568 585
569 586
569 3412
569 3868
570 582
570 3881
570 3882
571 3872
571 3921
571 3922
572 3868
572 578
572 576
573 3407
573 577
573 3922
574 2045
574 579
575 577
575 3920
575 587
576 3881
576 579
577 582
578 581
578 582
578 3867
579 584
580 2086
581 3920
581 586
583 3906
583 3904
584 3414
584 3904
585 590
586 587
587 3906
588 590
588 3281
589 3884
589 3407
591 3414
591 3908
592 612
592 613
592 2246
593 2246
593 599
593 594
594 595
594 3239
595 613
595 605
596 608
596 604
596 600
597 606
597 624
597 2187
598 1190
598 3293
598 609
599 611
599 2247
601 1186
601 602
601 605
602 3239
602 3240
602 603
604 3240
605 3550
606 1190
606 611
607 1678
609 612
609 1194
609 707
610 613
611 1678
612 709
614 620
614 1679
615 2868
616 2142
616 1667
617 619
618 2162
618 2143
618 3751
619 1660
619 621
620 623
620 2141
621 1689
622 624
622 623
622 718
623 628
624 628
625 2868
625 2869
625 627
626 1667
626 1676
626 2872
627 1770
628 2142
629 656
629 652
629 1677
630 637
630 648
630 645
631 3389
631 645
631 1716
632 3332
632 3354
632 3940
633 3234
633 3237
633 650
634 4911
634 4918
634 4937
635 652
635 3932
635 1677
636 656
636 639
636 652
637 642
637 3384
638 660
638 3204
638 656
639 655
639 659
640 1715
640 3379
641 659
642 647
642 3384
643 660
644 1718
644 645
644 1717
644 3390
646 2074
647 1716
647 1714
648 3383
648 3385
648 3387
649 653
649 3394
649 3383
649 1720
650 1544
650 3237
651 4234
651 2059
651 2768
653 1720
653 1530
654 655
654 1545
654 768
655 764
656 659
657 3381
657 3300
657 2274
657 2770
658 2352
658 3238
660 3234
662 1697
662 663
663 1698
664 1689
664 4275
665 4263
666 667
666 2174
666 669
667 2171
667 670
668 3119
668 2175
669 2148
669 670
670 2168
671 678
671 682
671 2979
672 685
674 686
674 685
675 678
675 685
676 1428
677 2199
677 684
678 686
679 2201
679 684
680 2204
680 683
681 685
682 686
683 1562
683 2248
687 690
687 689
690 1565
691 2282
692 693
692 1845
693 694
693 2579
694 695
694 2577
696 1647
696 3456
696 919
696 3305
697 1647
697 1039
697 1032
697 1580
698 1931
698 1927
698 1929
699 703
699 3215
699 3203
700 1446
700 3203
700 701
701 702
701 4757
701 1470
702 2205
702 4757
702 703
703 2817
704 709
704 1206
704 3048
704 1242
705 1679
705 1540
705 1542
706 718
706 707
706 2089
707 709
708 710
708 712
708 2885
709 712
710 2881
710 714
711 714
711 717
712 713
712 715
713 3302
713 716
714 716
715 3048
715 1247
715 2879
716 717
717 3302
718 3293
719 2884
719 2904
719 1251
720 1264
720 2906
720 2904
721 746
721 723
721 3117
722 724
722 725
722 729
723 3135
723 736
725 3135
725 737
726 731
726 727
726 2145
727 1566
727 730
728 3111
729 737
729 732
730 732
730 750
731 3111
731 2144
732 3110
733 736
733 735
733 745
734 740
734 742
734 3698
735 744
735 3698
736 737
738 783
738 741
739 741
739 743
739 3154
740 742
741 768
742 743
744 745
744 746
745 746
747 2776
747 3110
747 2144
748 2158
748 749
748 2778
749 2774
749 3198
751 752
751 751
753 756
754 757
754 756
755 3260
755 3258
755 759
756 759
758 759
758 1479
759 761
759 760
760 761
760 762
761 1485
762 1482
762 1479
762 802
763 764
764 765
765 768
766 769
766 766
767 769
767 767
768 1550
769 770
770 3233
770 1550
770 2800
771 1681
771 1763
771 791
771 2134
772 2184
772 3102
773 775
774 4708
776 2208
776 1569
776 2212
777 782
778 780
778 779
778 781
779 3578
780 781
780 1690
783 784
783 785
786 790
786 792
786 2134
787 3598
787 789
787 788
788 2134
788 791
789 791
789 2133
790 1681
790 792
792 3598
793 809
794 802
794 799
794 795
795 1506
795 805
796 797
796 2267
796 3639
797 5372
798 799
798 804
799 804
800 3680
800 807
800 1937
801 2267
801 2262
802 809
803 1506
804 805
805 1963
806 808
806 2263
806 2249
807 1473
807 1471
808 3765
808 3772
809 3213
810 3680
811 812
811 3092
811 1242
812 1236
812 4897
813 1788
813 1291
813 3049
814 2190
814 4879
814 815
814 2189
815 1310
815 1317
816 927
816 4759
816 820
817 1736
817 4754
817 818
818 3161
818 4751
818 3188
819 820
819 3161
819 823
820 821
821 1173
822 3569
822 3567
822 4751
823 3569
824 947
824 893
824 2011
824 4894
825 1751
825 866
825 1163
826 870
826 3665
826 831
826 868
827 828
827 1758
827 3664
828 832
828 3532
829 3228
829 2299
829 1174
830 3228
830 3229
830 3710
831 2950
831 2946
832 2838
832 1578
833 1578
833 2838
833 2837
834 835
834 865
834 836
835 838
835 836
836 837
837 840
837 842
838 843
838 841
839 3669
839 840
839 864
839 3668
840 842
841 842
841 843
843 4766
844 1161
844 845
844 846
845 4772
845 847
846 1165
846 847
847 4759
848 1166
848 3570
848 1173
848 1160
849 850
849 922
850 3641
850 2618
851 2618
851 2621
851 3264
852 2619
852 2523
852 2522
853 2621
853 854
853 2619
854 2502
854 2519
855 2522
855 862
855 2520
855 856
856 3670
856 861
857 916
857 860
857 3224
858 3202
858 1757
858 916
859 2517
859 4860
859 2514
859 1141
860 1145
860 917
861 917
861 862
862 1143
863 1149
863 2514
863 2513
864 1143
864 865
864 1148
865 1149
866 867
866 1145
867 3669
867 1154
867 1756
868 3534
868 1163
869 2723
869 879
869 888
870 3664
870 3225
871 2723
871 3229
871 881
872 3716
872 2243
872 873
873 2243
873 1576
873 3633
874 884
875 886
875 877
875 887
875 2728
876 877
876 2727
876 878
877 878
878 879
879 2725
880 2724
880 1169
880 881
881 1174
882 883
882 884
882 886
882 4893
883 887
883 885
884 886
885 888
885 887
886 2728
887 888
889 898
889 899
890 891
890 1111
890 893
891 892
891 907
891 904
892 1117
892 1118
893 1112
894 1120
894 2009
894 2007
895 896
895 897
895 2014
896 897
896 912
897 915
898 900
899 901
900 1108
900 1998
901 1109
901 903
902 903
902 2003
902 1999
902 2001
902 2004
903 904
904 2001
905 1115
905 906
905 2003
906 2004
906 1116
907 947
907 909
908 1118
908 910
908 1120
909 2010
909 910
910 911
911 912
911 2014
912 914
912 2012
913 916
913 914
913 2016
914 915
915 917
918 2430
918 3201
918 2434
919 2432
919 2434
920 2436
920 3450
920 2432
921 3493
921 922
922 2478
923 2411
923 2451
923 2424
923 2406
924 3156
924 2467
924 2413
925 2467
925 2473
925 2415
926 3162
926 3266
926 1155
927 3570
927 4760
928 939
928 934
929 939
929 1162
930 1436
930 937
931 932
931 4787
932 1857
932 1854
933 2406
933 2193
934 935
936 2193
936 937
938 1156
938 939
938 940
940 1162
940 1160
941 942
942 1167
942 1162
943 944
943 1166
943 1167
944 945
944 1170
945 2935
945 1170
946 2600
946 2944
946 2942
947 2010
948 949
948 1336
950 951
950 1413
950 1363
951 952
951 955
952 953
954 958
955 2228
955 2998
956 971
956 958
957 960
958 960
959 966
959 3003
960 963
961 964
962 968
963 965
963 967
964 971
964 966
965 968
965 967
967 970
968 976
969 970
970 972
971 981
972 973
972 975
974 975
975 980
976 979
976 977
978 979
979 980
980 2988
981 2988
981 4884
982 2158
982 2156
982 3544
982 3545
983 3561
983 2628
983 1779
983 4886
984 985
985 2625
986 4886
986 988
986 991
987 989
988 2915
988 996
989 990
989 994
990 991
990 995
991 996
991 1000
992 2915
992 998
992 1293
993 1008
994 1005
994 2625
996 998
996 1003
997 1002
998 1303
999 1341
999 1342
1000 1002
1000 1003
1001 1011
1002 1005
1003 1010
1003 1016
1004 1006
1005 1345
1006 3543
1007 3542
1007 1012
1009 1017
1010 1308
1010 1303
1011 1014
1011 3543
1012 1020
1013 1014
1014 1015
1016 1018
1016 1017
1017 1019
1018 1315
1018 1308
1019 1021
1019 1022
1020 1786
1020 1362
1021 1315
1021 1023
1022 1023
1022 1345
1023 1321
1024 1362
1024 1025
1024 1026
1025 1027
1025 1026
1026 3448
1026 1028
1027 3200
1027 1029
1028 3447
1028 1029
1029 1380
1030 1036
1031 1037
1033 1913
1033 3456
1033 1911
1034 1746
1035 2275
1035 3461
1035 2381
1036 2372
1036 1037
1037 1040
1038 1046
1040 2373
1040 1953
1040 2278
1041 1042
1041 1049
1041 2372
1042 2371
1043 1050
1044 1049
1045 1048
1045 2373
1045 1954
1046 1728
1046 1047
1047 1752
1047 3217
1048 1053
1048 1052
1049 1753
1050 2370
1050 1059
1051 2615
1051 1054
1051 1752
1052 1753
1052 1056
1052 1058
1053 2367
1053 1731
1054 1748
1054 2368
1055 1084
1056 2366
1056 2367
1057 2276
1057 1071
1057 2613
1058 4891
1058 2366
1059 4892
1059 4891
1059 2369
1060 1061
1060 1062
1060 2368
1061 1063
1061 3650
1061 1072
1062 2366
1062 1064
1063 1075
1063 3648
1064 1067
1064 1074
1065 1754
1065 1073
1065 1748
1065 3220
1066 1739
1066 1915
1066 3649
1067 1069
1067 1068
1069 1074
1070 1739
1070 1073
1070 3221
1071 2364
1073 1079
1073 1749
1074 2616
1076 1077
1077 1915
1077 3223
1077 1082
1078 1094
1079 1088
1079 2365
1079 1083
1080 1088
1080 1095
1081 1995
1081 1996
1081 1093
1082 2616
1083 1091
1083 1087
1085 1086
1085 3221
1085 3222
1086 1090
1086 1087
1087 1092
1089 1090
1090 1092
1093 1112
1093 2616
1094 1994
1094 1112
1095 3642
1095 1098
1096 1099
1096 3647
1096 2484
1097 1099
1097 1097
1098 1100
1099 3640
1100 1997
1101 1104
1101 1102
1102 1105
1103 3640
1104 1105
1104 1107
1105 1106
1106 1107
1106 1111
1107 1109
1108 1110
1109 1111
1110 1998
1113 1122
1113 1119
1113 4889
1114 1121
1114 1114
1115 1116
1117 2007
1117 1118
1119 1123
1119 1121
1120 2009
1121 1123
1122 4894
1122 1124
1123 1125
1124 1127
1124 1125
1125 1127
1126 1128
1127 1129
1128 1133
1128 1130
1129 1132
1129 3202
1130 1136
1130 1131
1131 1137
1131 1132
1132 1134
1134 1135
1134 1138
1139 1142
1140 1141
1140 1140
1141 1142
1142 1143
1144 1148
1145 1151
1146 4828
1146 3192
1147 1149
1147 1147
1148 1154
1150 1151
1151 3666
1152 3666
1153 3667
1153 1154
1153 3666
1155 4750
1155 3063
1156 3063
1157 4766
1157 1158
1157 1159
1158 4771
1158 1159
1158 1161
1159 1161
1160 1164
1162 1164
1163 3521
1164 1167
1164 1166
1165 3189
1165 1168
1165 4758
1166 1175
1169 2726
1169 1171
1170 2936
1172 2944
1172 1437
1172 2941
1173 1175
1174 1177
1175 1184
1176 2596
1176 1179
1176 2597
1178 1179
1179 1180
1180 1181
1180 1183
1181 1183
1181 1443
1182 1185
1183 1184
1185 2945
1186 1187
1186 1188
1187 3079
1187 1192
1188 1193
1188 1192
1189 3079
1189 1191
1189 1195
1190 1194
1191 1790
1191 1197
1192 1195
1193 1200
1193 1205
1194 2247
1195 1204
1196 1202
1198 1203
1199 5351
1199 1213
1200 3551
1200 1205
1201 5351
1201 1209
1201 1215
1202 1203
1202 1204
1203 1208
1204 1225
1204 1205
1205 1211
1206 3553
1206 1207
1207 3551
1207 1210
1209 1217
1210 1212
1210 1223
1211 1212
1211 1216
1212 1214
1213 1221
1213 1215
1214 1216
1214 1220
1215 1217
1216 1225
1216 1220
1217 1235
1217 1222
1218 1226
1219 1223
1220 1229
1222 1230
1222 1228
1223 1229
1224 3604
1224 3606
1225 3548
1226 1227
1226 1244
1227 1228
1227 1234
1228 1230
1229 1232
1230 1241
1231 1236
1232 3548
1232 1242
1233 1237
1233 1233
1235 1237
1235 1238
1236 1240
1237 1243
1238 1241
1238 1245
1239 3604
1239 1246
1240 1243
1240 3245
1241 1249
1241 1244
1243 1245
1243 3244
1244 1252
1245 1249
1245 3246
1246 3603
1246 3602
1247 1248
1247 1251
1247 2885
1248 2878
1248 1259
1249 1250
1249 1791
1250 3246
1250 1792
1251 1260
1251 1259
1252 1261
1252 1791
1253 1257
1253 1256
1254 1255
1255 3092
1255 1263
1257 1265
1258 2889
1258 4720
1258 4719
1259 1262
1260 1264
1260 1266
1261 3602
1261 3241
1262 1276
1262 1266
1263 1272
1263 1270
1264 1267
1265 1268
1266 1269
1267 1271
1267 1273
1268 3243
1268 3241
1269 1271
1270 4882
1270 3187
1273 2883
1273 2897
1274 1278
1274 4900
1274 4899
1275 4899
1275 1278
1277 2897
1277 4718
1277 1282
1278 1990
1279 1280
1279 1293
1279 4720
1280 2888
1280 1281
1280 1294
1281 1286
1281 1282
1281 2891
1282 1288
1283 1286
1284 1990
1285 1287
1286 2899
1287 1290
1287 4900
1288 1292
1288 2898
1289 3248
1289 1291
1289 1296
1290 2784
1290 1298
1291 1305
1291 3607
1293 2915
1293 2907
1294 2899
1294 2914
1294 1304
1295 1298
1296 1299
1296 1297
1297 3250
1297 3248
1298 4879
1300 1306
1300 1302
1300 2898
1301 1305
1303 2917
1304 2916
1304 2900
1305 3249
1306 2900
1306 1309
1307 1310
1307 1789
1307 2043
1308 1309
1309 1316
1310 2668
1311 3610
1311 3250
1311 4885
1312 1313
1313 1314
1313 2190
1314 1317
1314 1318
1315 1316
1316 1322
1317 1319
1318 1320
1318 3610
1319 1320
1319 1324
1320 1326
1321 1322
1322 1785
1323 1325
1324 1325
1324 1330
1326 1334
1326 1329
1327 1328
1327 1785
1327 1331
1328 2928
1328 2934
1331 3041
1331 1333
1332 2929
1332 1787
1332 1335
1334 3319
1334 3041
1335 1787
1335 1336
1336 1337
1338 1340
1339 1344
1339 1340
1339 1680
1340 1341
1341 1343
1342 1343
1343 3317
1345 1363
1346 1369
1346 1784
1346 1348
1347 1347
1347 1348
1348 1361
1349 3317
1349 1352
1350 1353
1351 1353
1353 3697
1354 3697
1355 1376
1356 1357
1357 1358
1357 3697
1358 1382
1358 1359
1359 2929
1360 1361
1360 1360
1361 1373
1362 1369
1363 1371
1364 1373
1365 1371
1365 3697
1365 1377
1366 1370
1367 1372
1368 1370
1368 1376
1369 1381
1370 1372
1371 1377
1372 1390
1373 1375
1374 1378
1374 3200
1375 1385
1375 1381
1376 1383
1377 1379
1378 1383
1380 1391
1380 3200
1381 1413
1383 1390
1383 1389
1384 1387
1386 1387
1386 3447
1386 3446
1387 1399
1388 1392
1388 1398
1388 1394
1389 4701
1389 3199
1390 1393
1390 4701
1391 1395
1391 3199
1392 1393
1392 1414
1393 1400
1396 1402
1396 1405
1396 3199
1397 1399
1397 3446
1397 1407
1399 1409
1401 1414
1401 4701
1401 1408
1403 1406
1404 1415
1405 1410
1405 1408
1406 1426
1406 1425
1407 1409
1407 1413
1408 1419
1409 1415
1409 1418
1410 1938
1410 1939
1411 1422
1412 1421
1413 3444
1414 1416
1415 1421
1415 1420
1417 1423
1419 1425
1419 2623
1421 1423
1422 2623
1422 1424
1423 1424
1424 1956
1425 2999
1427 1428
1429 1430
1429 2202
1430 1431
1432 1433
1433 1434
1435 2608
1435 2836
1436 1437
1436 1438
1437 1734
1438 1734
1438 1440
1439 1744
1439 1442
1439 1440
1440 1443
1441 1442
1441 2835
1442 1444
1443 1992
1445 1461
1446 1454
1446 1447
1447 1458
1447 1455
1448 4867
1448 4866
1448 1456
1449 1450
1449 4866
1450 4863
1450 4866
1451 4867
1451 1453
1452 4863
1452 4864
1452 4862
1453 4868
1454 1455
1454 2671
1455 1463
1455 1462
1458 1461
1458 1464
1459 4868
1459 1460
1459 4869
1460 1468
1460 3190
1461 1465
1462 2671
1462 1463
1463 1464
1464 1465
1465 1473
1466 2671
1466 1471
1466 1470
1467 1468
1467 1682
1469 1472
1469 2818
1469 1476
1470 1471
1472 1477
1472 2819
1474 1480
1475 1475
1476 2832
1476 5365
1477 5365
1477 2834
1478 5363
1478 2669
1479 3262
1480 1481
1480 1483
1481 1935
1481 1486
1482 3262
1483 2273
1483 2206
1484 2206
1484 1488
1484 1486
1485 1492
1485 1935
1486 1490
1486 1492
1487 2812
1487 1682
1488 3256
1488 3254
1489 2812
1489 1499
1489 1493
1490 3256
1490 1498
1491 3254
1491 1497
1491 1502
1493 1683
1493 1494
1494 3613
1494 2670
1495 5362
1495 2670
1495 2669
1496 5362
1497 1502
1498 1921
1499 1499
1500 1504
1500 1512
1500 1501
1501 1505
1501 1503
1502 1955
1503 1505
1503 1515
1504 1509
1504 1510
1505 1509
1506 1511
1507 3212
1507 1960
1508 3613
1509 1510
1513 1568
1513 1921
1513 1514
1516 1960
1516 1517
1516 3782
1517 1518
1517 1519
1519 1520
1519 1522
1520 1521
1520 1523
1524 3099
1524 3100
1525 2343
1525 3416
1525 1526
1526 3475
1527 1710
1527 1713
1527 2088
1528 3389
1528 1713
1528 2342
1529 2342
1529 3391
1529 1532
1530 1721
1530 1723
1530 1531
1531 3392
1531 1723
1531 1721
1532 3392
1532 1533
1533 3416
1533 1534
1534 3699
1534 3497
1534 3393
1535 1536
1536 2316
1536 4413
1537 1538
1537 3268
1537 4405
1538 5338
1538 5337
1538 4423
1539 2244
1539 4417
1540 1541
1540 1542
1541 1543
1542 1543
1543 2629
1544 3823
1544 2805
1545 1546
1546 2805
1546 3045
1547 3823
1547 1552
1547 1548
1548 2799
1549 1551
1550 3233
1551 1553
1551 3045
1552 2798
1552 2969
1553 1554
1553 3044
1554 2804
1554 1555
1555 3145
1556 4940
1556 4942
1556 4375
1557 3701
1558 3704
1558 3703
1559 3704
1559 3582
1560 2051
1560 1561
1560 3581
1561 3582
1563 2248
1564 2248
1564 3757
1564 3756
1565 3756
1567 1568
1567 1574
1567 2206
1569 1573
1570 1571
1570 2209
1572 3043
1572 1574
1573 3791
1575 1576
1575 1759
1575 2243
1576 1577
1578 1758
1579 1917
1580 1583
1580 1584
1581 2400
1581 1589
1581 1585
1582 2400
1583 1585
1583 1584
1584 2403
1585 1587
1586 1587
1587 1588
1589 1591
1589 1590
1591 1591
1592 1593
1592 1594
1592 2056
1593 1595
1594 2056
1594 2057
1595 2056
1595 1596
1596 2057
1596 1598
1597 1598
1597 2057
1597 2964
1597 1599
1598 1600
1599 1600
1599 1601
1600 1602
1601 1602
1601 1603
1602 1604
1603 1604
1603 1605
1604 1606
1605 1606
1605 1607
1606 1608
1607 1608
1607 1609
1608 1610
1609 1612
1609 2964
1609 2965
1610 2296
1610 1612
1610 1620
1611 2297
1611 1640
1611 2963
1611 1613
1612 2297
1613 2296
1613 1640
1613 1614
1614 2295
1614 1641
1614 1615
1615 2294
1615 1642
1615 1617
1616 2294
1616 1620
1616 1618
1617 2293
1617 1643
1617 1621
1618 2293
1618 1622
1619 2286
1619 1632
1619 1634
1620 2295
1621 2292
1621 1643
1621 1623
1622 2292
1622 1624
1623 2291
1623 1625
1624 2291
1624 1626
1625 2290
1625 1627
1626 2290
1626 1628
1627 2289
1627 1629
1628 2289
1628 1630
1629 2288
1629 1631
1630 2288
1630 1632
1631 2287
1631 2580
1632 2287
1633 2285
1633 1637
1633 1636
1634 2285
1634 1635
1635 2284
1635 2283
1636 2968
1636 1638
1637 2286
1637 2580
1638 1639
1638 2967
1640 1641
1641 1642
1642 1643
1644 2964
1644 2965
1645 1656
1645 1932
1645 1646
1646 3217
1646 1747
1647 1649
1648 1649
1649 1650
1651 1652
1652 1654
1652 1653
1654 1656
1654 1655
1656 1657
1659 1660
1660 4263
1661 1664
1661 1662
1662 1665
1662 1664
1662 1666
1663 1664
1664 1666
1666 1667
1668 1674
1668 1669
1669 1673
1669 1670
1670 1672
1670 1671
1671 1672
1672 1673
1673 1674
1675 2081
1676 2864
1678 1781
1679 2089
1680 3708
1680 2629
1684 5268
1684 1686
1684 5286
1685 1886
1685 1885
1685 2665
1685 5090
1686 4199
1686 5220
1687 5220
1687 1688
1687 1881
1687 1880
1688 5216
1688 5233
1689 1696
1690 1691
1690 1692
1691 1693
1692 1693
1692 1694
1693 1695
1694 1695
1696 1697
1697 1698
1698 1699
1699 2861
1700 2695
1700 2186
1700 2982
1701 1702
1702 2982
1702 2087
1703 2357
1703 1704
1704 1705
1704 2356
1704 2359
1705 2356
1705 2358
1705 2359
1706 2357
1706 2360
1707 2192
1707 2030
1707 4898
1708 3651
1709 3386
1709 1712
1710 3386
1710 1711
1711 1716
1711 3388
1711 1712
1712 3386
1712 1714
1713 3388
1714 1715
1715 4032
1715 3593
1717 1718
1717 3387
1718 1720
1718 1719
1719 3391
1719 1721
1720 1721
1722 4032
1722 3498
1722 3394
1723 3393
1724 1725
1724 2853
1724 3224
1725 1751
1725 1757
1726 1734
1727 1758
1728 1731
1728 2280
1729 4717
1729 2538
1729 2532
1730 1737
1730 2542
1730 2405
1730 4895
1731 1954
1731 1752
1732 1753
1733 4811
1733 3266
1733 4815
1735 1743
1735 2853
1735 1741
1736 2672
1736 2674
1738 1739
1738 1748
1738 1742
1740 4716
1741 3224
1741 2853
1742 3650
1742 2368
1744 2044
1744 2556
1745 3616
1745 3627
1746 2279
1746 2280
1747 2281
1747 2375
1750 4809
1750 4807
1750 1942
1750 4837
1751 1757
1755 2536
1755 2542
1755 2538
1755 2140
1756 2683
1756 3653
1759 2840
1759 1764
1759 2839
1760 1773
1760 4930
1761 4928
1761 4929
1761 1776
1762 1764
1762 3730
1762 3731
1764 3731
1765 1771
1765 3935
1766 1767
1766 4923
1766 1778
1767 4922
1767 4932
1769 2869
1769 2864
1769 1770
1770 1803
1771 3933
1772 3933
1772 3936
1773 4929
1774 1776
1774 1775
1774 4927
1775 4931
1775 4926
1776 4909
1777 1778
1777 4906
1777 4924
1778 4933
1779 4719
1780 1781
1781 1783
1782 1783
1783 2187
1784 1786
1785 2934
1787 2928
1788 2784
1788 2189
1791 1792
1792 3242
1793 3247
1793 2784
1793 3246
1794 2238
1794 3315
1795 2862
1795 1799
1796 1797
1796 1802
1796 2861
1797 1800
1797 1799
1798 1803
1798 2863
1799 2863
1800 1801
1800 1808
1801 1810
1801 1804
1802 1807
1802 1805
1803 1804
1804 1809
1805 1806
1805 1811
1806 1807
1806 1811
1807 1808
1808 1810
1809 1810
1811 1812
1812 4728
1813 2743
1813 3758
1814 1890
1814 1889
1814 3270
1815 3271
1815 1825
1815 2035
1816 3271
1816 1895
1816 1824
1817 2636
1817 2323
1817 1821
1818 1894
1818 1819
1819 1820
1819 1821
1821 1822
1821 2245
1823 1824
1824 3270
1826 5251
1826 5248
1826 3272
1826 5254
1827 1829
1828 1829
1829 3272
1830 3273
1830 3685
1831 3273
1831 1832
1832 3687
1832 5340
1832 5341
1833 1835
1833 4191
1833 4196
1834 1836
1834 3688
1834 1835
1835 1836
1836 1838
1837 1838
1838 3411
1839 1840
1840 2024
1840 1841
1841 1842
1841 2023
1843 1867
1843 2689
1844 3616
1845 3622
1845 1846
1846 3622
1846 3621
1847 1848
1848 4786
1848 4787
1849 3156
1849 2852
1850 1851
1851 1852
1851 1853
1854 4779
1854 4777
1855 1856
1855 4776
1855 1858
1856 4775
1856 1857
1857 1858
1859 1860
1860 3625
1861 3474
1861 2343
1862 3039
1862 3013
1863 1866
1863 3694
1863 1864
1864 3693
1864 1865
1865 2772
1867 1868
1867 3689
1868 1869
1868 2772
1869 2773
1869 2019
1870 1952
1870 2353
1871 2651
1871 1872
1871 1873
1872 1874
1873 1874
1875 2654
1875 5160
1875 2652
1876 5160
1877 2654
1877 5165
1877 5164
1877 5078
1878 1881
1878 5221
1878 5214
1879 5150
1879 5224
1879 5105
1880 5219
1880 5218
1880 1882
1881 5217
1881 5215
1882 3191
1882 5285
1882 5284
1883 3191
1883 5282
1883 5281
1883 5272
1884 5288
1884 3191
1884 5284
1884 5283
1885 2666
1885 5092
1885 5091
1886 5093
1886 1981
1887 5130
1887 5125
1887 5280
1888 1892
1888 5128
1888 5127
1889 5135
1889 5148
1889 1891
1890 5239
1890 5134
1890 5237
1891 5139
1891 5138
1892 5136
1892 5137
1893 5141
1893 5140
1893 2657
1894 5143
1894 5142
1895 5146
1895 5145
1895 1896
1896 5144
1896 5143
1897 5241
1897 5240
1898 5276
1898 5298
1898 5132
1899 5248
1899 5243
1899 5242
1900 5245
1900 5244
1900 1901
1901 5265
1901 5264
1902 5277
1902 5266
1902 5265
1903 5259
1903 5263
1903 5262
1904 5261
1904 5260
1905 5368
1905 4870
1906 3597
1907 3399
1908 1909
1909 1911
1909 1910
1910 1911
1910 1912
1913 3468
1913 3312
1913 1914
1915 3648
1916 1918
1917 3062
1917 1918
1918 1919
1919 1920
1919 3043
1922 1923
1922 2106
1923 1924
1924 3967
1924 1925
1925 3963
1925 3948
1926 3977
1926 1929
1926 1928
1927 1930
1927 2078
1928 1929
1928 2194
1933 1934
1934 3258
1935 1936
1940 4722
1940 4721
1940 1941
1941 2272
1941 3277
1942 3158
1942 3157
1942 3159
1943 4761
1943 1944
1943 4794
1943 4790
1944 2595
1944 4793
1945 4760
1945 1946
1945 3162
1946 1947
1946 4762
1947 4761
1947 2595
1948 3231
1948 3230
1949 3096
1949 3813
1950 3816
1951 1952
1953 2279
1953 1954
1959 2877
1960 2341
1961 1965
1962 1966
1962 5232
1962 1965
1963 1968
1963 2262
1964 1969
1964 5166
1964 5201
1966 1967
1966 1976
1968 1974
1968 1970
1969 5202
1969 2662
1970 2341
1970 3772
1971 1976
1972 1973
1972 2662
1972 5195
1973 1982
1973 1977
1975 1979
1976 1979
1977 5178
1977 5187
1977 2662
1978 1980
1978 5088
1978 5074
1978 5204
1979 1980
1980 1981
1980 5086
1981 5087
1982 5176
1982 5195
1983 2634
1983 5086
1983 5205
1983 5203
1984 5090
1984 4959
1984 4967
1984 5040
1985 2666
1985 5126
1985 5129
1986 5297
1986 2638
1986 1988
1987 4968
1987 2659
1987 4969
1987 5017
1988 1989
1988 5293
1988 5339
1989 2644
1989 4993
1989 5004
1990 1991
1991 4900
1992 2600
1992 2598
1993 2596
1994 4896
1997 2002
1998 1999
1999 2000
2000 2003
2000 2002
2001 2005
2002 2008
2004 2006
2005 2006
2005 2007
2006 2008
2008 2013
2009 2013
2010 2012
2011 3202
2011 2015
2012 2015
2013 2014
2015 2016
2016 2017
2018 2019
2018 2020
2018 2338
2019 3689
2021 2856
2022 2023
2022 2689
2022 3689
2023 2690
2023 2024
2024 2027
2025 4034
2025 2690
2025 2029
2026 2859
2026 2030
2026 2028
2027 4033
2027 4035
2028 2858
2028 2030
2029 2363
2029 2032
2031 2033
2032 4033
2032 3408
2033 2034
2033 4404
2034 2035
2034 2037
2035 2037
2036 2040
2037 2039
2038 3408
2038 4398
2038 4404
2039 2040
2039 4404
2040 4400
2041 2042
2045 3884
2045 3885
2046 4709
2046 2191
2046 2047
2047 3074
2048 2049
2050 3584
2051 2274
2051 3584
2052 3052
2053 3054
2053 3360
2053 2750
2053 2769
2055 2100
2056 2057
2058 2768
2058 3320
2058 2059
2059 2768
2060 2349
2061 3490
2061 2062
2062 4938
2062 3489
2064 2071
2065 2067
2065 2070
2065 2071
2066 3547
2066 2068
2067 2068
2067 2069
2068 2069
2069 2070
2070 2071
2072 2329
2073 3943
2073 2074
2074 2075
2075 3211
2075 2076
2076 2077
2077 2078
2078 2079
2079 2080
2081 2082
2082 2083
2083 2789
2084 2796
2084 2789
2085 2086
2085 2796
2086 2797
2087 3695
2088 3936
2088 2349
2089 3539
2090 2092
2090 2091
2090 4342
2091 2093
2092 2093
2092 4344
2093 4338
2094 4019
2094 3348
2095 2097
2095 2096
2095 2694
2096 2098
2096 2099
2098 2099
2099 4285
2100 4287
2101 4287
2101 2102
2103 2106
2103 2107
2103 2104
2104 2116
2105 2106
2105 2107
2108 2109
2108 2110
2109 2111
2110 2114
2110 2119
2111 2112
2111 2115
2112 2122
2112 2113
2113 2121
2113 2114
2114 2120
2115 2123
2115 2117
2116 2118
2117 2124
2117 2118
2118 2124
2119 2120
2119 2268
2120 2121
2121 2122
2122 2123
2123 2124
2125 2127
2126 2128
2129 3707
2129 2337
2129 2130
2130 3707
2130 2338
2132 2133
2133 3598
2134 3598
2135 5051
2135 5071
2135 5058
2136 2660
2136 4974
2136 5037
2136 4957
2137 2138
2137 5048
2137 4974
2138 4408
2138 4975
2139 4416
2139 3267
2139 4994
2141 2872
2141 2142
2143 2163
2143 2146
2144 3112
2145 3112
2145 2147
2146 2166
2146 2149
2147 2777
2148 2167
2148 2149
2148 2166
2149 2973
2149 3753
2150 2977
2150 3114
2150 2157
2151 2153
2151 3198
2151 3113
2152 3194
2152 2978
2152 2154
2153 3555
2153 3194
2153 3113
2154 3555
2154 2155
2155 3196
2155 2977
2156 3546
2156 3755
2157 2158
2157 3143
2159 2161
2159 3205
2159 3544
2160 2161
2160 3545
2160 3544
2161 2162
2162 3748
2163 2166
2163 3545
2164 3749
2164 3819
2164 2165
2164 4712
2165 2780
2165 2779
2167 2168
2167 3142
2167 3197
2168 3196
2168 2169
2169 2171
2169 2170
2170 2171
2171 2172
2173 2174
2174 2973
2174 3415
2175 3116
2176 2177
2176 2180
2176 2179
2177 2178
2177 2181
2178 3651
2178 2182
2179 2180
2179 3098
2180 2181
2181 2182
2182 2183
2183 2184
2183 3651
2185 2185
2187 2188
2189 3608
2190 3608
2191 4709
2192 4898
2192 2363
2194 2195
2195 2196
2195 2197
2198 2198
2199 2201
2199 2200
2200 2201
2202 2204
2202 2248
2203 2204
2207 2208
2207 2211
2207 2212
2208 2210
2209 4708
2210 4708
2213 3037
2213 2214
2213 3094
2214 3038
2214 3000
2215 2216
2215 3039
2215 2219
2216 3036
2216 3035
2217 2218
2217 3033
2217 2224
2218 3034
2218 3032
2218 3031
2218 3028
2219 2220
2219 3034
2220 3029
2220 3081
2221 3016
2221 3014
2221 3007
2222 3015
2223 3031
2223 2224
2223 2226
2224 2225
2225 2226
2226 2227
2226 3030
2228 2229
2228 4706
2229 2987
2229 4707
2230 2231
2230 2987
2230 3001
2231 3002
2231 3000
2232 2996
2232 2233
2232 2989
2232 2991
2232 2990
2233 2234
2233 2991
2234 2235
2234 2992
2235 2990
2235 2236
2236 2237
2236 3022
2237 2238
2237 3085
2238 2994
2239 2240
2239 3085
2239 3027
2240 3032
2240 3066
2240 3030
2241 3040
2241 3030
2241 3066
2242 3009
2242 4707
2242 3018
2243 2840
2244 4423
2244 4881
2246 2247
2249 2262
2249 2250
2250 2261
2250 2253
2251 2252
2251 2261
2251 2257
2253 2254
2254 2258
2254 2259
2255 2257
2255 2258
2255 2261
2256 2814
2256 2257
2256 3759
2258 2259
2259 2260
2263 2266
2263 3795
2264 3795
2264 2265
2264 2341
2265 3782
2265 2266
2265 3797
2266 3794
2266 3795
2269 2271
2269 2270
2271 2272
2273 4696
2273 3043
2274 3369
2275 2390
2275 2375
2276 2277
2276 3220
2277 3647
2278 2279
2278 3065
2280 2281
2281 3065
2283 3629
2284 2966
2284 2967
2285 2967
2285 2286
2286 2287
2287 2288
2288 2289
2289 2290
2290 2291
2291 2292
2292 2293
2293 2294
2294 2295
2295 2296
2296 2297
2297 2298
2298 2965
2299 2300
2299 3714
2300 2301
2300 2302
2301 3739
2301 3709
2302 2303
2303 3709
2304 2305
2304 2308
2305 2306
2305 2310
2306 2313
2306 2314
2307 2309
2308 2310
2308 2309
2309 2310
2311 2313
2311 2312
2312 2314
2313 2314
2315 2322
2315 2321
2315 5099
2316 2317
2317 2318
2317 3559
2318 3559
2319 3560
2320 4873
2320 4874
2320 3557
2320 3558
2321 3557
2322 2667
2323 2324
2324 3268
2325 2326
2326 2333
2326 2328
2327 2333
2327 3205
2327 3745
2327 2332
2328 2329
2328 2331
2329 2333
2330 2331
2331 2332
2331 3754
2332 3930
2334 3684
2334 2335
2336 2337
2336 3707
2339 2340
2342 3390
2343 2344
2344 2344
2345 3372
2345 2346
2347 2348
2348 2349
2348 2350
2348 2352
2349 2351
2352 3587
2353 3690
2354 3230
2355 4903
2355 5371
2356 2357
2358 2855
2358 2854
2360 2855
2361 2362
2362 2858
2362 2363
2364 2365
2367 2368
2370 2371
2370 4892
2372 2373
2374 2375
2376 2377
2377 2379
2378 2379
2379 2380
2380 2381
2380 3065
2381 2385
2382 2384
2382 2383
2382 2385
2385 3462
2386 3462
2387 2388
2388 2389
2388 2396
2390 2392
2390 2391
2391 2399
2391 2392
2392 2393
2393 2394
2393 2399
2394 2398
2394 2395
2395 3466
2395 2397
2396 3466
2396 3467
2397 3467
2397 2398
2398 3455
2399 3455
2400 2402
2401 2404
2402 2404
2402 2403
2403 2405
2404 2405
2406 3298
2407 3298
2408 2409
2408 2446
2408 2453
2409 2410
2409 2852
2410 2411
2410 2444
2411 2412
2413 2414
2413 2850
2415 3492
2415 2806
2416 3265
2416 2498
2416 2418
2417 2423
2417 4857
2417 2464
2417 2420
2418 2419
2418 3492
2420 2421
2420 2498
2422 4858
2422 3494
2422 4859
2423 4858
2423 4859
2425 2493
2425 2429
2425 2426
2426 2450
2426 2442
2427 2428
2427 2442
2427 2438
2428 2436
2428 2429
2429 2430
2430 2431
2432 2433
2434 2435
2435 2435
2436 2481
2437 2481
2437 2439
2437 2477
2438 2439
2438 2443
2439 2441
2440 2476
2440 2441
2442 2443
2443 2448
2444 2453
2444 2448
2444 2449
2445 2453
2445 2460
2446 2459
2446 2460
2447 2452
2447 2451
2447 2450
2448 2449
2449 2450
2451 2491
2452 2491
2452 2493
2453 2454
2454 2455
2454 2480
2454 2457
2455 2456
2455 2479
2456 2457
2456 4859
2457 2458
2458 2461
2458 2463
2459 2461
2459 2465
2461 2462
2463 2472
2463 2466
2463 2464
2464 2473
2465 2468
2465 2466
2466 2471
2467 2470
2468 2469
2468 3156
2469 2470
2469 2471
2470 2471
2471 2472
2472 2473
2474 3164
2474 2479
2474 2475
2475 2476
2475 2480
2476 3165
2476 2477
2477 3493
2478 3165
2478 2617
2479 2480
2481 2482
2482 2489
2482 2483
2483 2485
2483 2487
2484 3163
2485 3163
2485 2486
2486 2487
2488 2490
2488 2489
2489 2490
2491 2494
2492 3263
2492 2495
2493 3263
2494 2495
2494 3263
2496 2500
2496 2499
2497 2511
2497 3265
2497 2505
2498 2499
2499 3265
2500 2505
2500 2509
2501 2503
2501 2508
2501 4855
2502 4860
2502 2509
2503 2513
2503 2515
2503 2504
2504 4850
2504 2506
2504 2512
2505 2506
2505 4854
2506 2507
2507 4850
2507 2511
2507 4852
2508 2509
2508 4855
2508 2516
2510 4848
2510 2511
2510 4829
2512 2513
2512 4792
2512 4798
2512 4851
2514 2518
2515 2516
2515 2518
2516 2517
2517 2518
2519 2520
2519 2525
2520 2521
2521 2525
2521 2522
2523 2524
2524 2525
2526 2531
2527 2528
2527 2530
2527 2531
2528 2531
2528 2529
2529 2530
2532 2545
2532 2533
2533 2533
2534 2535
2534 2537
2534 2536
2536 2545
2538 2540
2539 2540
2540 2541
2542 2544
2543 2544
2544 2547
2545 2546
2546 2546
2548 2553
2548 2549
2548 2550
2551 2552
2551 2553
2551 2556
2553 2554
2553 2555
2556 2557
2558 2567
2558 3123
2559 2560
2560 2561
2560 2568
2561 2574
2561 2572
2562 2563
2563 2567
2563 2564
2564 2576
2564 2568
2564 2574
2565 2576
2565 2566
2566 2570
2567 2568
2569 2571
2569 2570
2569 2573
2572 2573
2573 2575
2574 2575
2575 2576
2577 2578
2578 2579
2580 3615
2581 2583
2581 2582
2581 3615
2582 2593
2583 2584
2583 2588
2584 2586
2584 2585
2585 2589
2585 2587
2586 2587
2588 2590
2588 2591
2589 2592
2589 2591
2590 2591
2590 2592
2593 2594
2595 4804
2595 4761
2596 2597
2597 2598
2598 2602
2599 2604
2599 2601
2599 2603
2600 2601
2601 2605
2602 2604
2602 2603
2602 2605
2603 2604
2604 2605
2606 3596
2607 2608
2609 2615
2609 2611
2609 2610
2611 3220
2611 2612
2613 3220
2613 2614
2615 3219
2617 3164
2617 2618
2618 2620
2619 2620
2620 2621
2622 2623
2624 2625
2626 2628
2626 2627
2628 2629
2630 2631
2631 5064
2631 2661
2631 5063
2632 5071
2632 5060
2632 5069
2633 5173
2633 5332
2633 5333
2634 5069
2634 5067
2634 5059
2635 4959
2635 2637
2635 4965
2635 5039
2636 5334
2636 2657
2637 2658
2637 4970
2638 4954
2638 5292
2638 4958
2639 5020
2639 2641
2639 2643
2640 2659
2640 4955
2640 5020
2642 2643
2643 5073
2644 4983
2644 4992
2645 4989
2646 4989
2646 2647
2646 4990
2646 4986
2647 4994
2647 4415
2648 3297
2649 4729
2650 2652
2650 5163
2651 5159
2652 5162
2653 5102
2654 5102
2655 5103
2656 5078
2656 5075
2656 5108
2657 5294
2658 2660
2658 5038
2659 4977
2660 4972
2663 2664
2663 2665
2664 5289
2665 5288
2666 5291
2667 2985
2669 2670
2672 2682
2672 2673
2673 3665
2673 2682
2674 2677
2674 2678
2675 2676
2676 2680
2676 2677
2677 2679
2678 3657
2678 2685
2679 2680
2679 3657
2680 2681
2681 2682
2681 3654
2683 2685
2683 2687
2684 2687
2685 2686
2685 3652
2686 2687
2686 2688
2688 3668
2688 4754
2690 2692
2690 4034
2691 2692
2692 2693
2694 4309
2694 4314
2695 4941
2696 2719
2696 3059
2696 3443
2697 2703
2697 2702
2697 2711
2697 3059
2698 2699
2699 3443
2699 2700
2699 3442
2700 2701
2700 2708
2701 2707
2702 2704
2702 2715
2703 2710
2703 2704
2703 3060
2704 2706
2705 3058
2705 2710
2705 2706
2706 2722
2707 3058
2707 2708
2707 2721
2708 2722
2709 3061
2709 3060
2709 2721
2710 3061
2711 2712
2711 2715
2711 2714
2712 2713
2712 2716
2715 2716
2716 2717
2718 2719
2719 3059
2719 2841
2720 3061
2720 3058
2720 2721
2722 3058
2723 2724
2724 2725
2725 2726
2726 2727
2727 2728
2729 2731
2729 3098
2730 2731
2731 2732
2733 2737
2733 2734
2733 2746
2734 3590
2734 2736
2735 3700
2735 3589
2735 4393
2736 2737
2736 3589
2737 2738
2738 2739
2738 4382
2739 3347
2740 3344
2740 3104
2740 3347
2741 2742
2741 3758
2741 3344
2742 2751
2742 3758
2742 2743
2743 2747
2743 2744
2744 2745
2744 4911
2746 4023
2747 2748
2748 2750
2748 2749
2749 2769
2752 3294
2752 3673
2752 2753
2753 2759
2753 3672
2754 2761
2754 2763
2755 4351
2755 2759
2756 4351
2757 2764
2757 2758
2757 2760
2758 2765
2758 2762
2759 2765
2760 2767
2760 2762
2761 2767
2761 3674
2762 2766
2763 2766
2764 3706
2764 2765
2764 2767
2765 2766
2766 2767
2769 3053
2770 3051
2771 3398
2771 4725
2771 4724
2772 2773
2774 2777
2774 2776
2775 3112
2775 2776
2775 2777
2778 3546
2778 3600
2779 3819
2779 3822
2780 4712
2780 3210
2781 2969
2781 3210
2781 4710
2782 3672
2782 3578
2782 3572
2783 3635
2783 3573
2785 2787
2785 3261
2786 2787
2787 2788
2789 2790
2790 2792
2790 2795
2791 2792
2792 2793
2794 2795
2795 2796
2795 2797
2798 2804
2798 2799
2800 2801
2800 2802
2802 2803
2802 3044
2804 2805
2806 3491
2806 2807
2806 4828
2807 2850
2808 2813
2808 2809
2809 2810
2809 2813
2810 2811
2810 2812
2813 3397
2813 4757
2814 2815
2814 2816
2815 2817
2815 2816
2818 2819
2818 2820
2819 3190
2820 3574
2820 2833
2821 2822
2821 2833
2821 5364
2822 2830
2822 2829
2823 5370
2823 2824
2823 3571
2824 2825
2824 5364
2825 5364
2825 2826
2826 2827
2826 2831
2827 5366
2827 2834
2828 5366
2828 2829
2828 2831
2829 2832
2830 5364
2830 2831
2832 2833
2832 5367
2835 4872
2835 2836
2838 2839
2841 3633
2842 2844
2843 2845
2843 2844
2844 2845
2846 2849
2846 2847
2847 2848
2848 2849
2851 3298
2851 2852
2854 2855
2854 2856
2856 2859
2856 2857
2858 2859
2860 3145
2860 3698
2860 2971
2861 2862
2864 2870
2865 2866
2865 2867
2865 2870
2867 2869
2867 2868
2870 2871
2872 2873
2874 2875
2876 2877
2878 2879
2879 2880
2881 2902
2881 2882
2882 2889
2882 2883
2883 2884
2883 2893
2884 2902
2884 2885
2886 2893
2886 2887
2886 2895
2887 2888
2887 2894
2887 2891
2888 2890
2889 2896
2890 2895
2890 2894
2890 2896
2891 2892
2892 2897
2892 2893
2894 2895
2895 2896
2898 2899
2900 2901
2902 2903
2904 2905
2907 2914
2907 2908
2908 2912
2908 2914
2908 2913
2909 2910
2909 2913
2909 2911
2910 2913
2910 2912
2911 2912
2916 2917
2918 2919
2918 2934
2918 2933
2919 2921
2919 2920
2920 2932
2920 2933
2921 2922
2921 2932
2922 2924
2922 2923
2923 2931
2923 2932
2924 2925
2924 2931
2925 2927
2925 2926
2926 2930
2926 2931
2927 2930
2928 2933
2929 2930
2935 3227
2935 2937
2936 2940
2936 2941
2937 2940
2937 2938
2938 2943
2938 2942
2939 2940
2939 2943
2939 2941
2942 3227
2943 2944
2945 2946
2946 2947
2947 2953
2947 2956
2948 2951
2948 2953
2948 2958
2949 2953
2949 2950
2949 2951
2951 2952
2953 2954
2954 2957
2954 2956
2955 2961
2955 2957
2955 2960
2956 2961
2957 2958
2958 2960
2959 2960
2959 2962
2961 2962
2962 4703
2969 2972
2970 3141
2970 2971
2970 3415
2971 2972
2972 3577
2973 4710
2974 3819
2974 3820
2974 2976
2974 3821
2975 3752
2975 2976
2975 3748
2975 3750
2976 4715
2977 2978
2978 3114
2979 3757
2979 2980
2981 3011
2981 3015
2981 3017
2981 3016
2982 3547
2983 2984
2984 3547
2985 5051
2985 5048
2986 2999
2986 2998
2986 3001
2987 2998
2988 3084
2989 4706
2989 3084
2990 2995
2990 3083
2991 3084
2992 2994
2992 4884
2992 2993
2993 2994
2993 3042
2995 2996
2995 3499
2996 3006
2997 3018
2997 3009
2997 3010
2999 3107
3000 3001
3002 3038
3002 3009
3003 3004
3003 3005
3004 3041
3005 4883
3005 4887
3006 3018
3006 3017
3007 3024
3007 3017
3007 4702
3008 3083
3008 3026
3008 3022
3010 3011
3010 3037
3011 3012
3012 3094
3013 3081
3014 3021
3014 4702
3015 3016
3017 3018
3019 3085
3019 3027
3019 3022
3020 3023
3020 3080
3020 3025
3021 3029
3021 3023
3023 3080
3023 3028
3024 3499
3024 3080
3025 3082
3025 3314
3025 3032
3026 3093
3026 3314
3027 3082
3028 3029
3029 3081
3031 3032
3033 3034
3033 3036
3035 3039
3035 3036
3037 3038
3042 3319
3042 5347
3044 3045
3046 3050
3046 4718
3046 4885
3047 3048
3047 4718
3047 3092
3049 3092
3049 4897
3050 4882
3050 4885
3051 3382
3051 3052
3051 3057
3052 3333
3052 3334
3053 3339
3053 3054
3054 3338
3055 3299
3055 3337
3055 3336
3055 3356
3056 3335
3056 3057
3056 3382
3057 3334
3059 3060
3060 3061
3062 4871
3063 4750
3063 3193
3064 4825
3067 3068
3068 3069
3068 3836
3069 3077
3069 3070
3070 3076
3070 3071
3071 3840
3071 3075
3072 3073
3072 3829
3073 3851
3073 3850
3073 3832
3074 5354
3074 3828
3075 3850
3075 3076
3076 3077
3077 3847
3078 3866
3078 3079
3078 3851
3080 4702
3082 3314
3083 3093
3085 3315
3086 3123
3086 3125
3086 3089
3087 3088
3088 3089
3090 3091
3093 3499
3094 4705
3096 3097
3099 3568
3099 3100
3100 3101
3101 3102
3102 3103
3103 3216
3103 3404
3104 3341
3104 3340
3104 3106
3105 3351
3105 3106
3106 3350
3107 4732
3108 4905
3108 3571
3109 3403
3109 3571
3110 3111
3113 3115
3114 3195
3116 3117
3116 3119
3116 3118
3117 3118
3117 3138
3118 3120
3119 3140
3121 3125
3121 3122
3123 3124
3125 3126
3126 3134
3126 3133
3127 3133
3127 3128
3127 3129
3128 3130
3128 3134
3129 3130
3129 3131
3130 3132
3131 3132
3133 3134
3135 3136
3137 3576
3138 3140
3138 3139
3139 3576
3139 3141
3140 3141
3142 3144
3142 3197
3143 3144
3145 3149
3146 3147
3147 3149
3147 3148
3149 3151
3150 3151
3151 3152
3153 3155
3153 3233
3154 3155
3157 4842
3157 4841
3158 4792
3158 3159
3159 4788
3160 4836
3160 4839
3160 4837
3161 4752
3161 3188
3162 4763
3163 3493
3163 3450
3164 3494
3164 3165
3165 3493
3166 3170
3166 3175
3166 4680
3167 4683
3168 4683
3168 4443
3168 3171
3168 3172
3169 4443
3169 4532
3169 4451
3169 4444
3170 3174
3170 4444
3170 4447
3171 3182
3171 3184
3172 3173
3172 4450
3173 3174
3173 4682
3174 4680
3175 4652
3175 4662
3176 3184
3177 3178
3177 3182
3177 4515
3177 4570
3178 3179
3178 4514
3178 4583
3179 4447
3179 3180
3180 3181
3180 4652
3181 4600
3181 4613
3182 3183
3183 3187
3183 4573
3184 4638
3185 4638
3185 3186
3185 3187
3188 4753
3188 3189
3189 4755
3190 4862
3191 5286
3192 4826
3192 4809
3192 3491
3193 4825
3193 4813
3194 3195
3195 3198
3196 3197
3203 3676
3204 4714
3204 3822
3205 3206
3205 3748
3206 3750
3206 3546
3207 3208
3207 3750
3207 4715
3208 3600
3208 4715
3209 4713
3209 3210
3209 3753
3210 3823
3211 3963
3214 3215
3216 4746
3217 3219
3218 3219
3221 3222
3221 3223
3222 3223
3225 3534
3225 3535
3226 3227
3228 3229
3230 3231
3231 3232
3234 3235
3236 3237
3238 3378
3238 3377
3238 3300
3239 3240
3241 3242
3242 3243
3244 3245
3244 3246
3245 4897
3248 3249
3249 3611
3250 3611
3251 3252
3252 3253
3252 3254
3255 3256
3257 3258
3257 3257
3259 3260
3261 3262
3266 4763
3266 4789
3267 5003
3267 5000
3268 5001
3268 5335
3269 4405
3269 5336
3269 5002
3270 5236
3270 5148
3271 5147
3271 5236
3272 5249
3272 5247
3273 5342
3273 5341
3274 4052
3275 3276
3277 4721
3278 3279
3279 3280
3279 3281
3282 3283
3284 3285
3284 3288
3284 3286
3285 3289
3285 3286
3287 3289
3287 3290
3289 3290
3291 4243
3291 4257
3292 3293
3294 4280
3294 3296
3295 4340
3295 4279
3295 3296
3296 4277
3297 4730
3299 3334
3299 3338
3300 3369
3301 3302
3303 3455
3303 3496
3303 3461
3304 3309
3305 3464
3305 3306
3307 3496
3307 3311
3307 3452
3307 3456
3308 3451
3308 3311
3308 3459
3309 3464
3309 3310
3309 3450
3310 3311
3310 3459
3313 3314
3316 3317
3318 3695
3318 3746
3318 3747
3320 3381
3320 3321
3322 3324
3322 3333
3322 3325
3323 3324
3324 3333
3325 3328
3325 3326
3327 3328
3328 3331
3329 3332
3330 3331
3331 3332
3338 3360
3342 3343
3343 3344
3344 3345
3346 3347
3347 3348
3348 3349
3352 4234
3352 4226
3352 3353
3353 4232
3353 4233
3354 4249
3354 3355
3356 3357
3356 4243
3358 3362
3359 3366
3359 3362
3359 3363
3360 3366
3361 3363
3362 3365
3362 3363
3363 3364
3366 3368
3366 3367
3369 3371
3370 3371
3371 4242
3372 3374
3372 3373
3379 4226
3379 4229
3380 4229
3380 4230
3381 3382
3383 3387
3383 3395
3384 3385
3385 3395
3388 3389
3389 3390
3390 3391
3391 3392
3392 3393
3393 3396
3394 3395
3394 3396
3396 3498
3397 4862
3397 3676
3398 3401
3398 3575
3399 3400
3399 3402
3400 3401
3401 3574
3402 3597
3403 3595
3403 3571
3404 3595
3404 4746
3405 4746
3406 4699
3406 4905
3406 5370
3407 3921
3408 3409
3409 4185
3409 4183
3410 4188
3410 4185
3410 4184
3411 4904
3411 4188
3412 3908
3412 3413
3413 3414
3413 3902
3415 3577
3415 3576
3416 4748
3417 3426
3417 3440
3418 3427
3418 3419
3418 3420
3419 3421
3419 3435
3420 3421
3421 3422
3422 3423
3422 3437
3423 3438
3423 3431
3424 3438
3425 3425
3425 3426
3426 3427
3427 3435
3428 3429
3429 3430
3429 3431
3431 3432
3432 3434
3432 3433
3435 3437
3436 3437
3439 3440
3441 3442
3444 3446
3444 3448
3444 3445
3447 3448
3448 3449
3451 3453
3451 3460
3452 3457
3452 3453
3453 3468
3454 3468
3458 3468
3459 3461
3460 3460
3461 3462
3462 3463
3464 3465
3466 3467
3469 3470
3471 3480
3471 3482
3471 4943
3472 3477
3472 3480
3472 3478
3473 3475
3473 3477
3473 4748
3474 3475
3474 3476
3476 3478
3476 3477
3478 3479
3479 3481
3479 3480
3481 3483
3481 3482
3482 3484
3483 3485
3483 3484
3484 3486
3485 3487
3485 3486
3486 3488
3487 3488
3487 3490
3488 3490
3489 3490
3491 4829
3491 3492
3494 4857
3495 3496
3497 3594
3497 3700
3498 3699
3500 3506
3500 3501
3501 3502
3501 3505
3501 3507
3502 3504
3502 3503
3504 3511
3504 3505
3505 3506
3505 3510
3506 3509
3508 3523
3508 3520
3508 3519
3509 3523
3509 3510
3510 3516
3510 3511
3511 3512
3512 3513
3512 3514
3513 3514
3513 3515
3514 3515
3515 3536
3516 3517
3516 3519
3517 3517
3518 3519
3518 3518
3520 3525
3520 3521
3521 3525
3522 3523
3522 3529
3522 3530
3522 3524
3524 3525
3524 3741
3526 3530
3527 3528
3528 3530
3528 3529
3531 3741
3532 3532
3533 3535
3534 3535
3536 3537
3536 3538
3539 3540
3540 3541
3542 3543
3548 3549
3550 3552
3550 3551
3552 3553
3554 3555
3556 3558
3556 5098
3556 5099
3557 3558
3560 4873
3561 3562
3562 3564
3562 3563
3564 3565
3564 3566
3568 3569
3569 4752
3570 4750
3572 3573
3574 3575
3575 4700
3577 4710
3581 3584
3584 3585
3588 3589
3589 3590
3590 3591
3590 3700
3591 3699
3591 3592
3591 4224
3601 3606
3601 3603
3601 3602
3603 3605
3604 3605
3605 3606
3607 3608
3607 3609
3609 3610
3609 3611
3612 3613
3617 3619
3618 3619
3619 3620
3619 3621
3621 3624
3622 3623
3623 3624
3625 3628
3626 3627
3627 3629
3628 3629
3630 3631
3632 3633
3640 3641
3641 3642
3642 3643
3643 3645
3643 3647
3644 3645
3644 3644
3645 3646
3648 3649
3649 3650
3652 3656
3652 3653
3653 3655
3654 3665
3654 3655
3655 3656
3656 3657
3658 3659
3659 3660
3659 3662
3659 3664
3661 3662
3662 3663
3668 3669
3671 3675
3671 3674
3672 3706
3674 3706
3676 4757
3677 3679
3678 3679
3679 3680
3681 3682
3683 3684
3685 3686
3685 5341
3685 5345
3686 3688
3686 3687
3687 3688
3690 3691
3692 3693
3695 3696
3699 3700
3701 3702
3703 3704
3704 3705
3709 3740
3710 3716
3710 3711
3711 3713
3711 3712
3711 3721
3712 3713
3712 3714
3713 3714
3715 3716
3717 3724
3717 3725
3717 3720
3718 3720
3719 3720
3721 3722
3722 3724
3723 3725
3724 3725
3726 3727
3726 3729
3727 3728
3728 3729
3731 3738
3732 3737
3732 3734
3732 3738
3733 3734
3734 3735
3736 3737
3737 3738
3741 3743
3742 3743
3742 3744
3745 3747
3746 3747
3749 3752
3749 3820
3749 4711
3749 3751
3751 3752
3753 4711
3759 3760
3759 3763
3761 3762
3762 3763
3762 3764
3763 3764
3765 3766
3765 3767
3765 3769
3768 3769
3769 3770
3771 3773
3772 3773
3774 3775
3774 3787
3774 3788
3775 3776
3775 3805
3776 3777
3776 3808
3777 3778
3777 3808
3778 3784
3778 3779
3779 3780
3779 3783
3780 3781
3780 3809
3781 3782
3781 3810
3785 3805
3785 3786
3785 3787
3785 3796
3787 3799
3788 3804
3788 3802
3789 3800
3789 3792
3789 3801
3790 3791
3790 3800
3790 3792
3792 3799
3793 3794
3793 3799
3794 3796
3796 3797
3797 3798
3800 3801
3801 3803
3801 3802
3802 3803
3803 3804
3805 3806
3807 3808
3812 3813
3813 3814
3814 3815
3814 3818
3815 3817
3815 3816
3819 3820
3821 3822
3821 4714
3824 3831
3824 3832
3824 3825
3825 3827
3825 3855
3826 3827
3827 3831
3828 3859
3828 3830
3828 3829
3829 3859
3831 3856
3832 3856
3833 3834
3833 3860
3833 3862
3834 3840
3834 3841
3835 3839
3835 3836
3835 3840
3836 3837
3836 3838
3841 3865
3841 3855
3842 3843
3842 3845
3842 3848
3843 3844
3843 3850
3844 3852
3844 3845
3845 3846
3845 3853
3846 3853
3846 3847
3847 3866
3848 3849
3848 3851
3850 3865
3853 3854
3855 3863
3856 3857
3858 3859
3860 3863
3860 3861
3861 3864
3861 3862
3862 3864
3863 3864
3867 3867
3868 3869
3869 3870
3869 3871
3870 3871
3872 3882
3872 3873
3873 3875
3873 3874
3876 3921
3876 3879
3876 3877
3877 3878
3877 3882
3878 3879
3878 3880
3879 3880
3880 3881
3883 3886
3884 3885
3885 3924
3886 3924
3886 3887
3888 3889
3888 3894
3888 3892
3889 3891
3889 3894
3890 3891
3890 3897
3890 3893
3891 3892
3892 3893
3893 3899
3894 3895
3895 3896
3896 3897
3897 3898
3898 3899
3898 3903
3899 3900
3900 3901
3900 3903
3901 3902
3902 3903
3904 3905
3905 3905
3906 3907
3907 3907
3908 3909
3909 3912
3909 3915
3909 3914
3910 3912
3910 3911
3911 3913
3912 3913
3913 3914
3914 3915
3915 3916
3917 3918
3918 3919
3918 3920
3922 3923
3924 3925
3926 3928
3927 3932
3927 3928
3928 3929
3929 3929
3931 3932
3933 3934
3936 3937
3938 3940
3938 3939
3940 3941
3942 3947
3943 3946
3943 3944
3944 3947
3944 3945
3945 3946
3945 3947
3948 3955
3949 3956
3949 3955
3949 3950
3950 3953
3950 3957
3950 3954
3951 3952
3951 3953
3951 3962
3953 3954
3954 3955
3956 3957
3956 3958
3957 3959
3958 3959
3958 3960
3959 3961
3960 3961
3962 3963
3962 3964
3965 3966
3965 3974
3966 3967
3966 3969
3968 3969
3969 3970
3971 3974
3971 3972
3972 3973
3974 3975
3975 3976
3977 3979
3978 3979
3979 3980
3980 3983
3980 3984
3981 3982
3981 3983
3984 3985
3984 4005
3985 3987
3985 3986
3986 3987
3986 4003
3987 3997
3987 4005
3988 3989
3988 3990
3988 3999
3989 4000
3989 3990
3990 3992
3991 4000
3991 4001
3991 3992
3992 3994
3993 4001
3993 3995
3993 3994
3994 3996
3995 4004
3995 3996
3996 3998
3997 4004
3997 3998
3998 4005
3999 4000
3999 4002
4001 4002
4002 4003
4003 4004
4006 4007
4006 4021
4007 4008
4007 4228
4008 4011
4008 4009
4009 4012
4009 4013
4009 4010
4014 4021
4014 4015
4015 4016
4015 4017
4018 4019
4019 4020
4021 4022
4023 4224
4023 4024
4024 4026
4024 4025
4025 4026
4025 4028
4026 4027
4027 4028
4027 4032
4028 4029
4029 4030
4030 4031
4033 4034
4036 4038
4036 4047
4036 4100
4036 4037
4037 4091
4037 4038
4038 4198
4038 4048
4039 4091
4039 4087
4039 4040
4040 4081
4040 4198
4040 4049
4041 4042
4041 4045
4041 4049
4041 4123
4042 4165
4042 4177
4043 4044
4043 4165
4043 4052
4044 4123
4044 4124
4044 4054
4045 4173
4045 4107
4045 4047
4046 4181
4046 4064
4046 4177
4046 4060
4047 4048
4048 4107
4048 4115
4049 4050
4049 4115
4050 4051
4050 4055
4050 4124
4051 4140
4051 4142
4051 4059
4052 4150
4052 4053
4053 4054
4053 4142
4054 4150
4054 4140
4055 4073
4055 4081
4055 4056
4056 4090
4056 4057
4057 4065
4057 4058
4058 4059
4058 4080
4059 4067
4060 4061
4060 4181
4061 4062
4061 4180
4062 4063
4062 4179
4063 4178
4063 4173
4065 4067
4065 4069
4066 4067
4066 4071
4066 4072
4068 4069
4069 4071
4070 4071
4073 4080
4073 4077
4074 4079
4074 4080
4074 4078
4075 4076
4075 4079
4075 4077
4076 4078
4076 4077
4078 4079
4081 4089
4082 4084
4083 4084
4084 4086
4085 4086
4086 4089
4087 4090
4087 4088
4088 4089
4088 4090
4091 4093
4092 4093
4093 4095
4094 4095
4095 4097
4096 4097
4097 4099
4098 4099
4099 4198
4100 4101
4100 4102
4101 4102
4101 4103
4102 4104
4103 4105
4103 4104
4104 4106
4105 4106
4107 4108
4108 4114
4108 4113
4109 4111
4109 4110
4110 4112
4111 4113
4111 4112
4112 4114
4113 4114
4115 4122
4116 4118
4117 4118
4118 4120
4119 4120
4120 4122
4121 4122
4123 4132
4124 4125
4124 4135
4125 4126
4125 4127
4127 4130
4127 4128
4129 4130
4130 4132
4131 4132
4133 4138
4133 4134
4133 4139
4135 4136
4135 4137
4136 4138
4136 4137
4137 4139
4138 4139
4140 4141
4141 4145
4141 4143
4142 4143
4143 4144
4144 4146
4144 4145
4145 4147
4146 4148
4146 4147
4147 4149
4148 4149
4150 4155
4150 4162
4151 4152
4152 4153
4152 4154
4153 4157
4153 4154
4154 4156
4155 4157
4155 4156
4156 4157
4158 4159
4158 4163
4159 4160
4159 4164
4160 4161
4160 4162
4161 4164
4161 4162
4163 4164
4165 4166
4166 4167
4166 4168
4167 4172
4167 4171
4168 4169
4168 4170
4169 4172
4169 4170
4170 4171
4171 4172
4173 4178
4173 4174
4174 4175
4174 4178
4175 4176
4175 4179
4176 4182
4176 4180
4177 4182
4178 4179
4179 4180
4180 4181
4181 4182
4185 4186
4187 4188
4189 4191
4189 4194
4189 4190
4191 4192
4192 4195
4192 4193
4194 4195
4196 4196
4196 4197
4199 4200
4200 4201
4200 4202
4201 4202
4201 4203
4202 4207
4203 4204
4203 4206
4204 4206
4205 4208
4207 4211
4207 4209
4208 4221
4208 4209
4209 4210
4211 4212
4211 4220
4212 4214
4212 4219
4213 4217
4214 4215
4216 4217
4217 4219
4218 4219
4221 4222
4221 4223
4224 4225
4226 4227
4229 4230
4230 4231
4234 4235
4235 4236
4235 4237
4237 4241
4237 4240
4238 4240
4239 4241
4240 4241
4243 4244
4244 4245
4244 4248
4245 4247
4245 4246
4249 4250
4251 4252
4252 4253
4254 4255
4255 4258
4255 4256
4259 4260
4260 4260
4261 4269
4261 4733
4261 4263
4262 4733
4263 4272
4264 4265
4265 4273
4265 4266
4266 4268
4266 4270
4267 4268
4268 4269
4269 4270
4270 4271
4271 4271
4274 4275
4275 4733
4276 4277
4277 4278
4281 4282
4283 4285
4283 4284
4285 4286
4287 4288
4289 4290
4291 4292
4291 4293
4292 4293
4293 4294
4294 4295
4294 4298
4294 4297
4295 4302
4295 4301
4295 4303
4296 4299
4296 4304
4296 4300
4296 4310
4297 4304
4297 4312
4298 4300
4298 4314
4299 4302
4299 4303
4299 4301
4300 4301
4300 4308
4301 4302
4302 4303
4303 4304
4305 4313
4305 4306
4307 4308
4308 4309
4311 4312
4312 4315
4313 4318
4315 4318
4315 4316
4317 4318
4319 4321
4320 4321
4321 4322
4323 4324
4325 4326
4326 4328
4327 4328
4328 4329
4329 4330
4331 4332
4333 4335
4334 4335
4335 4336
4337 4342
4338 4339
4340 4341
4342 4343
4345 4346
4346 4348
4347 4348
4348 4367
4349 4350
4351 4352
4353 4354
4354 4355
4355 4356
4356 4357
4356 4360
4358 4360
4359 4360
4361 4362
4362 4363
4363 4364
4365 4366
4367 4368
4369 4371
4370 4372
4370 4371
4371 4372
4373 4374
4375 4376
4377 4378
4378 4944
4380 4944
4380 4381
4380 4747
4382 4385
4382 4383
4384 4385
4386 4387
4387 4388
4387 4389
4390 4391
4392 4393
4393 4394
4394 4395
4396 4397
4398 4403
4398 4399
4400 4403
4400 4401
4402 4403
4405 5002
4406 4409
4406 4410
4406 4411
4407 4408
4407 4410
4408 4415
4411 5002
4411 4412
4413 4414
4415 4998
4415 4997
4416 4995
4416 4991
4416 4983
4417 4418
4417 4420
4418 4419
4419 4420
4421 4422
4422 4429
4422 4436
4423 4431
4424 4424
4424 4431
4424 4434
4425 4434
4425 4432
4425 4426
4427 4432
4427 4428
4427 4429
4428 4428
4429 4442
4430 4431
4430 4442
4430 4440
4432 4433
4433 4435
4433 4434
4437 4440
4437 4438
4438 4439
4440 4441
4441 4441
4441 4442
4443 4533
4443 4452
4444 4531
4445 4446
4445 4531
4445 4537
4445 4538
4445 4540
4446 4564
4446 4558
4446 4531
4447 4513
4448 4449
4448 4469
4448 4488
4449 4466
4449 4450
4450 4503
4451 4485
4451 4452
4451 4507
4452 4454
4452 4486
4453 4454
4453 4486
4453 4455
4454 4457
4454 4470
4456 4464
4457 4467
4457 4464
4458 4463
4459 4463
4460 4462
4461 4462
4462 4463
4463 4464
4465 4467
4466 4467
4466 4494
4467 4490
4468 4488
4468 4469
4468 4507
4469 4485
4469 4479
4469 4470
4470 4471
4470 4478
4471 4472
4471 4473
4473 4474
4473 4475
4476 4478
4477 4478
4479 4482
4479 4481
4480 4484
4480 4485
4480 4483
4481 4483
4481 4482
4482 4484
4483 4484
4486 4487
4488 4489
4490 4496
4490 4492
4491 4492
4492 4493
4493 4494
4493 4496
4494 4495
4496 4503
4497 4506
4498 4506
4499 4505
4500 4505
4501 4504
4502 4504
4503 4504
4504 4505
4505 4506
4507 4508
4509 4510
4510 4518
4510 4522
4510 4511
4511 4514
4511 4520
4511 4512
4512 4513
4512 4514
4513 4563
4514 4515
4515 4518
4515 4516
4517 4518
4518 4568
4519 4569
4520 4559
4520 4521
4521 4522
4521 4529
4522 4527
4523 4525
4524 4525
4525 4527
4526 4527
4528 4529
4529 4543
4529 4530
4530 4559
4530 4542
4530 4558
4531 4532
4532 4539
4532 4533
4533 4546
4533 4534
4535 4536
4536 4543
4536 4546
4536 4537
4537 4552
4537 4539
4538 4538
4539 4540
4540 4541
4542 4552
4542 4550
4543 4544
4543 4551
4545 4548
4546 4547
4546 4548
4547 4547
4548 4549
4550 4551
4552 4553
4553 4554
4553 4555
4554 4556
4554 4555
4555 4557
4556 4557
4557 4558
4559 4560
4560 4561
4560 4566
4561 4567
4561 4566
4562 4563
4562 4567
4562 4565
4563 4564
4565 4566
4565 4567
4568 4569
4570 4591
4570 4583
4570 4594
4571 4618
4571 4584
4571 4595
4571 4617
4572 4573
4573 4611
4573 4612
4574 4607
4574 4601
4574 4602
4574 4605
4575 4599
4575 4580
4575 4576
4575 4613
4576 4598
4576 4579
4576 4577
4577 4578
4577 4597
4578 4579
4578 4617
4579 4616
4579 4580
4580 4615
4580 4581
4581 4614
4581 4613
4582 4595
4582 4583
4582 4614
4583 4590
4584 4591
4584 4585
4584 4594
4585 4595
4585 4588
4585 4586
4587 4588
4588 4590
4589 4590
4591 4592
4593 4594
4595 4632
4596 4606
4597 4604
4597 4598
4598 4603
4598 4599
4599 4602
4599 4600
4600 4601
4601 4602
4602 4603
4603 4605
4603 4604
4604 4606
4605 4608
4605 4606
4607 4610
4607 4608
4608 4609
4609 4611
4609 4610
4610 4612
4611 4612
4614 4615
4615 4616
4615 4628
4616 4622
4616 4617
4618 4622
4618 4620
4619 4620
4620 4621
4622 4625
4623 4627
4624 4625
4625 4627
4626 4627
4628 4637
4628 4631
4629 4631
4630 4631
4632 4635
4632 4633
4634 4635
4635 4637
4636 4637
4638 4639
4639 4640
4639 4641
4640 4641
4640 4643
4641 4642
4642 4644
4642 4643
4643 4645
4644 4646
4644 4645
4645 4647
4646 4648
4646 4647
4647 4649
4648 4650
4648 4649
4649 4651
4650 4651
4652 4676
4653 4664
4654 4655
4655 4658
4655 4656
4656 4657
4656 4664
4657 4658
4657 4661
4658 4659
4659 4660
4659 4661
4661 4662
4662 4663
4664 4665
4665 4675
4665 4666
4666 4667
4666 4674
4667 4668
4668 4669
4669 4670
4669 4674
4670 4671
4670 4673
4671 4675
4671 4672
4672 4673
4673 4674
4675 4676
4676 4677
4677 4679
4678 4679
4680 4681
4681 4681
4683 4694
4684 4685
4684 4690
4684 4688
4685 4689
4685 4691
4686 4687
4686 4688
4687 4689
4688 4689
4690 4692
4690 4691
4691 4693
4692 4694
4692 4693
4693 4694
4695 4696
4696 4696
4697 5369
4697 4700
4697 4698
4698 4699
4699 5370
4700 4905
4704 5151
4706 4707
4711 4713
4712 4713
4714 4715
4716 4717
4718 4882
4719 4880
4720 4880
4721 4736
4721 4723
4722 4724
4722 4723
4723 4735
4723 4725
4724 4725
4725 4734
4726 4727
4727 4902
4728 4731
4728 4729
4729 4730
4730 4731
4737 4738
4737 4740
4738 4739
4738 4741
4739 4742
4739 4743
4740 4741
4741 4742
4742 4901
4743 4744
4744 4745
4747 4748
4748 4943
4749 4750
4751 4752
4754 4756
4755 4756
4759 4765
4760 4764
4761 4762
4762 4790
4762 4763
4764 4765
4766 4768
4767 4770
4767 4771
4767 4769
4768 4769
4768 4770
4769 4770
4771 4804
4771 4774
4772 4773
4772 4774
4773 4774
4775 4777
4775 4776
4776 4778
4777 4778
4778 4780
4779 4781
4779 4780
4780 4782
4781 4783
4781 4782
4782 4784
4783 4785
4783 4784
4784 4786
4785 4787
4785 4786
4788 4789
4788 4791
4789 4790
4789 4794
4791 4801
4791 4794
4792 4797
4792 4851
4793 4794
4793 4803
4794 4795
4795 4800
4795 4803
4796 4798
4796 4800
4796 4799
4797 4799
4797 4801
4798 4799
4798 4802
4800 4801
4800 4802
4802 4803
4802 4805
4803 4805
4804 4805
4806 4807
4807 4817
4808 4809
4809 4831
4810 4811
4811 4823
4812 4813
4813 4823
4814 4815
4815 4821
4816 4817
4817 4819
4818 4819
4819 4821
4820 4821
4822 4823
4824 4825
4825 4826
4826 4827
4828 4832
4829 4830
4830 4834
4830 4835
4833 4836
4835 4836
4835 4849
4835 4848
4836 4844
4837 4838
4839 4846
4839 4844
4840 4847
4840 4844
4840 4849
4841 4843
4842 4846
4842 4843
4843 4847
4844 4845
4845 4846
4845 4847
4847 4853
4848 4849
4849 4853
4850 4852
4851 4852
4852 4853
4854 4855
4856 4857
4857 4858
4858 4859
4860 4861
4863 4865
4864 4865
4873 4874
4874 4875
4875 4877
4875 4876
4878 4879
4880 4886
4884 4887
4887 4888
4889 4894
4889 4893
4890 4893
4891 4892
4901 4902
4902 5368
4906 4907
4906 4930
4907 4908
4907 4909
4908 4909
4910 4937
4911 4917
4912 4917
4912 4913
4913 4914
4914 4937
4914 4918
4915 4918
4915 4919
4915 4916
4916 4917
4916 4920
4919 4934
4919 4936
4919 4920
4920 4934
4921 4925
4921 4922
4922 4926
4922 4923
4923 4927
4923 4924
4924 4930
4924 4928
4925 4931
4925 4926
4926 4927
4927 4928
4928 4929
4932 4933
4934 4936
4935 4936
4936 5346
4938 4939
4938 4943
4939 4942
4940 4941
4941 4942
4943 4944
4945 5034
4945 4953
4945 5013
4946 5027
4946 5025
4946 5035
4947 4948
4947 5035
4947 4953
4947 4952
4948 4952
4948 4950
4948 4951
4949 4952
4949 5016
4949 5015
4953 5014
4954 5009
4954 5015
4955 4975
4955 4956
4955 5018
4956 4978
4956 4979
4956 4957
4957 4973
4957 4980
4958 5010
4958 4961
4959 4966
4960 5292
4960 4967
4960 4961
4961 4966
4961 4962
4962 4968
4962 4963
4963 4969
4963 4964
4964 4965
4964 4970
4965 4966
4966 4967
4967 5089
4968 5016
4968 5010
4969 4970
4969 4976
4970 4971
4971 4972
4971 4976
4972 4977
4972 4980
4973 4978
4973 4974
4974 5036
4975 4978
4975 5019
4976 4977
4977 4979
4979 4980
4981 4985
4981 5018
4981 5057
4982 4985
4982 4991
4982 4992
4982 4983
4983 4984
4984 5004
4984 4995
4985 5056
4986 4987
4986 4991
4987 5056
4987 4989
4988 4989
4988 4990
4988 5057
4990 4997
4991 4994
4992 5073
4992 4993
4993 5005
4993 5339
4994 4996
4995 5003
4996 4998
4996 5000
4997 5019
4998 4999
5000 5001
5001 5002
5003 5334
5004 5334
5004 5293
5005 5022
5005 5023
5006 5007
5006 5027
5006 5011
5007 5030
5007 5029
5008 5033
5008 5030
5008 5012
5009 5339
5009 5033
5010 5015
5011 5012
5011 5034
5012 5013
5013 5014
5014 5015
5016 5017
5017 5022
5017 5020
5018 5020
5018 5019
5021 5025
5021 5023
5021 5022
5023 5024
5025 5026
5027 5028
5030 5031
5032 5033
5034 5035
5036 5037
5036 5043
5037 5042
5037 5038
5038 5064
5038 5039
5039 5206
5039 5040
5040 5207
5040 5205
5041 5093
5041 5090
5041 5207
5042 5044
5042 5054
5043 5046
5043 5053
5044 5058
5044 5055
5045 5047
5045 5052
5045 5053
5046 5054
5046 5050
5047 5055
5047 5050
5048 5053
5049 5050
5050 5053
5051 5052
5051 5065
5052 5058
5054 5055
5056 5057
5058 5070
5059 5206
5059 5068
5060 5063
5060 5068
5060 5070
5061 5063
5062 5064
5063 5064
5065 5066
5065 5071
5066 5067
5066 5069
5067 5199
5067 5167
5068 5069
5070 5071
5072 5073
5074 5204
5074 5201
5075 5155
5075 5154
5076 5077
5077 5331
5077 5158
5078 5158
5079 5200
5079 5203
5079 5083
5080 5202
5080 5201
5080 5082
5081 5082
5082 5083
5083 5084
5085 5086
5085 5087
5085 5208
5086 5200
5087 5097
5088 5200
5088 5201
5089 5090
5089 5092
5092 5129
5093 5095
5094 5095
5095 5097
5096 5097
5100 5101
5101 5103
5101 5153
5102 5119
5102 5111
5103 5108
5103 5152
5104 5105
5104 5107
5104 5154
5105 5106
5106 5118
5106 5116
5107 5118
5107 5152
5108 5154
5108 5165
5109 5122
5109 5165
5109 5110
5110 5151
5110 5149
5111 5112
5111 5113
5113 5114
5113 5122
5114 5120
5114 5119
5115 5120
5115 5153
5115 5116
5116 5152
5117 5118
5119 5121
5120 5121
5121 5153
5122 5149
5123 5291
5123 5283
5123 5288
5124 5279
5124 5272
5124 5282
5125 5126
5125 5279
5126 5291
5127 5296
5127 5137
5128 5130
5128 5136
5129 5295
5130 5278
5131 5132
5131 5278
5131 5276
5132 5133
5133 5134
5133 5239
5134 5135
5135 5138
5136 5138
5137 5141
5139 5148
5139 5143
5141 5294
5149 5150
5155 5166
5155 5156
5156 5312
5156 5307
5157 5159
5158 5164
5158 5324
5159 5161
5159 5162
5160 5162
5160 5164
5161 5163
5162 5163
5166 5305
5167 5169
5167 5168
5169 5171
5169 5170
5171 5173
5171 5172
5173 5174
5175 5189
5176 5178
5176 5189
5177 5188
5178 5188
5179 5187
5180 5181
5181 5183
5181 5185
5182 5183
5183 5186
5184 5187
5184 5332
5184 5305
5185 5189
5186 5190
5186 5193
5187 5188
5188 5189
5191 5193
5191 5198
5191 5192
5193 5194
5194 5195
5194 5196
5194 5197
5197 5198
5197 5202
5198 5199
5199 5203
5202 5203
5204 5232
5205 5208
5205 5206
5207 5209
5208 5211
5209 5211
5209 5210
5211 5212
5213 5214
5213 5235
5213 5232
5214 5215
5215 5233
5217 5220
5217 5221
5217 5223
5219 5220
5219 5285
5221 5222
5222 5225
5222 5223
5223 5227
5224 5225
5224 5226
5224 5228
5225 5227
5226 5227
5226 5300
5228 5229
5231 5232
5233 5234
5234 5235
5236 5237
5237 5238
5238 5239
5238 5240
5240 5242
5241 5298
5241 5245
5242 5247
5243 5244
5243 5246
5244 5264
5245 5265
5246 5248
5246 5252
5247 5248
5249 5251
5249 5345
5250 5251
5251 5343
5252 5254
5252 5255
5253 5254
5254 5256
5255 5256
5255 5257
5256 5260
5257 5259
5257 5262
5258 5259
5260 5269
5262 5264
5265 5274
5266 5268
5266 5281
5266 5273
5267 5268
5269 5270
5269 5299
5271 5272
5271 5273
5271 5281
5273 5277
5274 5277
5274 5275
5275 5276
5275 5298
5278 5280
5279 5280
5281 5286
5282 5283
5284 5287
5285 5286
5287 5290
5287 5288
5289 5290
5292 5295
5293 5294
5293 5296
5294 5334
5295 5297
5296 5297
5300 5301
5300 5303
5302 5303
5304 5328
5304 5319
5304 5330
5305 5306
5306 5320
5306 5307
5307 5311
5308 5310
5308 5322
5308 5316
5309 5316
5309 5314
5309 5310
5310 5312
5311 5314
5311 5312
5313 5314
5315 5316
5317 5318
5318 5319
5318 5320
5319 5321
5320 5321
5321 5323
5322 5325
5322 5323
5323 5327
5324 5325
5324 5327
5325 5327
5326 5327
5328 5331
5328 5329
5330 5331
5330 5332
5343 5345
5344 5345
5348 5354
5348 5359
5348 5360
5349 5350
5349 5357
5350 5356
5350 5357
5351 5352
5352 5353
5354 5355
5355 5356
5356 5358
5356 5359
5362 5363
5365 5367
5366 5367
5368 5369
