0 1336
0 2629
0 1345
1 55
1 381
1 1255
1 83
2 5
2 7
2 3
3 9
3 4
4 5
5 6
6 643
6 2754
8 9
8 2755
10 11
10 18
10 17
11 1757
11 12
12 18
12 387
13 2085
13 195
13 19
13 15
14 423
14 2087
14 18
15 386
15 16
15 423
16 206
16 19
17 206
17 1410
19 589
19 63
20 21
20 483
20 1291
21 291
21 480
22 1009
22 291
23 41
23 154
24 2849
24 41
24 1066
25 37
25 1843
25 1842
25 1840
26 1052
26 119
26 125
27 422
27 324
27 1052
28 29
28 38
28 1439
29 30
29 321
30 31
30 736
31 40
31 39
32 33
32 1064
32 40
33 1439
33 1064
34 2420
34 91
35 36
35 2420
36 126
37 870
37 929
37 899
38 2423
38 179
39 2424
39 42
39 2914
40 42
41 1068
42 1556
42 2915
43 2915
43 44
43 1068
44 45
44 2915
44 2916
45 287
45 286
46 1352
46 1362
46 1249
47 1352
47 1336
47 1348
48 191
48 380
48 709
48 1255
49 683
49 682
49 173
50 51
50 725
50 724
51 727
51 715
52 1641
52 71
52 83
52 2070
53 714
53 172
53 54
54 683
54 706
54 162
55 1331
55 1328
55 969
56 1723
56 1724
57 2330
57 1071
57 421
58 2885
58 59
58 701
59 702
59 731
60 715
60 726
60 703
60 702
61 824
61 848
61 2848
62 67
62 1088
62 1387
63 65
63 876
64 2775
64 384
64 385
65 368
65 2628
66 67
66 2341
66 197
66 368
67 1089
67 196
68 1092
68 298
68 2947
69 2779
69 293
69 2772
69 367
70 999
70 2118
71 2025
71 72
72 1338
72 1639
72 1634
73 74
73 1076
73 1220
73 1617
74 2831
74 1614
74 1190
75 2411
75 2831
75 1159
76 2863
76 208
76 2411
76 1106
77 78
77 1587
77 1159
78 1113
78 1148
79 2769
79 80
79 332
80 1402
80 1163
80 140
81 1106
81 1094
81 1105
81 1126
82 1098
82 1126
82 1194
82 1105
83 366
83 1642
84 85
84 87
84 2721
85 88
85 86
86 2871
86 88
87 90
87 2871
89 647
89 90
89 648
89 645
90 2721
91 648
91 2534
92 422
92 645
92 325
93 1754
93 339
93 2859
93 94
94 338
94 95
95 96
95 334
96 348
96 97
96 114
97 347
97 1479
98 158
98 688
98 1479
99 1729
99 1003
99 362
99 2630
99 2631
100 1800
100 1801
100 112
100 113
101 1783
101 1726
101 1808
101 1788
102 103
102 1781
102 1788
103 2204
103 2208
104 1876
104 2204
104 1878
105 2728
105 1876
105 1875
105 1287
106 1536
106 2640
106 1540
107 2640
107 2637
107 1531
107 1532
108 2638
108 2015
108 976
108 2013
109 1808
109 110
109 2073
109 1802
110 2342
110 1749
111 112
111 2073
111 2342
112 113
112 2073
113 2076
114 2764
114 2859
114 347
115 635
115 121
115 923
115 918
116 122
116 117
116 120
116 121
117 119
117 124
117 123
118 1856
118 125
118 2663
118 124
119 120
119 125
120 127
120 126
121 122
122 1569
123 124
123 2663
123 1844
126 127
127 634
128 638
128 847
128 2666
128 848
129 353
129 1691
129 1213
130 1633
130 1155
130 1319
131 132
131 689
131 135
132 133
132 137
133 136
133 135
134 212
134 135
134 136
134 689
136 217
136 137
137 718
138 1957
138 1321
138 3021
139 1320
139 301
139 348
139 239
140 2591
140 337
141 1209
141 1320
141 1956
142 823
142 143
142 151
143 151
143 150
144 145
144 710
144 1169
145 1867
145 2885
145 1765
146 756
146 684
146 690
147 816
147 153
147 148
148 149
148 839
149 844
149 823
150 153
150 1218
151 831
152 1520
152 356
152 962
152 1521
153 863
154 2688
154 156
154 2600
155 2685
155 1499
155 602
155 951
156 2097
156 1009
156 1939
157 220
157 1171
158 1551
158 2603
158 3021
159 169
159 160
159 877
160 161
160 1647
161 1657
161 706
162 163
162 1657
162 170
163 2887
163 171
163 683
164 315
164 230
164 1837
164 327
165 2958
165 230
165 2172
166 182
166 2962
166 2823
166 2973
167 1740
167 1426
167 1744
168 1744
168 177
168 320
169 680
169 1962
170 171
170 1962
170 725
171 724
171 350
172 708
172 173
172 696
173 379
173 2338
173 707
174 705
174 1222
174 1215
175 1713
175 176
175 1222
176 1471
176 723
177 2190
177 2191
177 178
178 2130
178 2439
178 1564
179 180
179 1567
179 870
180 1063
180 1840
180 1439
181 235
181 2850
181 280
182 1768
182 354
183 1438
183 1437
183 209
183 238
184 187
184 185
184 2665
185 1322
185 186
186 488
186 1234
187 1952
187 188
187 488
188 1304
188 1303
189 2877
189 489
189 2878
190 2696
190 1002
190 1879
190 1884
191 1342
191 1335
191 1005
192 1004
192 525
192 526
192 1651
193 380
193 1186
193 526
194 1086
194 687
194 1663
194 1661
195 1090
195 198
196 385
196 197
196 1090
197 369
197 384
198 1291
198 369
199 204
199 2407
199 1759
200 1084
200 204
200 205
201 203
201 1410
201 202
202 1082
202 1084
203 1085
203 1760
204 1759
204 1758
205 1759
205 1085
206 1760
207 1102
207 3019
207 336
208 336
208 3019
209 1463
209 1470
210 1741
210 1767
210 1766
211 302
211 212
211 215
211 217
212 214
212 213
213 2768
213 214
214 302
215 219
215 216
215 1671
216 1164
216 303
216 346
217 219
217 691
218 1213
218 1692
218 1645
219 353
219 691
220 2999
220 2603
220 1165
221 2938
222 1104
222 1103
222 1138
223 2854
223 700
223 2858
223 2855
223 2857
224 225
224 2857
224 1035
224 2095
224 2858
225 229
225 226
226 229
226 227
227 228
227 229
228 2698
228 237
230 720
230 722
231 3022
231 681
231 1646
232 2917
232 2259
232 2698
233 2793
233 2923
233 2924
234 273
234 1506
234 1480
234 658
235 1747
235 1548
235 2259
236 742
236 243
236 1525
236 573
237 2523
237 1058
238 837
239 1318
239 1479
239 1321
240 524
240 740
240 1923
241 739
241 1931
241 481
241 740
241 738
242 2695
242 2340
242 277
242 290
243 521
243 1898
243 1897
244 1937
244 1936
244 247
245 513
245 246
245 515
246 247
246 254
247 1935
248 2949
248 1917
248 2950
248 1914
249 2610
249 260
249 2609
250 1917
250 438
250 252
251 2111
251 382
251 444
252 258
252 444
253 256
253 2158
253 2109
254 2212
254 2161
254 258
255 2110
255 263
255 257
256 257
256 2043
257 2120
258 2041
259 2203
259 443
259 2538
260 438
260 445
261 449
261 262
261 378
263 451
263 449
264 454
264 471
264 470
265 521
265 274
265 1924
265 440
266 2045
266 2861
266 424
266 437
267 1236
267 2055
267 268
268 390
268 269
269 660
269 272
270 2461
270 271
270 660
271 272
271 273
272 1505
273 1507
273 1503
274 1905
274 2949
275 1889
275 1890
275 581
276 278
276 489
277 2697
277 2937
277 1525
278 2697
278 1881
279 1857
279 2850
279 1858
280 1069
280 281
281 283
281 282
282 283
282 585
283 365
284 585
284 285
284 365
285 286
285 585
286 1478
286 1963
286 1920
286 1528
286 1738
287 2430
287 1920
288 292
288 289
288 1292
289 1293
289 297
290 2695
290 675
291 1011
292 297
292 1546
292 1305
293 294
293 2772
294 2948
294 2779
295 367
295 2075
295 2780
295 2779
296 1290
296 1544
296 1286
296 1287
297 1785
297 1779
298 2947
298 299
299 2948
299 1794
300 1467
300 1792
300 1793
300 1794
300 1539
301 302
301 303
301 1318
302 303
303 2763
304 2938
305 1941
305 1185
305 308
306 307
306 315
306 2560
307 316
307 682
308 1185
308 2626
309 2560
309 1214
309 1185
310 311
310 1214
311 318
311 314
312 313
312 1720
312 318
313 317
313 320
314 671
314 317
315 720
315 683
316 2627
316 682
317 318
317 2619
318 2185
319 2974
319 2795
319 2963
320 1476
320 2186
321 569
321 2197
321 736
322 649
322 2752
322 937
322 2756
323 1056
323 324
323 649
324 325
324 2755
325 644
325 2754
326 1517
326 637
326 492
326 819
326 1516
327 2558
327 2882
327 2879
328 701
328 728
328 3002
328 717
329 330
329 1007
330 1008
331 717
331 2093
331 2880
332 1118
332 1210
332 1153
333 1134
333 1752
333 1133
333 339
334 338
334 1209
334 335
335 337
335 338
336 1211
337 1755
337 1130
338 339
339 2757
340 1491
340 955
340 641
340 866
341 1486
341 1522
341 536
341 866
342 661
342 3023
343 360
343 2103
343 661
344 359
344 360
345 2322
346 1633
346 1640
346 1124
347 2691
347 2751
348 1245
348 2065
349 1437
349 670
349 2995
351 2171
352 2882
353 1685
353 691
354 2643
354 355
355 1425
355 2979
356 897
356 947
357 537
357 1510
357 658
357 390
358 1515
358 657
358 537
358 2064
359 2101
359 2103
360 2103
361 1938
361 524
361 2430
361 2903
362 1000
362 2610
362 2630
362 2631
363 2531
363 364
363 2460
364 957
364 2290
365 1067
366 2069
366 381
367 1366
367 2074
368 369
368 2069
369 383
370 2335
370 474
370 371
371 372
371 2127
372 1831
372 472
373 455
373 1726
373 374
374 1727
374 1728
375 1733
375 1732
375 1735
376 377
376 460
376 530
376 1003
377 442
377 2631
377 496
378 2217
378 442
379 1215
379 2338
380 2594
380 1195
381 2083
381 2593
382 2119
382 2219
383 2774
383 384
383 1061
384 385
385 1091
386 2087
386 2085
387 1762
388 445
388 2200
388 2610
389 392
390 1236
391 1236
391 394
391 393
392 393
392 394
393 401
394 2654
395 2302
395 2294
395 537
395 1515
396 2508
396 402
397 400
397 2316
397 398
398 2304
398 2299
398 2113
398 400
399 2301
399 401
399 2292
400 2302
401 405
402 2316
402 409
403 406
403 2115
403 2303
404 411
404 2319
404 412
405 406
405 2113
405 2310
406 407
407 409
407 408
408 2116
408 409
410 2306
410 2114
411 412
411 2502
412 2503
413 2115
413 2503
413 2313
414 1547
414 1523
414 1945
414 1290
415 657
415 2072
415 2101
416 418
416 2072
416 420
417 420
417 418
417 2321
418 2321
419 420
419 2321
421 1071
421 2403
422 2534
422 647
423 2087
424 426
424 425
425 426
425 427
426 430
427 2611
427 2210
428 429
428 2418
428 2162
430 2611
430 432
431 432
431 431
432 435
433 434
433 435
433 436
434 435
434 437
437 2290
438 439
439 582
439 1907
440 1928
440 515
440 2722
441 522
441 441
442 443
443 2217
444 445
446 447
446 448
446 450
447 497
447 2108
448 1560
448 497
449 1459
450 1449
450 1459
451 2107
451 452
453 454
454 2868
455 466
455 456
456 465
456 467
457 458
457 467
457 463
458 459
458 462
459 461
459 460
460 1737
464 467
468 1848
468 1063
468 1570
469 1849
469 1896
469 2765
470 471
470 2110
471 2109
472 2335
472 679
473 575
473 477
473 679
474 551
474 475
475 552
475 551
476 546
476 540
476 549
476 559
477 540
477 539
478 1722
478 1075
478 479
478 2224
479 2968
479 2403
480 482
480 481
480 738
481 1012
482 1524
482 483
483 486
483 485
484 964
484 485
484 970
485 486
486 1061
486 1291
487 1857
487 2612
487 2785
487 2719
488 2878
488 1954
489 1889
490 1919
490 1914
490 1933
491 1278
491 1351
491 1385
492 812
492 813
492 1516
493 1560
493 1444
493 2646
494 1444
494 496
494 495
495 496
497 498
499 2266
499 500
499 873
500 501
500 2271
501 2266
501 2930
502 2271
502 1518
502 503
502 536
503 2265
503 962
503 2930
503 2750
504 1865
504 2851
504 2739
504 506
505 1496
505 2851
505 2745
506 1464
507 1798
507 508
507 1773
508 1775
508 1774
509 1777
509 1778
510 512
510 958
510 516
511 512
511 514
511 2898
512 513
513 2861
514 515
514 2898
516 2829
516 2903
517 2828
518 1043
519 2901
520 1912
520 1908
520 1898
520 1901
521 1897
521 1908
522 1928
522 1912
522 2326
523 2326
523 2327
523 2328
524 2327
525 1225
525 2443
525 527
526 1186
526 1004
527 2443
527 1004
527 1186
528 2339
528 970
528 2340
529 967
529 966
529 964
530 534
530 531
531 534
531 532
532 2632
532 2633
533 1458
533 2633
533 1071
535 2458
535 2920
535 2919
536 1482
536 2919
538 540
539 568
539 1073
541 554
542 548
542 543
542 2333
543 544
543 2333
544 545
544 549
547 549
547 548
547 550
548 555
549 561
550 557
550 2336
551 567
552 553
552 554
552 2334
553 553
554 555
555 557
556 557
558 563
559 560
559 2337
562 2337
562 564
562 563
563 2801
564 565
564 567
565 566
565 2336
567 2968
568 1075
568 2801
569 735
569 733
570 737
570 571
570 2658
570 1892
571 1555
571 1873
571 572
572 1524
572 2701
573 1898
573 741
573 739
574 1070
574 1724
574 1723
575 576
575 2004
576 1796
576 2021
577 578
577 1795
577 1831
578 2780
578 2781
579 580
579 579
580 1904
580 1891
581 1891
581 2608
582 1904
582 1906
583 824
583 1867
583 1868
584 831
584 853
584 852
586 1391
586 1394
586 1080
586 1087
587 588
587 590
587 1398
588 589
588 1087
589 1760
590 1396
590 2014
591 2642
591 2597
591 2017
592 2489
592 600
592 622
593 596
594 2904
594 602
594 597
595 2478
595 2486
595 2487
596 631
596 598
597 618
597 2926
598 673
599 2965
599 606
599 2469
599 2098
600 624
600 622
601 888
601 3020
602 888
603 613
603 673
603 2965
604 612
605 632
605 627
605 610
605 1031
606 868
606 619
607 1021
607 867
607 1494
607 744
608 1020
608 626
608 1029
609 954
609 615
609 952
610 2466
610 1023
611 2906
612 619
612 629
613 1024
613 619
614 618
615 626
615 621
616 625
616 631
616 673
617 1030
617 1023
617 2465
617 868
618 628
618 633
620 2907
621 1022
621 674
622 630
623 2906
623 2907
623 865
624 2491
624 2492
626 677
626 864
628 676
630 2494
630 2495
631 867
632 954
632 676
632 952
632 1031
634 1062
635 1561
635 1062
636 2667
636 637
637 1561
638 2847
638 2667
639 856
639 1868
639 852
640 1171
641 2789
641 642
641 2791
642 2790
643 644
644 646
644 645
645 647
647 648
648 2534
649 3008
650 651
650 989
650 662
650 961
650 987
650 1506
651 996
651 659
652 2089
652 2099
652 2090
652 1513
653 654
653 991
653 995
654 2088
654 3024
654 2062
655 656
655 984
655 665
656 2064
656 657
658 659
658 2921
659 1509
660 2461
662 1483
662 985
662 663
663 1486
663 1483
664 893
666 2692
667 1357
668 1624
669 1357
672 1203
674 1021
674 745
675 1293
675 2696
677 864
677 954
678 679
680 3022
680 681
681 877
684 685
684 696
684 695
685 686
685 698
685 708
686 1261
686 1262
686 687
687 1609
687 1654
688 690
688 1433
688 2768
689 690
690 706
691 693
691 692
691 697
692 2636
692 2635
694 695
694 718
694 1656
695 698
696 1653
697 698
697 699
700 2940
700 2942
700 1551
701 704
702 730
703 704
703 716
704 728
705 1710
705 1940
706 711
707 708
707 2936
707 709
708 1265
709 1265
710 1168
710 1167
710 2602
711 714
711 712
713 714
715 726
715 716
716 1422
716 727
717 2879
718 748
719 721
720 721
721 1435
723 1943
723 1473
723 1718
724 727
725 726
726 2889
728 1423
728 2879
729 730
729 731
730 731
730 2889
731 2890
732 998
732 733
732 2196
732 1869
733 736
733 734
734 735
734 2195
734 2563
735 1188
735 2197
736 1869
737 1873
737 1872
737 2590
738 739
739 740
741 1524
741 742
742 1892
742 1893
743 2937
743 1234
743 1233
744 1022
744 1028
745 865
745 746
746 1489
746 1492
747 751
747 753
749 753
750 753
751 754
752 755
752 754
755 756
757 758
757 783
757 761
758 759
758 762
758 790
759 760
759 763
759 791
760 764
760 792
761 762
761 827
761 765
762 763
762 766
763 764
763 767
764 768
765 766
765 832
765 769
766 767
766 770
767 768
767 771
768 772
769 770
769 773
770 771
770 774
771 772
771 775
772 776
773 774
773 833
773 782
774 775
774 825
775 776
775 807
776 822
777 778
777 801
777 862
777 825
778 846
778 781
779 780
779 795
780 781
780 794
781 835
781 793
782 834
782 846
783 790
783 784
784 787
784 785
785 799
785 787
785 786
786 788
786 805
786 1419
787 788
787 800
788 806
788 789
789 821
789 1418
790 791
790 800
791 792
791 806
792 810
792 808
794 796
794 802
795 803
795 797
796 797
796 817
797 798
798 798
799 805
799 804
800 806
800 809
801 1421
801 826
801 843
802 1420
802 1421
804 812
804 818
805 1419
806 808
807 842
807 822
807 825
808 821
810 811
811 1218
811 815
812 820
813 814
814 815
815 821
815 1416
816 843
816 817
816 839
817 1420
818 819
818 922
819 1517
820 1418
822 842
823 855
824 848
825 842
825 846
828 875
828 858
828 2895
829 859
829 847
829 2666
830 851
830 2895
830 871
831 1219
831 1412
836 837
836 838
836 841
837 840
838 839
838 840
838 841
839 844
840 1241
841 844
843 863
844 845
847 856
847 861
848 2893
849 871
849 1415
849 874
850 851
850 874
850 871
851 1412
851 852
853 1765
853 854
854 855
856 875
857 875
857 858
857 869
858 869
859 875
859 860
860 1417
862 863
863 1218
864 2906
865 3020
866 1487
866 1489
867 1025
867 1495
868 2465
869 1416
870 2574
871 874
872 2574
872 929
872 1241
873 1466
873 2924
873 2920
874 1414
876 1088
876 1089
877 878
878 886
879 883
879 884
880 885
880 882
881 886
881 885
882 884
883 1433
887 888
887 887
889 2685
889 2688
890 914
890 2605
890 927
891 912
891 942
891 1247
892 930
892 2524
892 2528
893 944
893 1839
893 913
894 936
894 2528
894 901
895 903
895 943
895 907
896 3018
896 945
896 2417
897 947
897 912
898 902
898 2524
898 916
899 929
899 1569
900 932
900 2661
900 1036
901 917
901 1242
902 936
902 935
903 941
903 908
904 1016
904 921
904 934
905 923
905 1239
905 918
906 3008
906 3017
906 946
907 941
907 946
909 3010
909 3013
909 3004
910 1247
910 928
910 2756
911 2526
911 925
911 2527
912 942
913 1015
913 944
914 1494
914 915
915 921
915 927
916 2525
916 939
917 933
917 1013
918 1517
919 934
920 2662
920 1015
920 1839
921 927
922 923
922 1240
924 931
924 2527
924 925
925 930
926 1059
926 1060
926 2717
928 1016
928 2606
928 950
929 1036
930 2525
931 1240
931 939
932 1839
932 944
933 1242
933 2662
934 3018
935 1013
935 936
937 1060
937 1057
938 1487
939 940
940 2526
940 2527
941 946
942 947
945 3004
945 3005
948 1498
948 2679
948 1499
949 1024
949 952
949 1030
950 3018
950 3010
951 953
953 1486
955 3018
955 2786
956 1050
956 994
956 978
957 2731
957 2055
958 2045
958 960
959 1490
959 1050
959 1505
960 961
960 1043
961 2731
961 2050
962 2614
963 2628
963 2445
963 2849
964 967
965 972
965 1687
965 1690
966 2444
966 2445
967 973
968 1698
968 2715
968 1326
969 1690
969 1335
970 973
971 1648
971 1602
971 1257
972 974
973 2339
974 1688
974 1602
975 1927
975 1932
975 1937
975 1925
976 2085
976 1396
977 1871
978 2044
978 994
979 991
980 995
980 2794
980 987
981 992
981 987
981 983
982 985
983 983
984 3024
985 986
986 1497
986 1496
987 988
988 992
988 1511
989 996
989 992
990 994
990 993
990 997
991 2089
993 997
995 1511
996 2061
998 1432
998 2332
999 2118
999 2712
1000 1001
1000 2248
1000 1884
1001 1789
1001 2630
1001 1002
1002 1785
1002 1293
1003 1729
1005 1654
1005 1265
1006 1699
1007 1008
1007 2881
1008 2880
1009 1010
1010 1011
1010 2909
1011 1012
1011 2711
1012 1931
1013 1014
1014 1017
1014 1015
1016 1018
1018 2605
1018 2607
1019 1026
1021 1034
1022 1026
1023 2477
1023 2478
1024 1032
1024 1028
1025 1032
1025 1033
1026 1027
1028 1033
1030 1031
1032 1033
1035 2855
1035 2095
1035 2096
1036 1241
1037 1039
1038 1039
1039 2910
1040 2910
1040 1041
1040 1938
1041 1044
1041 1042
1042 1046
1042 2933
1043 1044
1044 1045
1045 1046
1045 2702
1046 1047
1046 2934
1047 1048
1047 2934
1048 1050
1048 2825
1049 1049
1049 2702
1051 1055
1051 1058
1052 2534
1052 1056
1053 1055
1053 1054
1054 1056
1055 1057
1057 1059
1057 1060
1058 1059
1061 1299
1063 1568
1064 1851
1064 1556
1064 1568
1065 1066
1065 2911
1065 2583
1066 1068
1066 2914
1067 1851
1069 1739
1069 1738
1070 2330
1072 1458
1072 1560
1074 1075
1076 1614
1076 1615
1076 1077
1077 2028
1077 1078
1078 1619
1078 1405
1078 1574
1079 2406
1079 1220
1079 1080
1080 2007
1080 2006
1081 2872
1081 1758
1081 1408
1082 1758
1082 1084
1083 1400
1083 1401
1083 1633
1083 1578
1085 1761
1086 1590
1086 1196
1086 1206
1087 1395
1087 1088
1088 1089
1089 1090
1090 1091
1091 1379
1091 1396
1092 2770
1092 2599
1092 1361
1093 1094
1094 1095
1096 1097
1097 1121
1097 1402
1098 1128
1098 1122
1099 1122
1100 1138
1101 1137
1102 1104
1102 1136
1103 1134
1103 1132
1104 1137
1105 1126
1105 2415
1106 1109
1107 2413
1108 2412
1109 2413
1109 2412
1110 1117
1111 2415
1111 1115
1111 1116
1112 1114
1113 1114
1113 1117
1114 1152
1115 1148
1115 1155
1116 1148
1116 1123
1117 1119
1118 1123
1118 1403
1120 1121
1121 1128
1122 1123
1124 1127
1124 1198
1124 1399
1125 1661
1125 1271
1125 1127
1126 1160
1127 1196
1128 1129
1130 1753
1130 1135
1131 1147
1132 1138
1132 1154
1132 1145
1133 1147
1133 1753
1134 1238
1136 1211
1136 1137
1137 1138
1139 1141
1140 1141
1140 1232
1140 1143
1141 1194
1142 1212
1142 1232
1142 1144
1143 1160
1143 1211
1144 1232
1144 1755
1145 1212
1145 1238
1146 1232
1147 1238
1149 1150
1149 1153
1149 1152
1151 1152
1153 1161
1155 1158
1156 1157
1157 1162
1157 1159
1158 1405
1158 2575
1159 2575
1160 1194
1163 1163
1164 1319
1164 2763
1164 1210
1165 3001
1165 2602
1166 1167
1167 1169
1169 1170
1171 2935
1172 1173
1172 2765
1172 1570
1173 1896
1173 1174
1173 1526
1174 1177
1174 1175
1176 1177
1177 1179
1178 1180
1179 1180
1179 1181
1180 1182
1183 1184
1184 1747
1184 1896
1186 2443
1187 1713
1187 1942
1187 1221
1188 1651
1188 1189
1188 2448
1189 2452
1189 2563
1189 1225
1190 1220
1190 2006
1191 1220
1191 2066
1191 2406
1191 2023
1192 1631
1192 1632
1192 1617
1192 1634
1193 2726
1193 1631
1193 2037
1195 1655
1195 1216
1196 1400
1197 1200
1197 1592
1197 1332
1198 1199
1198 2409
1198 2028
1199 1635
1199 2039
1201 1666
1202 1204
1203 1204
1203 1205
1204 1206
1205 1592
1205 2409
1206 1333
1207 1208
1207 2086
1208 1237
1209 2591
1209 1210
1210 1319
1210 2763
1210 2769
1211 1212
1212 1755
1213 1691
1214 2951
1214 1942
1215 1707
1216 1424
1216 1655
1216 1707
1217 2888
1218 1413
1221 1709
1221 2787
1221 1231
1222 1709
1223 1229
1224 1226
1225 1226
1226 1230
1227 1228
1227 1429
1227 1428
1228 1429
1228 1229
1229 1230
1230 1231
1231 2665
1234 1235
1236 2294
1237 1792
1240 1243
1242 1569
1244 2967
1246 2322
1246 2513
1246 2320
1248 2595
1250 1271
1250 1251
1250 1688
1251 1263
1251 1343
1252 1258
1252 2596
1253 1344
1253 1323
1253 1254
1254 1333
1254 1666
1254 1644
1255 2593
1255 1335
1256 1603
1256 1681
1256 1601
1257 1606
1257 1260
1257 1698
1258 2596
1258 2595
1259 1593
1259 1590
1259 1589
1260 1645
1260 1268
1261 1612
1261 1610
1262 1265
1262 1654
1263 2083
1263 2592
1263 1364
1264 2634
1264 1681
1264 1675
1266 1281
1266 1274
1266 2629
1267 1277
1267 1288
1267 1275
1268 1600
1268 1598
1268 1271
1269 1297
1269 2372
1269 2361
1270 2368
1270 2361
1270 1276
1272 1281
1273 1279
1273 1280
1273 1277
1276 2359
1276 1297
1277 1280
1278 1349
1278 1294
1279 1285
1279 1284
1280 2343
1280 1295
1281 1350
1282 1284
1282 1545
1282 1523
1283 1289
1283 2074
1283 1285
1284 1285
1284 1544
1285 1286
1286 1287
1286 1289
1289 2075
1290 1545
1292 2339
1292 2694
1294 1295
1295 1368
1296 2359
1296 2345
1296 1297
1298 1385
1298 1299
1298 1300
1299 1301
1300 1301
1300 2372
1301 2387
1302 2387
1302 2401
1302 1304
1304 1305
1305 1946
1306 1313
1306 1314
1306 1308
1307 1316
1307 1312
1307 1314
1308 1317
1308 1318
1309 1312
1310 1314
1311 1314
1311 1316
1311 1313
1312 1315
1313 1317
1315 1316
1315 1317
1318 1321
1322 2937
1322 1893
1323 1331
1323 1341
1324 1328
1324 1341
1324 2078
1325 1343
1326 1606
1326 1700
1327 1329
1327 1606
1327 1335
1328 2070
1329 1606
1329 1342
1330 1337
1331 1344
1332 1644
1332 1333
1333 1666
1334 1339
1334 2725
1334 1340
1336 1337
1337 2929
1338 1339
1338 1635
1339 1340
1340 2068
1341 2082
1341 1673
1342 1700
1343 1687
1344 1666
1345 1353
1345 1348
1346 1352
1347 2592
1348 2925
1349 1365
1349 1351
1350 2629
1350 2896
1351 1353
1353 2925
1354 2925
1355 1382
1355 1369
1355 2642
1356 1369
1357 1368
1358 2645
1358 1383
1358 1364
1359 1370
1360 1366
1361 2971
1361 1371
1362 2592
1362 1383
1363 1376
1363 1365
1364 2644
1365 1381
1366 2777
1367 1367
1367 1374
1368 1377
1369 1382
1370 1374
1370 1384
1370 1372
1371 2770
1371 2778
1372 1374
1372 2771
1373 2645
1373 1380
1373 1383
1374 1386
1375 1385
1376 1381
1378 1380
1378 2069
1378 2644
1379 2770
1379 1382
1379 2773
1379 2775
1380 1392
1381 2776
1387 1395
1387 2341
1387 1641
1388 1389
1389 1398
1389 1391
1390 1391
1392 1393
1392 2036
1392 2029
1393 1395
1393 2029
1394 1395
1394 1397
1397 1397
1398 2410
1399 1400
1399 1401
1401 1583
1402 1407
1403 1406
1403 1407
1404 1407
1405 1614
1405 1616
1408 2873
1408 1411
1409 1411
1410 2011
1410 1760
1412 1413
1413 1414
1414 1415
1415 2894
1416 2894
1416 1417
1420 1421
1424 2338
1424 2936
1424 1707
1426 2562
1426 2823
1427 2659
1427 1428
1427 1430
1428 1430
1429 1431
1430 1431
1431 2788
1432 2658
1432 2573
1434 1435
1435 1436
1436 2175
1436 2966
1437 2174
1437 2853
1438 1468
1438 2172
1438 2174
1440 1443
1440 1453
1441 1449
1441 1462
1441 1445
1442 1446
1442 1450
1443 1460
1444 1448
1445 1455
1445 1457
1446 1461
1447 1453
1447 1456
1447 1451
1448 1449
1448 1455
1450 1461
1450 1452
1451 1462
1451 2632
1452 1455
1452 1461
1453 1456
1454 1459
1456 1460
1457 1460
1457 1462
1463 2997
1463 2643
1464 2431
1465 1466
1465 2739
1465 2738
1465 1864
1466 2792
1466 2920
1467 1997
1467 1543
1467 2004
1468 1470
1468 2173
1469 1470
1469 2668
1469 1741
1470 2760
1471 1713
1471 1472
1471 1473
1472 1714
1472 1474
1473 1476
1474 1475
1474 1715
1475 2448
1475 1650
1475 2922
1476 2187
1476 2191
1477 2187
1478 1558
1478 1559
1478 1548
1479 2758
1480 2458
1480 1481
1481 1482
1481 2652
1482 1483
1484 1496
1485 1498
1486 1489
1487 2606
1488 1499
1489 1495
1490 2050
1490 1505
1491 1495
1493 1494
1496 1497
1497 2678
1498 2678
1498 1504
1500 1501
1501 1503
1502 2678
1506 1509
1508 1509
1510 2921
1510 2462
1511 2058
1512 1513
1513 1514
1515 2072
1516 2666
1518 1519
1518 2287
1519 1520
1519 2283
1519 2459
1520 1522
1521 1522
1523 1545
1523 1546
1525 1894
1525 1893
1526 1558
1526 1527
1527 1529
1527 1874
1528 1529
1528 1548
1529 2590
1530 1533
1531 1532
1531 2647
1532 1533
1533 2648
1534 1534
1534 1535
1535 2648
1535 1537
1536 2018
1536 1790
1536 2019
1537 2649
1537 1538
1538 1539
1538 2651
1539 1540
1539 1791
1540 1790
1541 1790
1542 1791
1543 1794
1543 2780
1544 1545
1546 1944
1546 1547
1547 1779
1547 1947
1548 2590
1549 2992
1550 2986
1551 2941
1551 3000
1552 1768
1552 1767
1552 2674
1553 2497
1554 2498
1555 2587
1555 2701
1556 1558
1557 1558
1558 1895
1562 2194
1563 2834
1563 1769
1563 2833
1564 1565
1564 2842
1565 2843
1565 1769
1566 1745
1566 2246
1566 2423
1567 2421
1567 2842
1568 1570
1571 2253
1572 2575
1573 1575
1574 1576
1574 1578
1575 1576
1575 1584
1576 1580
1577 1626
1577 1582
1577 1625
1578 1581
1579 1583
1579 1626
1579 1619
1580 1584
1580 1581
1581 1585
1582 1629
1582 1625
1583 1627
1584 1585
1585 1586
1588 2653
1590 1662
1591 1593
1592 2081
1593 1659
1594 1596
1595 2078
1595 2068
1595 2409
1596 2634
1596 1597
1597 1640
1597 1674
1597 1671
1598 1686
1598 1670
1599 1689
1600 1648
1602 1689
1602 1696
1603 1608
1603 1604
1604 1605
1604 1695
1605 1697
1605 1607
1607 1608
1607 1697
1608 1701
1609 1701
1609 1610
1610 2636
1611 1706
1612 1652
1612 1703
1613 1652
1613 1706
1617 1632
1618 1621
1618 1619
1618 1620
1620 1622
1620 1624
1623 1630
1624 1625
1626 1628
1630 2028
1630 2039
1631 2066
1632 2039
1634 2908
1634 1635
1636 1638
1637 1638
1638 1639
1639 2025
1640 1643
1641 2027
1641 1642
1642 2069
1642 2341
1643 1659
1643 1660
1644 1673
1645 1686
1646 1957
1646 3022
1649 1651
1652 1705
1655 2936
1657 1658
1659 1664
1660 2634
1660 1665
1661 1662
1662 1663
1663 1664
1664 1665
1664 1667
1665 2634
1665 1669
1667 1668
1668 1669
1669 1670
1669 1672
1670 1679
1671 1685
1673 2082
1674 1675
1674 1676
1675 1676
1676 1680
1677 1681
1677 1683
1677 1679
1678 1682
1679 1682
1680 1685
1680 1691
1682 1686
1684 1690
1687 1688
1688 1689
1693 1698
1694 1695
1695 1697
1699 1702
1699 2715
1700 1702
1701 2635
1702 1704
1707 2787
1708 1940
1709 1713
1709 2787
1710 1711
1710 1712
1711 1941
1711 1940
1712 1712
1714 1715
1716 1717
1717 1718
1717 2185
1717 1943
1718 1719
1719 1720
1721 1722
1725 1726
1728 1731
1728 1732
1729 2822
1729 1789
1730 1732
1734 1735
1735 1737
1736 1737
1738 1739
1739 2431
1741 2178
1741 2176
1742 2962
1743 2823
1744 2622
1745 2421
1745 1746
1747 1748
1749 1781
1749 1783
1750 2608
1750 1906
1750 1903
1751 1875
1751 1953
1751 1951
1753 1756
1754 2757
1754 2764
1757 2011
1758 2010
1759 2012
1761 1764
1761 1763
1762 2087
1762 2086
1766 2958
1766 2176
1766 2175
1767 2178
1767 2177
1768 2182
1768 2181
1769 2433
1770 1771
1771 1773
1771 2781
1772 1773
1775 1777
1775 1776
1777 1778
1779 1948
1780 1781
1782 1783
1784 2209
1785 1787
1785 1878
1786 2817
1786 1787
1786 2209
1787 1789
1788 2822
1790 1791
1791 1794
1792 1793
1793 1997
1795 2022
1795 1797
1798 1833
1798 2342
1799 1833
1799 2077
1799 2076
1800 1804
1800 1806
1801 1802
1801 1803
1802 1803
1803 2126
1804 1805
1804 1806
1805 1810
1805 1813
1806 1811
1807 2126
1807 1809
1807 2123
1808 2123
1809 1811
1809 1815
1810 1812
1810 1814
1811 1813
1812 1817
1812 1816
1813 1814
1813 1815
1814 1818
1815 2125
1816 1817
1816 1823
1817 1822
1818 1819
1819 1821
1820 1823
1820 1824
1820 2125
1821 1821
1822 1824
1822 1823
1824 2123
1825 1826
1826 1827
1826 1828
1828 1829
1828 1830
1830 2781
1830 1831
1832 1833
1834 2886
1835 2882
1836 1837
1836 1838
1836 2886
1837 2887
1839 2661
1840 1841
1841 1843
1841 2437
1842 1844
1843 2699
1845 1846
1846 1847
1846 1850
1848 1849
1848 1850
1849 1850
1852 2261
1853 2518
1853 2516
1853 1855
1854 1855
1855 1857
1855 2515
1856 2612
1856 2719
1856 2720
1858 1860
1858 2260
1859 1860
1860 1861
1860 2262
1862 1864
1863 1864
1865 2655
1865 1866
1867 1868
1869 2331
1869 2424
1870 1871
1870 2500
1870 2499
1871 2332
1871 1874
1872 2332
1872 1874
1873 2799
1875 1878
1876 1877
1877 1877
1879 1887
1879 1880
1880 2877
1880 1882
1881 1883
1881 1894
1882 1886
1883 2693
1883 1890
1884 2247
1885 1892
1886 1889
1887 1888
1888 2249
1890 1891
1890 2616
1891 2608
1894 1897
1896 2255
1899 1899
1899 1905
1900 1903
1902 2616
1902 2617
1902 1905
1902 1909
1903 1906
1903 1904
1904 1907
1907 2950
1908 1913
1909 1916
1909 1918
1910 1918
1910 2949
1910 1914
1911 1916
1912 1913
1913 1915
1913 1929
1914 2706
1915 1922
1915 1928
1916 1921
1917 2708
1917 2707
1918 1919
1919 1930
1920 2897
1920 2899
1921 1927
1921 1930
1923 2324
1924 1925
1924 1926
1925 1926
1925 1927
1926 1929
1926 1932
1927 1934
1929 1932
1930 1933
1930 1934
1931 2711
1931 2909
1932 1935
1933 1936
1934 1936
1935 1937
1938 2902
1938 2897
1939 2097
1939 2099
1940 1941
1941 2998
1942 1943
1942 2998
1943 2188
1944 2402
1944 2384
1945 2728
1945 1947
1946 2401
1946 2402
1947 1948
1948 1949
1949 2729
1949 1951
1950 2729
1951 1953
1952 1954
1953 1955
1955 1955
1957 1960
1958 1959
1958 2892
1958 3022
1959 1961
1959 1962
1964 1969
1964 1965
1965 1978
1965 1993
1966 1967
1967 1968
1967 1970
1968 1969
1968 1973
1969 1972
1970 1971
1971 1973
1971 1980
1972 1978
1972 1974
1973 1974
1973 1984
1974 1977
1975 1989
1976 1980
1977 1981
1977 1985
1978 1981
1979 1988
1980 1984
1981 1982
1981 1983
1983 1990
1983 1987
1984 1985
1985 1987
1986 1993
1987 1990
1988 1989
1989 1996
1990 2005
1991 2003
1992 1996
1993 1999
1993 1997
1994 2002
1995 2001
1996 2005
1998 2000
1999 2000
1999 2004
2000 2001
2001 2002
2002 2003
2003 2005
2006 2407
2007 2031
2007 2033
2008 2033
2009 2010
2010 2011
2013 2639
2013 2014
2014 2642
2015 2018
2015 2016
2015 2640
2016 2017
2016 2641
2017 2020
2018 2019
2019 2020
2020 2723
2023 2066
2023 2024
2024 2026
2024 2037
2025 2027
2026 2035
2026 2037
2027 2029
2030 2032
2032 2036
2032 2410
2033 2038
2034 2036
2034 2653
2034 2035
2035 2038
2038 2406
2040 2041
2041 2043
2042 2043
2045 2274
2046 2274
2047 2211
2047 2611
2048 2531
2049 2050
2051 2053
2052 2053
2052 2732
2052 2733
2053 2054
2054 2056
2054 2055
2057 2058
2058 2062
2059 2060
2059 2059
2060 2736
2060 2061
2061 2063
2062 2063
2063 2737
2064 2734
2066 2067
2068 2070
2071 2104
2071 2102
2071 2072
2074 2075
2076 2077
2077 2127
2078 2080
2079 2080
2080 2081
2081 2082
2083 2084
2086 2647
2087 2647
2089 3023
2090 3023
2090 2091
2092 2558
2093 2884
2093 2558
2093 2881
2094 2095
2095 2856
2097 2794
2099 2794
2100 2101
2101 2102
2102 2104
2105 2627
2106 2626
2107 2108
2107 2507
2108 2118
2109 2110
2111 2119
2111 2112
2112 2214
2112 2119
2113 2310
2114 2117
2114 2507
2115 2314
2117 2502
2117 2505
2120 2214
2120 2157
2121 2129
2121 2122
2121 2127
2122 2128
2124 2125
2128 2129
2129 2405
2130 2130
2130 2421
2130 2191
2131 2868
2131 2211
2131 2133
2132 2133
2132 2135
2132 2134
2133 2154
2134 2136
2134 2137
2135 2142
2135 2136
2136 2139
2137 2138
2137 2143
2138 2139
2138 2144
2139 2141
2140 2142
2141 2145
2141 2142
2143 2144
2143 2146
2144 2145
2145 2147
2146 2147
2146 2531
2147 2532
2148 2149
2148 2532
2148 2460
2149 2150
2149 2533
2149 2151
2150 2151
2150 2533
2151 2153
2152 2507
2155 2156
2156 2157
2158 2212
2158 2160
2158 2159
2159 2160
2161 2162
2161 2166
2162 2163
2163 2168
2163 2165
2164 2165
2164 2419
2164 2418
2165 2167
2168 2169
2168 2170
2171 2172
2171 2174
2172 2173
2173 2176
2175 2177
2177 2179
2178 2674
2179 2181
2179 2966
2180 2674
2180 2182
2180 2676
2181 2972
2182 2962
2183 2184
2184 2185
2184 2193
2186 2619
2186 2622
2187 2194
2189 2975
2189 2795
2189 2620
2192 2193
2193 2954
2194 2198
2197 2198
2198 2845
2199 2984
2199 2977
2199 2976
2199 2982
2200 2535
2200 2538
2201 2202
2201 2535
2202 2555
2203 2219
2203 2555
2204 2205
2205 2240
2205 2241
2206 2208
2207 2240
2208 2817
2209 2245
2210 2211
2210 2419
2212 2213
2214 2215
2215 2218
2215 2216
2216 2217
2216 2218
2218 2220
2219 2220
2220 2221
2222 2598
2223 2598
2224 2225
2224 2233
2225 2226
2225 2228
2226 2227
2226 2231
2229 2233
2230 2231
2231 2232
2231 2233
2233 2235
2234 2235
2235 2238
2235 2237
2236 2238
2238 2239
2240 2242
2241 2243
2241 2245
2242 2243
2242 2244
2243 2244
2244 2245
2246 2246
2247 2249
2247 2248
2248 2249
2250 2252
2251 2254
2251 2252
2251 2253
2251 2438
2252 2254
2253 2438
2254 2256
2254 2255
2255 2256
2256 2530
2257 2850
2258 2516
2259 2657
2260 2260
2261 2923
2261 2262
2262 2263
2263 2265
2263 2782
2264 2266
2265 2785
2265 2784
2267 2272
2268 2275
2269 2273
2270 2279
2271 2277
2272 2277
2272 2278
2273 2275
2273 2278
2274 2280
2275 2276
2275 2282
2277 2281
2278 2281
2279 2280
2279 2284
2280 2285
2281 2282
2282 2286
2284 2285
2284 2291
2285 2288
2287 2287
2288 2290
2288 2291
2289 2291
2292 2293
2292 2296
2294 2295
2296 2297
2296 2299
2298 2299
2300 2302
2301 2304
2303 2306
2303 2311
2305 2307
2306 2307
2307 2308
2307 2309
2309 2506
2309 2505
2310 2312
2311 2317
2311 2313
2313 2943
2315 2316
2317 2504
2317 2318
2318 2506
2318 2319
2318 2502
2319 2504
2320 2323
2320 2508
2321 2322
2323 2713
2324 2325
2325 2325
2326 2328
2327 2329
2328 2329
2329 2901
2331 2499
2331 2332
2333 2334
2334 2335
2336 2337
2338 2936
2340 2694
2343 2345
2343 2347
2344 2348
2345 2354
2346 2349
2347 2350
2347 2351
2347 2348
2348 2349
2349 2352
2351 2352
2351 2355
2352 2353
2354 2356
2354 2355
2355 2357
2356 2358
2356 2357
2357 2360
2359 2362
2360 2365
2360 2362
2360 2364
2361 2371
2362 2363
2363 2366
2363 2365
2365 2367
2367 2370
2367 2373
2368 2369
2368 2373
2371 2375
2371 2377
2372 2377
2373 2374
2374 2378
2374 2384
2375 2376
2375 2378
2377 2380
2377 2381
2378 2379
2379 2384
2379 2386
2380 2386
2380 2383
2381 2382
2381 2383
2382 2389
2382 2387
2383 2390
2385 2389
2386 2388
2388 2393
2388 2391
2389 2398
2390 2392
2390 2398
2391 2397
2391 2394
2392 2395
2392 2394
2394 2396
2396 2399
2396 2400
2398 2400
2400 2401
2400 2402
2403 2405
2404 2405
2407 2410
2408 2725
2411 2414
2412 2413
2413 2415
2416 3001
2418 2419
2421 2423
2422 2423
2423 2845
2424 2582
2425 2426
2425 2429
2426 2429
2427 2428
2428 2430
2428 2429
2431 2432
2433 2436
2433 2442
2434 2435
2434 2836
2435 2436
2436 2437
2437 2438
2439 2441
2439 2440
2442 2976
2442 2625
2443 2444
2444 2445
2446 2676
2446 2671
2446 2675
2447 2453
2448 2449
2449 2455
2449 2456
2450 2451
2451 2452
2451 2454
2452 2659
2453 2455
2453 2456
2455 2456
2457 2741
2457 2742
2457 2458
2460 2463
2461 2921
2464 2467
2465 2471
2466 2926
2466 2467
2467 2468
2469 2474
2469 2470
2472 2474
2473 2478
2474 2476
2475 2476
2476 2479
2479 2483
2479 2481
2480 2483
2482 2491
2483 2488
2484 2487
2485 2488
2487 2491
2488 2489
2489 2490
2492 2495
2492 2493
2495 2496
2497 2623
2497 2498
2498 2625
2499 2500
2500 2501
2503 2504
2505 2506
2508 2509
2509 2510
2509 2511
2509 2512
2514 2699
2516 2517
2517 2663
2517 2518
2518 2519
2519 2520
2520 2521
2521 2522
2522 2523
2523 2718
2524 2525
2524 2528
2525 2526
2526 2527
2528 2529
2532 2533
2535 2536
2536 2540
2536 2539
2537 2540
2538 2539
2539 2548
2540 2541
2542 2543
2543 2545
2543 2547
2544 2547
2546 2548
2547 2550
2548 2549
2548 2552
2550 2551
2550 2552
2552 2553
2553 2554
2553 2555
2556 2635
2557 2636
2558 2881
2559 2888
2560 2561
2563 2564
2564 2565
2564 2567
2565 2566
2565 2567
2566 2568
2566 2570
2567 2568
2568 2570
2569 2572
2569 2571
2570 2571
2571 2573
2572 2573
2574 2837
2576 2577
2576 2579
2577 2580
2577 2581
2578 2585
2579 2580
2580 2581
2581 2585
2583 2584
2584 2586
2585 2586
2586 2589
2588 2911
2591 2769
2593 2594
2593 2595
2594 2595
2597 2599
2597 2598
2599 2770
2600 2928
2601 2602
2603 3001
2604 2942
2605 2607
2606 2607
2608 2609
2609 2610
2612 2613
2613 2614
2613 2785
2614 2615
2614 2750
2615 2752
2615 2753
2616 2617
2617 2704
2618 2704
2618 2703
2618 2950
2619 2624
2620 2622
2620 2624
2621 2623
2621 2993
2621 2989
2623 2625
2624 2975
2626 2627
2628 2849
2632 2633
2635 2636
2637 2638
2643 2995
2643 2979
2644 2645
2648 2651
2650 2651
2653 2908
2656 2899
2658 2659
2660 2661
2661 2662
2663 2719
2664 2665
2666 2667
2669 2670
2670 2673
2670 2672
2671 2760
2671 2672
2672 2673
2673 2674
2676 2677
2679 2690
2679 2680
2680 2686
2680 2681
2681 2682
2681 2687
2682 2684
2683 2686
2684 2685
2686 2687
2687 2690
2689 2690
2691 3025
2692 2888
2692 2853
2694 2695
2696 2697
2698 2699
2700 2701
2702 2934
2704 2949
2705 2950
2709 2710
2709 2910
2710 2909
2711 2909
2712 2713
2714 2715
2716 2718
2716 2720
2717 2782
2717 2720
2724 2725
2726 2727
2726 2908
2728 2729
2730 2732
2731 2732
2734 2736
2734 2735
2736 2737
2737 3024
2738 2747
2738 2749
2739 2747
2740 2741
2740 2748
2740 2743
2741 2749
2742 2745
2742 2743
2743 2746
2744 2746
2745 2746
2747 2748
2748 2749
2750 2785
2751 2764
2752 2753
2753 2756
2754 2755
2755 3008
2756 3008
2758 3025
2758 2999
2759 2760
2761 2941
2761 2762
2761 3021
2765 2766
2767 2768
2771 2776
2771 2891
2772 2778
2773 2775
2773 2778
2773 2891
2774 2891
2774 2775
2774 2776
2777 2778
2777 2891
2779 2780
2782 2784
2783 2784
2786 2789
2786 3005
2789 2791
2790 2791
2792 2793
2792 2917
2793 2917
2795 2955
2795 2974
2796 2797
2797 2798
2797 2978
2800 2801
2802 2803
2803 2809
2803 2810
2804 2805
2805 2807
2805 2809
2806 2807
2806 2808
2806 2813
2807 2814
2808 2809
2808 2811
2810 2811
2810 2821
2811 2821
2812 2813
2812 2820
2812 2819
2813 2814
2814 2815
2814 2820
2816 2820
2817 2818
2818 2819
2821 2822
2824 2829
2824 2828
2825 2827
2825 2933
2826 2830
2826 2829
2826 2902
2831 2832
2835 2836
2836 2837
2836 2838
2837 2843
2838 2843
2838 2841
2838 2840
2839 2840
2840 2841
2841 2842
2844 2845
2846 2848
2846 2875
2847 2893
2847 2876
2848 2893
2851 2852
2853 2856
2854 2856
2854 2884
2855 2856
2855 2858
2857 2858
2859 2860
2861 2862
2863 2865
2863 2867
2864 2865
2864 2864
2865 2866
2868 2869
2869 2870
2869 2944
2873 2874
2875 2876
2875 2893
2877 2878
2880 2884
2880 3002
2882 2883
2885 3002
2885 2890
2886 2887
2889 2892
2890 2892
2894 2895
2897 2899
2898 2900
2901 2902
2902 2903
2904 2905
2904 2907
2911 2913
2912 2913
2913 2914
2914 2915
2917 2923
2918 2919
2919 2920
2923 2924
2926 2970
2927 2970
2928 2970
2930 2931
2932 2933
2938 2940
2939 2977
2940 2941
2942 3000
2945 2948
2945 2947
2945 2946
2951 2956
2951 2952
2952 2955
2952 2954
2953 2955
2953 2954
2953 2975
2956 2957
2956 2972
2958 2959
2959 2960
2959 2961
2962 2963
2963 2978
2964 2965
2966 2967
2967 2998
2968 2969
2972 2973
2973 2974
2976 2988
2977 2997
2977 2983
2978 2984
2979 2982
2980 2992
2980 2981
2980 2988
2981 2997
2981 2991
2982 2997
2982 2984
2983 2985
2983 2991
2985 2993
2985 2986
2986 2994
2987 2988
2987 2989
2987 2994
2989 2990
2991 2992
2993 2994
2995 2996
3000 3001
3003 3006
3004 3006
3005 3006
3006 3007
3009 3010
3010 3011
3011 3012
3011 3013
3013 3017
3014 3016
3014 3017
3015 3016
