0 147
1 148
1 2
1 116
2 294
2 556
3 607
3 1937
3 1644
4 1139
4 30
4 1142
5 129
5 130
6 656
6 1195
6 654
6 129
7 539
7 538
7 8
8 19
8 121
9 984
9 121
9 10
9 1505
10 11
10 986
11 987
11 19
11 988
12 774
12 773
12 989
13 1414
13 581
13 1415
14 15
14 179
14 582
15 16
15 135
16 1415
16 29
17 425
17 1809
17 18
17 437
18 151
20 260
20 1893
20 1892
20 773
21 1390
21 1488
21 259
22 414
22 1889
22 1888
22 255
23 414
23 1887
23 1886
23 1411
24 1410
24 1411
24 261
24 1897
25 1962
25 1879
25 999
25 1410
26 1795
26 1797
26 603
26 1008
27 1597
27 1797
27 731
28 1424
28 170
28 568
28 1560
29 570
29 135
29 568
30 1140
30 973
31 593
31 581
31 170
31 1415
32 36
32 172
32 170
33 166
33 791
33 610
33 934
34 1101
34 1427
34 1196
35 565
35 550
35 1426
35 1427
36 169
36 931
37 931
37 1084
37 933
37 1425
38 934
38 933
38 39
39 166
39 40
39 776
40 794
40 796
41 42
41 51
41 161
42 52
42 926
42 43
43 44
43 53
44 317
44 925
45 408
45 46
45 925
46 410
46 47
47 161
47 411
48 49
48 560
48 565
49 50
49 566
49 549
50 542
50 51
50 557
51 546
51 158
52 53
52 926
52 959
53 1510
53 439
54 959
54 1955
54 522
55 441
55 1583
55 317
55 967
56 57
56 1583
56 440
57 313
57 318
58 1294
58 1298
58 1296
59 1356
59 928
59 60
59 526
60 313
60 1357
61 1343
61 65
61 1499
62 1328
62 1329
63 67
63 1498
63 1501
64 1012
64 1501
64 1334
65 118
66 1499
66 1328
66 1333
67 1013
67 1363
67 1362
68 201
68 203
68 1013
69 202
69 198
69 624
70 1362
70 1337
70 1498
70 1331
71 1332
71 1329
71 769
71 621
72 1674
72 1148
72 1151
73 1160
73 1325
73 127
73 509
73 1153
74 750
74 1327
74 635
75 78
75 1153
75 760
76 1147
76 760
76 1160
76 1167
77 1168
77 1167
77 1307
77 1326
78 1165
78 342
78 1146
79 80
79 1649
79 1651
80 1257
80 1486
81 1388
81 1175
82 83
82 814
82 863
83 84
83 85
84 95
84 720
85 516
85 89
86 516
87 88
87 96
87 1324
88 95
88 94
89 90
89 720
90 1512
90 1511
91 340
91 1312
91 1311
91 1307
92 238
92 979
92 237
92 1311
93 1324
93 864
93 1148
93 1164
94 863
94 1169
95 96
96 720
97 364
97 1518
98 1280
98 1262
98 1290
99 1315
99 1281
99 115
100 1284
100 1454
100 1282
101 1286
101 1285
101 1284
102 1283
102 1187
102 1286
103 1097
103 380
103 1291
104 1314
104 1190
104 106
105 1176
105 1315
105 1314
106 442
106 1176
107 1456
107 1290
107 1455
108 763
108 812
108 379
109 1302
109 1301
109 111
110 1303
110 761
110 812
111 114
111 112
112 113
113 293
113 527
114 293
114 762
115 293
115 1557
117 118
117 1021
117 1349
118 1376
118 1500
119 573
119 531
120 147
120 124
120 246
121 536
122 1401
122 537
122 987
123 124
123 137
123 533
124 498
125 809
125 810
126 760
126 1147
126 1656
126 1159
127 1103
127 1146
127 1153
128 1164
128 1105
128 1145
129 500
130 804
131 1137
131 1136
131 975
132 1135
132 577
132 1142
132 583
133 811
133 577
133 1139
134 810
134 811
134 1137
135 755
135 574
136 394
136 936
136 551
137 533
137 531
138 1438
138 143
138 946
139 1441
139 1443
139 1927
140 1497
140 949
140 1439
141 1436
141 953
141 1497
142 1496
142 144
142 1436
143 396
143 1496
144 950
144 951
144 338
145 146
145 951
145 953
146 955
146 1060
147 410
148 411
148 190
149 310
149 1355
149 1305
150 626
150 316
150 1358
151 152
152 1822
152 1814
153 481
153 1264
153 1066
153 1431
153 642
153 1433
154 1426
154 560
154 1741
155 920
155 1494
155 660
156 591
156 398
156 396
156 1435
157 496
157 673
157 683
157 919
158 561
158 1509
159 558
159 553
159 489
159 160
160 546
160 411
160 161
162 487
162 751
162 163
162 550
163 1567
163 565
163 558
164 1033
164 906
164 798
165 797
165 793
165 794
166 791
166 793
167 168
167 789
167 791
168 797
168 798
169 170
169 1083
169 1086
171 1088
171 776
171 1084
172 1425
172 618
172 931
173 1067
173 1323
173 1573
174 1345
175 988
175 773
175 774
176 759
176 532
176 758
177 204
177 207
177 1585
178 1554
178 478
178 643
179 298
179 1495
180 786
180 242
180 308
180 787
181 937
181 182
181 227
182 188
182 183
183 943
183 184
184 227
184 942
185 1341
185 1009
185 1011
185 631
186 1082
186 187
186 1559
187 243
187 1558
188 243
188 226
189 1931
189 192
189 488
190 488
190 191
191 445
191 627
192 445
192 446
193 194
193 446
193 445
194 224
194 960
195 197
195 960
195 196
196 627
196 202
197 198
197 202
198 199
199 200
199 1566
200 505
200 201
201 624
203 219
204 643
204 645
204 499
204 205
204 498
205 250
205 736
206 756
206 712
206 629
207 1874
207 250
208 717
208 253
208 262
209 645
209 746
209 741
210 265
210 256
210 713
211 335
211 334
211 319
212 323
212 336
212 322
213 970
213 969
213 747
213 971
214 740
214 742
214 748
215 1009
215 1374
215 1012
216 513
216 750
216 1373
217 1540
217 230
217 513
218 230
218 1663
218 995
219 505
220 288
220 221
220 283
221 282
221 279
222 279
222 274
222 703
223 1546
223 225
223 956
224 226
224 956
225 952
225 945
226 952
227 232
228 1487
228 240
228 229
229 995
229 1250
230 750
231 1545
231 506
231 632
231 1540
232 233
232 1930
233 235
233 710
234 710
234 781
234 709
235 707
235 1930
236 237
236 239
236 240
237 1313
238 239
238 241
239 240
240 1313
240 241
241 1228
242 1223
242 924
243 939
244 1630
244 779
244 777
244 1197
245 783
245 781
245 939
245 1920
246 1502
247 737
247 479
247 478
248 745
248 252
248 249
249 970
250 738
251 744
251 727
251 252
251 734
252 718
253 266
253 734
254 715
254 1008
254 997
255 1391
255 1393
255 1488
256 733
256 261
256 257
257 530
257 1096
258 529
258 1096
258 652
259 652
259 421
260 1596
260 1389
261 732
261 996
262 756
262 263
263 266
263 1595
264 265
264 713
264 1595
265 266
267 1386
267 1478
267 1109
268 1175
268 1408
268 1111
269 1384
269 1483
269 1258
270 1123
270 271
270 1234
271 272
271 765
272 1262
272 355
273 503
273 443
274 278
274 275
275 614
275 1094
276 277
276 597
277 1519
278 287
278 426
280 281
280 434
280 284
281 288
281 283
282 287
282 288
283 436
284 711
284 429
285 286
285 287
285 434
286 1907
286 433
289 703
289 1094
290 975
290 607
291 336
291 335
291 1080
292 332
292 333
292 334
294 551
295 296
295 974
295 301
296 1204
296 303
297 306
297 299
297 302
298 582
298 511
298 1413
299 304
299 301
300 519
300 1204
300 1208
300 304
301 303
303 304
305 1208
305 308
305 307
306 980
306 511
307 1923
307 980
308 978
309 1065
309 735
309 1944
310 402
310 1354
311 1305
311 312
311 1356
312 1357
312 626
313 1358
314 315
315 972
315 409
316 972
316 408
317 409
317 925
318 324
318 1961
319 1944
319 333
320 1944
320 321
320 1004
321 521
321 1058
322 705
322 735
323 1525
324 412
324 326
325 331
325 326
326 330
327 328
327 1959
328 329
329 330
331 413
332 413
333 412
337 1525
337 475
338 955
338 646
338 1507
338 525
339 1560
339 503
339 1069
340 1308
340 1309
341 1106
341 1167
341 1308
342 1654
342 1150
343 1104
343 1146
343 1150
344 1123
344 1233
344 1260
344 1255
345 1661
345 1765
345 1615
345 1155
346 721
346 1661
346 1672
347 1309
347 1310
347 1170
348 1636
348 906
348 803
349 1463
349 353
349 359
349 1242
350 1243
350 355
350 1245
351 1243
351 749
351 1589
352 1242
352 353
352 366
353 360
354 1292
354 355
354 1590
354 1261
356 723
356 369
356 1587
357 366
357 360
357 365
358 1469
358 1538
358 370
359 360
359 363
361 364
361 1245
361 362
362 363
362 749
363 364
365 1469
365 366
367 368
367 1594
367 1918
368 724
368 723
369 1464
369 724
370 1461
370 1530
370 726
371 635
371 1615
371 372
372 1619
372 1912
373 1522
373 1663
373 374
374 1665
374 1254
374 1662
375 1250
375 1253
375 1665
376 948
377 944
377 948
377 616
378 1457
378 379
378 380
378 1127
379 381
380 641
381 382
382 1380
382 1492
383 1127
383 1492
383 1124
384 1388
384 385
384 1124
385 1118
385 1256
385 1386
386 1236
386 1118
386 1490
386 1457
387 469
387 388
387 1132
388 447
388 451
388 389
389 449
389 458
389 451
389 390
390 1942
390 391
391 1940
391 580
392 1025
392 580
392 559
393 871
393 873
393 394
394 556
395 946
395 528
395 398
396 950
396 946
397 888
397 889
397 891
398 940
398 588
399 579
399 1037
399 552
400 887
400 884
400 579
401 404
402 1353
402 1331
403 404
403 1913
403 405
404 1353
405 768
405 1299
406 622
406 1305
406 1362
407 410
407 628
407 411
408 1359
408 410
409 1359
412 413
414 1392
415 1885
415 1859
415 1862
415 1861
416 1877
416 420
416 1885
417 1527
417 1409
417 1867
418 599
418 1409
418 420
419 420
419 1881
419 601
421 1394
421 1596
422 423
422 1859
422 435
422 1392
423 425
423 596
423 1860
424 1809
424 425
424 1808
424 427
426 599
426 430
426 1519
427 1813
427 1825
427 596
428 1830
428 1828
428 434
428 1805
429 1815
429 1814
430 1838
430 1839
431 1805
431 1836
431 1865
432 1907
432 1834
432 1838
435 1393
435 1394
436 711
437 1395
437 438
438 1395
438 539
439 441
439 1955
440 1004
440 441
441 1956
442 1291
442 762
443 503
443 1381
444 867
444 472
446 1558
447 449
447 448
448 1133
449 459
450 580
450 451
450 455
451 452
452 469
452 454
453 454
453 468
453 483
453 457
454 456
454 455
455 456
456 457
457 461
459 460
459 866
460 1942
460 1941
461 462
461 463
462 1024
462 463
462 465
463 466
464 1404
464 877
464 467
465 1025
465 1027
466 879
466 467
467 1406
468 471
468 469
470 1581
470 1497
470 476
471 483
471 1132
472 640
472 473
473 640
473 474
475 968
475 971
476 704
476 477
476 480
477 705
477 966
477 962
478 644
478 480
479 962
479 480
479 964
480 534
481 663
481 482
483 639
484 1027
484 1405
484 1024
485 1403
485 904
485 1026
486 636
487 1072
487 1323
487 751
487 555
488 1932
489 1932
489 1322
490 667
490 658
490 1102
491 497
491 496
491 665
492 669
492 670
492 494
492 662
493 495
493 657
493 670
494 666
494 657
494 669
495 660
495 659
496 664
497 1550
497 658
498 499
499 1502
500 719
500 1764
501 502
501 1768
501 1762
502 1091
502 1418
503 608
504 505
506 1365
506 961
506 1546
507 1515
507 963
508 725
508 1909
508 1159
508 1107
509 1103
509 1162
509 864
510 1154
510 1910
510 1143
510 1155
511 582
512 1542
512 1370
512 1539
513 1539
514 517
515 517
515 974
515 979
516 517
518 1206
519 1205
519 1203
520 1317
520 1186
520 1319
521 522
521 524
522 523
522 524
523 525
523 524
525 1433
525 959
525 1508
526 775
526 1355
527 1557
528 1053
528 1434
529 1095
529 537
530 535
530 1095
531 613
532 533
532 535
533 535
534 1553
534 1582
536 985
538 989
538 539
540 1051
540 563
540 1744
540 562
541 551
541 1442
542 566
542 553
543 558
544 659
544 664
544 661
545 560
546 553
547 899
547 887
547 1037
548 564
550 1101
552 554
552 938
554 1047
554 1035
555 923
555 751
556 613
558 566
559 589
559 1028
560 1924
561 1264
561 564
562 1550
562 1551
564 1509
565 1924
567 571
568 569
569 1560
569 1135
570 1424
570 593
571 584
571 1073
571 649
572 1077
572 586
572 581
572 1414
573 986
573 1505
574 1412
574 582
575 988
575 590
575 1894
576 588
577 1921
577 1419
578 585
578 587
579 589
581 1083
583 1418
583 1873
584 592
584 1248
584 1922
585 984
586 1416
586 1413
586 1248
587 1505
588 591
588 1049
589 1031
590 987
590 1401
591 901
591 1435
593 1424
594 1435
595 605
595 1842
595 1852
596 1831
597 598
597 1597
597 1792
598 1774
598 1519
599 1876
599 1899
600 1804
600 1864
600 1858
600 1866
600 1863
601 1774
601 1773
602 1847
602 1800
602 1799
603 1963
603 1962
604 1806
604 1831
604 1832
605 1856
605 1864
606 976
609 611
610 611
610 785
611 1026
612 1026
614 615
614 701
616 954
616 1545
617 1373
617 1370
617 1009
619 628
619 623
620 628
620 625
621 768
622 624
622 628
623 627
625 626
626 1361
627 1360
629 630
629 1584
630 1585
630 1555
631 1369
631 1370
631 634
632 1367
632 1365
632 1542
633 954
634 1375
634 1516
635 1617
636 1741
636 1429
636 1430
637 1010
637 1327
637 1670
637 1335
638 1517
638 1280
639 877
639 1092
640 1601
642 1432
642 1506
642 1431
643 644
644 645
646 1437
646 950
646 1507
647 1507
647 1506
647 1432
648 649
649 1397
650 806
650 809
651 989
651 1947
651 653
652 1895
652 1390
653 988
653 1945
654 656
654 655
657 676
657 672
658 692
658 688
659 682
659 674
660 677
660 920
661 681
661 678
661 1102
662 671
662 668
662 1494
663 668
663 1431
664 687
664 682
665 692
665 687
665 667
666 690
666 1102
666 679
667 678
667 693
668 1430
669 1102
669 1431
670 676
670 684
671 921
671 677
672 681
672 690
673 1743
673 914
674 691
674 697
675 680
676 686
677 684
678 698
680 685
680 1063
681 691
682 683
682 919
683 1964
684 921
685 1552
685 1507
687 698
688 1552
688 1551
688 1506
689 690
691 697
692 693
693 696
694 695
695 1968
695 913
696 697
696 698
697 1966
699 701
699 702
699 700
700 700
704 1064
704 1184
704 705
706 707
706 708
707 708
709 1604
709 710
712 1555
712 766
713 758
714 716
715 728
715 716
716 734
717 744
717 738
721 722
721 1310
723 724
725 1154
725 1143
726 1466
726 1465
727 730
727 729
728 729
728 731
729 730
730 731
732 1391
732 733
733 1390
735 1080
736 739
736 746
737 741
737 740
738 743
739 743
739 748
740 748
741 746
742 747
743 745
744 745
749 1463
750 1374
751 1101
752 1873
752 755
752 1417
753 754
753 1417
754 1412
755 1412
756 767
757 759
757 767
757 758
759 766
760 1153
760 1160
761 763
761 762
763 1291
764 765
764 1292
766 767
768 771
769 772
769 1337
769 770
770 1332
770 1498
771 1913
771 772
772 1330
773 1894
773 1893
773 774
775 1298
775 1354
776 1919
776 778
777 778
777 1629
777 1642
778 779
779 780
779 1603
780 782
781 937
782 1580
782 923
782 1524
783 1524
783 784
784 1082
784 1580
785 932
785 1425
786 787
786 977
787 1757
788 790
790 1030
790 1033
791 793
792 794
792 795
792 1641
796 1641
796 1629
797 1643
798 803
799 800
799 801
799 803
802 1196
802 803
802 1643
804 808
804 805
805 806
805 807
806 807
807 808
810 811
813 813
813 815
814 828
814 974
815 832
815 828
816 858
817 819
818 819
818 821
818 824
819 822
820 825
821 824
821 822
822 823
823 825
823 830
824 826
825 831
825 827
826 830
826 835
827 829
827 834
828 833
829 832
829 836
830 837
830 831
831 839
831 834
832 833
832 838
833 840
833 842
834 836
834 841
835 837
835 845
836 838
836 843
837 839
837 844
838 847
838 840
839 846
839 841
840 842
840 848
841 843
841 849
842 850
843 847
843 851
844 845
844 846
845 853
846 853
846 849
847 852
847 848
848 850
848 854
849 855
849 851
850 856
851 857
851 852
852 858
852 854
853 855
853 860
854 859
854 856
855 857
855 860
856 859
857 858
858 859
860 861
860 862
864 1162
865 869
865 868
865 866
866 876
867 871
868 869
868 871
869 870
872 874
873 874
873 875
874 875
875 876
876 1943
877 881
878 879
879 880
882 883
882 885
882 890
883 884
883 886
884 1031
884 888
885 886
887 888
888 889
889 890
890 898
891 892
891 896
892 1039
892 893
892 895
893 1039
893 894
894 1039
894 895
895 897
896 897
896 901
897 898
897 900
898 903
899 1049
899 901
900 902
900 903
900 901
902 903
904 1029
904 905
905 1029
905 1030
906 907
907 908
907 910
909 922
909 910
909 1030
910 1758
911 912
912 913
912 1759
913 1967
915 918
916 919
916 920
916 1759
916 1758
917 918
918 1100
919 920
921 1965
923 1197
924 1604
924 935
926 1509
926 1508
927 930
927 928
927 929
932 934
932 933
935 1920
935 1919
937 1928
938 941
938 1047
939 1929
940 1050
940 941
941 1441
942 943
942 1548
942 944
943 945
943 1549
944 1548
944 945
945 1549
946 1053
947 1434
947 1054
947 1053
947 1438
948 1548
948 954
949 1054
949 1055
949 1440
950 1496
951 953
951 1436
952 1549
952 956
953 1056
954 1544
955 1058
955 1059
956 1547
957 958
958 1515
958 961
959 1508
960 963
961 1547
961 1366
962 965
964 966
964 969
966 968
968 969
970 971
972 1358
972 1359
973 1926
973 1136
976 1645
977 978
977 1922
978 1923
979 1512
980 981
981 982
981 983
984 985
986 1505
986 987
989 1395
990 993
991 992
992 993
992 995
993 994
996 997
996 999
997 998
998 1000
998 1001
999 1001
1001 1003
1002 1003
1003 1005
1004 1006
1007 1008
1009 1368
1010 1669
1010 1617
1011 1340
1011 1678
1011 1339
1012 1339
1012 1342
1013 1014
1014 1364
1014 1363
1014 1678
1015 1669
1015 1017
1015 1016
1016 1017
1018 1379
1018 1378
1018 1351
1019 1351
1020 1348
1020 1379
1020 1347
1021 1022
1021 1348
1022 1347
1022 1304
1023 1024
1025 1028
1027 1028
1029 1031
1032 1033
1034 1035
1035 1036
1037 1038
1040 1046
1041 1042
1041 1048
1042 1045
1043 1044
1044 1046
1044 1045
1045 1050
1046 1049
1047 1048
1048 1050
1051 1435
1051 1052
1054 1439
1054 1440
1057 1060
1058 1062
1059 1062
1059 1060
1060 1061
1061 1063
1061 1062
1063 1065
1064 1065
1064 1180
1067 1071
1067 1068
1068 1072
1068 1576
1069 1070
1069 1402
1072 1575
1073 1075
1073 1756
1074 1756
1075 1076
1075 1757
1077 1397
1077 1078
1079 1080
1081 1199
1082 1575
1083 1089
1084 1087
1085 1087
1086 1087
1086 1088
1088 1089
1089 1090
1090 1745
1090 1747
1091 1130
1092 1601
1092 1131
1093 1094
1095 1096
1097 1098
1097 1283
1099 1283
1100 1494
1100 1429
1100 1430
1101 1427
1103 1105
1103 1158
1104 1105
1104 1648
1104 1158
1106 1149
1106 1107
1106 1163
1107 1147
1108 1231
1108 1230
1108 1384
1109 1385
1109 1480
1110 1232
1110 1385
1110 1231
1111 1387
1111 1478
1112 1232
1112 1115
1112 1114
1113 1387
1113 1113
1114 1115
1114 1255
1115 1256
1116 1117
1117 1255
1117 1120
1118 1122
1119 1120
1120 1121
1121 1256
1121 1125
1122 1124
1122 1127
1123 1125
1125 1126
1126 1236
1126 1234
1128 1490
1128 1457
1129 1130
1129 1939
1129 1131
1130 1938
1131 1602
1132 1602
1134 1141
1135 1421
1135 1140
1136 1137
1138 1141
1139 1921
1140 1423
1140 1142
1141 1421
1142 1921
1143 1911
1143 1155
1144 1166
1145 1646
1145 1648
1145 1166
1146 1158
1147 1163
1148 1647
1148 1151
1150 1161
1151 1646
1151 1164
1152 1382
1152 1460
1152 1655
1152 1652
1154 1159
1154 1156
1156 1658
1156 1466
1156 1657
1157 1162
1157 1324
1157 1168
1159 1657
1160 1326
1161 1166
1161 1458
1161 1648
1162 1325
1163 1167
1165 1656
1165 1467
1168 1444
1169 1611
1170 1174
1170 1313
1171 1172
1171 1173
1172 1172
1173 1174
1176 1177
1177 1316
1177 1179
1178 1179
1178 1316
1180 1182
1180 1181
1182 1184
1182 1183
1184 1185
1186 1187
1186 1188
1187 1189
1188 1189
1190 1317
1190 1191
1191 1193
1192 1193
1192 1314
1193 1194
1196 1199
1197 1198
1198 1200
1198 1630
1198 1631
1199 1631
1201 1204
1202 1205
1205 1206
1206 1209
1207 1209
1208 1216
1209 1210
1210 1212
1210 1211
1212 1214
1212 1213
1213 1217
1213 1214
1214 1215
1217 1220
1217 1219
1218 1219
1219 1221
1222 1224
1223 1224
1223 1228
1224 1225
1226 1227
1227 1229
1227 1228
1231 1232
1234 1235
1236 1491
1237 1491
1238 1240
1238 1538
1238 1533
1239 1240
1240 1534
1241 1536
1241 1533
1241 1534
1242 1591
1242 1536
1243 1244
1244 1245
1244 1246
1247 1413
1248 1249
1250 1251
1251 1252
1251 1254
1254 1663
1255 1256
1257 1383
1257 1260
1257 1459
1258 1383
1258 1486
1259 1383
1260 1461
1262 1263
1264 1508
1265 1278
1265 1287
1266 1267
1267 1269
1267 1276
1268 1269
1269 1271
1270 1271
1271 1273
1272 1273
1273 1275
1274 1275
1275 1288
1276 1289
1276 1279
1277 1278
1278 1279
1279 1289
1281 1282
1281 1320
1284 1453
1284 1285
1285 1452
1285 1454
1286 1287
1289 1290
1292 1593
1293 1298
1293 1294
1293 1299
1294 1299
1295 1296
1295 1297
1295 1298
1296 1297
1300 1636
1302 1303
1304 1344
1305 1336
1306 1440
1306 1927
1306 1443
1307 1444
1307 1308
1308 1445
1309 1447
1309 1311
1310 1448
1310 1659
1311 1446
1312 1450
1312 1449
1312 1511
1315 1316
1317 1318
1318 1321
1318 1319
1319 1320
1320 1321
1322 1323
1322 1571
1324 1677
1325 1326
1327 1334
1327 1342
1328 1343
1328 1329
1329 1333
1330 1337
1330 1914
1330 1331
1332 1333
1334 1335
1335 1500
1336 1355
1336 1356
1338 1377
1338 1670
1338 1378
1339 1372
1340 1341
1340 1364
1341 1369
1342 1374
1344 1503
1344 1605
1344 1345
1345 1346
1346 1503
1346 1608
1347 1348
1347 1350
1348 1349
1349 1620
1349 1378
1350 1606
1350 1605
1350 1352
1351 1504
1352 1610
1352 1504
1353 1914
1353 1354
1354 1355
1356 1357
1357 1361
1358 1361
1363 1372
1364 1671
1365 1375
1365 1366
1366 1543
1367 1540
1367 1541
1368 1373
1368 1374
1369 1516
1370 1371
1371 1539
1371 1373
1372 1501
1372 1678
1375 1543
1375 1542
1376 1613
1376 1377
1377 1612
1379 1504
1382 1654
1382 1460
1382 1472
1382 1473
1383 1384
1384 1385
1385 1386
1386 1387
1387 1388
1389 1892
1389 1401
1389 1895
1390 1890
1391 1890
1391 1888
1392 1887
1392 1889
1393 1889
1393 1891
1394 1891
1394 1896
1396 1397
1398 1752
1399 1755
1400 1750
1402 1404
1402 1561
1403 1405
1403 1564
1404 1406
1405 1565
1406 1563
1406 1561
1407 1480
1407 1479
1407 1477
1407 1482
1408 1476
1408 1477
1409 1906
1410 1877
1410 1898
1411 1898
1411 1897
1412 1417
1413 1495
1414 1416
1416 1495
1417 1870
1418 1419
1418 1870
1419 1420
1421 1560
1421 1423
1422 1926
1423 1926
1426 1924
1426 1925
1427 1925
1428 1429
1429 1925
1430 1494
1432 1433
1434 1927
1438 1439
1441 1442
1443 1502
1444 1449
1445 1447
1445 1909
1447 1448
1448 1660
1449 1451
1454 1455
1458 1650
1458 1473
1459 1653
1459 1651
1459 1460
1460 1653
1460 1531
1460 1474
1461 1464
1461 1531
1462 1533
1462 1535
1462 1537
1462 1918
1463 1591
1464 1537
1465 1532
1465 1531
1465 1652
1466 1468
1466 1532
1467 1655
1467 1532
1468 1530
1468 1658
1469 1530
1470 1485
1470 1650
1470 1475
1470 1484
1471 1673
1472 1651
1472 1473
1472 1653
1473 1649
1473 1650
1475 1650
1475 1649
1476 1477
1476 1479
1477 1478
1479 1481
1480 1483
1481 1482
1481 1484
1482 1483
1482 1485
1484 1485
1485 1486
1487 1513
1487 1600
1488 1891
1488 1890
1489 1946
1490 1491
1492 1493
1499 1500
1503 1605
1511 1512
1513 1930
1513 1514
1515 1566
1516 1543
1516 1566
1517 1518
1520 1522
1520 1521
1520 1912
1522 1523
1524 1603
1525 1526
1527 1862
1527 1528
1528 1529
1528 1863
1529 1860
1529 1861
1533 1534
1535 1536
1535 1591
1537 1538
1539 1541
1540 1544
1541 1542
1544 1545
1545 1546
1546 1547
1550 1551
1550 1742
1551 1552
1553 1554
1553 1626
1554 1623
1555 1556
1556 1622
1556 1621
1558 1559
1559 1931
1561 1562
1562 1563
1562 1564
1563 1565
1564 1565
1567 1572
1567 1568
1568 1569
1568 1572
1569 1570
1569 1572
1570 1573
1570 1571
1571 1573
1574 1575
1576 1578
1577 1579
1578 1579
1579 1580
1583 1957
1583 1599
1584 1585
1584 1875
1586 1588
1586 1587
1586 1592
1587 1588
1588 1593
1589 1915
1589 1590
1590 1594
1591 1915
1592 1594
1592 1593
1595 1598
1596 1896
1596 1895
1597 1794
1601 1602
1603 1920
1603 1919
1604 1920
1607 1608
1608 1609
1611 1676
1611 1618
1614 1667
1615 1667
1616 1668
1617 1668
1618 1674
1623 1624
1623 1628
1625 1626
1626 1627
1629 1640
1630 1632
1631 1632
1632 1642
1633 1635
1633 1639
1633 1640
1634 1635
1634 1642
1634 1643
1635 1639
1636 1637
1637 1638
1638 1639
1640 1641
1644 1645
1646 1673
1647 1677
1649 1651
1652 1655
1654 1655
1656 1657
1658 1910
1661 1911
1661 1672
1662 1912
1662 1672
1664 1665
1666 1667
1666 1765
1666 1767
1667 1668
1668 1669
1669 1670
1673 1674
1674 1675
1679 1716
1679 1717
1679 1734
1679 1735
1680 1681
1680 1737
1680 1726
1681 1724
1681 1725
1682 1683
1683 1733
1683 1725
1684 1686
1684 1699
1684 1723
1684 1690
1685 1686
1685 1695
1685 1723
1685 1693
1686 1692
1686 1726
1687 1696
1687 1711
1687 1731
1687 1706
1688 1713
1688 1712
1688 1706
1688 1707
1689 1714
1689 1691
1689 1719
1689 1694
1690 1698
1690 1697
1690 1726
1691 1694
1691 1693
1691 1695
1692 1693
1692 1727
1692 1717
1693 1719
1694 1720
1695 1720
1696 1715
1696 1731
1697 1699
1697 1702
1698 1737
1698 1702
1699 1701
1700 1701
1701 1723
1702 1703
1704 1705
1704 1709
1704 1713
1705 1706
1705 1708
1707 1710
1707 1708
1708 1709
1709 1710
1710 1713
1711 1716
1711 1712
1711 1736
1712 1714
1714 1740
1714 1741
1716 1728
1717 1718
1717 1719
1718 1727
1718 1734
1719 1739
1720 1722
1720 1738
1721 1722
1722 1723
1724 1727
1724 1726
1725 1737
1728 1734
1728 1731
1728 1729
1729 1730
1729 1733
1730 1732
1730 1731
1733 1734
1735 1736
1735 1739
1736 1740
1739 1740
1746 1747
1747 1748
1748 1749
1748 1757
1750 1751
1750 1753
1752 1753
1752 1754
1753 1755
1754 1756
1754 1755
1758 1759
1760 1761
1761 1762
1761 1763
1762 1763
1763 1764
1765 1910
1765 1766
1769 1771
1769 1782
1769 1770
1770 1781
1770 1782
1771 1778
1771 1779
1772 1779
1772 1789
1772 1776
1773 1777
1773 1776
1774 1775
1775 1792
1775 1776
1776 1777
1777 1778
1778 1779
1779 1781
1780 1783
1780 1781
1780 1784
1782 1963
1783 1789
1783 1785
1784 1785
1784 1795
1785 1786
1785 1793
1786 1790
1786 1787
1787 1788
1787 1793
1788 1790
1788 1791
1789 1792
1789 1790
1790 1791
1791 1792
1793 1794
1794 1796
1795 1796
1795 1963
1796 1797
1798 1799
1798 1908
1800 1801
1800 1833
1801 1848
1801 1845
1802 1803
1803 1846
1803 1847
1804 1806
1804 1866
1805 1806
1807 1808
1807 1809
1810 1812
1810 1813
1811 1812
1811 1827
1811 1829
1813 1830
1814 1821
1815 1818
1815 1819
1816 1818
1816 1828
1816 1817
1817 1828
1817 1827
1818 1819
1819 1820
1820 1826
1820 1821
1821 1822
1822 1823
1823 1825
1823 1824
1824 1826
1824 1825
1826 1827
1830 1832
1831 1832
1833 1841
1833 1834
1834 1908
1835 1850
1835 1851
1835 1857
1836 1837
1836 1866
1837 1865
1837 1858
1838 1839
1839 1840
1840 1842
1840 1899
1841 1845
1841 1843
1842 1852
1843 1844
1843 1852
1844 1849
1844 1850
1845 1849
1846 1853
1846 1849
1847 1848
1848 1849
1850 1851
1851 1852
1851 1856
1853 1865
1853 1854
1854 1857
1854 1855
1855 1857
1855 1856
1855 1858
1858 1864
1859 1860
1861 1862
1863 1864
1863 1867
1864 1869
1867 1869
1868 1869
1870 1871
1872 1873
1874 1875
1877 1878
1878 1880
1878 1879
1879 1881
1881 1883
1882 1883
1883 1884
1885 1906
1886 1888
1886 1897
1887 1898
1892 1894
1893 1896
1899 1902
1900 1902
1901 1902
1903 1904
1903 1906
1903 1905
1907 1908
1909 1911
1913 1914
1915 1917
1916 1917
1917 1918
1922 1923
1931 1936
1932 1934
1933 1934
1934 1936
1935 1936
1937 1938
1937 1939
1938 1939
1940 1941
1940 1943
1941 1942
1941 1943
1945 1946
1945 1947
1946 1947
1948 1956
1949 1956
1949 1951
1949 1950
1951 1953
1951 1952
1953 1954
1953 1955
1958 1960
1959 1961
1959 1960
1960 1961
1962 1963
1967 1968
