0 3457
0 1016
0 1014
1 1014
1 2
1 1015
2 4
2 1015
3 4819
3 25
3 4818
4 4415
4 2136
5 1874
5 1871
5 1888
6 555
6 3670
6 1648
7 4489
7 1648
7 555
8 7002
8 4329
8 4489
9 10
9 3100
9 4604
9 4603
9 4605
9 4723
10 4606
10 4723
11 558
11 6335
11 6350
12 1460
12 14
12 557
13 4904
13 3993
13 3994
14 4602
14 4782
15 6876
15 1869
15 6877
16 534
16 19
16 6876
17 535
17 534
17 1905
18 19
18 1314
18 1315
19 4905
20 1917
20 21
20 535
21 3883
21 535
22 23
22 6290
22 26
23 24
23 26
24 29
24 25
25 29
26 3937
27 3937
27 4906
27 28
28 3460
28 29
30 240
30 4789
30 31
30 3996
30 4788
31 3989
31 3990
31 4787
32 4342
32 3426
32 240
33 351
33 350
33 2665
34 347
34 351
34 2668
35 4757
35 4762
35 4752
35 4761
36 747
36 3694
36 3944
37 4014
37 4016
37 41
38 41
38 4015
38 4378
39 42
39 4018
39 45
40 3350
40 1827
40 1246
40 808
41 4377
42 6129
42 3609
43 6569
43 4766
43 5050
43 4749
43 4751
44 348
44 347
44 2667
45 3609
45 1834
46 3142
47 3142
47 5130
47 5140
48 3934
48 5158
48 3933
49 50
49 3802
49 538
50 3926
50 3927
51 3928
51 3927
51 3925
52 525
52 3924
52 3929
53 531
53 3886
53 532
54 56
54 3891
54 3886
55 3901
55 5169
55 2204
56 3860
56 57
57 550
57 5521
58 4645
58 59
58 6288
59 60
59 6868
60 6869
60 6859
61 6859
61 1291
61 6854
62 4196
63 4196
63 4197
63 5129
63 4195
64 5132
64 5133
64 5143
65 72
65 71
65 1282
66 6864
66 69
66 70
67 6846
67 6848
67 1602
68 1285
68 69
68 4820
69 70
70 71
71 72
73 2161
73 76
73 6083
74 79
74 75
75 76
76 77
77 78
78 79
79 80
80 2162
80 2156
81 394
81 2156
81 2162
82 788
82 787
82 3718
83 912
83 910
83 6721
84 5500
84 393
84 394
85 86
85 3994
85 4789
85 1503
86 4727
86 3993
86 4789
87 3991
87 4787
87 3992
87 4727
88 1756
88 1727
88 3655
89 363
89 364
89 5323
90 363
91 364
91 776
91 6367
92 6367
92 5117
92 5119
93 95
93 6803
93 358
94 3414
94 97
94 99
95 4279
95 357
96 5419
96 357
97 98
97 4600
98 99
98 4263
99 131
100 145
100 604
100 4252
101 102
101 2316
101 4033
102 3541
102 4036
103 905
103 904
103 4316
103 906
104 5227
104 6718
104 2519
104 153
105 112
105 794
105 115
106 4822
106 2611
106 2507
107 6358
107 5351
107 1182
108 4317
108 4823
108 1182
109 601
109 2418
109 111
110 4824
110 111
110 601
111 4823
112 6836
112 6835
113 114
113 6837
113 6838
114 6835
114 6837
115 116
115 5352
116 117
116 5352
118 150
118 4322
118 146
119 1207
119 121
119 908
120 1211
120 154
120 4824
121 5265
121 1208
122 4513
122 2145
122 2141
122 1275
122 6336
123 1537
123 126
123 4252
123 1526
124 133
124 1184
124 126
125 1213
125 1184
125 1215
125 143
126 1527
126 144
127 128
127 1523
127 133
127 1527
128 139
128 129
129 136
129 6361
130 136
131 132
131 2144
132 1528
132 1523
133 134
133 356
134 135
134 1215
136 1531
137 1528
137 1529
137 3229
138 1528
138 139
138 1529
139 4591
140 3414
140 3219
140 1535
141 4318
141 143
141 142
142 1181
142 145
142 605
143 1181
144 145
144 1181
146 4320
146 5489
146 906
147 1201
147 4325
147 5283
148 5910
148 154
148 1201
149 1202
149 1232
149 1233
150 4589
150 151
151 4588
151 152
152 1277
152 5489
153 2515
153 1277
154 2515
155 4780
155 4013
155 2229
156 260
156 591
156 1340
156 5325
157 1340
157 3558
157 158
157 3059
158 3626
158 1336
159 3564
159 1349
159 201
159 774
160 609
160 404
160 1072
161 926
161 218
161 930
162 1767
162 1768
162 6139
163 1218
163 1018
163 1054
163 1017
164 5350
164 259
164 2419
165 1619
165 1224
165 1219
166 4037
166 4040
166 4041
167 4039
167 6130
167 1218
168 6160
168 3398
168 5328
168 1769
168 6161
169 1604
169 797
169 4037
170 4247
170 2569
170 1932
171 928
171 3661
171 5085
171 6082
172 4926
172 1546
172 5582
173 3205
173 6363
173 183
173 175
174 185
174 1515
174 6363
175 186
175 1517
176 1517
176 177
176 197
177 178
177 775
177 197
178 2573
178 179
179 775
179 5613
180 775
180 1516
180 197
181 1516
181 5899
181 5535
182 2187
182 2194
182 3208
183 5534
183 3204
183 184
184 2200
184 544
185 5080
185 4577
187 202
187 2606
187 1518
188 407
188 544
188 406
189 366
189 407
189 452
189 4242
190 6641
190 2184
190 4245
191 2196
191 2186
191 2188
191 2193
192 2188
192 5529
192 5534
193 450
193 199
193 454
194 4243
194 4245
194 454
195 5348
195 4236
195 196
195 218
196 578
196 416
196 626
198 2195
198 2192
198 6652
199 5107
199 5250
199 6648
200 1932
200 599
200 4115
201 5743
201 927
201 3002
202 405
202 4235
202 586
203 205
203 5035
203 269
204 3963
204 941
204 965
205 5814
205 206
206 346
206 1003
207 269
207 346
207 4767
208 2995
208 5035
208 932
208 264
209 223
209 560
209 2990
210 318
210 559
210 2995
211 560
211 5705
211 318
212 5705
212 213
212 5916
213 215
213 214
214 316
214 215
215 216
216 305
216 217
218 307
218 1040
219 5245
219 936
219 953
219 962
220 221
220 6021
220 2985
221 937
221 2974
222 2668
222 951
222 2666
223 559
223 5027
224 4369
224 232
224 5244
225 5917
225 6583
225 309
226 1020
226 5720
226 1035
227 5720
227 5347
227 235
228 616
228 5792
228 229
228 4236
229 230
229 314
230 233
230 469
231 314
231 232
231 6582
232 3203
233 1032
233 313
234 235
234 312
234 469
235 6583
236 3376
237 6621
237 6620
237 6618
238 4783
238 5328
238 1767
238 501
239 2101
239 355
239 918
240 3995
241 2622
241 5243
241 3069
241 673
242 6344
242 3058
242 2740
242 1280
242 1278
243 4135
243 2622
243 3057
244 5243
244 1163
244 782
245 4621
245 4623
245 2735
246 252
246 2735
246 785
247 2732
247 2727
247 248
248 3632
248 2706
249 3630
249 3568
249 2708
250 2718
250 251
250 2744
251 2708
251 2977
251 2714
252 253
252 2713
253 2713
253 2709
254 255
254 833
254 365
255 365
255 257
256 539
256 545
256 4264
257 5323
257 1051
258 614
259 2596
259 1781
259 602
260 261
260 262
261 804
261 284
261 6344
262 4223
262 290
262 1274
263 3058
263 1344
263 5300
263 5299
264 269
264 265
264 270
264 4206
265 266
265 4220
267 4212
267 4206
267 3624
268 4227
268 4216
268 4220
270 674
270 1002
271 1049
271 5538
271 4931
272 6823
272 1536
272 707
273 701
273 5249
273 6210
274 275
274 802
274 806
275 595
275 902
275 3418
276 440
276 438
276 277
277 573
277 418
278 960
278 335
278 4770
278 4769
279 4361
279 4363
279 280
280 338
280 2092
281 6585
281 2092
281 338
282 292
282 291
282 7014
283 2309
283 1598
283 3708
284 4736
284 801
285 1597
285 287
285 4508
285 4123
286 290
286 1597
286 2108
286 3710
287 2423
287 290
288 289
288 3614
288 2423
289 5681
289 1596
289 5684
290 2422
291 2103
291 2312
292 4483
292 4052
293 613
293 3944
293 4370
293 3946
293 468
293 4738
293 4740
294 5801
294 676
294 5802
295 667
295 668
295 579
296 406
296 297
296 366
296 668
297 3424
297 5348
297 412
298 304
298 1993
298 299
299 3533
299 300
300 3610
300 1993
301 1916
301 4100
301 1826
302 6894
302 4097
302 4096
302 4099
303 6894
303 4109
303 6893
303 304
304 3350
305 307
305 306
307 308
309 5914
309 5911
310 311
310 5915
314 315
317 5725
317 5518
317 1036
318 934
319 320
319 926
319 3424
320 320
321 6364
321 4372
321 5741
322 6608
322 6611
322 6251
322 6612
323 5041
323 4579
323 324
324 5040
324 325
325 6632
325 6228
326 6591
326 332
326 331
327 328
327 330
327 331
328 3052
328 329
329 330
329 6623
330 331
332 333
332 5004
333 4986
333 4982
334 4981
334 5009
334 6624
335 6579
335 4364
336 6580
337 4769
337 4773
337 4745
338 339
339 4526
339 341
340 341
341 342
343 3603
343 344
343 1048
344 1573
344 3604
345 1833
345 3601
345 2110
346 4768
347 2669
348 475
348 349
349 350
349 482
350 2664
351 2666
352 355
352 353
352 2103
353 354
353 2094
354 1908
354 355
354 1446
355 918
356 1531
356 1530
357 358
358 2221
359 1341
359 3564
359 3565
360 3416
360 362
360 3415
361 2619
361 1770
361 4784
362 1018
362 2619
364 1051
365 841
366 2601
367 368
367 844
367 6780
367 6800
367 373
368 369
368 373
369 748
369 370
370 853
370 371
371 846
371 372
372 374
372 373
373 6799
374 375
374 846
375 376
375 6795
376 739
376 6795
377 739
377 378
377 733
378 379
378 381
379 5909
379 380
380 715
380 381
381 733
382 716
382 715
382 4271
383 4271
383 714
383 4266
384 1513
384 385
384 1012
384 7029
385 5675
385 4022
385 1513
386 7038
386 7037
386 7020
387 2684
387 5093
387 2681
388 1279
388 2692
388 2690
389 3625
389 6637
389 4207
390 3624
390 3625
390 3622
390 3623
391 4117
391 1242
391 2743
392 2159
392 394
392 393
393 914
395 2536
396 1053
396 603
396 1180
396 596
397 1341
397 1346
397 1967
398 399
398 1967
398 1348
399 1071
399 1241
400 1071
400 1240
400 401
400 1241
401 1969
401 3619
402 6261
402 3622
402 5326
403 2604
403 404
403 4227
404 588
405 2697
405 5349
405 4203
406 408
406 2697
407 408
408 2699
409 411
409 2191
409 410
410 6651
410 5104
411 6208
411 3395
412 414
412 5349
413 414
413 2599
413 2600
415 2599
415 2600
416 417
416 573
417 420
417 418
418 419
419 424
419 420
420 421
421 422
421 424
422 423
422 4969
424 446
425 447
425 564
425 623
426 565
426 428
426 427
426 564
428 4966
428 4961
429 431
429 4966
429 430
431 628
431 432
432 433
432 449
433 4967
433 434
434 567
434 5612
435 442
435 5612
435 436
436 439
436 3397
436 437
437 6654
437 438
438 661
438 665
439 440
439 444
440 441
441 442
441 446
442 443
445 6654
446 623
447 448
447 5611
448 4960
448 4962
449 4968
449 4959
450 6648
450 453
450 4246
451 452
451 453
451 661
452 4243
453 454
454 3396
455 2559
455 3652
455 456
456 1721
456 3652
457 4923
457 3938
457 2386
457 6756
457 5831
458 5769
458 2384
458 2386
459 460
459 2385
459 5768
460 461
460 4307
461 2225
461 462
462 4013
462 2225
463 616
463 617
463 465
464 465
464 466
464 500
465 5792
466 619
466 617
467 468
467 618
467 619
468 3946
468 5744
468 3944
469 1040
470 6909
470 474
470 2543
470 4910
471 1045
471 6909
471 1046
472 3516
472 473
472 6908
472 3526
473 3523
473 6906
474 1993
474 2542
475 6243
475 6565
475 482
476 477
476 481
476 2618
477 2617
477 478
478 479
478 2615
479 480
479 2613
480 2614
480 481
481 2616
482 6242
482 2616
483 2613
483 5064
483 1920
484 1920
484 488
484 6549
485 6550
485 1959
485 486
486 487
486 1961
487 1554
487 2153
488 2153
488 2148
489 4804
489 490
490 4809
491 5729
491 6745
491 4809
492 6506
492 4803
492 5729
493 2798
493 2150
493 2615
494 2799
494 4142
494 2150
495 496
495 2793
495 498
496 497
496 2155
497 6488
497 498
498 2812
499 6555
499 2897
499 6466
500 3945
500 3946
501 1761
501 1764
501 4231
502 4799
502 503
502 3560
503 1696
503 1703
504 4353
504 1752
504 1694
505 5974
505 4348
505 4452
505 3173
506 5976
506 508
506 509
507 3673
507 509
507 508
508 4793
509 1487
510 3673
510 511
510 5928
511 1333
511 4701
512 515
512 4701
512 513
513 5286
513 514
514 3409
514 515
515 1485
516 3701
516 519
516 517
517 3156
517 518
518 4713
518 519
519 4721
520 521
520 3163
520 6011
521 6941
521 6943
522 4702
522 1497
522 3126
523 6004
523 3113
523 6891
524 6001
524 6883
524 3905
525 3916
525 6882
526 4645
526 1296
526 529
527 549
527 528
527 3931
528 529
528 549
529 1320
530 3805
530 556
530 1917
531 532
531 3804
532 533
533 1322
533 1316
534 1905
536 3802
536 1314
536 3929
537 1310
537 538
537 1311
538 5999
538 3803
539 823
539 1050
540 541
540 4943
540 724
541 542
541 543
542 723
542 543
543 3666
544 2606
545 3662
545 1050
545 3664
546 1426
546 4728
546 1422
547 548
547 2620
547 1636
547 6163
548 6164
548 2620
549 1318
550 1319
550 1322
551 1316
551 552
551 3934
552 3933
552 553
553 554
553 1317
554 3850
554 1319
555 4608
556 1315
556 1917
557 558
557 1335
558 4601
559 2995
560 935
561 562
561 566
562 563
562 564
565 566
567 6910
567 568
568 3081
568 1249
569 6128
569 810
569 3081
569 571
570 641
570 6910
570 642
571 654
571 3074
572 4960
573 576
574 1675
575 1675
576 660
576 577
577 585
577 584
578 584
578 579
579 580
580 581
580 582
582 5617
582 5919
583 5919
584 585
585 660
586 1540
586 587
587 772
587 778
588 4235
588 1540
589 3572
589 1539
589 3659
590 3659
590 1544
590 3661
591 2567
591 786
592 593
592 786
592 594
593 802
593 4240
594 802
594 902
595 7079
595 597
596 4247
596 598
596 7079
600 605
600 607
600 604
601 4825
602 603
602 1180
602 2419
603 604
604 1537
605 606
605 607
607 2418
608 3665
608 4116
608 3016
609 3005
609 773
610 6617
610 5736
610 5318
611 612
611 5428
611 5431
612 6617
612 5428
612 6618
613 3942
613 3940
613 3423
613 3941
613 4370
614 615
614 1056
615 1056
615 2538
616 626
617 621
619 620
620 620
621 622
621 625
622 623
622 625
624 625
626 4969
627 4969
628 629
628 1250
629 745
629 5849
630 642
630 658
630 643
631 675
631 6915
631 635
632 654
632 3075
632 6019
633 5545
633 634
633 3075
634 657
634 3073
635 6913
635 3072
635 3073
636 648
636 652
636 637
637 3077
637 638
638 650
638 639
639 5621
639 647
640 647
640 6915
640 658
640 702
641 5618
641 3079
641 3078
642 644
643 5242
643 5614
644 5614
644 645
645 646
645 5544
648 649
648 650
650 651
652 653
652 5545
654 809
655 811
655 656
655 6913
656 3072
656 809
656 657
657 6019
657 3072
658 659
660 1675
661 662
662 663
662 664
665 666
665 4246
668 4238
669 917
669 1908
669 670
670 4734
670 6340
671 4732
671 4733
671 2097
672 1427
672 4731
672 3426
673 1426
673 4132
673 3054
674 4767
674 4768
675 6077
675 6912
676 678
676 677
678 702
678 679
679 680
680 4259
681 692
681 689
681 4261
682 6811
682 692
682 683
683 684
683 688
684 685
684 687
685 686
685 5858
686 691
686 5795
687 691
687 688
688 689
689 6813
690 691
690 6813
690 5860
692 4267
693 4267
693 697
693 694
694 696
694 695
697 5543
697 698
698 699
699 700
700 5543
700 701
701 702
703 4947
703 704
703 6822
704 706
704 705
706 6824
706 707
707 5787
708 734
708 711
708 1538
709 710
709 4945
709 712
710 4944
710 713
711 712
711 715
711 713
712 713
713 714
714 723
716 4274
716 719
716 717
717 718
718 820
719 720
719 4266
720 721
720 722
722 2183
723 2183
724 3025
724 821
725 826
725 727
725 821
726 820
726 827
726 728
726 727
727 827
728 827
728 729
729 730
729 829
730 731
731 732
732 733
732 6794
734 5909
734 818
735 2198
735 814
735 816
736 742
736 777
736 2198
737 738
737 740
737 777
738 777
738 880
739 740
740 741
741 742
741 744
742 743
745 4379
745 5744
746 4378
746 4018
746 4379
747 4014
747 4016
748 6781
748 6800
748 749
749 750
749 5851
750 2093
750 5854
751 6790
751 752
751 2093
752 5853
752 2093
753 6784
753 754
753 6783
754 6787
754 755
755 5188
755 6788
756 5188
756 855
756 757
757 758
757 761
758 759
758 854
759 760
759 763
760 761
760 764
761 882
762 880
762 882
762 5189
763 764
763 5855
764 6355
764 766
765 6355
765 2757
765 2201
765 6351
766 6816
766 767
766 885
768 1517
768 769
768 1548
769 4577
769 4575
769 771
770 4575
771 5081
771 4493
772 1514
772 1522
772 5083
773 1540
773 1541
774 3005
774 3006
776 6366
778 4493
778 1541
779 965
779 4428
779 1637
780 2693
780 781
780 3957
781 783
781 1436
781 1064
782 5583
782 1064
783 1010
783 1065
784 785
784 1011
784 1010
785 6655
786 4478
786 4239
787 4292
787 4293
788 3215
788 4291
789 3211
789 792
789 793
790 791
790 792
790 3717
791 793
792 793
794 4036
794 5588
795 1230
795 4033
795 2611
796 5922
796 1225
796 1783
797 4302
797 1768
798 1762
798 2566
798 1563
799 800
799 2563
799 1749
800 4222
800 7005
801 5206
801 5205
803 2576
803 5232
803 6148
804 3710
804 4218
805 806
805 4487
805 3417
806 3707
807 5849
807 808
807 3351
808 6334
809 810
810 1248
810 811
811 3601
812 4958
812 2201
812 6351
813 6352
813 814
813 5361
814 815
816 817
816 818
818 819
820 4274
821 3026
822 824
822 3026
823 4943
823 5906
824 825
824 5902
826 828
827 828
829 845
829 830
830 4280
830 4264
831 832
831 833
831 838
831 4280
833 836
834 836
834 835
834 6789
836 837
838 842
838 839
839 840
840 6792
841 844
841 842
842 843
844 845
845 6779
846 6797
846 6785
847 848
847 6797
848 6786
849 851
849 6786
849 6787
850 5189
851 6782
851 852
852 853
852 6793
853 6785
853 6781
854 855
854 5855
855 856
856 857
856 2758
857 1244
857 1243
858 859
858 2756
858 3292
859 4482
859 860
860 3604
860 3603
861 862
861 3605
861 1916
862 863
862 3538
863 1916
863 3597
864 4106
864 2031
864 3607
865 2029
865 2033
865 871
865 3606
866 2016
866 867
866 2033
867 868
867 6918
868 869
868 6916
869 2033
869 870
870 870
871 872
871 2029
872 1687
872 874
873 3461
873 874
873 1687
874 2010
875 3461
875 876
875 879
876 1997
876 877
877 886
877 878
878 6905
878 879
879 2018
880 881
881 883
881 884
882 885
883 884
883 885
884 3716
886 887
886 888
887 1986
887 1984
888 889
888 1984
889 890
889 1996
889 4438
890 2091
890 3082
890 6601
891 892
891 1985
891 3348
892 893
892 1992
893 894
893 895
896 4435
896 1165
896 3536
897 4435
897 4434
897 4433
898 4089
898 6904
898 899
899 900
899 4091
900 6333
900 4095
901 3351
901 4021
901 6228
901 4018
902 6147
903 2151
903 5325
903 2421
903 4240
904 4694
904 907
904 4316
905 906
905 4699
905 4694
907 908
907 1206
908 4319
909 910
909 1209
909 1618
910 911
911 5261
911 1618
912 914
912 913
913 914
913 2315
915 4735
915 2095
915 6346
916 6341
916 917
916 5363
917 6339
918 1910
919 6703
919 3996
919 3995
919 6688
920 1427
920 1423
920 1413
920 1411
921 2691
921 925
921 2692
922 3639
922 3637
922 7035
923 7033
923 924
923 3639
924 1166
924 925
925 4207
926 1785
927 1520
927 1548
928 2570
928 2575
929 4026
929 4027
929 3626
930 931
930 932
932 933
935 5248
935 5707
936 2989
936 5345
936 954
937 938
937 2986
938 939
938 940
939 4748
939 953
941 942
941 951
943 946
943 2974
943 944
944 945
944 2985
945 947
945 2964
946 2964
946 2963
947 2965
947 2963
948 2966
948 2969
948 2973
949 2984
949 2971
949 2973
950 951
950 2973
950 6237
952 5707
953 962
954 5246
954 5245
954 5248
955 5713
955 5711
955 5712
956 5716
956 1042
956 5713
957 1023
957 1021
957 5721
957 1020
958 1038
958 959
958 1021
959 960
959 5722
960 1039
961 1025
961 1039
961 1043
961 5724
961 5726
962 5245
962 5711
963 3963
964 3963
964 6988
964 3962
965 3962
966 967
966 6990
966 6988
967 1637
967 968
968 3960
968 969
969 970
969 3960
970 971
970 6996
971 5961
971 972
971 5969
972 6994
972 6997
973 975
973 6994
973 974
974 6992
974 6993
975 976
975 1101
976 980
976 977
977 978
977 979
980 981
980 990
981 2978
981 982
982 983
982 989
983 984
983 1430
984 985
984 986
985 1101
985 986
986 1419
987 1512
987 988
987 1430
988 1433
988 989
989 1431
991 2700
991 2978
991 1431
992 993
992 1432
992 3959
992 3957
992 994
993 994
993 5970
994 995
995 996
995 5965
996 5964
996 2700
997 6996
997 4840
997 4439
998 999
998 3957
998 1635
999 1000
999 4431
1000 1636
1000 1007
1001 2695
1002 5698
1002 5327
1003 1004
1004 1013
1004 1005
1005 3950
1005 5696
1006 5700
1006 3953
1006 4442
1007 1067
1007 4432
1008 4432
1008 2695
1008 1009
1009 1011
1009 1010
1011 7038
1012 4205
1012 3642
1014 1016
1015 4819
1016 4818
1017 1019
1017 1018
1019 4784
1019 4783
1020 1033
1021 1022
1024 5719
1024 5726
1024 1025
1025 1043
1026 1028
1026 5726
1026 1027
1028 5725
1028 1029
1030 1031
1030 3203
1030 1033
1032 1035
1032 1034
1033 1034
1034 1035
1036 1037
1036 5347
1037 5347
1037 5917
1039 6581
1040 1041
1042 5717
1042 1044
1043 1787
1044 1787
1045 3495
1045 3476
1045 3489
1046 6909
1046 3476
1047 1048
1047 1585
1047 6366
1048 1585
1049 1050
1049 1516
1051 2758
1051 5323
1052 2757
1052 5119
1052 5120
1053 3416
1053 1543
1054 2511
1054 5302
1055 4912
1055 2541
1056 2539
1057 4374
1057 5042
1057 5044
1058 5321
1058 6629
1058 5746
1059 3221
1059 3228
1059 4273
1060 3189
1060 5576
1060 1154
1061 1062
1061 1153
1061 3097
1062 1063
1062 4846
1064 1065
1065 1066
1067 1513
1067 4205
1068 1425
1068 2621
1068 1272
1069 1252
1069 1255
1069 1356
1070 1275
1070 4262
1070 2145
1071 1348
1072 2605
1072 3068
1073 2661
1073 1920
1073 6549
1073 1133
1074 2634
1074 3997
1074 1075
1075 1628
1075 1076
1075 2777
1076 1262
1076 1092
1076 1947
1077 1078
1077 3746
1078 1079
1078 1253
1079 1253
1079 3756
1079 3745
1080 3760
1080 3756
1080 3764
1081 3760
1081 3757
1081 3758
1082 3766
1082 1083
1082 3767
1083 3761
1083 1084
1084 3775
1084 1085
1085 3263
1085 1259
1085 3264
1086 3264
1086 3769
1087 3770
1087 3794
1087 3769
1088 3793
1088 3724
1088 3263
1088 3794
1089 1090
1089 1257
1089 3758
1090 3257
1090 2322
1090 3748
1091 2321
1091 3260
1091 2323
1091 3257
1092 1624
1092 3721
1093 1606
1093 4479
1093 1110
1094 4509
1094 5196
1094 6986
1094 3425
1095 1100
1095 1102
1095 1097
1096 1109
1096 2390
1096 5355
1096 4584
1097 2400
1097 1098
1098 2402
1098 1099
1099 4581
1099 1605
1100 1605
1100 4870
1101 3425
1101 2665
1102 2792
1102 2399
1103 4586
1103 2775
1103 1109
1103 1663
1104 1608
1104 4873
1104 2761
1105 4872
1105 2761
1105 1607
1106 2764
1106 2765
1106 4872
1107 1111
1107 2764
1107 2765
1108 1609
1108 1667
1108 3367
1108 2766
1109 1111
1110 1111
1110 2759
1112 1261
1112 3779
1112 2637
1112 3751
1112 3782
1113 6385
1113 1114
1113 6381
1114 6370
1114 1115
1114 6368
1115 6391
1115 6394
1115 6401
1116 6391
1116 1117
1116 6401
1117 3369
1117 3370
1118 1119
1118 3370
1118 3369
1119 1120
1119 6390
1120 6091
1120 3998
1120 1121
1121 1945
1121 1943
1122 2777
1122 1945
1122 2778
1122 6091
1123 1124
1123 1666
1123 6480
1124 1663
1124 4585
1124 2766
1125 4585
1125 4894
1125 1129
1126 1131
1126 6537
1126 6546
1127 6490
1127 1131
1127 5357
1128 2774
1128 4587
1128 4881
1128 2671
1129 6480
1129 1130
1129 6481
1130 1944
1130 4000
1130 3999
1131 6547
1132 2780
1132 4851
1132 3999
1133 2781
1133 5229
1133 6551
1134 5822
1134 2779
1134 1918
1135 5339
1135 2857
1135 4384
1136 1976
1136 5052
1136 2860
1137 1140
1137 4390
1137 5731
1138 1141
1138 2278
1138 3386
1139 3386
1139 3387
1139 4403
1140 2278
1140 3387
1141 3385
1141 2260
1142 5279
1142 5314
1142 4741
1143 5314
1143 2284
1143 2134
1144 1145
1144 4391
1144 2284
1145 4388
1145 3973
1146 6556
1146 6555
1146 2265
1147 2852
1147 2867
1147 3379
1148 2854
1148 3379
1149 2854
1149 2443
1149 4383
1150 1677
1150 2856
1150 2443
1151 4728
1151 1163
1151 1445
1152 1503
1152 3426
1152 1153
1152 4846
1153 5354
1154 5581
1154 3098
1155 5526
1155 1802
1155 1795
1156 1816
1156 1656
1156 1802
1157 1164
1157 1158
1157 1652
1159 1434
1159 1433
1159 1160
1160 1436
1160 1161
1161 5951
1161 3712
1162 1163
1162 1443
1162 1445
1164 1173
1164 1172
1164 2136
1165 3612
1165 4436
1166 6637
1166 6164
1167 2593
1167 1551
1167 5394
1168 1553
1168 3440
1168 1555
1169 4842
1169 1551
1169 1928
1170 1458
1170 4339
1170 6691
1171 1172
1171 1799
1171 4957
1172 1173
1173 2135
1173 1176
1174 1175
1174 5037
1174 5581
1175 1799
1175 1898
1176 3241
1176 3243
1176 1179
1176 4956
1177 1178
1177 3241
1177 3240
1178 1179
1178 3242
1178 3241
1179 3242
1180 4844
1181 1184
1182 1183
1183 1202
1183 1212
1183 1232
1185 1780
1185 1186
1185 1192
1186 1772
1186 5923
1186 5922
1187 1772
1187 3588
1187 1194
1188 1189
1188 1192
1188 1199
1189 1191
1189 1190
1192 1772
1193 1194
1194 1195
1196 2129
1196 1197
1196 1784
1197 1198
1197 1784
1198 1199
1198 2701
1199 1780
1200 1202
1200 1231
1200 1233
1201 1233
1202 1229
1203 6719
1203 6718
1203 1205
1204 1206
1205 1206
1205 1207
1207 6719
1209 1209
1210 1560
1211 1228
1211 1231
1212 1229
1212 1228
1213 2749
1213 1214
1214 3413
1214 2749
1215 2750
1216 6130
1217 1222
1217 4038
1217 1619
1218 5305
1219 2596
1219 1777
1220 1222
1220 2530
1220 2531
1221 1225
1221 5833
1221 1226
1222 1224
1223 5832
1223 1224
1223 6158
1224 5833
1225 2531
1226 1227
1226 1782
1227 4313
1227 2131
1228 1229
1229 1231
1230 2610
1230 2465
1232 5351
1234 5469
1234 4325
1234 1235
1235 5474
1235 6843
1236 5474
1236 5475
1236 5480
1237 5110
1237 1972
1237 5109
1238 1278
1238 4511
1238 1239
1239 2104
1239 1240
1240 1686
1240 1241
1242 1686
1242 3619
1243 6366
1244 5280
1244 1245
1246 1247
1246 1831
1246 3598
1247 1248
1247 2110
1247 1836
1248 2110
1248 3608
1249 6334
1249 2091
1250 3351
1251 3773
1251 1352
1251 3774
1252 3774
1252 4611
1253 1254
1254 4611
1255 4611
1256 3255
1256 1270
1257 1258
1257 3725
1257 3759
1258 3725
1258 1259
1259 1260
1260 3759
1260 3766
1261 2639
1261 2637
1261 2638
1261 1262
1262 2634
1262 3777
1263 1264
1263 3261
1263 3792
1264 1265
1264 1266
1265 3064
1265 6925
1266 1267
1266 3793
1267 1268
1267 3262
1268 3724
1268 3259
1269 3757
1269 1270
1269 3267
1270 3251
1271 3745
1271 3267
1272 4846
1272 1423
1273 3221
1273 2218
1274 2421
1274 5325
1275 6336
1276 4612
1276 1363
1276 1360
1277 5493
1278 4117
1279 2736
1279 2743
1280 4475
1280 2736
1281 1282
1281 1283
1281 6865
1282 1283
1283 1284
1284 6866
1284 4074
1285 1289
1285 4821
1286 4821
1286 1290
1286 1291
1287 1291
1287 1288
1287 1293
1288 1293
1288 1292
1289 1290
1289 4821
1289 3141
1290 1292
1292 5133
1293 1294
1294 3932
1294 1297
1295 3931
1295 1296
1295 3932
1296 1297
1297 3932
1298 5155
1298 1300
1298 1299
1299 1300
1299 3705
1300 1301
1301 1302
1301 1305
1302 1303
1302 1305
1303 5151
1303 3705
1304 6870
1304 3931
1304 3143
1305 6870
1306 3809
1306 1308
1306 1309
1307 1312
1307 1313
1307 1308
1308 1309
1309 1310
1310 1311
1311 1312
1312 1313
1313 2208
1314 1315
1316 1322
1317 3850
1317 1318
1318 3850
1319 3821
1320 4641
1320 5185
1321 4832
1321 5185
1321 3857
1323 3827
1323 3823
1323 3864
1324 1325
1324 3824
1324 3847
1325 3829
1325 3832
1326 3846
1326 3853
1326 3844
1327 4832
1327 4646
1327 3859
1328 3828
1328 3824
1328 3849
1329 2324
1329 7082
1329 3579
1329 4815
1330 3187
1330 3186
1330 6705
1330 6708
1331 4349
1331 4299
1331 4297
1332 5293
1332 1486
1332 4349
1333 1334
1333 1466
1334 4796
1334 1476
1335 5779
1335 4601
1336 1337
1336 3004
1337 1542
1338 1350
1338 1347
1338 1348
1338 4213
1339 1350
1339 1968
1339 3565
1340 2996
1341 1342
1342 1343
1342 1346
1343 1351
1343 1344
1344 1351
1344 1349
1345 1547
1345 1545
1345 1546
1346 2105
1347 1968
1347 4221
1349 3004
1350 3068
1351 2740
1352 5236
1352 5209
1353 1372
1353 4975
1353 5236
1353 1367
1354 1355
1355 1415
1355 1364
1356 1360
1356 2624
1357 3060
1357 5207
1357 1359
1358 1359
1358 1363
1358 3060
1359 1361
1360 3062
1361 1363
1361 1362
1362 3061
1362 1364
1364 1379
1365 1401
1365 3061
1365 4613
1366 5519
1367 1369
1367 1375
1368 5519
1368 1371
1368 1388
1369 1370
1369 5519
1370 1381
1370 1371
1371 1389
1372 4199
1372 2739
1373 4199
1373 1415
1373 1374
1374 1377
1374 1416
1375 1377
1375 2739
1376 1377
1378 1380
1378 1382
1378 1381
1380 1384
1380 1417
1381 1382
1382 1383
1383 1384
1383 1386
1384 1385
1385 1407
1385 1387
1386 1387
1386 1389
1387 1397
1389 1390
1390 5391
1390 6104
1391 1419
1391 6104
1391 1395
1391 5225
1392 1418
1392 6104
1392 6496
1392 6105
1393 1394
1394 1398
1394 1395
1395 1399
1396 1398
1397 1410
1397 4423
1398 1399
1399 4426
1400 1411
1400 4425
1400 4426
1401 1402
1401 1417
1402 1404
1402 1407
1403 1404
1403 1403
1404 1408
1404 1406
1405 1406
1406 1408
1407 4422
1408 1409
1411 1412
1412 5222
1412 4422
1413 5520
1413 5222
1414 1415
1414 1414
1415 1416
1416 1417
1418 1441
1418 1439
1419 1442
1420 1421
1420 5520
1420 2623
1422 1426
1422 3054
1423 1424
1424 1425
1424 5520
1425 2624
1427 1442
1427 3054
1428 1430
1429 1433
1431 1434
1432 5970
1432 1435
1434 1435
1435 1436
1437 5951
1437 5955
1437 4427
1438 4427
1438 1439
1438 1440
1439 5972
1440 5958
1440 5972
1441 5971
1441 1442
1443 3712
1443 3713
1444 5225
1444 5226
1444 3425
1445 5971
1446 1912
1446 2096
1446 1447
1447 1910
1447 6703
1448 1450
1448 4723
1448 4629
1449 1453
1450 1480
1450 1477
1451 1456
1452 1499
1453 3103
1453 1454
1454 3947
1454 4719
1454 1457
1455 4719
1455 4201
1455 1456
1456 1499
1457 1484
1457 1483
1458 5039
1458 4340
1459 3704
1459 4463
1459 4460
1459 1460
1459 4465
1459 4781
1460 4462
1461 1462
1461 4462
1461 4463
1462 4459
1462 1463
1463 5231
1463 4464
1463 4458
1464 6349
1464 4688
1464 1465
1465 1467
1465 4686
1466 1467
1466 1469
1467 1477
1468 1470
1468 4688
1468 4687
1470 4797
1470 4686
1471 4456
1471 4348
1471 4455
1472 4458
1472 5329
1472 4457
1472 2133
1473 3170
1473 6327
1473 4790
1473 4793
1474 4791
1474 4790
1474 5772
1475 4793
1475 4790
1475 4792
1476 4792
1476 4791
1477 1478
1478 1481
1478 1482
1479 1481
1479 1485
1479 1480
1480 3947
1481 1482
1482 1485
1484 3702
1484 3409
1486 5924
1486 3671
1487 6669
1487 3671
1488 5510
1488 4299
1488 4301
1489 2205
1489 1490
1489 2211
1490 2211
1490 2202
1491 2206
1491 1492
1491 1493
1492 1493
1492 2209
1493 4607
1493 4330
1494 5990
1494 4607
1494 4704
1494 1495
1495 4703
1495 1498
1496 6020
1496 5988
1496 4705
1497 6020
1497 1500
1498 4331
1498 4607
1499 4717
1500 4331
1500 1501
1500 4722
1501 4717
1501 3107
1502 6273
1502 4492
1502 3098
1503 5354
1504 4608
1504 1505
1504 4489
1505 1506
1505 4490
1506 1902
1506 1511
1507 1890
1507 4950
1507 4673
1508 1509
1508 4669
1508 4663
1509 4661
1509 4663
1510 1511
1510 6308
1510 4675
1511 4624
1515 4970
1515 5080
1515 1518
1518 1522
1519 5616
1520 4494
1520 1521
1522 5616
1523 1524
1525 1528
1526 2142
1526 1527
1529 4591
1530 1532
1530 1533
1531 1532
1532 1534
1535 3414
1535 4591
1536 3029
1536 3031
1537 4522
1537 2142
1538 3040
1538 6820
1539 2996
1539 4141
1541 4494
1542 4141
1543 4845
1543 2511
1544 1546
1544 2575
1544 1547
1544 2571
1545 1548
1545 3002
1545 1546
1545 4926
1546 2571
1547 2574
1549 2231
1549 6804
1549 5895
1550 1599
1550 4075
1551 1552
1552 1928
1552 1553
1553 1555
1554 5394
1554 2598
1555 2593
1556 2158
1556 1559
1556 1557
1557 4202
1557 4072
1558 2159
1558 1560
1558 1559
1559 2157
1560 6721
1561 1563
1561 1734
1561 3657
1562 5258
1562 5256
1562 4319
1563 1765
1564 4826
1564 4779
1564 4306
1565 4306
1565 3588
1565 5742
1566 3324
1566 3325
1566 3292
1566 4556
1567 4529
1567 4532
1567 4533
1568 1578
1568 1572
1568 1593
1569 1573
1569 1574
1570 3285
1570 3286
1570 1572
1571 1591
1571 1586
1571 4529
1572 1581
1573 3331
1574 3331
1574 3287
1575 3328
1575 1579
1575 1580
1576 1580
1576 6791
1576 1579
1577 1586
1577 1594
1577 1591
1578 4555
1578 1594
1579 5280
1580 4550
1581 3288
1581 1593
1582 3287
1582 1583
1582 3331
1583 1595
1583 4533
1584 1591
1585 5280
1586 1593
1587 4551
1587 1590
1587 1589
1588 3324
1588 1589
1588 1590
1589 3326
1590 3323
1592 3321
1592 4554
1592 4532
1594 4554
1595 3288
1596 4123
1596 1620
1597 4508
1598 4508
1598 1620
1599 1603
1600 4074
1601 5602
1601 3145
1601 1602
1602 6758
1603 3446
1604 4038
1604 2528
1605 4582
1606 4582
1606 1616
1607 1608
1607 2670
1608 4586
1609 2391
1609 6532
1609 1614
1610 2395
1610 3368
1610 2396
1610 2399
1611 1613
1612 4584
1612 4583
1612 1615
1612 2393
1613 4143
1613 2790
1614 4143
1614 3368
1615 1616
1615 4871
1616 4871
1617 5269
1618 5262
1619 4040
1620 2106
1621 3281
1621 4869
1621 2404
1622 6984
1622 6982
1622 1626
1623 4861
1623 6984
1623 1633
1624 1632
1624 3248
1625 6935
1625 1628
1625 2778
1625 2777
1626 4869
1626 6983
1627 2775
1627 6935
1627 2776
1628 1632
1629 6981
1629 6982
1630 2670
1630 2776
1630 1631
1631 1634
1631 6924
1632 2776
1633 6173
1633 6178
1634 6496
1634 6499
1635 4840
1635 1636
1636 4442
1637 3955
1638 3401
1638 5678
1638 1761
1639 1654
1639 1647
1639 1643
1640 1647
1640 5451
1640 1652
1641 1649
1641 1646
1641 1651
1642 1655
1642 6313
1642 1657
1644 5451
1644 1649
1644 5527
1645 1650
1645 1657
1645 1820
1646 1653
1646 3086
1647 1656
1648 6309
1649 1658
1650 1651
1650 6314
1651 1653
1652 1656
1653 1794
1654 1801
1654 5452
1655 1841
1655 4204
1656 5450
1657 4204
1658 5452
1658 1810
1659 6180
1659 3279
1659 3281
1659 3367
1660 5062
1660 1671
1660 5061
1661 1664
1661 1662
1661 1666
1663 1664
1664 2775
1665 5334
1665 1668
1665 1669
1666 4001
1667 1684
1667 2771
1667 2770
1668 2830
1668 1670
1669 5317
1669 1670
1670 2612
1671 5059
1671 5064
1672 6251
1672 5041
1672 6609
1672 6612
1673 6608
1673 1674
1674 6228
1674 4020
1676 2426
1676 1677
1678 4881
1678 1680
1678 4883
1679 1682
1681 1684
1681 1685
1681 1683
1682 1685
1682 4883
1683 6494
1683 6495
1684 2772
1684 4892
1685 4884
1686 4511
1687 1688
1688 1689
1688 2022
1689 2008
1689 2022
1690 4608
1690 1895
1690 1889
1691 1692
1691 3560
1691 3175
1691 3562
1692 3561
1692 6106
1692 3559
1693 1697
1693 6106
1693 1751
1694 1696
1694 4451
1695 5297
1695 1909
1695 3650
1696 4353
1697 1699
1697 1698
1698 1701
1698 1699
1699 1700
1700 5949
1700 5790
1701 1702
1701 5789
1702 4474
1702 5789
1703 5944
1703 4354
1704 1708
1705 2098
1705 4474
1705 1909
1706 1709
1706 4006
1706 5946
1706 2098
1707 4055
1707 1713
1707 3645
1707 3651
1708 1711
1708 5946
1709 2098
1709 3651
1709 2559
1710 3650
1710 4054
1710 3646
1710 3645
1711 1712
1711 5947
1713 1716
1713 1715
1714 1728
1714 4054
1714 3422
1715 1717
1715 1716
1716 1718
1717 1720
1717 1718
1718 1722
1719 6715
1719 3654
1719 4798
1720 1722
1720 1728
1721 1723
1721 1726
1722 1725
1723 4798
1723 5235
1724 1725
1725 1730
1726 3653
1726 4801
1727 3654
1727 4801
1727 1734
1727 4800
1727 5235
1728 3422
1729 3653
1729 1731
1729 3656
1730 1736
1730 1732
1731 1733
1731 1734
1732 3422
1732 7005
1733 1737
1733 3656
1735 1736
1735 1738
1735 1743
1736 1739
1737 6285
1737 3656
1738 1739
1738 1740
1739 1741
1740 1744
1740 1741
1741 1745
1742 1746
1742 2564
1742 6285
1743 1744
1743 1747
1744 1745
1744 1747
1745 1748
1747 1748
1748 1749
1749 7003
1749 2561
1750 1913
1750 6710
1750 5298
1751 1911
1751 1909
1752 4444
1752 5324
1752 3173
1753 4356
1753 5945
1753 4352
1754 4356
1754 5945
1754 1755
1755 6115
1755 4448
1756 6115
1756 3658
1757 1758
1757 2119
1757 2114
1758 5942
1758 2125
1759 5818
1759 2121
1759 4810
1760 2563
1760 1766
1760 2566
1761 5328
1762 1765
1762 2566
1762 4302
1763 1766
1763 1764
1764 1767
1765 4443
1766 1768
1769 1770
1769 1771
1770 5328
1773 1774
1774 1775
1774 1777
1776 5834
1776 1779
1776 5305
1777 5834
1778 5301
1778 1779
1780 5922
1781 5302
1781 5301
1782 3412
1782 4313
1783 2129
1783 2131
1784 2227
1785 4220
1785 1786
1788 2538
1788 2537
1788 2090
1789 1791
1789 1899
1789 1790
1790 1793
1790 1791
1791 1904
1792 5524
1792 1796
1793 5524
1793 3101
1793 7002
1794 1812
1794 1813
1795 3099
1795 6316
1795 1899
1796 4627
1796 4626
1797 1806
1797 1818
1797 3090
1798 1808
1798 1809
1798 3094
1799 1816
1800 6314
1800 3095
1800 6315
1801 5453
1801 1904
1801 1802
1803 6963
1803 1805
1803 4627
1804 1812
1805 4626
1805 3102
1806 3092
1806 5735
1806 3091
1807 1812
1809 1819
1809 1813
1811 3677
1813 1819
1814 6694
1814 6696
1814 4338
1815 5734
1815 3677
1816 1817
1817 1879
1817 1880
1819 3095
1821 6313
1821 1823
1821 3096
1822 3096
1822 3094
1822 1824
1823 1824
1823 6311
1824 3669
1825 2032
1826 1828
1826 6075
1827 1834
1827 1831
1828 3598
1828 6074
1829 3600
1829 6073
1829 6074
1830 3602
1830 6076
1830 6073
1831 1836
1832 1836
1832 1834
1832 3609
1833 6074
1833 3598
1835 3604
1835 6075
1835 6076
1837 1843
1837 1839
1837 1842
1838 1846
1838 1847
1838 1839
1839 1840
1840 1844
1840 1846
1841 6312
1841 1845
1842 3675
1842 1847
1845 3676
1845 1846
1847 3676
1848 2061
1848 1997
1848 3083
1848 2073
1849 1851
1849 2059
1849 2019
1850 2019
1850 5850
1850 1851
1851 1852
1852 1853
1852 5850
1853 2037
1853 2039
1854 1856
1854 2039
1854 1857
1854 2056
1855 1856
1856 1858
1857 1860
1857 2054
1857 3049
1859 2055
1860 2053
1860 1861
1862 5449
1862 1898
1862 5037
1863 1892
1863 4669
1863 6302
1864 1869
1864 3936
1864 4624
1865 1884
1865 1883
1865 1907
1866 1887
1866 4580
1866 1875
1867 6877
1867 1875
1867 1869
1868 1891
1868 1907
1868 1877
1869 4905
1870 1878
1871 1901
1871 6301
1872 4895
1872 6304
1872 1900
1873 5449
1873 3234
1873 5525
1874 4417
1874 4834
1875 1883
1876 1903
1878 1903
1878 4667
1880 5525
1880 5448
1881 3234
1881 6316
1882 6294
1882 3876
1882 6297
1883 6301
1884 6297
1884 1906
1885 4837
1886 4838
1886 4834
1886 4836
1888 5735
1888 4898
1889 4680
1889 4420
1889 4681
1890 6302
1890 4895
1892 4673
1892 4672
1893 4683
1893 4897
1893 4682
1894 6308
1894 1903
1894 4662
1895 4674
1895 4420
1895 1902
1896 3678
1897 4896
1897 4897
1897 6304
1898 5448
1899 1904
1900 6303
1900 1901
1901 6304
1902 4675
1903 4670
1905 1907
1908 1912
1908 2094
1910 1913
1911 1914
1911 5298
1912 4346
1913 1914
1914 5298
1915 2097
1915 4342
1918 2781
1918 1919
1920 2148
1921 4142
1921 1922
1921 6478
1923 2615
1923 2150
1923 2617
1924 4807
1924 2147
1924 2153
1924 2662
1925 2594
1925 5395
1925 1927
1926 6487
1926 2598
1926 5402
1927 6373
1927 3371
1928 2592
1929 2656
1929 2646
1929 2647
1930 2662
1930 4807
1930 1949
1931 1949
1931 1951
1931 2598
1932 1933
1934 2618
1934 6965
1934 2617
1935 2616
1935 2614
1935 6242
1936 2618
1936 1939
1936 1966
1937 1966
1937 1940
1937 2663
1938 6971
1938 1940
1938 6967
1939 2663
1939 6565
1940 1941
1941 6967
1941 6968
1942 1960
1942 6373
1942 1959
1943 3999
1943 1944
1944 1945
1946 2633
1946 2625
1946 1948
1947 3730
1947 1948
1947 3727
1949 1952
1950 1951
1950 1958
1950 1952
1951 1954
1952 6101
1953 6486
1953 1955
1953 1956
1954 5400
1954 1958
1956 6485
1956 3590
1957 5406
1957 5397
1957 1958
1959 2146
1960 1961
1960 4842
1961 4842
1962 3352
1963 6596
1964 2091
1965 6607
1965 5042
1965 6611
1966 6965
1966 2663
1967 4221
1968 4249
1969 3621
1969 5326
1970 6252
1970 3621
1970 4213
1971 6252
1971 4215
1971 3623
1972 2174
1972 4286
1972 1973
1973 2168
1973 2180
1974 1975
1974 6973
1974 6972
1975 1976
1975 4387
1976 2857
1977 6564
1977 2667
1977 6569
1978 6973
1979 6564
1980 1992
1980 6905
1980 1995
1981 1996
1981 1987
1981 1990
1982 1990
1983 1983
1983 1991
1984 2035
1985 1996
1985 1990
1986 1991
1986 1994
1988 3474
1988 3613
1988 1992
1989 1991
1989 1997
1989 1994
1990 3348
1994 3082
1995 3474
1995 6907
1998 2028
1998 2013
1998 2000
1999 2014
2000 2019
2000 2074
2001 2005
2002 2008
2002 2007
2002 2021
2003 2021
2003 2029
2003 3085
2003 2036
2004 2014
2004 2006
2004 2009
2005 2012
2005 2018
2008 2027
2009 2017
2009 2020
2010 2018
2010 2012
2011 2020
2012 2023
2013 2024
2013 2020
2014 2025
2015 2017
2016 6776
2016 3595
2017 2026
2021 2027
2022 2027
2030 3606
2030 2031
2030 2032
2031 2034
2032 2034
2034 3605
2036 5223
2036 5122
2037 2038
2037 2060
2038 5223
2038 2039
2040 2052
2040 2050
2040 2041
2041 2045
2041 3433
2041 3435
2042 3435
2042 3431
2042 3432
2043 3432
2044 2050
2046 4833
2046 2051
2047 2048
2047 3428
2047 2050
2048 2052
2048 6776
2049 3433
2050 2051
2051 3429
2053 2055
2053 2054
2054 2056
2055 2056
2057 2058
2058 2062
2058 2066
2059 2061
2059 2065
2060 2062
2060 2064
2061 2065
2062 2063
2064 2065
2064 3085
2067 2085
2067 2083
2067 2080
2068 2086
2068 2084
2068 2082
2069 2078
2069 2075
2069 2087
2070 2081
2070 5843
2070 2089
2071 5850
2071 2540
2071 2079
2072 2080
2073 3082
2073 2090
2074 2086
2074 5842
2076 5840
2076 2084
2076 5843
2077 5837
2077 5836
2077 2089
2077 5842
2078 2088
2078 2079
2079 5838
2080 2087
2084 2086
2084 5837
2085 5841
2085 5840
2087 5841
2089 5838
2090 4911
2091 6596
2092 4741
2094 2095
2095 2312
2097 4344
2098 2099
2099 3651
2099 4055
2100 2103
2101 3649
2101 3648
2102 3648
2102 7016
2102 3647
2106 2107
2106 3709
2107 4052
2107 5680
2108 2109
2108 5206
2111 4300
2111 4301
2111 3183
2112 2117
2112 5830
2112 7081
2112 7082
2113 2122
2113 2119
2113 2125
2114 5940
2114 6118
2115 2119
2116 2127
2116 4816
2116 3658
2117 2324
2117 4953
2117 3938
2118 2125
2118 2130
2118 2120
2120 2130
2120 2121
2121 3186
2123 5943
2123 5817
2123 3581
2124 2129
2124 4070
2124 4069
2126 3581
2126 5820
2126 5942
2127 5943
2127 5940
2128 4811
2128 2338
2128 3578
2128 4829
2130 6705
2131 4069
2131 5508
2131 5322
2132 4794
2133 5230
2133 4795
2136 4954
2137 6158
2137 7094
2137 2450
2138 2139
2139 4406
2139 2597
2140 2305
2140 4410
2140 2303
2141 4253
2141 2143
2142 2144
2143 2145
2143 2144
2145 4263
2146 2661
2146 4850
2147 2149
2147 4806
2148 2149
2148 6477
2149 6478
2150 4142
2151 6160
2151 2152
2152 3398
2152 3614
2154 2812
2154 2807
2154 2818
2155 6561
2155 5342
2156 2157
2157 2159
2160 5275
2160 5501
2161 2164
2162 5275
2163 5273
2163 5495
2163 5501
2165 2168
2166 6246
2167 4597
2167 2177
2167 3218
2168 2171
2169 2178
2169 2179
2169 2180
2170 4282
2170 2175
2170 2172
2171 2176
2171 6248
2171 6329
2172 6329
2172 2176
2172 6328
2173 2178
2174 6329
2174 3214
2175 4599
2175 4597
2176 2221
2178 2180
2181 3664
2182 3020
2184 2188
2184 2196
2185 2194
2185 2189
2185 5529
2186 2189
2186 2193
2189 2194
2190 2195
2190 2192
2190 5105
2191 2196
2191 2193
2192 2196
2195 5106
2197 2199
2198 2199
2199 5361
2200 2606
2200 4970
2201 6351
2202 2205
2202 2206
2202 4899
2203 5982
2203 5294
2203 5985
2205 2209
2205 4624
2206 4629
2206 2209
2207 6016
2208 3138
2208 5155
2209 4625
2210 6961
2210 6959
2210 6936
2211 4490
2212 6769
2212 6771
2213 6759
2213 6765
2214 6761
2215 5073
2215 6763
2215 2219
2216 6778
2217 6771
2217 2219
2217 5073
2218 3220
2218 5419
2218 6328
2219 6760
2220 6778
2220 2223
2220 2224
2221 6328
2222 5075
2222 2224
2222 2223
2223 6767
2224 3285
2225 2226
2226 2228
2226 6725
2227 7039
2227 4780
2229 4310
2229 7039
2230 5857
2230 5799
2230 2231
2231 5862
2232 2901
2233 4395
2233 2280
2233 3388
2234 7043
2234 2240
2234 2243
2235 2274
2235 2291
2235 2253
2235 2939
2236 2255
2236 2294
2236 2264
2237 2269
2237 2276
2237 2294
2238 2254
2238 2292
2238 2266
2239 2934
2239 2256
2239 2287
2240 7040
2240 4402
2240 2268
2241 3970
2241 2904
2241 2902
2242 3365
2242 2275
2242 2257
2243 7041
2243 4802
2244 2270
2245 5343
2245 5364
2245 2271
2246 3979
2246 2272
2247 4396
2247 4397
2247 2947
2247 4401
2248 2261
2248 3364
2248 2901
2249 3389
2249 2260
2249 3388
2250 2863
2251 3365
2251 2269
2251 3366
2252 3363
2253 2932
2253 2287
2253 2933
2255 2264
2255 2283
2256 2291
2256 2938
2257 2261
2257 2275
2258 4397
2258 2284
2258 2949
2258 4400
2259 3389
2260 3378
2261 2263
2262 2292
2263 2899
2263 3366
2264 2852
2265 5364
2265 6556
2266 2934
2266 3971
2267 2289
2267 2276
2267 3360
2268 2945
2268 2955
2269 2294
2270 3357
2270 2285
2271 3366
2271 3968
2272 3355
2272 3975
2273 2275
2273 2286
2273 4385
2274 2288
2274 3979
2276 2293
2277 2959
2277 3382
2277 7041
2278 3388
2279 4401
2279 2957
2279 2961
2280 3391
2280 4398
2281 3973
2281 2869
2281 2870
2282 2938
2282 2935
2282 2941
2283 3366
2283 2848
2284 3703
2285 7043
2285 7046
2286 3972
2286 2290
2287 2291
2288 2944
2288 2940
2289 3363
2289 3365
2289 2949
2290 3362
2290 3380
2292 2930
2292 2933
2293 3361
2293 2865
2295 2307
2295 2306
2295 3444
2295 2302
2296 2307
2296 5311
2296 2299
2296 5307
2297 3191
2297 2300
2297 3236
2298 2299
2299 2305
2299 2302
2300 6921
2300 3190
2301 3198
2302 4411
2302 3450
2303 3194
2303 4405
2303 4409
2304 3198
2304 3199
2305 6922
2305 6921
2306 5392
2306 2307
2308 3448
2308 3450
2308 3454
2309 5205
2309 2313
2310 5253
2310 2313
2310 5252
2311 5252
2311 3698
2311 2314
2312 5253
2313 3697
2314 3698
2314 3697
2316 2501
2316 2496
2317 3737
2317 3735
2317 3742
2317 3731
2318 2319
2318 3251
2318 3727
2318 3737
2319 3249
2319 3245
2319 2320
2320 2322
2320 3244
2321 3726
2321 2322
2323 3726
2323 3261
2324 3578
2324 4814
2325 2336
2325 2326
2325 2333
2326 2327
2326 2339
2326 4953
2327 2342
2327 2328
2328 2344
2328 2330
2329 2340
2330 2346
2330 2332
2331 2335
2332 2334
2332 2348
2333 2336
2333 2335
2334 2351
2334 2337
2335 2341
2335 2338
2336 2339
2337 2353
2337 2340
2338 5509
2339 2342
2339 2341
2340 2343
2340 2355
2341 2350
2342 2344
2343 2357
2343 2345
2344 2346
2345 2360
2345 2347
2346 2348
2347 2349
2347 2362
2348 2351
2348 2350
2349 2365
2349 2352
2350 2358
2351 2353
2352 2367
2352 2354
2353 2355
2354 2356
2354 2369
2355 2357
2355 2358
2356 2372
2356 2359
2357 2360
2358 2364
2359 2373
2359 2361
2360 2362
2361 2363
2361 2374
2362 2365
2362 2364
2363 2375
2363 2366
2364 2371
2365 2367
2366 2378
2366 2368
2367 2369
2368 2379
2368 2370
2369 2372
2369 2371
2370 2377
2370 2382
2371 2376
2372 2373
2373 2374
2374 2375
2374 2376
2375 2378
2376 2381
2377 2380
2377 2382
2378 2379
2379 2380
2379 2381
2380 2384
2381 2383
2382 2384
2385 5769
2385 5752
2386 3938
2387 5509
2388 4923
2388 2389
2389 4308
2390 2791
2390 2392
2391 4143
2391 5355
2392 4584
2392 2393
2393 2394
2394 2397
2394 2398
2395 2396
2395 2790
2396 4143
2396 3368
2397 2398
2397 4583
2398 2792
2399 3279
2400 6528
2400 6524
2401 2406
2401 2405
2401 2402
2402 2408
2403 2405
2404 3280
2405 2410
2406 2407
2406 2409
2407 2409
2407 2408
2408 2411
2409 2411
2410 2411
2410 2414
2412 6525
2412 6528
2413 6986
2413 5848
2413 4128
2415 4128
2415 4130
2415 6985
2416 7090
2416 5745
2416 2520
2417 2535
2417 2420
2417 3463
2418 4927
2419 2420
2420 2535
2421 2422
2422 2424
2423 2425
2426 2428
2426 2857
2427 2428
2427 2431
2427 2437
2428 2861
2428 3983
2429 3985
2429 3984
2429 2858
2430 2859
2430 2858
2430 3983
2431 2433
2431 2438
2432 2433
2433 2434
2435 2438
2435 2436
2435 2874
2438 3393
2439 2861
2440 3392
2440 2856
2440 2443
2441 3392
2442 3984
2442 3986
2442 3985
2444 2447
2444 2446
2445 2446
2446 2447
2447 4825
2448 2513
2448 2450
2448 2512
2449 3462
2449 7084
2449 7092
2449 2535
2450 2596
2451 2453
2451 2456
2451 2745
2452 2453
2452 2456
2452 2455
2452 2466
2453 2465
2454 2468
2454 2467
2454 2457
2454 2476
2455 5591
2455 2467
2456 2457
2456 2468
2457 2476
2458 2476
2458 2461
2458 2459
2458 2463
2459 5594
2459 2478
2460 2462
2461 2462
2461 2464
2462 5594
2462 2497
2465 5591
2466 2467
2466 2468
2467 2495
2469 2479
2470 2472
2470 2479
2470 5589
2471 2473
2472 2473
2472 5590
2473 2477
2473 2475
2474 2497
2476 2495
2477 5591
2477 2495
2479 2501
2480 2611
2480 2483
2480 2610
2481 6359
2481 2750
2481 4590
2482 2491
2483 2491
2483 2485
2483 6357
2484 2486
2484 2610
2484 2490
2485 4917
2485 4915
2486 2489
2486 2490
2487 2748
2487 2491
2488 2490
2492 2496
2493 2499
2494 5592
2494 2499
2494 2497
2495 5592
2496 5353
2498 2499
2500 5589
2500 2502
2500 2501
2503 6845
2503 2504
2504 6841
2504 2509
2505 2509
2506 2508
2506 6842
2506 2509
2507 6841
2507 4917
2508 4918
2508 6845
2510 2511
2514 2516
2514 2518
2515 2518
2516 5587
2517 2518
2519 4070
2519 5322
2519 5508
2520 7094
2520 5350
2520 7093
2521 3576
2522 2523
2522 2528
2522 2524
2523 2524
2523 4443
2524 2525
2525 2526
2525 2527
2528 2530
2529 2532
2529 3577
2529 3575
2529 2530
2531 3577
2532 3575
2532 3577
2532 3576
2533 3580
2533 4062
2533 4828
2534 3617
2536 3542
2537 5282
2539 4912
2540 2541
2540 4911
2542 2543
2542 4110
2543 2546
2544 3522
2544 3471
2544 6905
2545 3505
2545 3471
2545 3506
2546 3530
2546 3468
2546 4910
2547 3343
2547 4908
2547 3342
2547 5445
2548 2745
2548 3230
2548 3231
2549 2550
2550 2552
2550 2551
2552 3230
2552 2553
2554 2555
2555 2557
2555 2556
2557 2558
2557 5444
2559 5444
2559 4006
2560 5444
2561 2562
2561 2563
2562 7004
2565 2566
2567 2576
2567 2577
2568 2570
2568 2572
2568 2573
2569 2577
2569 2576
2570 2574
2571 5582
2572 2573
2572 3662
2574 2575
2577 6082
2578 5447
2578 6449
2579 6451
2579 2887
2579 6474
2580 2583
2580 2581
2580 2586
2581 2582
2581 2584
2582 2585
2582 2588
2586 2589
2586 2587
2587 4951
2587 4826
2590 2591
2590 2644
2591 3371
2592 2651
2592 3371
2593 2594
2594 3375
2595 3375
2598 4807
2600 5349
2601 5516
2601 2602
2603 2605
2603 2604
2603 4215
2604 2605
2607 4428
2607 5814
2607 2608
2608 2609
2608 5816
2612 6539
2612 2838
2612 2829
2613 2615
2613 2614
2614 6539
2616 2618
2617 5339
2619 3415
2620 3007
2621 4132
2621 4133
2622 4134
2622 4135
2623 4613
2623 2624
2626 6442
2626 6439
2627 3790
2627 3799
2627 2629
2628 3780
2629 2632
2629 2630
2630 2631
2630 2632
2632 6383
2633 3776
2633 3777
2633 3269
2634 2635
2634 2639
2635 2636
2635 2635
2637 6441
2637 3271
2638 2640
2638 2639
2641 3273
2642 2643
2642 3788
2642 3274
2643 3275
2643 3752
2643 3277
2644 3797
2644 2654
2645 2647
2645 2649
2645 6086
2646 2649
2646 2660
2647 6752
2648 3373
2648 2649
2648 6748
2650 3797
2651 2655
2651 2657
2652 2653
2652 2658
2652 2657
2653 2654
2653 2659
2654 2660
2655 2656
2655 2658
2656 2659
2657 2658
2658 2659
2659 2660
2661 6551
2661 6550
2662 6449
2662 6446
2663 6566
2664 6241
2664 3282
2664 2665
2665 6240
2666 6236
2666 2668
2667 2669
2667 6243
2668 6237
2669 4755
2669 6237
2670 2759
2671 2773
2671 5359
2672 2772
2672 2773
2672 6481
2673 6490
2673 5330
2673 2705
2674 2678
2674 2676
2674 4007
2674 3640
2675 2679
2675 7037
2676 2677
2676 2678
2677 7035
2677 2682
2678 2680
2678 4007
2679 4007
2679 2681
2679 6169
2680 2683
2680 2681
2680 2682
2682 2685
2683 2686
2683 2685
2683 2684
2684 2687
2685 2688
2686 2689
2686 2687
2686 2688
2687 2690
2688 2691
2689 2692
2689 2691
2689 2690
2693 2694
2693 2695
2695 4431
2696 2697
2698 2699
2699 5516
2700 5970
2702 2704
2702 5358
2702 2703
2703 5822
2703 5333
2703 5332
2704 2705
2704 5358
2705 5360
2706 5093
2706 3568
2707 2708
2707 2714
2707 2722
2707 2723
2707 3630
2709 5100
2709 2712
2709 2734
2710 5097
2710 2711
2710 2728
2711 2729
2711 2712
2712 3633
2712 3635
2713 5099
2714 2726
2715 2722
2715 2719
2715 2721
2716 2725
2716 2719
2716 2721
2717 2738
2717 2744
2717 2725
2718 2719
2718 2726
2718 2725
2720 3569
2720 5087
2720 3636
2721 3636
2722 2723
2722 2726
2723 3636
2724 3636
2724 5103
2724 2725
2727 3633
2727 2733
2727 2977
2727 3567
2728 5099
2728 3467
2728 3466
2729 2731
2729 2730
2730 2732
2730 3467
2731 2732
2731 3567
2731 3635
2733 3634
2733 2977
2734 2735
2734 3634
2736 3464
2737 2738
2737 3464
2737 2744
2738 2744
2738 5103
2739 4198
2740 2741
2741 4121
2741 5091
2741 5090
2742 4121
2743 4210
2745 6360
2746 2748
2746 6359
2746 6360
2747 3413
2747 2748
2747 6357
2749 2753
2750 2752
2751 2752
2751 3413
2751 4496
2752 6359
2754 6357
2755 6836
2756 5280
2756 3328
2757 6356
2757 7073
2758 6367
2759 2760
2761 2762
2762 4872
2762 2763
2762 4873
2764 2765
2766 4892
2767 6537
2767 5317
2767 2769
2768 2769
2769 2770
2770 2771
2771 5334
2772 4894
2772 2774
2773 2774
2773 6482
2777 3997
2778 4001
2779 6482
2779 2780
2780 6548
2781 2782
2782 2784
2782 2783
2784 2785
2784 2786
2784 2789
2785 2788
2785 2787
2786 2787
2786 2789
2787 2788
2788 2789
2790 2791
2791 2792
2793 2794
2793 2799
2794 2811
2794 2796
2795 2828
2795 2795
2796 2828
2796 2797
2797 2822
2797 2799
2798 6477
2798 4142
2800 2801
2800 2823
2800 2822
2801 2825
2801 2802
2802 2803
2802 2804
2803 2804
2803 2805
2804 2806
2804 2809
2807 2815
2807 2813
2807 2808
2808 2816
2808 2814
2808 2817
2809 2814
2809 2826
2810 2826
2810 2811
2810 2821
2810 2820
2811 2818
2812 2813
2813 2816
2814 2816
2818 2819
2821 2828
2822 2823
2823 2824
2825 2825
2826 2827
2830 6180
2830 2843
2831 2835
2831 2843
2831 2837
2832 2833
2832 6975
2832 2834
2835 6975
2835 2836
2837 2841
2837 2838
2838 2839
2840 2841
2841 2842
2842 2843
2844 5467
2844 2847
2844 2846
2844 3969
2845 5467
2849 2853
2850 2851
2851 2853
2851 2852
2853 6561
2854 2855
2856 2861
2857 2860
2858 2859
2859 2860
2860 3983
2862 3393
2862 2884
2862 3392
2863 2867
2863 2864
2864 2865
2864 7049
2865 2866
2867 2868
2869 3361
2869 2870
2870 2877
2871 5056
2871 5055
2871 2877
2872 5054
2872 2873
2872 3378
2874 2875
2874 2882
2874 2881
2875 2876
2875 2880
2875 2879
2876 2880
2876 2878
2877 2886
2878 2879
2878 2886
2879 2881
2879 5732
2880 2882
2880 3377
2881 3394
2882 2883
2883 3986
2883 3987
2884 3394
2884 2885
2885 7049
2885 5732
2886 5732
2887 6467
2887 2889
2888 2890
2889 2890
2889 2893
2890 2894
2890 6552
2891 2896
2891 6464
2891 2893
2892 6467
2892 2893
2892 6555
2893 2894
2894 2896
2894 2895
2896 6465
2897 2898
2897 4804
2898 5312
2898 6745
2899 2930
2899 2900
2901 3364
2902 2903
2902 3970
2903 2906
2903 2907
2904 2905
2904 2906
2904 2927
2905 2907
2905 2909
2906 2907
2908 2910
2908 2919
2908 2915
2909 2928
2909 2932
2910 2916
2910 2918
2911 2912
2912 2914
2912 5455
2913 2915
2913 5456
2913 5454
2914 2916
2914 5457
2915 5458
2916 5459
2917 2919
2918 2922
2918 5461
2919 2921
2919 5460
2920 2921
2921 2924
2921 5462
2922 2925
2922 5463
2923 2924
2924 2927
2924 5464
2925 2928
2925 5466
2926 2927
2927 5465
2928 2929
2930 2931
2931 2932
2931 2933
2933 2934
2934 2935
2935 2936
2936 2937
2936 3380
2937 2946
2937 2945
2938 2939
2939 2940
2940 2942
2941 2943
2941 2942
2942 2943
2942 7044
2943 4402
2944 7048
2944 3358
2945 2947
2946 2947
2946 2950
2948 3359
2948 2949
2949 3360
2951 2961
2951 2952
2951 4400
2952 6593
2952 2962
2952 2953
2953 4741
2953 3383
2954 2955
2954 2959
2954 2958
2955 4401
2955 2956
2956 2957
2956 2958
2957 2960
2958 3382
2959 7040
2960 2962
2960 2961
2962 3382
2963 2964
2965 6046
2965 2967
2966 6046
2966 2967
2967 2968
2969 2970
2969 2971
2970 6047
2970 6044
2971 6045
2972 6044
2972 2984
2972 6045
2974 2975
2976 4387
2976 5049
2976 5053
2978 2980
2979 2980
2980 2981
2982 5961
2982 5964
2982 2983
2984 5018
2985 6048
2986 6023
2986 5345
2987 5701
2987 6023
2987 5702
2988 5028
2988 6036
2988 5031
2989 5346
2989 5247
2990 2991
2990 5247
2991 2994
2991 6027
2992 6026
2992 6027
2992 5709
2993 5710
2993 5709
2993 5346
2994 5703
2994 6026
2996 2997
2996 3558
2997 3659
2997 3660
2998 3706
2998 5440
2998 2999
2999 3706
2999 6085
3000 3001
3001 6084
3002 3003
3003 3706
3003 5743
3004 5440
3005 3006
3006 5446
3007 6639
3007 5327
3008 6639
3009 3010
3010 3012
3010 5085
3011 3012
3012 3014
3013 3014
3014 6080
3015 3017
3015 3016
3015 5671
3016 3019
3017 3017
3018 3019
3018 3018
3019 5085
3020 3025
3020 3027
3021 3022
3021 3024
3021 3023
3024 3027
3024 3025
3025 3026
3027 4943
3028 4943
3029 3030
3029 5541
3030 5539
3030 5541
3031 6066
3031 5365
3032 3033
3032 3046
3032 3047
3032 6058
3033 3035
3033 3034
3035 5365
3035 6057
3036 3037
3036 6057
3036 6055
3037 6049
3037 5547
3038 6051
3038 6049
3038 5788
3039 6815
3039 5788
3039 3040
3040 3042
3041 5811
3041 5877
3041 5879
3041 3042
3042 6814
3043 6828
3043 3045
3043 3044
3044 3045
3044 5251
3045 6062
3046 6828
3046 6829
3046 4860
3047 6826
3047 3048
3048 5383
3048 5389
3049 3428
3049 4833
3050 3376
3050 4367
3051 4008
3051 3942
3051 3943
3052 3939
3052 3941
3053 4774
3053 3939
3053 3940
3053 6122
3055 3057
3055 4614
3055 3056
3056 3067
3056 4134
3057 3067
3058 3059
3059 4025
3060 3062
3061 4612
3062 3063
3064 6499
3064 4975
3065 3065
3065 3066
3066 5196
3066 4479
3067 4134
3068 4486
3069 4615
3069 3070
3071 4986
3071 4364
3071 4774
3072 3073
3074 3078
3074 3076
3075 3076
3076 3077
3077 5545
3078 3079
3079 3080
3081 5849
3083 3085
3083 3084
3083 3461
3086 3088
3086 3087
3089 3094
3089 3091
3089 3090
3090 3091
3092 5734
3092 3093
3095 3096
3097 3098
3097 3189
3099 3101
3099 4338
3099 4334
3100 4628
3100 4335
3101 4332
3102 4333
3102 4628
3103 3105
3103 3104
3105 3106
3105 3107
3107 4330
3108 3109
3108 6956
3108 6951
3109 3110
3109 3116
3110 3111
3110 3116
3111 3112
3111 3117
3112 3114
3112 3117
3113 6001
3113 3114
3114 3115
3115 6008
3115 6010
3116 6957
3117 3118
3117 3120
3117 6008
3118 3119
3118 3122
3119 6007
3119 3122
3121 6950
3121 6020
3121 3127
3121 3128
3122 6950
3122 3124
3123 6007
3123 6006
3123 6005
3124 3125
3124 3128
3125 3128
3125 3126
3126 4711
3127 4706
3127 5988
3129 6942
3129 6943
3129 4709
3129 4831
3130 3131
3130 3155
3131 3133
3131 6015
3132 3133
3132 3135
3132 3136
3133 3134
3135 4712
3135 3136
3136 6000
3137 3138
3138 6000
3138 5157
3139 5132
3139 5142
3139 5141
3140 5129
3140 6857
3140 5443
3141 5443
3141 4820
3142 5148
3142 5131
3143 3144
3143 5148
3144 3932
3144 5131
3145 3180
3145 3146
3145 3179
3146 3147
3146 3149
3147 3149
3147 3148
3148 3152
3148 3159
3149 3150
3150 3151
3150 3152
3152 3153
3153 3162
3153 3155
3154 3162
3154 3159
3154 3157
3156 3158
3156 6959
3157 3161
3157 3160
3158 3161
3158 3159
3160 3162
3160 3161
3163 4843
3163 4716
3164 4830
3164 3165
3164 4843
3166 4713
3166 4715
3166 4830
3167 3168
3167 4795
3167 4794
3168 3169
3168 3170
3169 3171
3170 4795
3171 3172
3173 3174
3175 4444
3175 4451
3176 4451
3177 3672
3177 3671
3177 3178
3178 5938
3178 5924
3179 3180
3179 4296
3180 3181
3181 3182
3181 3184
3183 3184
3183 3187
3183 6706
3184 3185
3185 6708
3185 3186
3187 6708
3188 5323
3189 5567
3191 3192
3191 4407
3192 3237
3192 3202
3193 3200
3194 3235
3194 4404
3195 3196
3196 3198
3196 3197
3197 3197
3199 4405
3199 3201
3200 3235
3200 3201
3201 4405
3203 5244
3204 3205
3204 5536
3205 5535
3206 3207
3206 5536
3206 3209
3207 5533
3207 5899
3210 3211
3211 5277
3212 4292
3213 3214
3213 3216
3214 4284
3215 3717
3215 5112
3216 4592
3216 6362
3217 3218
3217 3219
3217 4592
3218 4596
3219 3220
3220 3221
3222 3223
3223 3224
3223 3225
3224 3226
3224 3227
3226 3227
3226 3228
3227 4600
3228 4273
3230 6362
3231 3232
3231 3233
3232 6362
3232 3233
3233 6361
3234 5526
3234 5037
3235 4406
3237 3239
3237 3238
3238 4410
3238 4407
3240 4954
3240 6922
3242 3243
3244 3245
3244 3726
3245 3246
3246 3727
3246 3261
3247 3248
3248 3721
3249 3250
3249 3748
3250 3251
3250 3256
3251 3252
3251 3255
3252 3738
3252 3737
3253 3254
3253 3738
3253 3736
3254 3747
3255 3747
3256 3757
3256 3748
3257 3258
3258 3725
3258 3259
3259 3260
3260 3262
3260 3261
3261 3721
3261 3722
3262 3722
3263 3264
3264 3775
3265 3775
3265 3771
3265 3770
3266 3770
3266 3772
3266 3771
3267 3756
3268 3783
3268 3269
3270 3751
3270 3753
3270 3271
3271 3272
3272 3273
3272 3752
3273 3786
3273 3787
3274 3275
3274 3789
3275 3790
3275 3785
3276 3277
3276 3785
3276 3791
3277 3791
3278 3784
3278 3791
3279 3280
3281 4867
3281 4864
3282 3283
3282 6178
3283 6987
3284 3285
3284 3322
3284 6778
3285 3286
3286 6774
3286 3287
3289 3290
3289 3299
3289 3318
3290 3316
3290 3319
3291 3316
3291 3311
3291 3300
3292 4573
3292 3305
3293 3306
3293 3298
3293 4561
3294 4572
3294 3303
3294 4566
3295 4566
3295 4561
3295 3296
3296 4565
3296 4560
3296 4569
3297 3301
3297 3305
3297 3299
3298 4560
3298 4567
3299 3300
3300 3312
3300 4557
3301 3313
3301 4562
3301 4557
3302 4573
3302 3315
3302 3304
3303 4565
3303 4571
3304 4562
3304 3305
3304 3314
3306 3311
3306 3307
3307 3312
3307 4567
3307 4559
3308 3313
3308 4569
3308 4564
3308 4559
3309 3314
3309 4571
3309 4564
3309 3310
3310 3315
3310 4572
3311 3312
3312 4558
3313 4563
3313 4558
3314 4563
3314 3315
3316 3317
3318 3319
3318 3321
3319 3320
3320 3321
3320 4554
3322 3323
3322 4552
3323 4555
3323 3324
3324 3325
3325 3326
3326 3327
3328 6772
3328 4540
3329 3330
3330 4550
3331 4482
3332 3333
3332 3346
3333 3335
3334 3344
3334 3346
3334 3335
3335 3337
3336 3338
3336 3344
3336 3337
3337 3339
3338 3340
3338 3339
3339 3341
3340 3342
3340 3341
3341 3343
3342 3343
3344 3345
3346 5445
3347 3348
3348 3349
3350 4090
3352 6603
3353 4376
3354 5382
3354 3355
3355 3357
3356 3357
3356 3976
3356 3975
3358 7046
3358 3976
3359 3362
3360 3361
3362 3363
3364 3365
3367 3368
3369 6390
3370 6371
3372 3373
3373 3374
3373 3440
3376 5439
3377 3987
3377 3378
3379 6561
3379 7049
3380 3972
3380 3971
3381 3383
3383 6593
3384 3385
3385 5279
3385 3386
3386 3387
3387 4361
3389 4389
3390 3391
3391 4389
3393 3394
3395 6650
3395 6651
3396 6649
3396 6652
3398 3399
3400 5684
3400 3402
3400 3401
3401 3403
3403 3404
3403 3405
3406 3407
3407 3702
3407 3701
3408 3409
3410 3411
3410 3657
3410 4062
3415 3417
3416 3418
3417 3418
3419 3420
3420 5392
3421 5311
3423 6125
3423 4740
3423 4729
3424 5348
3425 6987
3427 3428
3429 3431
3429 3430
3430 3431
3430 3432
3432 3434
3433 3434
3434 3435
3436 3438
3436 4417
3436 4415
3437 3438
3438 3439
3441 6404
3441 6370
3442 6406
3442 6375
3442 6377
3442 6378
3443 6399
3444 3445
3444 3448
3445 3446
3445 3449
3446 3451
3447 3450
3448 3449
3449 3451
3449 3452
3451 3456
3452 3454
3452 3456
3453 3455
3454 3455
3455 3458
3456 3459
3457 3458
3457 4411
3458 3459
3459 3460
3460 4414
3460 3719
3462 7092
3462 7086
3462 7093
3463 7092
3463 7090
3464 3629
3465 3466
3466 3467
3468 3469
3468 4909
3469 4910
3469 3490
3470 3477
3470 3504
3470 3500
3471 3507
3472 3479
3472 3500
3472 3481
3473 3480
3473 3479
3473 3501
3474 3475
3475 3478
3475 6907
3476 3487
3477 3525
3477 3499
3478 3503
3478 3499
3479 3498
3479 3502
3480 3482
3480 3498
3481 3498
3481 3483
3482 3485
3482 3497
3483 3497
3483 3486
3484 3488
3484 3489
3484 3492
3485 3487
3485 3496
3486 3496
3486 3488
3487 3495
3488 3495
3489 3491
3490 3494
3490 3493
3491 3493
3491 3492
3492 3494
3493 3494
3495 3496
3496 3497
3497 3498
3499 3527
3499 3504
3500 3502
3501 3502
3501 3503
3502 3504
3503 3504
3505 3506
3507 3522
3507 3509
3508 3522
3509 3521
3509 3511
3510 3521
3511 3520
3511 3513
3512 3520
3513 3515
3513 3518
3514 3523
3515 3523
3515 3519
3516 3519
3516 3517
3517 3518
3517 3524
3518 3519
3520 3521
3520 3523
3521 3522
3523 6906
3524 3526
3524 3525
3525 3527
3526 3527
3528 4110
3528 3530
3528 4111
3529 3530
3531 4089
3531 4092
3531 3537
3532 3534
3532 3537
3532 3535
3533 3612
3533 3534
3534 3535
3535 3536
3535 3537
3536 4092
3538 4106
3538 3539
3539 3539
3540 5353
3540 3541
3542 6744
3542 6743
3543 4144
3543 4176
3543 4179
3543 4177
3544 4144
3544 3550
3544 4181
3545 3546
3545 4176
3545 4168
3546 3547
3546 4167
3547 4164
3547 4166
3548 3549
3548 4164
3548 4162
3549 3550
3549 4163
3550 3557
3551 4172
3551 4175
3551 3552
3552 3553
3552 4174
3553 4174
3553 3554
3554 3555
3554 3557
3555 4187
3555 4197
3556 4188
3557 4163
3558 4141
3559 3560
3559 6715
3561 4901
3561 3562
3562 4447
3562 3563
3563 3991
3563 4903
3564 4486
3565 4486
3566 7059
3567 3635
3568 3631
3568 5088
3569 3630
3569 5088
3570 5101
3570 5088
3570 5087
3571 5101
3572 5582
3572 3573
3573 3574
3574 4926
3575 4047
3575 3582
3576 3582
3576 3577
3578 4812
3578 4953
3579 4817
3579 7081
3579 7080
3580 3587
3580 4058
3580 4056
3581 3587
3582 5742
3583 4140
3583 4064
3583 3584
3584 3585
3584 4066
3584 4063
3585 4065
3585 4063
3586 4065
3586 4060
3586 4051
3587 6330
3588 3589
3590 3594
3590 3592
3591 3592
3591 3591
3592 3593
3594 3594
3595 5121
3595 5125
3596 5127
3597 4099
3597 4100
3599 3600
3599 5114
3599 6073
3599 5804
3600 6079
3600 3601
3601 6079
3602 3603
3602 5117
3602 5114
3603 6076
3604 3605
3605 6075
3606 3607
3606 6917
3607 4907
3608 3609
3608 6129
3610 3611
3610 3613
3611 4437
3611 4436
3611 3612
3613 4437
3614 3617
3615 3617
3616 3617
3618 4210
3618 3619
3618 3620
3620 6264
3620 6261
3620 5326
3621 6263
3621 6262
3622 6260
3622 6259
3623 6256
3623 6255
3624 6258
3624 6257
3625 6254
3625 6253
3626 4025
3627 3628
3628 3629
3628 5087
3629 5103
3631 3632
3633 3634
3637 7036
3637 5677
3638 5674
3638 5677
3638 4023
3639 5676
3640 7036
3640 7037
3641 7033
3641 7032
3641 6163
3642 7029
3642 7030
3643 5676
3644 6172
3645 3646
3646 4055
3646 3650
3647 6121
3647 4054
3648 6121
3649 4054
3649 6121
3649 3650
3652 4006
3653 4801
3653 3656
3654 4800
3654 6120
3655 4450
3655 4800
3655 4799
3657 3658
3660 3661
3660 6081
3662 3663
3663 3664
3664 3665
3665 4250
3665 4264
3666 3668
3666 4931
3667 4938
3667 3668
3669 3670
3669 6310
3670 4898
3672 3674
3672 3673
3675 6309
3675 3676
3677 5735
3678 4838
3678 3679
3680 4377
3680 5634
3680 5652
3681 5641
3681 5636
3681 3687
3682 3684
3682 5658
3682 4088
3683 5664
3683 4017
3684 3691
3684 3685
3685 6634
3685 6203
3686 5655
3686 5650
3686 5657
3687 5652
3687 5635
3688 3690
3688 5653
3688 5656
3688 5635
3689 5664
3689 3691
3689 5669
3689 5653
3690 5636
3690 5642
3691 5642
3692 3696
3692 6126
3692 3695
3693 4730
3693 3694
3693 3696
3694 3695
3695 3696
3696 3943
3697 3698
3699 3700
3699 5588
3701 3702
3704 4782
3704 4461
3705 5154
3707 6161
3707 6160
3708 4483
3710 3711
3712 3713
3713 5959
3714 6335
3714 4602
3714 5039
3715 6211
3715 5249
3715 5250
3717 5277
3718 4292
3718 5277
3719 4081
3719 3720
3722 3723
3724 3725
3728 3729
3729 3734
3729 3731
3729 3733
3730 3734
3731 3732
3733 3734
3735 3743
3735 3738
3736 3739
3736 3743
3739 3744
3740 3744
3740 3742
3741 3742
3743 3744
3745 3746
3749 3754
3749 3791
3750 3755
3750 3754
3751 3755
3752 3753
3753 3754
3755 3781
3758 3765
3759 3765
3760 3763
3761 3764
3761 3762
3762 3763
3762 3767
3763 3764
3765 3768
3766 3768
3767 3768
3771 3772
3772 3773
3773 3774
3776 3778
3776 3780
3777 3778
3778 3779
3779 3780
3780 3783
3781 3782
3782 3783
3784 3799
3784 3785
3786 3788
3786 3787
3787 3789
3788 3789
3789 3790
3793 3794
3795 3800
3796 3799
3796 3800
3796 3798
3797 3798
3798 3801
3798 3800
3802 3806
3803 3805
3803 3806
3803 3804
3803 3808
3804 3879
3805 3879
3806 3807
3807 3808
3809 5158
3809 3811
3810 3811
3810 3817
3810 3815
3811 3816
3812 3815
3812 3813
3812 3816
3813 3818
3813 3819
3814 3818
3814 3819
3814 3817
3815 3816
3817 3818
3818 3819
3820 4635
3820 3869
3821 3825
3821 3862
3821 3823
3822 3870
3822 3873
3822 3865
3823 3863
3823 3826
3824 3829
3824 3848
3825 3849
3825 3826
3826 3848
3826 3827
3827 3847
3828 3830
3828 3829
3829 3831
3830 3831
3830 3833
3831 3832
3831 3834
3832 3835
3833 3836
3833 3834
3834 3837
3834 3835
3835 3838
3836 3839
3836 3837
3837 3840
3837 3838
3838 3841
3839 3840
3839 3842
3840 3841
3840 3843
3841 3844
3842 3845
3842 3843
3843 3846
3843 3844
3845 3846
3845 3851
3846 3852
3847 3848
3848 3849
3849 3850
3851 3852
3851 3854
3852 3855
3852 3853
3853 3856
3854 3857
3854 3855
3855 3856
3855 3858
3856 3859
3857 3858
3858 3859
3858 4832
3860 3861
3860 3904
3860 3903
3861 4631
3861 4632
3862 3865
3862 3863
3863 3866
3863 3864
3864 3867
3865 3866
3866 3868
3866 3867
3867 3869
3868 3869
3868 3870
3870 3874
3871 4634
3871 3875
3871 3872
3872 3875
3872 3873
3873 3874
3874 3875
3874 4635
3875 4637
3876 3881
3876 3880
3877 3882
3877 3878
3877 3884
3878 3879
3878 3885
3880 3884
3880 3881
3881 3883
3882 3884
3882 3883
3886 3887
3887 3888
3887 3889
3890 3897
3890 3896
3890 3894
3891 3893
3891 5167
3892 3899
3892 3904
3892 3900
3893 3894
3893 3895
3894 3895
3895 3896
3896 3898
3897 3899
3897 3898
3898 3900
3899 3900
3901 3903
3901 3902
3903 3904
3905 3908
3905 3907
3906 3935
3906 3912
3906 3911
3907 3909
3907 3908
3908 3910
3909 3911
3909 3910
3910 3912
3911 3912
3912 3913
3913 3914
3913 3915
3916 3923
3916 3919
3916 6881
3917 3919
3918 3921
3918 3935
3918 3920
3919 3922
3920 3922
3920 3921
3921 3923
3921 6878
3922 3923
3924 3928
3925 3927
3925 3926
3926 3927
3929 3930
3933 3934
3934 5166
3935 3936
3936 4625
3936 4905
3937 4906
3939 6123
3939 4985
3940 6122
3940 6123
3941 3942
3941 6123
3942 6125
3943 6125
3943 4729
3944 4740
3944 5744
3945 6124
3945 4737
3946 6124
3947 3948
3949 4973
3949 6729
3949 6732
3950 3952
3950 3951
3951 3953
3951 3954
3953 5696
3955 3956
3955 4439
3957 4430
3958 4430
3960 3961
3962 6990
3964 5330
3964 3966
3964 3965
3965 3966
3967 5468
3968 5344
3969 5344
3969 5730
3971 3972
3973 3974
3975 3976
3977 3978
3977 7048
3977 7045
3978 7044
3978 7045
3979 3980
3981 3982
3981 4973
3984 3985
3986 3987
3987 3988
3989 6688
3989 3996
3989 3990
3990 4786
3990 4785
3991 4786
3991 4902
3992 4902
3992 4725
3992 4726
3993 4725
3993 3994
3995 3996
3997 6091
3998 3999
3998 4850
4000 4001
4000 6480
4002 4003
4002 4357
4002 6506
4003 6747
4003 4358
4004 4049
4004 4045
4004 4043
4004 4042
4005 4327
4005 4700
4005 5485
4008 4011
4008 5379
4009 5381
4009 4012
4009 5380
4010 4012
4010 5379
4010 5381
4011 6181
4011 4012
4013 4314
4014 4015
4015 4379
4016 4017
4017 5650
4019 4020
4019 4021
4020 6633
4020 4021
4022 6162
4022 7020
4023 4024
4023 6162
4023 7027
4025 4026
4026 4028
4027 4028
4027 4029
4028 4030
4029 4030
4029 4031
4030 4032
4031 4032
4031 5299
4032 5300
4033 4034
4035 4036
4037 4038
4039 4041
4039 4040
4041 5077
4042 4048
4042 4044
4043 4050
4043 4046
4044 4045
4044 4047
4045 4047
4045 4046
4046 4047
4048 4049
4048 4051
4049 4051
4049 4050
4050 4051
4052 4053
4053 4053
4056 4057
4056 4059
4057 4061
4057 4059
4058 4060
4058 4059
4060 4061
4061 4443
4061 4062
4063 4064
4064 5076
4065 4066
4066 6330
4066 4067
4067 6330
4067 4140
4068 4779
4068 4775
4068 5076
4069 6159
4070 6159
4071 4072
4072 6723
4073 6866
4074 4086
4075 4077
4075 4078
4076 4078
4077 4414
4077 4079
4078 4080
4079 4081
4079 4082
4081 4084
4083 4084
4084 4085
4086 4087
4086 5441
4088 6203
4088 5321
4089 4091
4090 4095
4090 4091
4092 4093
4093 4094
4094 4435
4095 6333
4096 4099
4096 4108
4097 4098
4097 4105
4098 4102
4098 4099
4100 4101
4101 4102
4101 4103
4102 4104
4103 4104
4106 4107
4107 4108
4109 4111
4109 4110
4111 4112
4112 4114
4112 4113
4115 4116
4115 4513
4116 6336
4117 4118
4119 5091
4119 5092
4119 4120
4121 4122
4122 5089
4122 5090
4123 4124
4125 4126
4126 4129
4126 4127
4127 4129
4127 4131
4128 4131
4129 4130
4130 4131
4132 4133
4133 4135
4136 4138
4137 4733
4137 4734
4137 4138
4138 4139
4140 4827
4141 6085
4144 4151
4145 4154
4145 4147
4145 4148
4146 4159
4146 4148
4146 4147
4147 4155
4148 4156
4149 4151
4150 4151
4151 4154
4152 4154
4153 4154
4157 4159
4158 4159
4159 4162
4160 4162
4161 4162
4163 4165
4164 4165
4165 4166
4166 4167
4167 4169
4168 4170
4168 4169
4169 4171
4170 4172
4170 4171
4171 4173
4172 4173
4173 4174
4175 4177
4175 4176
4177 4178
4178 4179
4180 4183
4181 4182
4181 4185
4183 4185
4183 4184
4185 4186
4187 4192
4187 4190
4188 4194
4188 4191
4189 4191
4189 4190
4189 4193
4190 4192
4191 4194
4192 4193
4193 4194
4195 6016
4195 6857
4195 4197
4196 4197
4199 4200
4200 4200
4202 5239
4202 5241
4203 4234
4203 4235
4204 5453
4205 6163
4206 5673
4207 4209
4208 4209
4209 4210
4211 5673
4212 4216
4214 4215
4217 4218
4218 4223
4219 4221
4222 4225
4222 4230
4223 4224
4225 4231
4225 4226
4227 4229
4228 4230
4230 4231
4232 4235
4233 4236
4237 4240
4239 4241
4239 5325
4242 4244
4242 6642
4243 4245
4246 5620
4247 4248
4251 4252
4253 4522
4253 4255
4254 6218
4256 6222
4257 6218
4257 6222
4257 4259
4258 4260
4259 5859
4260 4267
4260 4261
4261 5859
4262 4263
4262 4270
4263 4265
4266 4269
4268 4270
4270 4273
4271 4272
4274 4276
4275 4600
4277 4279
4278 4280
4279 4281
4282 4593
4282 4595
4283 4286
4284 4285
4284 5112
4285 4286
4285 4288
4287 4288
4288 5111
4289 4290
4290 4291
4290 5111
4291 5113
4293 5113
4294 4295
4294 4297
4294 5987
4295 4297
4295 4296
4296 4297
4298 5602
4298 5610
4299 4300
4300 4301
4302 4304
4303 4304
4304 4305
4306 4826
4308 4923
4308 4315
4309 4311
4309 4309
4310 4311
4310 4951
4311 4312
4313 5832
4316 5233
4317 4318
4319 4328
4320 4321
4320 5477
4321 5484
4321 5487
4322 4324
4322 5910
4323 5476
4323 5470
4323 5483
4325 5910
4326 4327
4327 4690
4330 4331
4332 4333
4332 4334
4333 4335
4334 4335
4336 4338
4337 6696
4339 6698
4339 5566
4340 5562
4340 5558
4341 5562
4342 6342
4343 4345
4344 4346
4344 4347
4345 4346
4345 4974
4347 6689
4347 6690
4348 5694
4349 5986
4350 4351
4351 4352
4351 5324
4352 4354
4353 6668
4354 6668
4355 4356
4357 4358
4357 6505
4358 6746
4359 4360
4359 4746
4359 4742
4360 4362
4360 4361
4365 5438
4366 4367
4366 5437
4368 4373
4368 5320
4368 5378
4369 4737
4369 4739
4370 6122
4370 4739
4371 6364
4372 6365
4372 5736
4372 4374
4374 4375
4375 4376
4375 6365
4375 5042
4376 6628
4376 6627
4377 4378
4378 4379
4380 5340
4380 6562
4380 5342
4381 6562
4382 4383
4383 6562
4386 4387
4389 4392
4390 5052
4390 5053
4393 4397
4394 4395
4395 4399
4400 4401
4402 7042
4406 4407
4408 4409
4409 4410
4411 4412
4413 4414
4415 4416
4417 4609
4418 4609
4419 4684
4420 6305
4421 4422
4423 4424
4423 4425
4425 4426
4427 5954
4428 4429
4430 4431
4431 4432
4436 4437
4438 4438
4439 4440
4441 5700
4442 5700
4444 4445
4445 4447
4445 4446
4446 4903
4446 4447
4448 6118
4448 6116
4449 6116
4450 5944
4450 6115
4452 4453
4452 6704
4453 5692
4453 5691
4454 5692
4454 5687
4454 5688
4455 5695
4456 6687
4457 5772
4457 5771
4458 4459
4459 5784
4459 5783
4460 4724
4460 6321
4460 4781
4461 4781
4461 6320
4461 4904
4462 6323
4462 4463
4463 4465
4464 4465
4464 4468
4464 4466
4465 6321
4466 4724
4466 6322
4466 6321
4467 4468
4468 4469
4468 4470
4469 4726
4469 6685
4471 6287
4472 5789
4472 4484
4472 6287
4473 4484
4474 6287
4475 4476
4475 4623
4476 4622
4476 4477
4478 5232
4479 5201
4480 5199
4481 4482
4483 5036
4484 4485
4487 6161
4487 4488
4490 4491
4493 4494
4495 4499
4495 4502
4495 4498
4496 4503
4496 4504
4497 4501
4497 4498
4497 4502
4498 4499
4499 4503
4499 4500
4500 4501
4500 4504
4501 4502
4503 4504
4505 5699
4505 4507
4506 5699
4506 4507
4506 5696
4506 5698
4509 4510
4509 4581
4511 4512
4513 4516
4514 4516
4514 4519
4514 4518
4515 4516
4516 4517
4518 4521
4518 4522
4519 4520
4519 4525
4520 4525
4520 4521
4521 4524
4523 4524
4524 4525
4526 4527
4526 6591
4527 6586
4527 4528
4529 4530
4530 4531
4530 4532
4533 4534
4535 4536
4536 4538
4536 4537
4538 4539
4539 6774
4540 4545
4540 4541
4541 4546
4541 4542
4543 4549
4543 4544
4543 4545
4545 4551
4546 4549
4546 4547
4547 4549
4547 4548
4550 6772
4551 4552
4552 4553
4552 6772
4555 4556
4557 4558
4558 4559
4559 4568
4560 4561
4560 4568
4562 4563
4563 4564
4564 4570
4565 4566
4565 4570
4567 4568
4568 4569
4569 4570
4570 4571
4571 4572
4573 4574
4575 4576
4577 4578
4581 4582
4583 4870
4585 6480
4586 4873
4587 5357
4587 4980
4588 4589
4590 6361
4590 6360
4592 4593
4593 4594
4594 4595
4594 4596
4595 4599
4596 4598
4597 4598
4598 4599
4601 6349
4602 5039
4603 6319
4603 4604
4603 6695
4604 6317
4604 5038
4605 6317
4605 4606
4605 6693
4606 6350
4609 4610
4612 4613
4614 4615
4614 4616
4615 4617
4616 4618
4616 4617
4617 4619
4618 4619
4618 4620
4619 4621
4620 4621
4620 4622
4622 4623
4624 4625
4625 6012
4626 4627
4628 4629
4630 5038
4630 6318
4630 6317
4630 6693
4631 4632
4631 5187
4632 5187
4633 4640
4633 4638
4633 4639
4634 4639
4635 4637
4635 4636
4636 4638
4636 4637
4637 4640
4638 4640
4639 4640
4641 4642
4641 4655
4641 5185
4642 4653
4642 4643
4643 5177
4643 6289
4643 4644
4644 4649
4644 4645
4646 4648
4646 5171
4647 4658
4647 4648
4647 4832
4648 5184
4649 5177
4649 5176
4650 4654
4651 5173
4651 5174
4651 4654
4652 5174
4652 5176
4652 4653
4653 5177
4653 5175
4654 5175
4654 5180
4655 4657
4655 4658
4656 5172
4656 5173
4656 4657
4657 5180
4657 5182
4658 4660
4659 5171
4659 5172
4659 4660
4660 5182
4660 5184
4661 4665
4661 4668
4662 4666
4662 4665
4663 4664
4665 4666
4666 4667
4667 4668
4667 4672
4668 4669
4670 4671
4670 4674
4670 4685
4671 4672
4671 4673
4674 4675
4676 4677
4676 4685
4676 6306
4677 4678
4677 4683
4678 4679
4678 4682
4679 4681
4679 4680
4680 4682
4681 6306
4683 4950
4684 4685
4684 6305
4685 4950
4687 5775
4687 5751
4688 4689
4690 4693
4690 4691
4691 6842
4691 4692
4692 4693
4692 6743
4694 4695
4695 4696
4695 4697
4696 4698
4696 4700
4697 4698
4698 4699
4699 4700
4701 5934
4702 6941
4702 6942
4703 4705
4703 6954
4704 5989
4704 6949
4705 6955
4706 5988
4707 4710
4707 6014
4707 4708
4708 4711
4708 6005
4709 4710
4709 6014
4710 4711
4712 6014
4712 6015
4713 4716
4713 4714
4715 6945
4715 4716
4717 4718
4719 4720
4721 4722
4724 4726
4725 4727
4725 4726
4726 4903
4727 4788
4728 5243
4729 4730
4730 4740
4731 4732
4731 6342
4732 6342
4732 6337
4733 6337
4734 6338
4735 6348
4735 5363
4736 6345
4736 6346
4737 4738
4738 6124
4738 4739
4739 6122
4742 4746
4742 4773
4743 4752
4743 6230
4743 4766
4743 4755
4744 4745
4744 4750
4744 6229
4744 4758
4745 4765
4746 4772
4746 5731
4747 4760
4747 6230
4747 4761
4747 4752
4748 4761
4748 4760
4749 4753
4749 5050
4749 4754
4750 4753
4750 4758
4750 4754
4751 4756
4751 4753
4751 4758
4752 4756
4753 4754
4754 4772
4755 4766
4755 4759
4756 4757
4756 4766
4757 4758
4757 4763
4758 4764
4759 6231
4759 6230
4759 4760
4761 6232
4762 4763
4762 5244
4762 6232
4763 4764
4763 4914
4764 6229
4764 4914
4765 6229
4765 6235
4765 4914
4767 4768
4769 6235
4769 4771
4770 6577
4770 4771
4771 4773
4771 6578
4772 5051
4772 4773
4774 4914
4775 4811
4775 4777
4776 4777
4777 4778
4778 4779
4780 7039
4781 4904
4783 4784
4785 4786
4785 4901
4786 4787
4787 4788
4788 4789
4790 6325
4791 6325
4791 6324
4792 6325
4792 6326
4794 5230
4796 4797
4796 5749
4797 5748
4798 6120
4799 4800
4801 5235
4802 5045
4802 5382
4803 6521
4803 6504
4803 5728
4804 4808
4804 4805
4806 6446
4808 4809
4808 6745
4810 7080
4810 4924
4811 4829
4812 4814
4812 4827
4812 4813
4813 4827
4813 4829
4814 4815
4814 4828
4815 4817
4815 4816
4816 4925
4817 4924
4817 4925
4818 4819
4820 6848
4822 5352
4822 6833
4823 4824
4824 5585
4825 5585
4825 4927
4827 4828
4830 6947
4831 6011
4831 6943
4834 4835
4836 4837
4838 4839
4840 4841
4843 6011
4844 4845
4847 4848
4848 4849
4848 4850
4850 4851
4851 5229
4852 4860
4853 6817
4853 5891
4853 5864
4853 4854
4854 5371
4854 5384
4855 4856
4855 5891
4855 5371
4856 5383
4856 5370
4856 5876
4857 5388
4858 5388
4858 4859
4858 4860
4861 4862
4861 4867
4862 6983
4862 6984
4863 4864
4863 4868
4864 6983
4864 4865
4865 4866
4866 4867
4868 4869
4870 4871
4873 4875
4874 4876
4875 4876
4875 4879
4875 6536
4876 4877
4877 4878
4877 4879
4879 6535
4880 4881
4882 4883
4885 4886
4886 4893
4886 4888
4887 4888
4888 4894
4889 4893
4890 4891
4891 4892
4891 4893
4895 4896
4896 4897
4897 4898
4899 6998
4899 6963
4900 6693
4900 6335
4901 6688
4902 4903
4906 6863
4907 4908
4907 4909
4908 4909
4911 4912
4912 4913
4915 4916
4915 6358
4916 4917
4916 5469
4918 5469
4918 6843
4919 5479
4919 6843
4919 6844
4920 5283
4920 4921
4921 4922
4924 4925
4925 6331
4927 5586
4928 5586
4928 4929
4928 4930
4929 5745
4931 4935
4932 4935
4932 4934
4932 4933
4932 4937
4935 4936
4938 4940
4938 4942
4939 5537
4940 5537
4940 4942
4941 4942
4944 5537
4944 4946
4944 4945
4945 6821
4947 5540
4947 4948
4948 4949
4948 5541
4949 6823
4949 6822
4951 4952
4954 4955
4955 4956
4958 6352
4958 5856
4959 4965
4959 4964
4960 4961
4961 4963
4962 4968
4962 4963
4963 4964
4964 4965
4965 4966
4967 5611
4967 4968
4970 4971
4972 4973
4975 6919
4976 4977
4977 4978
4977 4979
4979 4980
4981 5004
4981 6626
4982 4997
4982 6626
4983 4997
4983 4985
4983 4984
4984 4989
4984 4987
4985 4991
4985 4999
4986 4987
4987 4988
4989 4990
4989 4995
4991 4993
4991 4992
4993 4995
4993 4994
4995 4996
4997 5000
4997 4999
4998 4999
5000 5002
5000 5001
5001 5003
5001 5002
5002 6625
5003 5009
5003 6625
5004 5005
5005 5006
5005 5007
5007 6624
5007 5008
5009 6624
5010 5017
5010 6022
5010 5011
5011 5012
5012 5017
5012 5014
5013 5016
5013 6280
5013 5017
5014 6279
5014 5018
5015 5018
5015 6281
5015 6043
5016 6281
5016 6048
5017 6021
5019 6023
5020 5025
5020 5026
5021 5025
5022 5024
5023 5024
5024 5025
5026 5027
5027 6282
5028 6039
5028 6041
5028 6282
5029 5030
5030 5031
5030 5032
5031 6276
5032 5033
5033 5034
5034 5035
5034 6275
5037 6696
5038 6695
5040 6629
5040 5041
5043 5044
5044 5746
5045 6614
5045 5046
5046 5047
5046 5048
5049 5050
5049 5051
5051 5731
5052 5053
5054 5057
5054 5058
5055 5057
5055 5056
5056 5058
5057 5058
5059 5061
5059 5060
5061 6490
5062 5065
5062 5063
5063 5064
5065 5067
5065 5066
5067 6545
5067 5068
5069 6545
5069 6546
5069 5071
5070 5071
5070 6538
5070 6544
5071 5072
5073 5074
5074 5074
5076 5742
5077 6139
5077 5078
5079 5080
5081 5082
5081 5083
5083 5084
5086 6080
5090 5091
5093 5094
5095 5096
5095 5099
5095 5100
5096 5097
5096 5098
5097 5098
5098 5100
5101 5102
5104 5106
5104 5105
5105 5106
5107 6208
5107 5108
5109 6831
5109 6830
5110 5111
5110 5113
5111 5112
5114 5808
5115 5120
5115 5116
5116 5117
5118 7075
5119 5120
5121 5128
5121 5122
5122 5123
5124 5125
5125 5127
5126 5127
5129 5143
5129 5142
5130 5146
5130 5145
5131 5132
5132 5140
5133 5443
5134 5443
5134 5135
5134 5136
5135 5138
5135 5137
5136 5136
5137 5139
5138 5139
5140 5141
5141 5145
5141 5142
5142 5143
5144 5145
5145 5281
5146 5148
5146 5151
5147 5150
5148 5150
5149 5150
5151 5281
5152 5281
5153 5154
5154 5281
5154 5157
5155 5157
5156 5157
5158 5159
5159 5166
5159 5164
5160 5164
5160 5162
5160 5161
5162 5163
5162 5166
5164 5165
5167 5168
5168 5169
5169 5170
5171 5184
5172 5182
5173 5180
5174 5175
5175 5178
5176 5177
5179 5180
5181 5182
5183 5184
5186 5187
5188 5189
5190 5192
5190 5191
5190 5199
5192 5198
5192 5193
5193 5195
5193 5194
5196 5198
5197 5198
5199 5201
5200 5203
5201 5203
5202 5203
5203 5204
5205 5206
5207 5214
5207 5208
5209 5212
5209 5210
5209 5211
5212 5213
5212 5214
5214 5216
5215 5218
5215 5219
5215 5217
5216 5218
5216 5217
5217 5218
5220 5222
5221 5222
5223 5224
5225 6105
5226 5973
5226 6105
5227 5234
5227 5228
5228 5234
5228 5233
5229 6551
5230 5329
5231 6687
5231 5329
5233 5234
5235 6120
5236 6929
5237 6928
5237 6926
5237 6932
5238 6930
5239 5240
5242 5250
5242 5249
5245 5246
5246 5712
5247 5248
5247 5708
5248 5707
5251 6215
5251 6212
5252 5253
5254 5255
5255 5256
5255 6729
5256 5257
5259 5263
5259 5265
5259 5260
5261 5271
5261 5262
5262 5263
5263 5264
5265 5266
5267 5271
5267 5269
5267 5268
5269 5270
5271 5272
5273 6733
5273 5274
5275 5276
5276 5276
5278 5279
5283 5351
5284 5286
5284 5982
5284 5937
5285 5290
5286 5288
5287 5288
5288 5292
5289 5290
5290 5292
5291 5292
5293 5295
5293 5294
5294 5295
5295 5986
5296 5297
5297 6710
5299 5300
5301 5304
5302 5303
5303 5304
5303 5306
5304 5306
5305 5306
5307 5309
5307 5310
5308 5309
5308 5308
5309 5310
5310 5311
5312 5313
5312 5343
5314 5315
5316 6393
5316 6369
5316 6427
5317 5335
5318 5319
5318 5320
5319 6187
5319 5320
5321 6185
5322 5508
5322 6245
5324 6667
5324 6668
5327 5697
5330 5331
5331 5333
5331 5332
5332 5333
5334 5336
5335 5336
5335 5338
5336 5337
5339 6965
5341 5342
5343 5468
5345 6284
5346 6284
5350 7085
5350 7094
5353 5595
5354 6273
5355 5356
5357 5360
5358 5359
5359 5360
5361 6354
5362 6354
5362 5362
5363 6343
5364 6557
5365 5369
5365 5553
5366 5367
5366 5369
5366 6058
5367 5368
5368 5369
5370 5386
5370 5371
5370 5383
5372 5378
5372 5375
5372 6182
5373 5377
5373 5376
5373 5375
5374 5375
5377 5378
5379 5380
5380 5381
5384 5385
5384 5386
5385 5390
5385 5388
5386 5387
5387 5389
5387 5390
5389 5390
5391 5391
5392 5393
5394 5395
5395 6487
5395 5396
5397 5400
5397 5399
5398 5399
5399 5408
5399 5402
5400 5402
5401 5402
5403 5409
5403 5405
5403 5406
5404 6093
5404 6092
5404 5405
5405 5408
5405 5411
5406 5408
5407 5408
5409 5412
5409 5411
5410 5411
5411 5418
5412 5416
5412 5413
5414 5416
5414 6444
5414 5415
5416 5418
5417 5418
5418 6098
5420 6646
5420 5421
5421 5426
5421 6646
5422 6646
5422 5620
5422 5423
5423 5425
5423 5424
5424 5425
5426 5427
5426 5614
5427 5427
5428 6616
5428 6615
5429 5431
5429 5430
5429 5433
5429 6617
5431 5432
5432 6595
5433 5437
5433 5434
5434 5436
5434 5435
5436 5437
5438 5439
5439 6595
5440 5743
5441 5442
5441 5441
5447 6554
5447 6448
5448 5449
5451 5527
5452 5527
5452 5453
5467 5468
5470 5477
5470 5473
5471 5473
5472 5473
5474 5479
5475 5476
5475 5481
5476 5482
5477 5483
5478 5480
5478 5485
5478 5479
5480 5481
5481 5482
5482 5483
5485 5487
5486 5487
5488 5492
5489 5490
5490 5491
5490 5494
5492 5493
5492 5494
5493 5494
5495 5498
5495 5496
5496 5497
5497 5498
5498 5500
5499 5500
5501 5504
5502 5503
5502 5504
5502 5506
5502 5507
5503 5503
5504 5505
5506 5507
5508 6159
5510 6678
5510 5515
5511 5513
5512 5513
5513 5515
5514 5515
5516 5517
5518 5721
5518 5724
5522 5523
5523 5524
5523 6962
5525 5526
5528 5529
5530 5531
5531 5533
5531 5901
5532 5533
5534 5901
5535 5898
5536 5901
5536 5898
5538 5540
5538 5539
5539 5540
5542 5543
5546 5547
5547 6055
5548 5553
5548 5554
5548 5549
5549 5555
5549 5556
5550 5551
5550 5556
5551 5552
5552 5556
5552 5553
5554 5555
5557 5558
5558 6697
5559 5561
5560 5561
5561 5562
5563 6697
5564 6691
5565 5566
5566 5581
5566 6698
5567 5568
5567 5579
5568 5580
5568 6701
5569 5574
5569 5572
5569 5570
5569 5571
5572 5575
5572 5573
5572 5578
5575 6699
5575 5576
5576 5579
5577 5578
5577 6701
5577 6700
5578 5579
5578 6701
5583 6662
5583 5584
5585 5586
5588 6840
5589 5590
5590 5592
5593 5594
5596 5601
5597 5601
5597 5598
5597 5603
5598 5607
5598 5605
5598 5604
5599 5607
5600 5605
5601 5605
5602 5603
5603 5604
5604 5606
5606 5608
5606 5609
5607 5608
5608 5609
5609 5610
5611 5612
5615 5616
5618 5621
5619 5620
5622 5623
5623 5633
5623 5630
5624 5633
5625 5626
5626 5627
5626 5633
5627 5628
5627 5632
5629 5630
5629 5632
5630 5631
5632 5634
5634 6632
5634 5652
5635 5652
5635 5636
5636 5637
5637 5641
5637 5642
5638 5640
5638 5659
5638 5660
5638 5661
5639 5659
5640 5652
5640 5641
5641 5661
5642 5653
5643 5653
5643 5656
5643 5651
5643 5654
5644 5647
5645 5647
5645 5648
5645 5646
5646 5668
5646 5647
5646 6634
5647 5667
5648 5649
5648 5667
5648 5666
5649 5662
5649 5665
5649 5666
5650 5651
5650 5654
5651 5654
5651 5655
5655 5657
5656 5657
5658 5661
5658 5659
5659 5660
5660 6632
5662 5670
5662 5663
5662 5669
5663 5664
5663 5666
5665 5667
5665 5670
5669 5670
5672 5673
5674 5675
5674 6162
5675 7028
5676 5677
5678 5679
5679 5680
5680 5681
5681 5683
5682 5683
5683 5685
5684 5685
5685 5686
5687 5693
5687 5691
5688 5689
5688 5690
5689 6681
5689 5690
5690 5693
5691 5692
5693 5694
5694 5695
5695 6682
5697 5698
5697 5699
5701 6036
5701 6031
5702 6031
5702 6029
5702 6037
5703 6025
5703 6026
5703 5710
5704 5705
5704 5706
5706 5707
5708 5709
5708 6027
5709 5710
5711 5712
5712 5714
5713 5715
5716 5717
5716 5718
5717 5719
5719 5725
5720 5721
5722 5723
5723 5724
5727 5728
5728 5729
5728 6745
5733 5734
5736 5738
5737 5739
5737 5740
5737 5738
5738 5739
5739 5740
5740 5741
5746 5747
5748 5749
5748 5751
5749 5783
5749 5773
5750 5782
5751 5782
5752 5759
5752 5758
5752 5760
5753 5756
5753 5754
5753 5764
5754 5765
5755 5761
5755 5760
5755 5763
5756 5763
5756 5761
5757 5758
5758 5765
5758 5759
5759 5764
5759 5760
5760 5761
5761 5766
5762 5765
5763 5764
5763 5766
5764 5765
5766 5767
5769 5770
5771 5773
5771 5784
5772 5773
5774 5775
5775 5776
5776 5779
5776 5777
5777 5780
5777 5786
5778 5779
5778 5781
5778 5780
5780 5786
5782 5786
5782 5783
5784 5785
5787 5788
5787 6820
5791 5792
5793 7068
5794 5804
5794 5797
5794 5803
5794 5805
5795 5806
5795 5861
5795 5860
5796 5797
5797 5809
5798 6817
5799 5857
5799 6351
5800 6077
5800 6912
5800 5803
5800 6079
5801 6227
5801 5805
5801 5802
5802 6226
5802 6078
5803 5804
5805 6078
5806 5807
5806 5809
5808 5809
5808 5858
5810 5877
5810 5862
5810 5812
5811 5865
5811 5878
5812 5868
5812 5883
5812 5881
5813 5878
5813 5887
5813 5867
5814 5815
5817 5818
5817 5820
5818 5819
5820 5821
5821 5821
5822 5824
5823 5824
5824 5826
5825 5826
5826 5828
5827 5828
5828 5829
5829 6483
5829 6484
5830 5831
5832 5833
5834 5835
5837 5842
5837 5843
5838 5839
5838 5840
5840 5841
5844 5845
5845 5848
5845 5846
5847 5848
5849 6128
5850 6773
5851 5852
5851 6782
5852 6783
5852 5854
5853 5854
5853 6784
5855 6356
5856 5857
5856 5879
5857 5879
5858 5895
5859 5860
5862 5863
5863 5864
5863 5892
5863 5866
5864 5894
5864 5866
5865 5876
5865 6826
5866 5893
5867 5873
5867 5869
5868 5885
5868 5882
5868 5884
5869 5875
5869 5886
5870 5873
5870 5883
5870 5872
5871 5874
5871 5884
5871 5872
5871 5889
5872 5885
5872 5875
5873 5875
5874 5886
5874 5875
5874 5890
5876 5880
5877 5878
5877 5879
5878 5880
5880 5888
5881 5882
5881 5892
5882 5892
5882 5889
5883 5885
5884 5885
5886 5887
5887 5888
5888 5890
5889 5890
5891 5894
5892 5894
5895 5896
5897 5898
5898 5899
5900 5901
5902 5906
5902 5905
5903 5905
5904 5905
5906 5907
5908 5909
5911 5912
5911 5916
5912 5913
5912 5916
5914 5915
5914 6583
5917 5918
5919 5920
5921 5922
5924 5925
5926 5930
5927 5930
5928 5938
5928 5929
5929 5930
5929 5931
5932 5933
5932 5937
5932 5939
5933 5934
5933 5936
5934 5935
5937 5939
5938 5939
5940 5941
5941 5943
5941 5942
5944 5945
5947 6716
5947 5948
5949 6716
5949 5950
5951 5952
5953 5954
5953 5956
5953 5955
5954 5955
5956 5957
5956 5958
5958 5959
5959 5960
5961 5962
5962 5963
5962 5966
5963 5965
5963 5967
5964 5965
5966 5969
5966 5967
5967 5968
5969 6996
5971 5972
5973 6105
5974 5975
5974 5977
5976 5981
5976 5980
5977 5979
5977 5978
5978 5980
5978 5979
5979 5981
5980 5981
5982 5983
5983 5987
5983 5985
5984 5985
5986 5987
5989 5990
5989 6953
5990 6954
5991 5995
5992 5993
5993 5995
5993 5997
5994 5995
5996 5997
5997 5999
5998 5999
6000 6890
6001 6002
6003 6891
6004 6005
6004 6009
6006 6009
6006 6007
6008 6010
6009 6010
6012 6884
6012 6887
6013 6014
6015 6940
6016 6858
6017 6858
6017 6846
6017 6855
6018 6019
6021 6277
6022 6277
6022 6276
6023 6284
6024 6029
6024 6033
6025 6032
6026 6027
6028 6029
6030 6031
6032 6033
6034 6037
6035 6036
6036 6038
6037 6283
6037 6038
6038 6041
6040 6283
6041 6283
6042 6045
6043 6044
6043 6047
6044 6045
6046 6047
6047 6048
6049 6053
6050 6051
6051 6053
6052 6053
6054 6056
6055 6056
6056 6057
6058 6067
6059 6062
6060 6062
6060 6064
6060 6061
6061 6067
6061 6065
6063 6064
6063 6212
6065 6214
6065 6069
6066 6211
6066 6213
6067 6068
6068 6069
6068 6213
6069 6070
6070 6072
6070 6071
6077 6078
6080 6081
6081 6082
6084 6085
6086 6089
6086 6090
6087 6089
6087 6088
6088 6090
6089 6090
6094 6485
6094 6098
6094 6444
6095 6096
6095 6098
6095 6097
6098 6486
6099 6100
6099 6102
6100 6101
6101 6102
6102 6103
6106 6713
6107 6111
6107 6714
6107 6112
6107 6108
6108 6112
6108 6114
6109 6110
6109 6111
6110 6111
6112 6711
6113 6114
6114 6711
6116 6117
6117 6119
6117 6118
6126 6127
6126 6635
6127 6127
6128 6129
6130 7057
6131 7057
6132 6137
6132 7059
6132 7063
6133 6134
6133 6137
6133 6141
6134 6142
6134 6135
6136 6145
6136 7054
6136 6143
6137 6138
6138 6142
6138 7063
6139 6141
6140 6141
6141 7060
6142 7064
6143 7064
6143 6144
6144 7061
6144 7054
6146 6147
6147 6148
6148 6156
6149 6150
6150 6156
6150 6152
6151 6152
6152 6157
6153 6157
6154 6156
6155 6157
6156 6157
6158 7094
6164 6166
6165 6166
6165 6165
6166 6639
6167 6169
6168 6169
6169 6172
6170 6172
6171 6172
6173 6180
6173 6176
6174 6175
6174 6584
6174 6176
6176 6177
6177 6979
6177 6179
6178 6977
6181 6183
6181 6184
6182 6183
6182 6184
6183 6184
6185 6199
6185 6190
6186 6192
6187 6199
6187 6188
6188 6191
6188 6194
6189 6191
6190 6192
6190 6198
6191 6193
6192 6197
6193 6195
6193 6194
6194 6196
6195 6197
6195 6196
6196 6198
6197 6198
6199 6202
6200 6202
6201 6202
6203 6204
6204 6206
6204 6207
6205 6206
6206 6207
6207 6631
6208 6209
6210 6215
6210 6217
6211 6216
6211 6215
6212 6214
6213 6214
6218 6219
6219 6225
6219 6220
6220 6221
6220 6224
6221 6222
6221 6223
6232 6233
6234 6235
6236 6240
6236 6238
6239 6240
6241 6244
6241 6242
6243 6566
6246 6802
6246 6247
6247 6248
6247 6250
6248 6249
6251 6608
6252 6268
6252 6269
6254 6260
6254 6261
6256 6272
6256 6259
6259 6265
6260 6261
6263 6265
6263 6267
6265 6266
6266 6267
6266 6271
6267 6268
6268 6272
6270 6271
6270 6272
6273 6274
6276 6277
6278 6281
6282 6283
6285 6286
6290 6754
6290 6291
6292 6754
6292 6296
6292 6293
6294 6753
6294 6295
6295 6755
6295 6296
6296 6753
6297 6298
6298 6300
6298 6299
6301 6303
6302 6303
6305 6306
6307 6308
6309 6312
6309 6310
6310 6311
6311 6312
6313 6315
6314 6315
6332 7013
6332 7014
6332 7016
6333 6334
6337 6338
6338 6340
6339 6340
6339 6341
6341 6343
6343 6348
6344 6345
6345 6347
6346 6347
6347 6348
6349 6350
6352 6353
6353 6354
6353 6816
6355 6356
6355 6816
6357 6358
6364 6365
6366 6367
6368 6389
6368 6386
6369 6418
6369 6434
6369 6432
6371 6410
6371 6414
6372 6373
6372 6411
6372 6374
6375 6376
6375 6406
6379 6409
6379 6397
6379 6380
6381 6383
6381 6382
6383 6385
6384 6385
6386 6387
6386 6421
6388 6422
6389 6418
6389 6394
6389 6422
6390 6393
6390 6392
6391 6392
6392 6394
6392 6395
6393 6434
6394 6395
6395 6434
6396 6400
6396 6397
6396 6405
6397 6404
6398 6400
6399 6410
6399 6400
6399 6415
6400 6405
6401 6405
6401 6402
6402 6403
6402 6404
6406 6409
6406 6407
6408 6409
6410 6415
6411 6414
6411 6412
6412 6413
6412 6415
6413 6415
6413 6414
6416 6426
6416 6423
6416 6433
6416 6436
6417 6436
6418 6419
6419 6420
6419 6422
6419 6431
6423 6425
6423 6438
6424 6425
6425 6426
6426 6427
6427 6428
6428 6429
6428 6430
6431 6433
6431 6432
6432 6433
6435 6437
6436 6437
6437 6438
6438 6439
6440 6441
6441 6442
6442 6443
6444 6445
6446 6448
6446 6447
6447 6450
6447 6448
6448 6449
6451 6476
6451 6453
6452 6461
6453 6456
6453 6454
6453 6463
6455 6456
6456 6457
6457 6461
6457 6459
6458 6459
6459 6460
6461 6462
6467 6468
6468 6470
6468 6469
6470 6472
6470 6471
6472 6474
6472 6473
6474 6475
6476 6554
6476 6553
6477 6478
6478 6479
6481 6482
6485 6486
6486 6487
6488 6556
6488 6489
6488 6559
6490 6491
6491 6492
6491 6493
6496 6497
6498 6499
6500 6504
6500 6516
6500 6503
6501 6511
6501 6513
6501 6502
6502 6510
6503 6511
6503 6516
6504 6517
6505 6506
6505 6520
6505 6521
6507 6508
6507 6513
6507 6514
6509 6510
6509 6512
6510 6511
6515 6522
6516 6518
6517 6518
6517 6520
6518 6522
6519 6520
6519 6522
6519 6523
6520 6521
6524 6524
6525 6527
6525 6526
6529 6532
6529 6534
6529 6530
6531 6532
6532 6533
6537 6544
6539 6540
6540 6541
6540 6542
6543 6544
6545 6546
6549 6550
6552 6553
6557 6559
6557 6558
6559 6560
6563 6564
6565 6566
6566 6567
6567 6567
6567 6568
6569 6570
6570 6572
6570 6571
6572 6573
6572 6576
6573 6574
6573 6575
6577 6577
6579 6580
6585 6614
6585 6587
6586 6587
6588 6589
6588 6623
6588 6621
6589 6590
6589 6623
6591 6592
6593 6594
6596 6599
6597 6598
6597 6599
6598 6599
6598 6600
6602 6603
6603 6605
6604 6605
6605 6607
6606 6607
6610 6611
6611 6612
6613 6614
6618 6619
6621 6622
6625 6626
6629 6630
6630 6630
6634 6635
6635 6636
6637 6638
6640 6641
6641 6642
6642 6644
6643 6644
6644 6645
6647 6648
6649 6650
6651 6652
6653 6654
6655 6662
6655 6656
6656 6657
6656 6660
6656 6666
6657 6658
6657 6659
6659 6661
6659 6664
6659 6665
6660 6663
6660 6661
6661 6663
6662 6663
6669 6679
6669 6675
6670 6671
6670 6674
6670 6675
6672 6674
6673 6674
6675 6677
6676 6677
6677 6678
6678 6679
6679 6680
6682 6683
6683 6685
6684 6685
6686 6687
6691 6692
6694 6695
6697 6698
6702 6703
6705 6706
6706 6707
6709 6710
6711 6712
6713 6714
6715 6716
6717 6718
6719 6720
6721 6722
6724 6725
6725 6726
6726 6727
6726 6728
6729 6730
6731 6732
6733 6739
6733 6734
6734 6735
6734 6737
6736 6737
6737 6740
6738 6740
6739 6741
6739 6740
6742 6743
6743 6744
6744 6842
6746 6747
6748 6749
6748 6751
6749 6750
6753 6754
6756 6758
6756 6757
6759 6759
6760 6761
6760 6778
6761 6762
6763 6765
6763 6764
6765 6766
6767 6768
6768 6769
6769 6770
6770 6770
6774 6775
6776 6777
6781 6782
6782 6783
6783 6784
6785 6793
6786 6788
6786 6793
6787 6788
6795 6796
6797 6798
6800 6801
6802 6803
6804 7073
6804 6808
6805 6806
6805 6808
6805 6810
6807 6808
6808 6809
6811 6811
6812 6813
6814 6815
6817 6818
6819 6820
6822 6823
6825 6826
6827 6828
6832 6833
6833 6834
6835 6836
6837 6839
6846 6847
6848 6849
6849 6850
6849 6851
6850 6851
6850 6852
6851 6853
6856 6857
6857 6858
6859 6860
6860 6862
6860 6861
6863 6865
6863 6864
6864 6865
6866 6867
6870 6874
6871 6872
6872 6874
6872 6873
6874 6875
6876 6877
6878 6879
6878 6881
6880 6881
6882 6882
6883 6884
6883 6888
6884 6885
6885 6888
6885 6886
6886 6887
6886 6889
6887 6949
6888 6889
6889 6951
6891 6892
6894 6899
6895 6903
6895 6896
6895 6902
6897 6898
6898 6899
6898 6900
6899 6901
6900 6902
6900 6901
6901 6903
6902 6903
6906 6907
6910 6911
6912 6913
6914 6915
6920 6921
6922 6923
6926 6931
6926 6930
6926 6927
6928 6929
6928 6930
6929 6932
6932 6933
6934 6935
6937 6958
6938 6958
6939 6961
6941 6944
6942 6944
6943 6944
6945 6947
6945 6946
6947 6948
6949 6953
6950 6957
6951 6952
6952 6953
6952 6954
6952 6955
6955 6956
6956 6957
6958 6960
6959 6960
6960 6961
6963 6964
6966 6967
6969 6971
6970 6971
6973 6974
6975 6976
6977 6979
6977 6978
6979 6980
6985 6986
6985 6987
6988 6989
6990 6991
6992 6992
6994 6995
6998 6999
6998 7000
7001 7002
7005 7007
7006 7007
7007 7008
7008 7009
7008 7011
7010 7011
7011 7012
7014 7015
7016 7018
7017 7018
7018 7019
7020 7025
7021 7023
7021 7022
7021 7038
7023 7025
7023 7024
7025 7026
7028 7032
7028 7031
7029 7030
7030 7032
7033 7034
7035 7036
7040 7041
7043 7044
7045 7047
7046 7047
7047 7048
7050 7051
7051 7052
7051 7063
7053 7057
7054 7056
7055 7056
7056 7057
7058 7059
7062 7064
7065 7069
7065 7066
7066 7067
7067 7068
7069 7072
7069 7071
7070 7075
7070 7072
7070 7071
7071 7072
7073 7075
7074 7075
7076 7077
7076 7079
7076 7078
7080 7081
7081 7082
7083 7086
7084 7087
7084 7089
7085 7093
7085 7086
7086 7087
7087 7088
7090 7091
7091 7092
7091 7093
