0 880
0 1
0 4533
0 4532
0 766
1 758
1 766
2 3
2 746
2 4535
3 4534
3 744
4 5
4 4533
4 4534
5 4335
5 804
6 7
6 216
6 800
7 805
7 803
8 20
8 805
8 19
9 10
9 23
9 20
10 11
10 16
11 12
11 745
12 1423
12 742
13 14
13 1423
14 15
15 16
16 24
17 43
17 49
18 19
18 21
19 20
21 798
22 799
22 798
22 23
23 24
24 1429
25 791
25 172
26 1859
26 2169
26 1478
27 1463
27 1813
27 2626
28 768
28 29
28 1813
29 2160
29 768
30 4241
30 2160
30 2400
31 4322
31 4212
31 4211
32 33
32 37
32 2143
33 193
33 2145
34 4211
34 35
34 2145
35 4376
35 4212
36 37
36 2524
36 3549
37 2143
38 1714
38 984
39 1714
39 2161
39 2162
40 1710
40 1672
40 41
40 2163
41 1710
41 987
42 987
42 360
43 49
44 2149
44 2158
44 2521
45 1682
45 1716
45 54
46 47
46 2396
46 2955
47 48
47 111
47 110
48 1644
48 49
50 464
50 233
50 161
51 1198
51 2629
51 1192
51 1186
52 266
52 1794
52 1821
53 540
53 2758
53 539
54 360
54 2688
55 985
55 1716
56 693
56 675
56 2782
56 1826
57 4524
57 2205
58 4519
58 1891
58 61
59 3153
59 1891
59 3152
60 2285
60 3153
60 849
61 1891
61 62
62 63
62 2865
63 2864
63 2865
64 752
64 3279
64 2864
65 2842
65 3234
65 2501
66 2847
66 2845
66 2848
66 2844
66 2846
67 1835
67 2209
67 2372
68 1893
68 2372
68 1731
69 2326
69 2323
69 2325
70 1898
70 71
70 2324
70 2378
71 72
71 2253
72 2476
72 73
73 2309
73 2260
73 2314
74 75
74 2263
74 2262
75 76
75 2279
75 2278
76 2307
76 3321
76 2308
77 2111
77 2115
77 2126
78 79
78 2111
78 2115
79 2097
79 2106
80 494
80 2294
80 239
80 2295
81 559
81 3656
81 82
81 3657
82 3655
82 3657
83 2662
83 84
83 1965
84 85
84 558
84 3000
85 2116
85 875
85 3002
86 90
86 2602
86 1357
87 497
87 1282
87 88
87 2602
88 167
88 89
88 4486
89 497
89 4496
89 166
90 1421
90 2964
90 497
91 1397
91 94
91 96
92 2620
92 2618
92 1355
93 2987
93 2497
93 2620
94 502
94 3947
94 500
95 96
95 1562
95 3947
96 1366
97 98
97 3213
97 3214
98 3603
98 511
99 3604
99 2096
99 1571
100 101
100 1645
100 1644
101 1654
102 2489
102 3208
102 104
103 3233
103 104
103 3207
104 3232
105 4227
105 270
105 2383
106 2520
106 107
106 2154
107 2154
107 2149
108 4379
108 109
108 4380
109 2005
109 2002
110 2955
110 1648
110 1886
111 791
112 190
112 113
112 685
112 2037
113 1753
113 673
114 183
114 641
114 174
114 2807
115 422
115 3536
115 1752
115 116
116 117
116 177
117 176
117 177
118 3178
118 2033
118 182
119 192
119 3183
119 3181
120 1045
120 2838
120 2837
121 122
121 675
121 665
122 2777
122 667
123 188
123 124
123 661
124 661
124 682
125 443
125 451
125 361
125 237
125 1694
126 127
126 4325
126 4326
127 129
127 1802
128 365
128 129
128 1802
129 1609
129 1610
130 4329
130 4327
130 4328
130 1609
131 410
131 186
131 492
132 420
132 400
132 3654
133 2670
133 398
133 419
134 470
134 260
134 471
135 2785
135 1882
135 1035
136 208
136 1522
136 260
136 2790
136 2791
137 2992
137 143
137 1519
138 2627
138 513
138 517
139 150
139 378
139 2773
140 249
140 1878
140 2787
141 4452
141 4529
141 249
141 1019
142 1881
142 520
142 1519
143 1520
143 4463
143 4464
144 4198
144 1027
144 4468
144 1037
145 3717
145 3395
145 1928
145 542
145 1856
146 4186
146 3567
146 1883
147 3568
147 4194
147 3567
147 2800
148 4358
148 4364
148 4366
148 4367
149 3027
149 4041
149 4049
149 4037
150 4197
150 151
151 3666
151 3663
152 4431
153 2670
153 470
153 472
154 4529
154 542
154 3383
154 1029
154 4452
155 156
155 1902
155 3384
156 2797
156 2798
157 448
157 158
157 4361
158 159
158 201
159 3689
159 202
159 4363
160 3689
160 391
160 3691
161 162
161 392
161 463
162 3691
162 460
163 235
163 232
163 378
164 2075
164 2077
164 1515
165 929
165 3137
165 499
165 928
166 167
166 929
167 2547
168 1135
168 1339
168 1247
169 1250
169 1132
169 1131
170 2212
170 292
171 4535
171 885
171 4536
172 1650
172 2390
173 636
173 476
173 635
174 2086
174 2085
175 4322
175 1803
175 4331
176 1044
176 186
176 2071
177 178
178 416
178 179
179 421
179 426
180 421
180 422
180 424
180 181
180 415
181 422
181 4128
182 686
182 996
183 1560
183 187
184 2853
184 819
184 1560
185 2850
185 2792
185 4222
186 1044
186 2071
186 2070
187 2089
188 189
188 191
188 1874
189 192
189 680
189 681
189 687
190 191
190 687
191 2461
191 674
192 681
193 194
193 710
193 4210
194 4210
194 699
195 3093
195 196
195 3092
196 3094
196 920
197 3088
197 3091
197 1706
198 227
198 1222
198 1706
198 2416
199 2458
199 219
199 4020
199 206
200 221
200 4033
200 220
201 448
201 203
202 391
202 466
202 4364
203 204
203 3568
204 3571
204 3569
205 449
205 3571
205 3573
206 4359
206 474
207 220
207 469
207 208
208 908
208 221
209 2721
210 927
210 2545
210 2547
211 928
211 927
211 3139
212 1413
212 2532
212 2166
213 1349
213 2040
213 214
213 595
214 1243
214 1245
215 1375
215 1367
215 2455
216 743
216 800
217 2182
217 4278
217 1425
217 3175
218 889
218 2182
218 2007
219 4035
219 2800
220 691
220 4032
221 222
222 236
222 473
223 1709
223 1715
224 1903
224 1709
224 1684
225 3196
225 1916
225 1903
226 2856
226 1931
226 3194
227 2855
227 3027
227 1708
228 1707
228 1229
228 2416
229 230
229 2949
229 1903
230 1684
230 1919
231 1684
231 1711
231 1713
232 462
232 460
233 463
233 2758
234 446
234 390
234 235
235 458
236 2582
236 636
237 365
237 3753
238 2940
238 2938
238 928
239 2223
239 495
239 2287
240 2307
240 2241
240 2134
241 2241
241 2984
241 2276
242 2983
242 1875
242 2984
242 2979
242 2978
243 3026
243 2551
243 244
244 775
244 1275
245 4040
245 646
245 246
246 647
246 247
247 4372
247 4358
248 4357
248 4366
248 4341
249 250
250 517
250 251
251 513
251 252
252 2660
252 513
253 517
253 254
253 1880
254 3605
254 521
255 2794
255 521
255 256
256 2784
256 257
257 505
257 258
258 259
258 419
259 470
259 2789
260 2789
261 1512
261 3411
261 3576
261 2795
262 370
262 263
262 382
262 385
263 450
263 451
264 525
264 524
264 2676
265 523
265 266
265 381
267 3155
267 3292
267 3229
268 2749
268 2150
269 2205
269 1121
270 4226
270 814
271 297
271 2721
271 2723
271 1125
272 2506
272 760
272 2202
273 1133
273 274
273 2536
274 1324
274 628
274 1982
275 776
275 3112
275 630
276 1106
276 2896
276 2901
277 2901
277 1082
277 777
278 3218
278 1737
278 3217
279 4433
279 1697
279 1695
279 1889
280 1977
280 349
280 2714
281 298
281 292
281 309
281 303
281 282
282 2212
282 310
282 3161
283 299
283 300
283 301
284 325
284 1461
284 352
285 295
285 1998
285 294
286 575
286 964
286 3543
287 579
287 1347
287 288
287 612
288 289
288 2596
289 970
289 3319
290 2944
290 973
290 585
291 3133
291 974
291 589
292 297
292 2212
293 2693
293 2211
294 3546
294 3547
295 2213
295 3548
296 597
296 1978
296 596
297 299
297 298
298 303
299 2725
299 2726
299 1125
300 302
300 303
301 302
301 2006
302 306
303 304
304 306
304 305
305 309
305 311
306 307
307 2006
307 308
308 311
308 316
309 310
309 312
310 315
311 312
312 313
313 314
313 315
314 331
314 337
314 4527
315 3965
316 318
316 317
317 4527
317 4223
318 319
318 4223
318 324
319 321
319 320
319 3154
320 324
320 322
321 322
321 342
322 323
323 328
323 343
324 325
325 326
325 327
326 4474
326 329
326 328
326 327
327 357
328 4474
329 330
329 359
330 4474
330 353
331 4526
331 338
332 333
332 338
332 336
332 341
333 334
333 4525
334 3154
334 340
335 336
335 4223
335 4526
336 4526
337 338
337 1977
338 348
339 347
339 342
339 340
340 3154
341 346
341 347
342 4224
342 345
343 345
343 344
344 4474
344 353
344 4475
345 4475
345 4225
346 350
346 347
346 348
348 349
349 350
350 351
350 4224
351 2714
351 4225
352 357
352 3144
352 358
353 355
354 355
354 4475
355 359
356 357
356 359
356 358
358 3144
358 940
360 2686
361 436
361 1798
362 3559
362 3404
362 3327
363 2667
363 1508
363 366
364 1502
364 1508
364 1493
365 524
366 590
366 588
367 3760
367 594
367 3754
368 1516
368 1514
368 2938
369 3389
369 3751
369 3760
370 2081
370 452
371 2738
371 3961
371 2082
371 3395
372 3578
372 1902
372 3383
373 3776
373 541
373 436
374 376
374 375
374 2081
375 377
375 445
376 1856
376 1863
376 2081
377 459
377 530
378 438
379 527
379 380
379 383
380 450
380 381
381 1821
382 529
382 383
383 386
383 528
384 528
384 531
384 536
385 444
385 390
386 533
386 2167
387 536
387 535
387 534
388 389
388 3649
388 529
389 534
389 539
390 1577
391 393
392 393
392 394
393 466
394 489
394 4113
394 4121
395 1040
396 2664
396 401
396 406
397 3566
397 420
397 2664
398 399
398 400
399 400
399 4222
401 402
401 3561
402 407
402 2423
402 403
403 404
403 3562
404 2605
404 2499
405 406
405 407
405 410
406 420
407 2499
408 4385
408 1581
408 409
409 1536
409 1535
410 4432
411 415
411 414
411 417
412 416
413 417
415 997
416 417
418 3282
418 2301
418 3241
419 420
419 519
421 1972
423 430
423 424
423 1972
423 426
424 999
424 425
425 3860
425 999
426 1973
427 3375
427 434
427 1529
428 431
428 3377
428 3332
429 430
429 3378
429 3357
430 431
431 434
432 1529
432 435
432 433
433 2412
433 1530
434 435
435 1526
436 3776
437 453
437 541
437 4207
438 459
438 440
439 1009
439 1010
439 441
439 486
440 1010
440 2773
441 2773
441 1016
441 1009
441 1027
442 525
442 450
442 443
443 526
444 446
444 445
445 446
447 4181
448 449
449 3570
450 451
451 4204
452 456
452 453
452 3954
453 456
454 456
455 456
457 458
457 3650
457 3649
458 4129
459 1860
459 483
460 4181
461 1035
461 1879
461 2786
462 463
462 4129
464 4121
464 543
465 4052
465 548
465 466
466 4042
467 4048
467 4039
467 4367
468 520
468 1519
468 1034
468 1879
468 1882
469 4194
469 908
470 2789
471 1522
471 472
472 2084
473 636
473 1522
474 478
474 647
475 642
475 2805
475 2801
476 2805
476 2804
476 2803
477 480
477 647
477 640
478 479
478 2581
479 480
479 4017
480 640
481 482
481 3998
481 670
482 1718
482 488
483 3742
483 3744
484 3728
484 3720
484 1017
485 3727
485 3720
485 3730
486 1020
486 3667
487 671
487 642
487 488
488 670
488 2461
490 2322
490 862
490 2227
491 2322
491 2221
491 493
492 1045
492 2608
493 2283
493 2286
494 2291
494 495
494 2293
495 2286
495 2290
496 850
496 869
496 2294
497 3134
498 3134
498 3945
498 501
499 2940
499 3136
500 2671
500 3943
501 3943
501 1397
502 3600
502 3947
503 512
503 848
503 507
504 2660
504 508
504 847
505 506
505 518
506 690
506 689
507 2402
507 508
508 2830
509 2830
509 514
509 690
510 4454
510 1880
510 2793
511 3588
511 516
512 3213
512 515
514 2829
514 519
515 3565
515 3560
516 3601
516 3602
518 690
518 519
520 2794
521 2794
521 689
522 1610
523 1795
523 1802
524 526
525 526
527 2167
527 3200
528 529
530 2093
530 3720
531 532
531 533
532 535
532 536
533 540
534 537
535 537
537 538
538 540
538 539
541 4206
542 4450
542 1928
543 544
543 547
544 548
544 545
545 546
545 548
549 555
549 1562
549 552
550 552
551 552
553 555
554 3603
554 555
554 556
557 2453
557 3216
557 865
558 1050
558 1967
559 2295
559 1582
560 1966
560 561
560 2223
561 2232
561 2288
562 2062
562 3485
562 3522
563 2059
563 2061
563 3480
564 2060
564 2068
564 968
565 2061
565 566
565 3434
566 3434
566 3421
567 968
567 3541
567 2059
568 569
568 570
568 2041
569 587
569 2040
570 2534
570 1325
570 2533
571 3481
571 573
571 2166
572 2057
572 573
573 966
574 575
574 965
574 580
575 1494
576 580
576 963
576 579
577 578
577 634
577 580
578 1503
578 579
581 1507
581 2698
581 970
582 1507
582 3320
582 970
583 1490
583 3320
583 2667
584 1486
584 1488
584 971
584 1489
585 2401
585 3319
586 587
586 1485
586 2543
587 633
587 1240
588 592
588 972
589 593
589 973
590 592
590 3752
591 592
591 594
591 978
592 593
593 2672
594 2938
595 1465
595 1413
596 3169
596 1979
597 1978
597 1250
598 622
598 1980
598 2464
599 623
599 1345
599 1981
600 601
600 1258
600 1559
601 602
601 606
602 603
602 2388
603 604
603 1296
604 1324
604 1385
605 3291
606 608
606 1285
606 1258
607 608
607 620
607 619
608 3284
608 2600
609 2494
609 2180
609 2989
609 1368
610 611
610 1422
610 782
611 2433
611 2601
612 967
612 964
613 3606
613 1339
613 616
614 1328
614 621
614 615
615 3606
615 1553
616 618
616 1958
616 3285
617 2041
617 1370
617 1382
618 1370
618 2594
619 620
619 1956
620 621
621 1328
622 1979
622 623
623 2719
624 1378
624 3118
624 2719
625 628
625 627
625 2496
626 2498
626 630
626 3112
627 629
627 628
629 1368
629 630
631 1483
631 4308
631 2401
632 633
632 2544
632 3963
633 3174
633 4308
634 1607
634 1496
635 637
635 2583
637 644
637 670
638 639
638 647
638 656
639 651
639 1872
639 658
640 658
641 677
641 4091
642 643
643 679
643 676
644 4011
644 3998
645 649
645 2778
645 648
646 2778
646 1006
647 4109
647 655
648 655
648 657
649 650
649 692
650 1872
650 651
651 652
652 653
652 2634
653 692
653 665
654 2581
654 2775
654 4015
655 656
656 657
657 1872
658 659
660 2780
660 1823
660 663
661 666
662 2849
662 2783
662 2780
663 664
663 2849
665 667
666 682
666 667
668 2777
668 682
668 669
669 683
669 684
671 4094
671 2997
672 4101
672 674
672 673
673 674
675 684
675 2832
676 4081
676 2806
678 2827
680 686
680 685
681 682
684 1539
685 686
687 688
689 3605
692 1823
693 3205
693 1825
694 2531
694 2643
694 3151
695 707
695 2531
695 3191
696 3551
696 697
696 698
697 1632
697 698
698 715
699 701
699 704
700 702
700 710
700 701
701 703
702 3551
702 703
703 704
704 3092
705 738
705 4319
705 739
706 731
706 4319
706 4498
707 708
707 1632
708 709
708 710
711 2883
711 712
711 1627
712 1633
712 716
713 714
714 717
714 1636
715 3554
715 1636
716 722
716 4477
717 1637
717 1639
718 1139
718 2553
718 2587
719 720
720 721
720 728
721 739
721 727
722 723
722 2587
722 2580
723 1150
723 1637
724 726
724 1145
724 1154
725 1141
725 726
725 1144
726 916
727 2459
727 738
728 1141
728 4321
729 1620
729 730
729 1619
729 4317
730 3226
730 2764
731 2771
731 1619
732 741
732 733
732 4499
733 735
733 2771
734 735
734 741
735 4498
736 3226
736 739
736 740
737 3192
737 2674
737 1186
737 1167
738 4319
740 2463
740 3186
741 980
742 759
743 4312
743 1430
743 4382
744 766
744 4533
745 749
745 759
746 4536
746 758
747 2961
747 2645
747 4443
748 2651
748 763
748 2649
749 3175
749 3176
750 2840
750 2841
750 2848
751 1936
751 893
751 1435
752 2863
752 2864
753 1442
753 3712
753 1934
754 765
754 757
755 1433
755 763
755 1428
756 2646
756 2645
756 1593
756 3296
756 2961
756 4388
757 2696
758 1936
759 3177
760 2441
760 1428
761 2202
761 2839
761 2841
762 3697
762 2593
762 3176
763 3712
764 2960
764 4438
765 2651
765 2863
767 3177
767 1746
767 2593
768 1770
769 1702
769 1889
769 1701
769 3218
770 1101
770 1100
770 2952
771 1276
771 1739
771 1265
772 1060
772 784
772 1113
773 777
773 1084
773 787
773 1072
774 1725
774 1705
774 1114
774 1899
775 1313
775 3025
776 1361
776 778
777 1072
777 1449
778 2989
778 2990
779 1900
779 2761
779 1114
780 1742
780 2332
780 1792
781 1065
781 1990
781 1079
782 1268
782 1358
783 1373
783 1342
783 2990
784 1096
784 1077
784 1102
785 2171
785 1420
785 1303
786 4503
786 1118
786 1116
787 1061
787 3034
788 1374
788 1276
788 1280
789 792
789 1650
790 796
790 792
790 1543
791 1887
792 1886
792 2955
792 1887
793 1542
793 3772
793 3318
794 3180
794 1540
794 3183
795 3772
795 2034
795 3608
796 797
796 810
797 1545
797 2488
798 799
799 1440
800 802
801 804
801 802
801 803
802 804
803 805
806 1469
806 1462
806 1453
806 1820
806 807
807 1452
807 2756
808 1765
808 2364
808 2365
808 1767
809 1772
809 2367
809 2356
810 4226
810 4227
811 2488
811 815
811 1885
812 1543
812 1540
812 1545
813 2411
813 4136
813 4137
814 1548
814 1885
815 1546
815 1542
816 1126
816 1127
816 817
817 2415
817 1530
818 2958
818 1000
818 1126
819 821
819 820
820 822
820 2792
821 1560
821 822
822 2792
823 869
823 832
823 2296
824 829
824 839
824 833
825 845
825 831
825 834
826 2296
826 840
826 835
827 832
827 837
827 2298
828 839
828 833
828 830
829 838
829 840
830 845
830 846
831 846
831 2300
831 2299
832 2297
833 838
834 836
834 843
835 2297
835 841
836 843
837 842
837 2299
838 841
839 844
840 841
842 2300
842 3278
843 844
844 845
846 2298
847 848
849 853
849 2291
850 2293
850 859
851 853
851 856
851 852
852 858
852 856
853 854
855 857
855 1846
855 861
856 858
857 2283
857 861
858 859
859 860
859 2292
859 2296
861 3028
862 3321
862 864
862 2281
863 2135
863 2132
863 2308
864 2226
864 2141
865 3215
865 3214
866 866
866 867
867 870
867 871
868 871
869 871
872 885
872 889
872 1776
873 2603
874 2603
874 876
875 2453
875 876
877 881
878 2861
878 886
878 2916
879 901
879 897
879 890
880 1444
880 4337
881 890
881 905
882 2921
882 906
882 2858
883 884
883 905
883 2916
883 893
884 898
884 2860
885 904
886 2862
886 902
887 2859
887 1951
887 2923
888 891
888 897
888 901
889 904
890 905
891 898
891 900
892 2861
892 906
892 894
893 903
894 898
894 2860
895 904
896 1946
896 1947
896 2917
897 905
899 2859
899 2920
899 2921
900 1937
900 901
900 1945
902 2858
902 2923
903 1436
903 1437
906 2862
907 2926
907 1438
907 1933
908 4185
909 2610
909 925
909 922
910 915
910 919
910 921
911 912
911 1822
911 915
912 913
912 924
913 1004
913 919
914 924
914 925
914 923
915 926
916 1160
916 2682
917 2404
917 1189
917 1191
918 1189
918 926
918 2673
919 1008
920 924
920 1001
921 1008
921 1193
922 2617
922 923
923 1822
925 1641
926 1822
927 3138
929 3804
930 1457
930 3476
930 935
930 3461
931 1450
931 937
931 3014
932 934
932 933
932 3427
933 943
933 939
934 3444
934 3442
935 3141
935 3487
936 937
936 946
936 957
937 954
937 957
938 951
938 1473
938 1452
938 949
939 3147
939 3143
940 3143
940 3420
941 3556
941 948
941 954
942 3458
942 3461
942 3456
943 950
943 3148
943 961
944 3518
944 3487
944 2911
945 950
945 1472
945 1473
946 956
946 947
947 954
947 1479
948 3976
948 1477
949 1480
949 1472
949 1471
950 1456
951 1481
951 958
952 957
952 956
952 953
953 1470
953 1480
953 1471
955 1470
955 1471
955 961
955 1454
956 1470
956 1464
957 1450
958 2703
959 969
959 964
959 967
960 963
960 965
960 969
961 1456
961 1457
962 1594
962 1405
962 966
963 967
965 969
966 3543
968 2059
971 1490
971 2944
972 1486
972 973
974 977
974 975
974 978
976 978
979 2146
979 2156
979 2003
981 3212
982 1652
982 3212
983 1930
983 984
984 1710
986 4497
986 1888
986 992
987 1888
987 3212
988 1003
988 991
988 1707
988 3199
989 3199
989 2948
989 995
990 1217
990 1206
990 2614
991 1003
991 2856
991 2949
992 2946
992 1971
993 1203
993 1206
993 2946
994 1227
994 1208
994 1219
995 2452
995 1230
996 2036
996 998
998 3853
998 3318
998 3860
999 1000
1000 4139
1000 4142
1001 1004
1001 1007
1002 1005
1002 1008
1002 3086
1003 2416
1004 1005
1005 3091
1006 4041
1006 4483
1007 2855
1007 1123
1009 4203
1009 1020
1010 3737
1011 1018
1012 1021
1012 2796
1012 4452
1013 1025
1013 3173
1013 1020
1014 1022
1014 1015
1014 1026
1015 1022
1015 4468
1016 2774
1016 1026
1016 1518
1017 3173
1017 1024
1018 4201
1018 1020
1019 1021
1019 1025
1021 1030
1022 4470
1023 1024
1023 1929
1023 1030
1023 1932
1024 1911
1025 1030
1026 1027
1027 4203
1028 2796
1028 1929
1028 1029
1029 1928
1031 1879
1031 1035
1031 1882
1032 1034
1032 4479
1032 4464
1033 1037
1033 1036
1033 1520
1034 1879
1034 2786
1035 1038
1036 4465
1036 4464
1037 2788
1039 1040
1040 3663
1041 1046
1041 1043
1041 1042
1043 1972
1043 1046
1044 1045
1046 4385
1047 2608
1047 2605
1047 3326
1048 1967
1048 2219
1048 2217
1049 1050
1049 2217
1049 2225
1050 2224
1051 3041
1051 2422
1051 2554
1052 1241
1052 3039
1052 3081
1053 1877
1053 2274
1053 2270
1054 1055
1054 1112
1055 1084
1056 1074
1056 3980
1056 1273
1057 1067
1057 1109
1057 1078
1058 1065
1058 1063
1058 1059
1059 1070
1059 1085
1060 1079
1060 1064
1061 1061
1062 1080
1062 1066
1063 1108
1063 1085
1064 1083
1064 1069
1065 1103
1066 1108
1066 1099
1067 1111
1067 1077
1068 1099
1068 1071
1068 1076
1069 3131
1069 1070
1069 1079
1070 1085
1071 1073
1071 1084
1071 1112
1072 2329
1072 1449
1073 1081
1073 1082
1074 1081
1074 3112
1074 3131
1075 3131
1075 1987
1075 3129
1076 1081
1076 1080
1077 1083
1078 1078
1079 1993
1082 1086
1083 1087
1086 1110
1086 1106
1087 1087
1088 1112
1088 1103
1088 3034
1089 2760
1089 3322
1089 2762
1090 3323
1091 2953
1091 1104
1091 1102
1091 3322
1092 2952
1092 2953
1092 1111
1092 1100
1093 1094
1093 1095
1094 1098
1095 1105
1095 1107
1096 1102
1096 1111
1097 1103
1097 1099
1097 1108
1100 1115
1101 2761
1101 2954
1101 2951
1102 1105
1104 1997
1104 1107
1105 1107
1106 1110
1113 1113
1114 3323
1115 2327
1115 1901
1116 1118
1116 1119
1117 2328
1117 1118
1120 1122
1120 2328
1121 1122
1122 4501
1123 2142
1123 4375
1123 4213
1124 2364
1124 2724
1124 2726
1125 2724
1126 1526
1127 2959
1127 2415
1128 1875
1128 1876
1128 2980
1129 1699
1129 1720
1129 1897
1129 1722
1130 1208
1130 1192
1130 1198
1130 1211
1131 1132
1131 1251
1132 1248
1133 1252
1133 2536
1134 1247
1134 1243
1134 1248
1135 2536
1135 1247
1136 1138
1137 1146
1138 1143
1138 1148
1139 1144
1139 1140
1141 1143
1142 1145
1143 1149
1144 1147
1145 2580
1146 1172
1146 1148
1148 1149
1149 1157
1150 1151
1150 2610
1151 1155
1151 2580
1152 1156
1153 1156
1153 1154
1153 1155
1154 1158
1155 1159
1156 1158
1157 2655
1157 1160
1158 1159
1158 1163
1159 2617
1160 1162
1161 1169
1162 2655
1162 1177
1163 1165
1163 2682
1164 1175
1165 2673
1165 1168
1166 1167
1167 4498
1168 1170
1168 1171
1169 1176
1169 2655
1171 1179
1171 1177
1172 1174
1172 1173
1173 1175
1173 1185
1174 1959
1174 1188
1175 1180
1176 1180
1176 1187
1177 1178
1178 1189
1178 1183
1180 1184
1181 1959
1181 1186
1181 1182
1183 1187
1183 2615
1184 2629
1184 1190
1187 2404
1190 2632
1190 1194
1191 1193
1191 1195
1192 2611
1193 1205
1194 2632
1194 1196
1195 1202
1195 1196
1196 1200
1197 2451
1197 1199
1197 2611
1198 1200
1198 2633
1199 1204
1199 2486
1200 1207
1201 2947
1201 1221
1201 1203
1202 1215
1202 1214
1203 1224
1204 2614
1204 2486
1205 1214
1205 3088
1206 1220
1207 1215
1207 1211
1208 2486
1208 1213
1209 2692
1210 1213
1211 1218
1212 1216
1213 1216
1214 1222
1215 1222
1216 1223
1217 1219
1217 1228
1218 1223
1218 1226
1219 1231
1221 1224
1221 2692
1222 1226
1223 1229
1223 2452
1224 2689
1225 1232
1226 1229
1227 1234
1227 1230
1228 2072
1228 1231
1230 1235
1231 2684
1232 2684
1232 1234
1233 1236
1234 1239
1235 1236
1235 1239
1236 1237
1236 1238
1239 2417
1240 3963
1240 1311
1241 1790
1241 3081
1242 1243
1243 1245
1244 1245
1244 1349
1244 1249
1245 1248
1246 1249
1249 1250
1250 1254
1251 1252
1251 1253
1252 1253
1253 1254
1254 1255
1254 2715
1255 1256
1255 2715
1256 2716
1256 1391
1257 2479
1257 1283
1257 1332
1258 1328
1259 1554
1259 1557
1259 1559
1260 1304
1260 1286
1260 1348
1261 2495
1261 1344
1261 2434
1262 1290
1263 2038
1263 2534
1263 2535
1264 1279
1264 1299
1264 1400
1264 1390
1265 1276
1265 1280
1266 1332
1266 1364
1266 3119
1266 2478
1267 1402
1267 3041
1267 1740
1267 1789
1269 1322
1269 1297
1269 1331
1270 1416
1270 1288
1270 1388
1271 4504
1271 1346
1271 1278
1272 2497
1272 2987
1272 2988
1272 1374
1273 1375
1273 2450
1274 2974
1274 2976
1274 2986
1275 1313
1275 1408
1276 2988
1277 3970
1277 2716
1278 1283
1278 4512
1279 1373
1279 1288
1280 1313
1281 1380
1281 1405
1281 1417
1282 4487
1282 2599
1282 4485
1283 1985
1284 2600
1284 1334
1284 3287
1284 2601
1285 1386
1285 2600
1286 1359
1286 2602
1287 1407
1287 1410
1287 2535
1288 1390
1289 1377
1289 1296
1290 1304
1290 1323
1291 1554
1291 1339
1291 1371
1291 1549
1292 1334
1292 3288
1292 1392
1293 1326
1293 1358
1293 3114
1294 3288
1294 1327
1294 3535
1295 1312
1295 1307
1295 2515
1296 1378
1297 1420
1297 1341
1297 1777
1298 2215
1298 1376
1298 1998
1299 1400
1299 2895
1299 2888
1300 1418
1300 2436
1300 1315
1300 1419
1301 1407
1301 2482
1301 1409
1302 1373
1302 2991
1302 1326
1303 1358
1303 3107
1303 1392
1304 1357
1305 1316
1305 3110
1305 1420
1306 2470
1306 2472
1306 1314
1306 1352
1307 2519
1307 1312
1308 1387
1308 1396
1308 1465
1309 1380
1309 1393
1309 1317
1310 2444
1310 4508
1310 2445
1311 3285
1311 1350
1312 2517
1314 2460
1314 1364
1315 1343
1315 1316
1316 3535
1316 1383
1317 1594
1318 1352
1318 1381
1318 2470
1319 2539
1319 1421
1319 1366
1320 2445
1320 1367
1320 2448
1321 3114
1321 3115
1321 1362
1322 3066
1322 3063
1323 2436
1323 1330
1324 2494
1324 1385
1325 1465
1325 1372
1326 3107
1326 1333
1327 2699
1327 1418
1328 1558
1329 1416
1329 1338
1331 1402
1331 3066
1332 1345
1333 1373
1333 2548
1335 1389
1335 2469
1335 3968
1336 1352
1337 1355
1337 1357
1337 2497
1338 1398
1338 1341
1340 3074
1340 2713
1340 2705
1341 2171
1342 3111
1342 1361
1344 2435
1344 2492
1345 2467
1345 1363
1346 2460
1346 1364
1347 2511
1347 2516
1349 2714
1350 1360
1350 2599
1351 2495
1351 1422
1351 2180
1352 1389
1353 2825
1353 3067
1353 2936
1354 1562
1354 1366
1354 1399
1355 2963
1355 2964
1356 1740
1356 2625
1356 2454
1356 3032
1359 1360
1359 2599
1360 2702
1361 2172
1362 1422
1362 3544
1363 1980
1363 1395
1365 3974
1366 1565
1367 4512
1368 1394
1369 1788
1369 1402
1369 3067
1370 2519
1371 1559
1371 1556
1372 1380
1372 1396
1374 1408
1375 2448
1376 1988
1376 1719
1377 1379
1378 2718
1379 2715
1379 2717
1380 1410
1381 1406
1381 3974
1381 1395
1382 1404
1382 2038
1384 3071
1384 3049
1384 3074
1385 2492
1386 2386
1386 2387
1387 1413
1387 1403
1388 1390
1388 3060
1389 2472
1392 3535
1393 1410
1393 1407
1395 2465
1396 1417
1397 1421
1398 1416
1398 2548
1399 1568
1399 1571
1399 1569
1400 3045
1401 1411
1401 1998
1401 2460
1402 3032
1403 1405
1403 1417
1404 2517
1404 2512
1406 2478
1406 2470
1408 2987
1411 3128
1411 3123
1412 1419
1414 2483
1414 2484
1414 2513
1415 2968
1415 1566
1415 1569
1415 2969
1418 2700
1419 2988
1424 3627
1424 1426
1424 3648
1425 3627
1425 4284
1426 2020
1426 1427
1427 2197
1427 4277
1428 2456
1429 2008
1429 2183
1430 4311
1430 4381
1431 4313
1431 4310
1431 4314
1432 2192
1432 2195
1432 2196
1433 1437
1433 4537
1433 1934
1434 2823
1434 2819
1434 1440
1435 1436
1435 4538
1436 4539
1437 1438
1438 1941
1439 2195
1439 1441
1439 3231
1440 4307
1440 4288
1441 4340
1441 4286
1443 1934
1445 1446
1446 4288
1447 2555
1447 2346
1447 2335
1448 2266
1448 1735
1448 2332
1448 2333
1449 2348
1449 2708
1450 1480
1451 1464
1451 1454
1451 3141
1452 1453
1453 1461
1454 1457
1455 3005
1455 2453
1455 3002
1456 1471
1457 1476
1458 3502
1458 3526
1458 3494
1459 1460
1459 3508
1459 3512
1460 1478
1460 3507
1461 2006
1462 3295
1462 1477
1463 3295
1463 1469
1464 1470
1466 2812
1466 1761
1466 2813
1467 1835
1467 1468
1467 1893
1467 1892
1468 2811
1468 2816
1468 1829
1469 1819
1472 1473
1474 1475
1475 3147
1475 3148
1477 2757
1478 2626
1479 3508
1479 3518
1480 1481
1481 3014
1482 3174
1482 2545
1482 2544
1484 1485
1485 2401
1486 1488
1487 1488
1489 1490
1489 1491
1492 1493
1493 1607
1494 1498
1494 1495
1495 1497
1495 1501
1495 1500
1496 1498
1496 2911
1497 1498
1497 1499
1501 1501
1502 1504
1502 1505
1503 1509
1503 2698
1506 1509
1507 1508
1509 1510
1511 3885
1511 3886
1511 3575
1512 3406
1512 3909
1513 3885
1513 1516
1513 3889
1514 3822
1514 2940
1515 3896
1515 2076
1516 3893
1517 2144
1517 4380
1517 4376
1518 1883
1518 4469
1519 4464
1520 2788
1521 2786
1521 2808
1521 4469
1522 2803
1523 4139
1523 1546
1523 4143
1524 2406
1524 4154
1524 4140
1525 2406
1525 4138
1525 2409
1526 2412
1527 2410
1527 2959
1527 2411
1528 4131
1528 1561
1530 1531
1532 1533
1533 2415
1534 3326
1534 1535
1534 1582
1534 1578
1535 1583
1536 4386
1536 1585
1537 4387
1537 4243
1537 1589
1538 4387
1538 4386
1538 2961
1539 2657
1539 1540
1541 2396
1541 2393
1541 1543
1542 1544
1545 3770
1546 1547
1547 1885
1547 1970
1548 1970
1548 1717
1550 1551
1551 1552
1551 1555
1552 1554
1552 1555
1553 1558
1553 1556
1555 1557
1556 1558
1557 2637
1561 4132
1563 2966
1563 1566
1563 1564
1564 1566
1564 1565
1565 1567
1567 1568
1569 1570
1570 1570
1571 1575
1572 1574
1573 2540
1573 2538
1573 1574
1574 1575
1575 2426
1576 1577
1577 3649
1578 1579
1578 2838
1579 1580
1579 1581
1580 1581
1580 4384
1582 3325
1582 1584
1583 1587
1583 1584
1583 1585
1584 1590
1584 1586
1585 1589
1586 1591
1588 1589
1591 1592
1592 1593
1592 3302
1593 4243
1595 1859
1595 1597
1595 1604
1596 1598
1597 1599
1597 1603
1598 1600
1598 1599
1599 1608
1600 1601
1600 1605
1602 1607
1604 1861
1604 1608
1605 1606
1605 1610
1608 1609
1611 2151
1611 1614
1611 1612
1612 1615
1612 1613
1613 1617
1613 2151
1613 2767
1614 2770
1615 1617
1615 1616
1617 2768
1618 2768
1618 2766
1618 2525
1618 2523
1619 2525
1619 2770
1621 1622
1621 2766
1621 3190
1621 3550
1622 1624
1622 3187
1623 2530
1623 3187
1623 2883
1624 1625
1624 3188
1625 1626
1625 3187
1627 3191
1627 1628
1628 1630
1628 1631
1629 1630
1630 1633
1631 1632
1631 1635
1633 1634
1633 1635
1635 1636
1637 1639
1638 1640
1638 3554
1638 3553
1639 1641
1640 1641
1640 2597
1642 2765
1643 1646
1643 1648
1644 1647
1645 1649
1646 1653
1646 1647
1646 1654
1647 1648
1649 2395
1650 2389
1650 2385
1651 4528
1651 1652
1655 1660
1656 1665
1657 1673
1657 1674
1657 1693
1657 1689
1658 1674
1659 1673
1660 1678
1660 1662
1660 1665
1661 1677
1662 1666
1662 1664
1662 1690
1663 1677
1665 1683
1665 1669
1666 1677
1666 1679
1666 1681
1667 1683
1668 1674
1670 1686
1671 1686
1672 1685
1672 2074
1673 1692
1673 1688
1674 1676
1675 1683
1677 1686
1680 1685
1682 1686
1682 4498
1683 1692
1684 1685
1687 1692
1691 1692
1694 1906
1694 3385
1695 1698
1695 4435
1696 3217
1696 1701
1696 1703
1697 4435
1697 4434
1698 1889
1698 1700
1698 1699
1699 4435
1700 1704
1700 1702
1701 1702
1701 1703
1702 1704
1703 1705
1704 1705
1706 2855
1707 3198
1708 2856
1709 1904
1710 1712
1711 2163
1711 1713
1712 2162
1712 2163
1713 2161
1714 1715
1717 2413
1717 4133
1717 4151
1718 2461
1718 1874
1719 2215
1720 2323
1720 4434
1721 1723
1721 1722
1722 1729
1723 1724
1724 1728
1724 2351
1725 2350
1725 2352
1726 1728
1727 2352
1727 1730
1727 2353
1728 1732
1729 1733
1729 1731
1730 1733
1730 2353
1731 1896
1733 2371
1734 1792
1734 1742
1734 1877
1734 3035
1735 2555
1735 2334
1735 2331
1736 2886
1736 2338
1736 2884
1737 3219
1737 3225
1737 3222
1738 4433
1738 1890
1738 2333
1739 2625
1739 3110
1740 2454
1740 3040
1741 1742
1741 2554
1742 2331
1743 1744
1743 1745
1744 1745
1745 1749
1746 3177
1746 1748
1747 1749
1747 1750
1747 1748
1748 3669
1749 1751
1750 3669
1750 2854
1752 2037
1752 2091
1753 2087
1753 2807
1754 1760
1754 1761
1754 2814
1755 1758
1755 1757
1755 1871
1756 1758
1756 1893
1756 2809
1758 1845
1759 1845
1759 2377
1759 1855
1760 2377
1760 2813
1761 2816
1762 2814
1762 1763
1762 2376
1763 1842
1763 1854
1764 1768
1764 1766
1764 2357
1765 1766
1765 1767
1766 1768
1767 2356
1768 1769
1769 1770
1769 1771
1770 2159
1771 2355
1771 1772
1771 2356
1772 1810
1773 1774
1773 1809
1773 2355
1774 1812
1774 2354
1775 1812
1775 1814
1775 2462
1776 1776
1778 1779
1778 1780
1779 2750
1779 2625
1780 1783
1781 2572
1781 1782
1781 3026
1782 3025
1782 1783
1782 2573
1783 1784
1784 1786
1784 1785
1785 1787
1785 3039
1786 2419
1786 3039
1787 3101
1787 3102
1788 1789
1788 2936
1789 1793
1790 3035
1790 2422
1791 1876
1791 1875
1791 2274
1792 2270
1793 2345
1793 2343
1794 4333
1794 4334
1795 1800
1795 2676
1796 1797
1796 4325
1796 4333
1798 2737
1798 3388
1798 3394
1798 3327
1799 1804
1799 3201
1799 1857
1801 2076
1801 3390
1801 3559
1803 2170
1803 1861
1804 4334
1804 4322
1805 1806
1806 1869
1806 3203
1807 1808
1808 2355
1808 1809
1809 2639
1811 1814
1812 1815
1813 1814
1816 1818
1817 1818
1818 1819
1819 2366
1820 3016
1820 2942
1820 2366
1821 3201
1821 3202
1823 2781
1824 1826
1824 1827
1824 2781
1825 3211
1825 1828
1826 1828
1826 4482
1827 4483
1827 2778
1828 3211
1830 1843
1830 1844
1830 1831
1832 1841
1832 2375
1832 1840
1833 2318
1833 2312
1833 2579
1834 1842
1834 2815
1834 1848
1835 2933
1835 1892
1836 1840
1836 1848
1836 1841
1836 1853
1837 1847
1837 1853
1837 2373
1837 1840
1838 1848
1838 2815
1838 2816
1839 1843
1839 1844
1839 2375
1841 1846
1842 1849
1843 2318
1844 1847
1845 1855
1846 2321
1847 1849
1849 1853
1850 1851
1850 1854
1850 1852
1854 1898
1855 2810
1856 4451
1856 3716
1857 1869
1857 2170
1858 1860
1858 1862
1858 2094
1859 1864
1860 3718
1861 4332
1862 3713
1862 2094
1862 1865
1863 1870
1863 2093
1864 2169
1864 2170
1865 2380
1865 3716
1865 1867
1866 1869
1866 3201
1866 2167
1867 3715
1867 2381
1867 3719
1868 3714
1868 1912
1868 2379
1870 2094
1870 3713
1873 1874
1873 3992
1873 4000
1873 3991
1875 2985
1876 1877
1876 3099
1877 3037
1878 4453
1878 4462
1878 2992
1880 4460
1880 2787
1880 4456
1881 2793
1881 4453
1881 4455
1882 2784
1883 2799
1883 4187
1884 3387
1884 2798
1884 2079
1884 3408
1886 1887
1888 1962
1889 1890
1890 2336
1890 2334
1892 2950
1892 3152
1893 1895
1894 1898
1894 1895
1894 2376
1895 1896
1896 2325
1896 1897
1897 2323
1898 2476
1899 4500
1899 2369
1900 2327
1900 4500
1901 4503
1901 2457
1902 3384
1903 1904
1904 1916
1905 1919
1905 1909
1905 1914
1906 3385
1906 2797
1907 1911
1907 1912
1907 3717
1908 1919
1909 1917
1909 3097
1910 1923
1910 1926
1910 1913
1911 1912
1913 1920
1913 1923
1913 1918
1913 1927
1914 1922
1914 1917
1915 2073
1915 1924
1915 1925
1916 1926
1917 3095
1918 1931
1918 3193
1921 1931
1923 1926
1924 3095
1924 1925
1925 3098
1928 1929
1929 1932
1930 3230
1932 2796
1933 1953
1933 2871
1935 1944
1935 1951
1935 1940
1936 4537
1937 1937
1938 1939
1938 1942
1938 1952
1939 1942
1939 1943
1940 1946
1940 1947
1941 1948
1941 1947
1942 4538
1943 1952
1944 1946
1944 1949
1944 2919
1945 1945
1946 2918
1948 2926
1948 2917
1948 2928
1949 2859
1949 1951
1949 2920
1950 2866
1950 2871
1950 1953
1952 4539
1953 2915
1954 3718
1955 3663
1956 1958
1956 1957
1957 1958
1957 3606
1959 1960
1961 2688
1961 1962
1961 2403
1962 4497
1963 1964
1963 3657
1963 1966
1964 1965
1964 1968
1965 3655
1966 1967
1969 1970
1971 2691
1971 2074
1973 3379
1973 3378
1974 1975
1975 1976
1975 3379
1977 1978
1978 3965
1979 3969
1980 3120
1981 2464
1982 1983
1982 1986
1983 1984
1983 2636
1985 1986
1985 2430
1987 1989
1987 2439
1988 3980
1988 2439
1989 2457
1990 1992
1990 3034
1991 1992
1991 1993
1991 2329
1992 1993
1993 1994
1994 2428
1994 1996
1995 2329
1995 1996
1995 3223
1996 1997
1997 3225
1999 3557
1999 2157
1999 2000
2000 2001
2000 2642
2001 2644
2001 2641
2002 4232
2002 2641
2002 4216
2003 2004
2003 2749
2004 2005
2004 2654
2007 4391
2007 2204
2008 2184
2008 2019
2009 2010
2009 2017
2010 2011
2010 2016
2011 2012
2011 2015
2012 2014
2012 2013
2013 2014
2013 2019
2014 2015
2015 2016
2016 2017
2018 2019
2020 2023
2020 2021
2021 2022
2021 2025
2024 2027
2025 2026
2025 2027
2027 2029
2028 2029
2028 2032
2028 2031
2029 2030
2033 3185
2033 3181
2034 3180
2034 3184
2035 2080
2035 3952
2035 3958
2036 2037
2036 4128
2038 2041
2039 3981
2040 3981
2042 2046
2042 2052
2042 2053
2042 2044
2043 2050
2043 3588
2043 2049
2044 2045
2044 2052
2044 3601
2045 2054
2045 2055
2046 3594
2046 2047
2046 2055
2047 2053
2047 3592
2047 2048
2048 2049
2048 3591
2049 2050
2049 2053
2050 2051
2051 2052
2051 2053
2054 3590
2054 2055
2056 3600
2056 2728
2056 3937
2057 2058
2058 3481
2060 3421
2060 2068
2061 3480
2062 2063
2062 3481
2064 2165
2064 3541
2064 3428
2065 3430
2065 2066
2066 3428
2067 3430
2067 2069
2067 2068
2068 3523
2068 3431
2069 3422
2069 4161
2069 3431
2070 2071
2070 3653
2070 4432
2072 2689
2072 2073
2073 2074
2075 2443
2075 3912
2075 3913
2076 3897
2076 3398
2077 3910
2077 3911
2077 3893
2078 3392
2078 3394
2078 2737
2078 3391
2079 3393
2079 3399
2079 3402
2079 3392
2080 3950
2080 3949
2080 3391
2082 3962
2082 3955
2082 2742
2083 4082
2083 2084
2083 2802
2084 2086
2085 4086
2085 2086
2085 4082
2087 2088
2087 2090
2088 2089
2088 2090
2089 2091
2090 2091
2092 4343
2092 3689
2092 3659
2093 2094
2095 2096
2095 2095
2096 2098
2097 2971
2097 2100
2098 2101
2098 2099
2099 2102
2100 3283
2101 2102
2101 2107
2102 2103
2103 2104
2103 2108
2104 2105
2104 2106
2106 2108
2108 2576
2108 2116
2109 2112
2109 2113
2109 2110
2110 2113
2110 2111
2112 2114
2112 2119
2113 2119
2114 2117
2114 2123
2115 2118
2116 2224
2117 2120
2117 2123
2118 2128
2118 2576
2119 2123
2120 2122
2120 2125
2121 2124
2121 3283
2121 2134
2122 2124
2122 2127
2124 2129
2125 2126
2125 2127
2126 2128
2126 2131
2127 2129
2128 2133
2129 2130
2130 2134
2130 2131
2131 2132
2132 2133
2133 2137
2133 2135
2135 2138
2135 2136
2136 2139
2136 2140
2137 2226
2137 2224
2138 2141
2138 2139
2139 2141
2143 2144
2144 4379
2145 4210
2146 2150
2146 2147
2147 2152
2147 2155
2148 2156
2148 2152
2148 2157
2149 2155
2151 4499
2152 2157
2153 2154
2153 2767
2153 2155
2155 2158
2156 2642
2158 2524
2159 2160
2159 2400
2160 4236
2161 2162
2164 3525
2164 2166
2164 3420
2164 3524
2165 2166
2165 4162
2165 3524
2168 2169
2171 3108
2172 2176
2172 2896
2173 2177
2173 2179
2173 2176
2174 3111
2174 2175
2174 2178
2175 2179
2176 2177
2177 2178
2178 2179
2180 2181
2181 2493
2181 2494
2182 4428
2183 2819
2184 2196
2184 2185
2185 2188
2185 2192
2186 2187
2186 2188
2186 2190
2188 2189
2190 2191
2190 2194
2192 2193
2195 2196
2197 2199
2197 2201
2198 2199
2199 2200
2202 2203
2203 2204
2205 2206
2206 2950
2207 2209
2207 2208
2208 2934
2208 2209
2208 2210
2211 2212
2211 2693
2211 3161
2213 3548
2213 2214
2214 2935
2214 2693
2215 2216
2216 2935
2217 2220
2218 2234
2218 2222
2219 2220
2219 2229
2220 2231
2221 2222
2221 2287
2223 2288
2226 2228
2227 2227
2228 2234
2228 2231
2229 2230
2229 2232
2230 2231
2230 2233
2232 2233
2233 2234
2235 2236
2235 2378
2235 2266
2236 2237
2236 2239
2237 2243
2237 2238
2238 2245
2238 2239
2239 2246
2240 2246
2240 2264
2240 2250
2241 2277
2242 2247
2242 2249
2242 2250
2243 2244
2243 2258
2244 2245
2244 2259
2245 2247
2246 2247
2246 2269
2248 2250
2248 2251
2248 2249
2249 2256
2251 2252
2251 2311
2253 2378
2253 2254
2254 2258
2254 2255
2255 2260
2255 2257
2256 2259
2256 2260
2258 2259
2261 2262
2262 2263
2263 2314
2264 2273
2264 2265
2265 2265
2266 2267
2267 2268
2267 2269
2269 2270
2271 2272
2271 2273
2272 2276
2273 2277
2274 2275
2276 2277
2276 2985
2277 2311
2278 2307
2278 2311
2279 2280
2279 2313
2280 2281
2280 3321
2281 2315
2281 2282
2282 2322
2282 2320
2282 2283
2283 3028
2284 2289
2284 3028
2284 2286
2285 2290
2285 2289
2286 2287
2287 2288
2289 2290
2290 2291
2291 2292
2292 2293
2293 2294
2294 2295
2296 2297
2297 2298
2298 2299
2299 2300
2300 3281
2301 3672
2301 2302
2301 3280
2302 3688
2302 2306
2303 3692
2303 3687
2303 2591
2303 3682
2304 2591
2304 2593
2304 2592
2305 2589
2305 3282
2305 2306
2306 3679
2306 3282
2307 2308
2308 3321
2309 2312
2309 2313
2309 2310
2310 3008
2310 2476
2312 2313
2313 2314
2315 2316
2315 2319
2316 2317
2316 2318
2319 2320
2319 2321
2320 2321
2323 2326
2323 2324
2323 2325
2324 2326
2327 4502
2327 2954
2328 4502
2329 2349
2330 2346
2330 2331
2330 2345
2331 2332
2333 2334
2334 2335
2335 2339
2336 2338
2336 2337
2338 2339
2339 2340
2340 2344
2340 2342
2341 2343
2341 2342
2341 2344
2342 2349
2343 2705
2344 2345
2346 2347
2348 2713
2348 2349
2348 2889
2350 2351
2350 2352
2351 2353
2357 2365
2357 2358
2358 3019
2358 2360
2359 2360
2360 2362
2361 3019
2361 2365
2361 2363
2363 2364
2363 3229
2366 2462
2367 2941
2367 2943
2368 2400
2368 2753
2368 3292
2369 2370
2369 2371
2371 2372
2374 2375
2376 2377
2377 2813
2379 2380
2379 3717
2380 3714
2380 3715
2381 3724
2381 3719
2382 3722
2382 3726
2382 3668
2383 2384
2384 2385
2384 4227
2385 2389
2386 2432
2386 2601
2386 2387
2387 2388
2389 2390
2390 2391
2390 2392
2391 4431
2391 2392
2393 2398
2393 2491
2394 2395
2394 4260
2394 4259
2395 2399
2396 2397
2397 4260
2397 2398
2398 2680
2399 2680
2399 2489
2401 3319
2402 2665
2402 3566
2403 3192
2403 2674
2404 2615
2405 2408
2406 4155
2406 4141
2407 2408
2408 2409
2409 2410
2410 4153
2411 4152
2412 2414
2413 4136
2413 4134
2413 4152
2417 2418
2417 2948
2419 2420
2419 2454
2420 2421
2420 3106
2421 3040
2421 2422
2421 3030
2424 2425
2424 2476
2424 2477
2426 2983
2426 2542
2427 2542
2429 2433
2430 3117
2430 3116
2431 2432
2432 2435
2433 2434
2434 2435
2436 2437
2438 2439
2440 2441
2441 2442
2443 3754
2443 3756
2444 2446
2444 2447
2445 2446
2446 2447
2446 2449
2447 2450
2448 2449
2449 2450
2451 2451
2452 3198
2455 2496
2455 2498
2457 3129
2458 4362
2458 4361
2462 3015
2463 2553
2463 4321
2465 2466
2466 2467
2467 2478
2468 2473
2468 2469
2468 2471
2469 2475
2472 2474
2479 3119
2480 2481
2480 2483
2480 2482
2481 2484
2481 2485
2482 2483
2484 2485
2485 2511
2487 2488
2489 2490
2490 2652
2490 2678
2491 2657
2491 2652
2492 2493
2493 2495
2496 2498
2499 2500
2500 2605
2500 2606
2501 2839
2501 2840
2502 2503
2503 2504
2503 2507
2504 2508
2504 2506
2505 2507
2506 2510
2507 2508
2508 2510
2509 2510
2511 2515
2514 2517
2515 2516
2516 2594
2518 2519
2520 2523
2520 2522
2521 2524
2521 2522
2522 2523
2525 2769
2525 2765
2526 2527
2527 2529
2527 2530
2528 2529
2529 2530
2531 3190
2534 2535
2537 3024
2538 2981
2538 3024
2540 2968
2540 2973
2541 2542
2543 2596
2543 2594
2544 2546
2545 2546
2546 4493
2546 2547
2548 3108
2549 2550
2549 3023
2549 3022
2550 3020
2550 2552
2551 2552
2551 3020
2552 3026
2553 4477
2555 2556
2556 2558
2556 2557
2559 2560
2559 2562
2559 3023
2560 2562
2560 2561
2561 2563
2561 3022
2562 2563
2563 2564
2564 2565
2564 2568
2565 2567
2565 2568
2566 2571
2567 2569
2567 3022
2568 2570
2570 2973
2570 2574
2571 2572
2571 2575
2572 2986
2572 2573
2573 2977
2576 2577
2576 2578
2581 2583
2581 2584
2582 2583
2583 2585
2584 2585
2584 4013
2585 4014
2585 4011
2586 2587
2588 2589
2588 2646
2588 2590
2589 2590
2590 2591
2591 2592
2592 3692
2595 2596
2597 3093
2597 2598
2603 2604
2606 2607
2606 2608
2609 2610
2611 2612
2613 2614
2615 2616
2617 2673
2618 2619
2618 2621
2619 2623
2619 2622
2620 2621
2621 2623
2622 2624
2622 4515
2623 2624
2624 3021
2626 3293
2627 3605
2627 2628
2629 2630
2630 2633
2630 2631
2632 2633
2635 3565
2636 3118
2638 4477
2638 2883
2638 2764
2640 4235
2641 4231
2642 2654
2643 2644
2643 3557
2644 3151
2645 2646
2647 2648
2648 2649
2648 2650
2649 2650
2650 2651
2652 2653
2654 4228
2656 2657
2658 2659
2659 2660
2659 2661
2663 2664
2665 2666
2665 2828
2667 2668
2669 2670
2674 4497
2675 2676
2677 2687
2678 2679
2678 2680
2679 2679
2681 2682
2683 2686
2684 2685
2686 2687
2687 2688
2689 2690
2691 2947
2691 2692
2693 3157
2694 2865
2694 2695
2694 2696
2695 2696
2695 2863
2697 2698
2699 2700
2699 2701
2700 2702
2701 3287
2701 3289
2701 3286
2702 3289
2704 2709
2705 2711
2706 2711
2707 2708
2708 3047
2709 2713
2709 2712
2710 2711
2712 3068
2714 4475
2716 2717
2717 3969
2718 2718
2719 2720
2720 3116
2720 3117
2721 3156
2722 3156
2722 3155
2722 2723
2723 2724
2724 2726
2725 2726
2725 2941
2727 3419
2727 3826
2727 2728
2728 3380
2729 2734
2730 2735
2731 2733
2731 2747
2731 2746
2732 2733
2733 2734
2734 2735
2734 2745
2735 2744
2735 3418
2736 3380
2736 3418
2736 3416
2737 3950
2738 2740
2738 3950
2738 3954
2739 4451
2740 3395
2740 4451
2741 4450
2741 3581
2741 3582
2742 3583
2742 3579
2742 3578
2743 3410
2743 3415
2743 3411
2746 2747
2748 4454
2751 2752
2751 4528
2754 2756
2755 2757
2756 2757
2758 2759
2760 2762
2760 2763
2761 3322
2762 3323
2764 3186
2764 2765
2765 2766
2767 2768
2768 2772
2769 4079
2769 2772
2769 2770
2770 2771
2772 4061
2773 2774
2774 4196
2775 4013
2775 4012
2775 4017
2776 2777
2779 2781
2779 2782
2779 2780
2782 2783
2783 2832
2783 2835
2784 2785
2785 2790
2787 4453
2787 2793
2788 4463
2789 2791
2790 2791
2795 3827
2795 3412
2795 3826
2797 2798
2798 3952
2799 2808
2799 4191
2799 4186
2800 3569
2801 2802
2801 4088
2801 2805
2802 2804
2803 2804
2806 4085
2806 4090
2806 4083
2807 4098
2808 4469
2808 4190
2809 2810
2809 2811
2810 2812
2811 2812
2814 2815
2817 2818
2817 2820
2818 2819
2821 2823
2822 2823
2822 2822
2824 4499
2825 3049
2826 4083
2826 4084
2826 4086
2826 4091
2827 4091
2827 4084
2828 2829
2830 2831
2832 2836
2833 2834
2833 2835
2834 2836
2835 2836
2835 2849
2837 4384
2837 2838
2839 2840
2840 2843
2840 2841
2840 2842
2842 2843
2843 2844
2844 2845
2845 3704
2846 2847
2846 3709
2847 2848
2847 4389
2850 3653
2850 2852
2851 2852
2852 2853
2853 3537
2854 3617
2857 4202
2858 2922
2858 2862
2859 2922
2860 2861
2860 2916
2861 2862
2866 2867
2866 2873
2866 2879
2867 2878
2867 2872
2868 2878
2868 2880
2868 2870
2869 2880
2869 2913
2869 2882
2870 2871
2870 2881
2870 2879
2872 2873
2872 2912
2872 2875
2873 2874
2874 2875
2874 2876
2875 2877
2876 3150
2876 2877
2877 2912
2878 2879
2880 2881
2881 2882
2882 2914
2884 2885
2884 2886
2886 3219
2887 3048
2888 2894
2888 3048
2889 2890
2889 2905
2890 3046
2890 2891
2891 2892
2891 3042
2892 2893
2892 2908
2893 2894
2893 2908
2894 2898
2895 2990
2895 3111
2896 2900
2897 2898
2897 2900
2897 2899
2898 3044
2900 3044
2901 2902
2902 2903
2902 3046
2902 3043
2904 3043
2905 3068
2905 2906
2906 2907
2906 2909
2907 3052
2907 2908
2909 3052
2909 3051
2910 2911
2912 3149
2913 2914
2917 2918
2918 2919
2919 2920
2921 2922
2922 2923
2924 2927
2924 2929
2924 2932
2925 2926
2925 2930
2925 2927
2927 2930
2928 2930
2928 2929
2929 2930
2929 2931
2936 2937
2939 3887
2939 3136
2939 3135
2940 3135
2941 2942
2942 2943
2943 3016
2944 2945
2946 2947
2948 2949
2951 2952
2951 2953
2956 4149
2956 4140
2956 4143
2957 4150
2957 4142
2957 2958
2957 4138
2958 2959
2960 4441
2960 2961
2962 2966
2962 2963
2962 2964
2963 2965
2965 2966
2965 2967
2966 2967
2967 4514
2968 2972
2968 2970
2969 2971
2969 2970
2970 2971
2972 2973
2972 4514
2973 3024
2974 2981
2974 2975
2975 3024
2975 2986
2976 2978
2976 2982
2977 2979
2977 2980
2978 2979
2978 2982
2979 2980
2981 2982
2982 2983
2983 2984
2984 2985
2989 2991
2990 2991
2992 4463
2992 4453
2993 2994
2993 4095
2993 2999
2994 4096
2994 2998
2995 2999
2995 4094
2995 2996
2996 2997
2996 2998
2997 4099
2998 2999
3000 3001
3000 3004
3002 3003
3004 3005
3004 3564
3005 3564
3006 3008
3007 3008
3009 3013
3010 3011
3010 3013
3010 3014
3012 3013
3016 3017
3018 3019
3019 3228
3020 3021
3021 3023
3021 4515
3025 3026
3027 4038
3027 3204
3029 3102
3030 3031
3030 3103
3031 3104
3031 3105
3032 3033
3033 3033
3035 3036
3037 3082
3037 3038
3038 3102
3038 3101
3040 3041
3042 3043
3042 3044
3046 3047
3047 3048
3049 3050
3050 3051
3052 3053
3053 3054
3054 3058
3054 3055
3055 3057
3055 3056
3056 3058
3056 3057
3057 3061
3057 3058
3059 3061
3060 3065
3060 3064
3061 3062
3062 3065
3062 3063
3063 3064
3064 3065
3066 3067
3068 3073
3069 3070
3070 3071
3070 3072
3071 3072
3072 3073
3073 3076
3074 3075
3075 3076
3077 3081
3077 3079
3077 3082
3078 3079
3079 3080
3082 3084
3083 3084
3084 3085
3086 3087
3086 3090
3087 3088
3087 3090
3087 3091
3089 3090
3092 3093
3095 3096
3099 3101
3099 3100
3107 3108
3109 3110
3113 3114
3116 3117
3121 3127
3121 3125
3121 3126
3121 3122
3122 3128
3122 3124
3122 3123
3123 3124
3124 3125
3125 3126
3126 3127
3127 3128
3129 3130
3129 3131
3132 3133
3133 3139
3134 4494
3134 4496
3135 3136
3135 3822
3136 3821
3137 3823
3137 3804
3137 3821
3138 3174
3138 3139
3140 4137
3140 4134
3140 4131
3141 3142
3143 3144
3144 3146
3145 3146
3146 3147
3147 3148
3149 3150
3151 4216
3152 3153
3155 3156
3157 3158
3157 3548
3158 3160
3158 3159
3159 3162
3159 3163
3160 3547
3160 3164
3161 3163
3163 3164
3164 3165
3166 3171
3166 3968
3166 3546
3167 3965
3167 3168
3167 3545
3168 3169
3168 3170
3169 3973
3171 3967
3171 3172
3172 3966
3172 3968
3173 3667
3174 4308
3175 3176
3178 3179
3178 3318
3180 3181
3182 3184
3182 3183
3182 3185
3184 3185
3186 4477
3188 3189
3188 3190
3189 3190
3189 3191
3192 3534
3194 3195
3194 3196
3196 3197
3198 3199
3200 3202
3200 3201
3201 3202
3203 4052
3203 4038
3204 4482
3204 4041
3205 3208
3205 3209
3206 3207
3207 3232
3208 3232
3209 3211
3209 3210
3213 3214
3215 3216
3215 3604
3216 3604
3217 3218
3217 3225
3218 3219
3220 3222
3220 3223
3220 3224
3221 3224
3221 3222
3221 3225
3223 3224
3226 3227
3228 3292
3228 3229
3230 4528
3231 4339
3234 3248
3234 3279
3235 3236
3235 3248
3235 3237
3236 3237
3236 3256
3237 3266
3238 3253
3238 3249
3238 3252
3239 3275
3239 3267
3239 3256
3240 3264
3240 3259
3240 3257
3241 3280
3241 3278
3242 3257
3242 3251
3242 3252
3243 3244
3243 3245
3243 3251
3244 3280
3244 3259
3246 3280
3246 3247
3246 3281
3247 3258
3247 3259
3247 3264
3248 3265
3248 3255
3249 3254
3249 3261
3249 3260
3250 3251
3250 3257
3250 3276
3251 3252
3252 3271
3253 3263
3253 3271
3253 3254
3254 3272
3254 3262
3255 3256
3255 3270
3256 3268
3257 3272
3258 3269
3258 3270
3259 3276
3260 3265
3260 3261
3261 3266
3261 3262
3262 3268
3262 3263
3263 3267
3263 3273
3264 3269
3264 3273
3265 3266
3266 3268
3267 3268
3267 3274
3269 3274
3269 3275
3270 3275
3271 3272
3272 3273
3273 3274
3274 3275
3276 3277
3278 3281
3279 3281
3284 3286
3284 3291
3285 3290
3286 3290
3286 3287
3287 3288
3289 3290
3290 3291
3294 3295
3296 4269
3296 3307
3296 3300
3297 3299
3297 3308
3297 4269
3298 4265
3298 4270
3299 4263
3299 4258
3300 4266
3300 4270
3301 4247
3301 3306
3302 3303
3302 4268
3302 4251
3303 3305
3303 3304
3304 4273
3304 4255
3304 4245
3305 3306
3305 4273
3306 4273
3307 3316
3307 3317
3308 3310
3308 3309
3309 3310
3309 3312
3310 3311
3311 3312
3311 3314
3312 3313
3313 3314
3313 3315
3314 3316
3315 3316
3315 3317
3319 3320
3324 4259
3325 3326
3325 3656
3327 3394
3328 3332
3328 3370
3328 3331
3328 3375
3329 3335
3330 3371
3330 3355
3330 3370
3331 3332
3331 3372
3331 3371
3332 3359
3333 3342
3334 3335
3334 3342
3334 3337
3335 3339
3336 3342
3338 3339
3339 3340
3340 3343
3340 3341
3343 3345
3343 3344
3345 3347
3345 3346
3347 3349
3347 3348
3349 3351
3349 3350
3351 3353
3351 3352
3353 3355
3353 3354
3355 3356
3357 3359
3357 3377
3358 3362
3358 3361
3358 3359
3358 3364
3359 3378
3359 3377
3360 3365
3362 3379
3362 3365
3363 3364
3364 3365
3364 3372
3365 3366
3367 3368
3368 3370
3368 3374
3369 3374
3370 3371
3371 3372
3372 3373
3374 3375
3375 3376
3380 3419
3381 4529
3381 4530
3381 3384
3382 3580
3383 3581
3383 3580
3386 3404
3386 3411
3386 3402
3387 3402
3387 3388
3388 3396
3389 3559
3389 3398
3389 3396
3390 3404
3390 3897
3390 3403
3391 3392
3392 3400
3393 3394
3395 3577
3396 3397
3398 3913
3399 3400
3399 3408
3400 3407
3401 3407
3403 3404
3403 3406
3405 3908
3406 3908
3407 3408
3409 3413
3409 3415
3409 3414
3410 3413
3410 3412
3410 3416
3411 3412
3412 3419
3413 3414
3414 3416
3414 3415
3417 3418
3420 4160
3421 3431
3423 3433
3423 3424
3423 3431
3425 3427
3426 3427
3428 3524
3428 3523
3429 4160
3430 4161
3430 3523
3431 3432
3431 3435
3432 3477
3432 3526
3433 3477
3433 3436
3434 3435
3435 3526
3435 3482
3436 4157
3436 4158
3437 3462
3438 3473
3438 3475
3438 4179
3439 3473
3439 3470
3439 3472
3439 4180
3440 3441
3441 3442
3441 3446
3441 3444
3442 3447
3443 3444
3445 3446
3446 3447
3446 3449
3447 3450
3448 3449
3449 3450
3449 3452
3450 3453
3451 3452
3452 3453
3452 3455
3453 3456
3454 3455
3455 3456
3455 3458
3457 3458
3458 3460
3459 3460
3460 3461
3460 3476
3462 3464
3462 3463
3464 3466
3464 3465
3466 3468
3466 3467
3468 3470
3468 3469
3470 3471
3473 3474
3476 3497
3477 3478
3478 4177
3478 3479
3478 4172
3478 4174
3480 3522
3482 3483
3482 3491
3484 3489
3484 3485
3484 3533
3485 3486
3487 3488
3488 3503
3488 3496
3489 3527
3489 3490
3490 3494
3490 3491
3491 3493
3491 3492
3494 3495
3496 3506
3496 3501
3497 3499
3497 3502
3497 4178
3498 3499
3499 3501
3500 3501
3502 3505
3503 3529
3503 3505
3504 3505
3508 3509
3509 3520
3509 3514
3510 3512
3511 3512
3513 3514
3514 3515
3515 3516
3515 3517
3518 3519
3521 3522
3524 4159
3527 3528
3527 3531
3528 3529
3528 3530
3529 3531
3531 3532
3536 3537
3538 3539
3539 3541
3539 3540
3542 3543
3545 3967
3545 3546
3547 3548
3551 3552
3554 3555
3557 3558
3560 3563
3560 3561
3561 3562
3562 3563
3563 3564
3565 3566
3567 4193
3567 4192
3568 3569
3568 4193
3569 3572
3570 4361
3570 3573
3571 3572
3572 3573
3574 3779
3574 3777
3574 3575
3575 3933
3575 3888
3576 3829
3576 3827
3576 3909
3577 4450
3577 3962
3578 3581
3579 3582
3579 3962
3580 4529
3581 3582
3583 3955
3583 3957
3584 3589
3585 3597
3585 3586
3585 3589
3586 3587
3586 3598
3587 3595
3587 3588
3588 3591
3589 3596
3590 3596
3590 3599
3591 3592
3591 3595
3592 3593
3593 3594
3593 3598
3593 3595
3594 3599
3596 3597
3597 3599
3597 3598
3600 3601
3607 3616
3608 3609
3608 3770
3609 3616
3609 3610
3610 3611
3610 3612
3613 3614
3614 3615
3614 3616
3617 3619
3617 3618
3618 3626
3618 3619
3619 3621
3620 3621
3620 3620
3621 3622
3621 3625
3622 3623
3623 3624
3624 3625
3627 3629
3628 3633
3629 3633
3629 3630
3630 3632
3630 3631
3632 4476
3633 3639
3633 4476
3634 3639
3634 3635
3634 3636
3635 3637
3635 3640
3636 3642
3636 3637
3637 3638
3637 3644
3639 3640
3640 3641
3643 3646
3643 3643
3644 3645
3644 3646
3646 3647
3648 3648
3651 4345
3652 3664
3653 3654
3654 4432
3655 3656
3658 4348
3659 3662
3660 3661
3661 3662
3661 4344
3664 4343
3664 3665
3665 4351
3665 4347
3667 3728
3668 3727
3668 3750
3669 3671
3670 3671
3672 3685
3672 3673
3673 3675
3673 3674
3674 3677
3674 3675
3675 3676
3676 3677
3676 3680
3677 3678
3678 3680
3678 3684
3679 3682
3679 3688
3680 3688
3680 3681
3681 3687
3681 3686
3682 3687
3683 3705
3683 3684
3683 4396
3684 3685
3685 3704
3686 4402
3686 3702
3687 3688
3690 4183
3691 4183
3692 3694
3693 3695
3693 3703
3693 3696
3694 3696
3694 3695
3695 3696
3697 3702
3697 3698
3698 3701
3698 3699
3699 3703
3700 3701
3701 3702
3704 3708
3705 4399
3705 3710
3706 3708
3706 3707
3706 3711
3707 3709
3707 4399
3708 3709
3710 3711
3713 3716
3714 3715
3718 3719
3721 3724
3721 3722
3723 3724
3724 3725
3726 3742
3726 3733
3727 3748
3728 3729
3729 3731
3729 3730
3730 3731
3731 3732
3732 3748
3732 3740
3733 3750
3733 3734
3734 3741
3734 3745
3735 3738
3735 3743
3735 3736
3736 3744
3736 3737
3737 3740
3738 3740
3738 3745
3739 3740
3741 3742
3741 3743
3743 3744
3745 3746
3746 3747
3746 3749
3747 3748
3747 3749
3749 3750
3751 3752
3751 3753
3752 3753
3754 3755
3755 3756
3755 3759
3756 3763
3757 3764
3757 3913
3757 3763
3758 3759
3758 3760
3758 3768
3759 3761
3762 3763
3764 3767
3764 3765
3766 3767
3767 3768
3768 3769
3770 3771
3771 3775
3771 3772
3773 3775
3774 3775
3776 4205
3777 3931
3777 3838
3778 3837
3779 3887
3779 3837
3780 3782
3780 3781
3780 3793
3781 3802
3781 3824
3783 3789
3784 3785
3784 3790
3784 3787
3785 3786
3785 3787
3787 3789
3788 3788
3788 3789
3790 3838
3790 3839
3790 3791
3792 3793
3793 3794
3795 3802
3795 3801
3795 3800
3796 3800
3797 3800
3798 3801
3799 3801
3802 3934
3803 3824
3803 3804
3803 3823
3804 4495
3805 3815
3806 3818
3807 3824
3808 3809
3809 3810
3809 3819
3810 3820
3810 3811
3812 3814
3813 3817
3814 3820
3814 3837
3815 3816
3815 3821
3816 3817
3816 4481
3817 3818
3818 3819
3819 3820
3822 3888
3823 4480
3825 3826
3827 3830
3828 3834
3829 3931
3829 3830
3830 3932
3830 3835
3831 3834
3831 3835
3831 3832
3833 3834
3835 3836
3837 3838
3838 3932
3840 3841
3841 3865
3841 3883
3842 3861
3843 4128
3843 3870
3843 3844
3844 3845
3844 3856
3846 3881
3846 3849
3846 3880
3847 3849
3848 3879
3849 3879
3850 3881
3850 3855
3850 3851
3851 3855
3851 3853
3852 3861
3852 3860
3852 3853
3854 3855
3855 3858
3856 3882
3856 3858
3857 3858
3858 3859
3859 3861
3859 3883
3862 3883
3863 3883
3864 3865
3865 3868
3865 3866
3866 3876
3866 3878
3867 3876
3868 3870
3868 3871
3869 3870
3871 3878
3871 3875
3872 3873
3872 3875
3872 3876
3874 3875
3877 3878
3879 3880
3880 3882
3881 3882
3884 3885
3887 3888
3888 3926
3890 3898
3891 3899
3892 3900
3893 3895
3894 3895
3895 3900
3896 3904
3896 3902
3896 3898
3897 3908
3897 3902
3898 3911
3899 3911
3899 3900
3901 3905
3902 3905
3903 3904
3904 3907
3905 3906
3908 3915
3909 3917
3909 3921
3914 3915
3915 3923
3916 3917
3917 3925
3918 3919
3919 3924
3919 3925
3920 3921
3921 3923
3922 3923
3924 3925
3924 3930
3927 3928
3928 3930
3928 3929
3930 3933
3931 3932
3931 3933
3934 3937
3934 3940
3935 3939
3936 3937
3938 3939
3938 3942
3938 3941
3939 3940
3940 3948
3943 3944
3945 4495
3945 3946
3951 3952
3953 3954
3955 3960
3956 3957
3957 3960
3957 3958
3958 3961
3959 3960
3960 3961
3963 3964
3966 3967
3966 3973
3969 3970
3971 3973
3971 3974
3971 3971
3972 3974
3975 3976
3976 3977
3978 3980
3979 3980
3981 3981
3982 3983
3982 4006
3982 4008
3983 3985
3983 3984
3984 3986
3984 3985
3985 3987
3986 3987
3986 3988
3987 3989
3988 3989
3990 3991
3990 4000
3990 4007
3990 4001
3991 3992
3992 3995
3992 3996
3993 3994
3994 3995
3994 4006
3995 4007
3996 3997
3996 3999
3998 3999
3999 4012
4001 4003
4001 4002
4002 4008
4002 4004
4003 4009
4003 4005
4004 4006
4004 4007
4008 4009
4010 4011
4010 4012
4010 4013
4012 4018
4016 4018
4017 4018
4019 4026
4019 4033
4019 4025
4020 4030
4020 4031
4021 4022
4021 4028
4021 4027
4022 4023
4023 4024
4024 4030
4024 4031
4025 4026
4025 4028
4026 4029
4027 4029
4027 4028
4029 4034
4030 4031
4032 4033
4032 4034
4032 4035
4034 4035
4035 4036
4037 4052
4037 4038
4037 4044
4039 4040
4039 4049
4040 4051
4040 4045
4041 4047
4042 4048
4042 4044
4042 4043
4043 4048
4043 4368
4044 4050
4045 4353
4045 4367
4046 4047
4047 4051
4048 4050
4049 4051
4049 4050
4053 4061
4053 4054
4053 4062
4055 4070
4056 4077
4057 4072
4058 4078
4059 4060
4059 4079
4059 4061
4059 4078
4060 4065
4060 4062
4062 4065
4062 4063
4063 4067
4063 4064
4064 4075
4064 4065
4065 4076
4066 4067
4067 4068
4069 4075
4069 4080
4069 4072
4070 4072
4070 4071
4071 4073
4071 4076
4072 4073
4073 4080
4073 4077
4074 4075
4074 4077
4074 4080
4076 4077
4076 4078
4078 4079
4082 4087
4083 4087
4084 4085
4086 4087
4087 4088
4088 4090
4089 4090
4092 4094
4093 4095
4095 4101
4096 4101
4096 4102
4097 4098
4098 4099
4099 4100
4103 4104
4103 4105
4103 4108
4105 4109
4105 4106
4106 4108
4106 4109
4107 4108
4110 4111
4110 4125
4110 4112
4112 4116
4112 4118
4113 4118
4113 4124
4114 4117
4114 4115
4115 4116
4116 4118
4119 4125
4120 4124
4121 4124
4122 4123
4123 4125
4123 4126
4124 4126
4126 4127
4129 4130
4131 4135
4132 4135
4132 4133
4133 4134
4134 4135
4136 4137
4138 4146
4139 4144
4140 4148
4141 4148
4141 4146
4142 4145
4143 4147
4144 4147
4144 4145
4145 4150
4146 4150
4147 4149
4148 4149
4149 4150
4151 4152
4151 4154
4152 4153
4153 4155
4154 4155
4156 4157
4157 4160
4159 4161
4159 4160
4163 4166
4163 4180
4163 4177
4164 4165
4164 4169
4164 4178
4166 4167
4166 4171
4168 4169
4169 4171
4170 4171
4171 4172
4171 4178
4172 4173
4172 4176
4175 4176
4176 4177
4178 4179
4179 4180
4181 4183
4182 4183
4184 4188
4185 4191
4185 4186
4185 4192
4187 4188
4187 4195
4188 4193
4189 4190
4190 4191
4192 4194
4195 4196
4195 4197
4196 4197
4198 4199
4198 4462
4199 4200
4199 4202
4200 4201
4200 4202
4201 4203
4207 4208
4207 4209
4210 4215
4211 4215
4211 4212
4212 4214
4213 4380
4213 4214
4213 4376
4214 4377
4215 4378
4216 4379
4217 4221
4218 4221
4218 4222
4218 4220
4219 4220
4220 4221
4224 4225
4226 4227
4228 4229
4228 4234
4229 4229
4230 4234
4230 4232
4230 4231
4231 4235
4232 4233
4234 4235
4236 4237
4238 4241
4238 4239
4239 4240
4240 4241
4242 4388
4243 4388
4244 4254
4246 4249
4247 4258
4248 4252
4249 4250
4249 4256
4250 4251
4251 4252
4252 4256
4253 4254
4254 4255
4255 4256
4257 4272
4258 4265
4259 4260
4261 4264
4262 4264
4262 4272
4262 4270
4263 4266
4263 4265
4264 4265
4266 4270
4266 4269
4267 4269
4271 4272
4274 4275
4274 4276
4274 4284
4275 4276
4275 4279
4276 4280
4277 4313
4277 4279
4278 4311
4278 4280
4279 4280
4280 4281
4281 4283
4281 4282
4284 4285
4286 4307
4286 4289
4287 4294
4287 4291
4287 4293
4288 4306
4289 4290
4289 4291
4291 4292
4294 4296
4294 4295
4296 4298
4296 4297
4298 4300
4298 4299
4300 4301
4300 4302
4302 4305
4302 4303
4303 4304
4303 4305
4305 4306
4306 4307
4309 4310
4310 4312
4311 4312
4313 4314
4314 4315
4316 4317
4317 4318
4320 4321
4322 4323
4322 4324
4323 4334
4323 4324
4323 4326
4323 4329
4324 4331
4324 4328
4325 4326
4325 4333
4326 4329
4327 4328
4327 4330
4328 4329
4330 4332
4330 4331
4331 4332
4333 4334
4335 4337
4335 4336
4337 4338
4339 4340
4341 4362
4341 4360
4341 4363
4342 4346
4343 4344
4344 4347
4345 4349
4345 4348
4346 4347
4346 4352
4348 4350
4349 4351
4349 4350
4350 4352
4351 4352
4353 4358
4353 4370
4354 4358
4354 4372
4354 4355
4355 4357
4355 4366
4356 4359
4357 4360
4357 4372
4359 4360
4359 4362
4361 4363
4363 4369
4364 4365
4364 4373
4365 4368
4365 4371
4366 4369
4367 4368
4369 4373
4373 4374
4379 4380
4381 4383
4381 4382
4382 4383
4384 4385
4385 4386
4386 4387
4387 4388
4389 4392
4389 4391
4390 4392
4391 4392
4392 4394
4393 4394
4394 4395
4396 4397
4396 4404
4397 4398
4397 4401
4398 4399
4398 4400
4402 4404
4402 4403
4403 4406
4403 4404
4405 4406
4405 4410
4406 4409
4407 4409
4408 4409
4411 4412
4412 4418
4412 4413
4414 4418
4414 4429
4414 4417
4415 4417
4416 4417
4418 4423
4419 4421
4420 4421
4421 4423
4421 4427
4422 4427
4423 4424
4425 4426
4426 4428
4426 4427
4428 4429
4429 4430
4430 4430
4433 4434
4434 4435
4436 4438
4436 4440
4436 4439
4437 4438
4441 4443
4441 4442
4442 4446
4442 4443
4444 4446
4444 4449
4444 4448
4445 4446
4446 4447
4454 4455
4454 4456
4455 4457
4456 4458
4459 4460
4460 4461
4462 4463
4465 4466
4465 4472
4466 4468
4466 4470
4467 4468
4469 4470
4470 4473
4471 4479
4471 4473
4471 4472
4472 4473
4478 4479
4482 4483
4484 4491
4486 4489
4486 4487
4487 4492
4488 4490
4489 4491
4489 4493
4490 4493
4490 4491
4495 4496
4500 4501
4501 4502
4502 4503
4504 4506
4504 4508
4505 4505
4505 4506
4506 4507
4507 4507
4508 4509
4509 4510
4509 4511
4510 4510
4512 4513
4514 4515
4516 4524
4516 4520
4516 4519
4517 4520
4517 4522
4517 4518
4519 4520
4520 4523
4521 4522
4522 4523
4523 4524
4526 4527
4531 4532
4531 4536
4531 4537
4532 4541
4533 4534
4534 4535
4537 4538
4538 4539
4539 4540
