0 1904
0 255
0 2
1 3438
1 3
1 7
2 2072
2 3323
3 20
3 3438
4 3948
4 78
4 852
5 3278
5 51
5 6
6 3279
6 8
6 3278
7 10
7 3466
8 4074
8 1571
8 1574
9 256
9 2143
9 3818
10 740
10 743
11 3449
11 15
11 203
12 3436
12 1582
12 3449
12 3450
13 3817
13 14
13 1903
14 310
14 4347
15 204
15 4658
16 739
16 18
16 1573
17 4347
17 19
17 1093
18 1573
18 740
19 1904
19 255
20 751
20 206
21 3624
21 656
21 3387
22 687
22 23
22 56
23 56
23 24
24 25
24 57
25 57
25 682
26 78
26 865
26 27
26 3947
27 868
27 28
27 3944
29 869
29 867
29 76
30 1025
30 1021
30 31
31 1027
31 37
31 1020
32 1028
32 1023
32 1047
32 1027
33 1030
33 34
33 1028
34 1031
34 4588
34 1102
35 4626
35 4421
35 3546
36 4625
36 95
36 4626
37 4582
37 1047
37 4625
38 3550
38 3548
38 869
38 873
39 845
39 40
39 4759
40 767
40 41
41 4759
41 251
42 251
42 43
42 766
43 4761
43 251
44 45
44 4440
44 4441
45 4438
45 4706
46 4439
46 48
46 252
47 4440
47 84
47 4439
48 49
48 252
49 4150
49 4147
50 1193
50 217
50 4239
51 52
51 4107
52 4472
52 737
53 191
53 737
53 713
54 55
54 714
54 193
55 194
55 674
56 669
57 3389
58 658
58 61
58 3453
59 60
59 658
59 659
60 62
60 657
61 3453
61 657
62 726
62 657
63 64
63 735
63 736
64 736
64 3213
65 607
65 3213
65 68
66 606
66 661
66 607
67 69
67 68
67 606
68 69
69 763
70 3237
70 763
70 761
71 3211
71 760
71 3215
71 4507
72 3227
72 4507
72 4505
73 3242
73 4505
73 74
74 756
74 3242
75 846
75 828
75 853
75 4042
76 859
76 856
77 870
77 863
77 4567
78 872
78 4579
79 1253
79 87
79 1252
80 4688
80 81
80 89
81 1231
81 82
82 3926
82 222
83 4772
83 402
83 1251
84 1257
84 4439
85 1241
85 86
85 1261
86 1235
86 1262
86 1264
87 1253
87 1251
88 89
88 4369
88 4374
89 4692
90 645
90 253
90 254
91 1206
91 253
91 3391
92 1048
92 1017
92 3943
92 1051
93 94
93 4663
93 4580
94 96
94 143
94 3559
95 3544
95 3785
96 3545
96 1037
97 102
97 98
97 104
97 4621
98 99
98 100
99 1039
99 5395
99 4359
100 146
100 4359
100 101
101 102
101 111
101 147
102 1089
102 259
103 107
103 104
103 110
103 1089
104 257
104 1088
105 3546
105 186
105 1032
106 157
106 258
106 188
106 186
107 108
107 154
107 1088
108 109
108 110
108 155
109 452
109 121
109 125
109 123
110 3565
110 120
111 3562
111 162
111 1091
112 115
112 114
112 113
112 154
113 1035
114 170
114 169
114 163
115 119
115 161
115 3571
116 163
116 3571
116 3570
116 3572
117 1077
117 3570
117 173
117 3567
118 173
118 1080
118 1082
118 5150
119 1076
119 4413
120 123
120 131
120 142
121 126
121 453
121 127
121 122
122 454
122 130
122 123
123 455
124 183
124 3932
124 127
124 175
125 126
125 171
126 172
126 127
127 128
128 129
128 130
129 131
129 134
130 131
131 132
132 133
132 151
133 134
133 141
134 176
134 135
135 148
135 177
135 345
136 345
136 1084
136 5157
137 138
137 5415
137 1003
137 148
138 178
138 3355
139 3577
139 3576
139 305
139 1083
140 152
140 141
140 178
140 3580
141 148
141 151
142 151
142 259
142 1092
143 144
143 145
143 3416
144 5395
144 1037
145 1086
145 3559
146 5392
146 147
147 3562
147 5393
148 178
149 5151
149 1082
149 166
149 4473
150 179
150 5150
150 5147
150 1075
151 152
152 162
152 307
153 1088
153 157
153 154
153 1035
154 155
155 170
155 171
156 172
156 4473
156 182
156 3932
157 185
157 158
158 161
158 1035
158 159
159 160
159 185
159 1033
160 161
160 1034
162 1092
163 164
165 166
165 172
165 167
166 3568
166 169
167 168
167 171
168 170
168 169
169 3567
171 172
173 3568
173 1079
174 177
174 176
174 175
175 176
177 183
179 5401
179 5151
179 181
180 184
180 3934
180 181
181 182
181 1074
182 3934
183 184
183 3934
184 1084
184 345
185 186
185 1032
186 187
188 4419
188 3787
188 4422
188 257
189 699
189 205
189 447
190 725
190 3277
190 719
191 4210
191 3277
192 193
192 4209
192 3265
192 3276
193 713
194 3749
194 441
195 3744
195 3747
195 3750
196 446
196 441
196 3741
196 3744
197 446
197 677
197 441
198 676
198 4981
198 720
198 671
199 200
199 444
199 3457
200 1667
200 443
201 1707
201 445
201 443
202 1730
202 3444
202 445
203 753
203 4660
204 4656
204 4657
205 3816
205 447
206 3441
206 3435
206 753
207 213
207 216
207 3403
208 4815
208 4899
208 5434
209 214
209 1666
209 3404
210 1694
210 1746
210 1745
210 212
211 215
211 3404
211 4848
212 4177
212 4179
213 4848
213 4846
214 3403
214 1666
215 1729
215 3404
216 4815
216 3403
217 1204
217 239
218 4117
218 4240
218 1203
219 220
219 4046
219 561
220 221
220 561
221 222
221 4770
222 3926
223 1252
223 1302
223 560
224 5178
224 4707
224 5179
225 226
225 4708
225 4711
226 227
226 4709
226 4711
227 1427
227 4709
227 1428
228 385
228 229
228 1427
228 1428
229 1431
229 1428
229 1430
230 1766
230 1413
230 1414
231 232
231 377
231 1811
232 2666
232 378
233 234
233 2684
233 1558
234 1808
234 2681
235 236
235 2865
235 1807
236 237
238 241
238 451
239 4150
239 4120
240 451
240 1780
241 242
242 243
242 1780
243 4052
243 244
244 254
244 4047
245 254
245 3391
246 459
246 466
246 458
247 764
247 766
247 765
248 618
248 3243
248 608
249 603
249 3325
249 3326
250 4058
252 4438
255 256
256 4104
257 258
257 4722
258 1088
259 1091
259 3563
260 262
260 261
260 1206
261 451
261 1232
262 4741
262 1232
263 1291
263 1295
263 402
264 4475
264 1787
264 278
265 4475
265 1895
265 267
266 267
266 268
266 1979
267 1921
268 282
268 1979
269 270
269 284
269 1959
270 272
270 284
271 4253
271 1790
271 1791
272 4251
272 4252
273 1788
273 1789
273 4251
274 4254
274 276
274 4253
275 4250
275 4435
275 4195
276 2779
276 4250
277 281
277 3818
277 2176
278 1787
278 2002
279 2290
279 1786
279 1787
280 1784
280 281
280 1785
281 1785
282 1927
282 1867
283 1898
283 1959
283 3795
284 1979
285 377
285 381
285 3809
286 1007
286 5413
286 5412
286 1009
287 3813
287 2657
287 384
288 3494
288 3896
288 4665
289 3896
289 1451
289 290
290 291
290 3498
291 3527
291 292
292 293
292 1290
293 323
293 3523
294 1348
294 3494
294 3894
294 1345
295 1349
295 296
295 4425
296 297
296 314
297 1352
297 298
298 4700
298 3853
299 3893
299 1342
299 4700
300 1452
300 336
300 3893
300 4552
301 4664
301 1022
301 909
301 4663
302 3363
302 303
302 3361
303 3589
303 980
304 3359
304 982
304 980
305 306
305 982
306 3561
306 4620
307 3578
307 3359
307 3579
307 3576
308 348
308 313
308 344
309 1106
309 350
309 351
310 1868
310 1968
311 544
311 545
311 1894
312 1606
312 1609
312 2230
313 1110
313 1933
314 1335
314 1337
315 1335
315 1354
315 1334
315 3888
316 5404
316 318
316 5405
317 5404
317 322
317 4720
318 3490
318 3511
319 321
319 320
319 327
320 4715
320 1289
321 322
321 1276
322 3487
323 3516
323 3497
324 1290
324 3497
324 325
325 3509
325 3514
325 3484
326 3509
326 3484
326 1354
327 1331
327 1334
328 329
328 4779
328 3885
329 3410
329 3845
329 3885
329 3829
330 1326
330 1324
330 3845
330 4595
331 332
331 1320
331 1333
332 333
332 1319
333 3886
333 3888
334 335
334 4447
334 1268
335 1267
335 1269
336 1466
336 1463
336 1448
337 1468
337 1463
337 1464
338 1494
338 2665
339 1486
339 1484
339 1480
339 340
340 1458
340 1444
341 3343
341 1169
341 3342
341 3344
342 343
342 3573
342 4414
343 351
343 349
343 1095
344 1990
344 349
345 5156
346 2606
346 347
346 1969
347 2576
347 4245
348 350
348 349
350 1118
351 3543
352 1835
352 1307
352 3861
353 4427
353 4426
353 1293
354 3531
354 4639
354 4755
354 369
355 568
355 1847
355 1779
355 356
356 562
356 359
356 360
357 3407
357 4755
357 564
358 562
358 563
358 360
359 568
359 565
360 570
361 370
361 1848
361 362
362 4465
362 363
363 365
363 364
364 366
364 370
365 4639
365 4466
366 367
366 370
367 369
367 4432
367 1852
368 568
368 4432
368 4431
369 4433
371 3882
371 3878
371 1308
372 373
372 3808
372 3807
373 374
373 4590
375 3557
375 905
375 903
376 889
376 3557
376 3560
377 2688
378 379
378 2666
379 380
379 1551
380 381
380 1551
381 382
382 3814
382 3809
383 1414
383 2664
383 1806
384 403
384 3815
385 1429
385 1427
386 3832
386 2838
386 5416
387 5416
387 2880
387 388
388 5419
388 389
389 2889
389 2855
389 2847
390 2820
390 4219
390 4220
391 4218
391 2866
391 2820
392 2915
392 2923
392 393
393 2905
393 394
394 4216
394 1781
395 3805
395 3837
395 4524
396 4691
396 398
396 5425
397 5421
397 5423
397 5425
398 3804
398 399
399 5180
399 400
400 5179
400 1303
401 1295
401 1292
401 3805
402 1297
403 1550
403 3815
404 405
404 4537
404 1550
405 2672
405 406
406 2672
406 409
407 2651
407 2675
407 5088
408 2678
408 409
408 2675
409 2678
410 2022
410 2051
410 2059
411 412
411 2016
411 2022
412 418
412 1879
413 2085
413 419
413 1990
414 415
414 5208
414 419
415 2299
415 1686
416 4229
416 4243
416 1686
417 1096
417 3399
417 3398
417 3378
418 2085
418 2084
419 2076
420 4244
420 421
420 3398
421 1167
421 4241
421 1099
422 423
422 1140
422 1150
422 4598
423 1192
423 1157
423 1160
424 439
424 1459
424 1435
425 426
425 1443
425 439
426 1437
426 1443
427 1529
428 1174
428 429
429 3481
430 431
430 3481
430 2615
431 2591
431 2589
432 2591
432 433
432 2623
433 2639
433 2623
434 2656
434 1566
434 2659
435 4536
435 1407
435 1370
435 1418
436 1530
436 1519
436 1535
436 4528
437 1530
437 1531
437 5237
438 1435
438 2725
438 1438
439 1435
440 5189
440 667
440 708
442 3747
442 3757
442 3749
443 1667
444 3457
444 1730
445 1707
446 3334
447 734
448 4472
448 701
448 704
449 700
449 702
449 701
450 705
450 727
450 728
456 457
456 465
456 462
457 458
457 465
458 459
459 463
460 461
460 463
460 464
461 462
461 3328
462 3329
463 464
464 4066
465 554
466 467
468 4501
468 469
468 4502
468 471
469 482
469 475
470 474
471 478
471 473
471 472
473 475
473 474
474 478
475 476
477 478
479 480
479 4066
479 3537
481 482
482 4502
483 484
483 489
483 501
483 527
484 3760
484 3762
485 554
485 3767
485 487
486 488
486 487
486 3764
487 3760
490 496
490 491
490 497
491 493
491 494
492 3772
492 499
492 558
493 496
493 4450
493 3765
494 495
494 501
495 503
495 498
496 499
497 499
497 503
498 4448
498 4449
500 4449
500 502
500 501
501 527
502 536
502 529
503 4449
504 4098
504 4095
504 507
505 507
505 506
506 4086
508 509
508 525
508 510
509 510
509 4098
510 524
511 548
511 514
511 546
512 513
512 4090
512 4085
513 515
513 525
514 550
514 515
514 549
515 548
516 517
517 549
517 526
517 525
518 520
519 520
520 526
521 522
522 527
522 524
523 524
526 532
528 529
529 530
530 532
530 4097
531 532
533 4093
533 546
533 553
533 4091
534 4085
534 4093
534 4083
535 537
535 536
535 4092
536 4084
538 4084
538 540
538 539
539 540
539 559
541 4060
541 589
541 542
542 4058
542 3774
543 557
543 555
543 556
543 558
544 1881
544 1643
545 1968
545 2024
546 4092
546 4089
547 548
549 550
550 551
552 553
553 4087
554 555
555 575
556 3767
556 3768
558 4100
558 559
560 1252
560 3926
561 1239
562 563
563 1845
564 1846
564 4757
565 566
565 567
566 1851
566 567
567 1844
569 3411
569 4757
569 570
570 4768
571 4466
571 4768
571 4116
572 3451
572 578
573 578
573 577
573 1715
574 585
574 580
574 582
575 3456
575 4060
576 579
577 582
577 579
578 579
580 596
580 647
581 582
583 604
584 585
585 3456
586 587
587 590
587 595
588 594
588 4612
588 600
589 594
589 595
590 592
590 591
592 593
592 4637
593 600
593 597
594 4637
596 597
596 604
597 598
598 600
598 599
599 4612
599 614
601 650
601 614
601 3332
601 602
602 627
602 603
603 616
604 605
605 661
605 660
606 661
607 3213
608 4236
608 3212
609 3212
609 3238
609 612
609 611
610 611
610 680
610 3233
611 612
612 613
613 3212
613 616
614 3774
615 4061
615 619
615 617
616 4061
616 3956
618 4762
618 619
619 620
620 4534
620 4236
621 4534
622 623
623 628
623 627
624 625
625 626
625 3961
626 631
626 3960
627 650
628 652
628 634
629 3957
630 3958
630 3957
630 651
631 652
631 632
632 3959
632 643
633 3958
633 3959
633 640
634 651
634 635
636 639
636 3964
636 638
637 638
637 3964
639 641
639 640
640 641
641 642
642 643
642 3962
643 3960
644 3963
645 3402
645 646
646 649
646 3607
647 649
647 3606
648 649
650 653
651 3956
651 652
652 653
653 654
654 3248
654 655
656 3393
656 691
658 659
659 660
660 662
662 3671
662 679
663 710
663 709
663 667
664 665
664 668
664 710
665 666
665 668
666 712
666 711
667 708
668 4981
669 4763
669 4764
670 672
670 671
670 4763
671 672
672 678
672 675
672 673
672 676
673 675
673 677
674 3334
674 675
676 678
677 678
679 5191
679 4960
680 682
680 681
681 682
681 3624
683 684
683 3388
683 696
684 3634
684 693
685 686
685 689
686 696
687 691
687 688
688 690
688 689
689 3634
690 691
690 1715
692 694
692 5411
692 693
693 694
694 3395
694 3634
695 3386
695 5188
695 5326
696 3386
697 734
697 733
697 707
698 707
698 706
698 748
699 748
699 747
700 728
700 702
701 737
702 725
703 704
703 706
703 705
704 705
706 707
708 712
709 710
709 718
711 5191
711 712
713 714
714 715
715 719
715 716
716 719
716 717
717 724
717 720
718 724
718 720
720 721
722 4973
722 5189
722 3453
723 4973
723 729
723 724
725 729
726 4969
726 735
727 4967
727 728
729 730
730 4977
730 731
731 4969
731 732
732 733
732 735
733 734
736 4657
738 741
738 739
738 742
739 742
740 743
741 745
741 744
742 3278
743 745
744 745
744 746
746 4643
746 747
747 748
749 750
749 4646
749 751
751 754
752 4658
752 755
752 754
753 755
754 755
756 790
756 4513
756 4024
757 758
757 3227
757 3254
757 775
758 774
758 3251
759 772
759 774
759 3252
760 772
760 761
761 762
762 763
762 770
764 4762
764 4758
765 766
765 769
767 769
767 768
768 769
768 4514
771 772
771 782
771 778
773 776
773 779
773 782
774 776
775 776
775 787
777 783
777 799
777 815
777 812
779 787
779 783
780 803
781 799
781 801
781 784
782 784
783 784
783 4563
785 3254
785 790
785 786
786 788
786 787
789 790
789 795
789 794
791 792
792 794
792 793
794 795
795 4509
796 4042
796 816
796 4041
797 817
797 4346
797 4345
798 799
798 800
798 802
800 4345
800 812
800 4344
801 803
801 802
802 803
804 806
805 806
805 807
805 4344
805 4346
806 807
807 810
808 810
809 4041
809 848
809 817
810 848
811 4510
811 821
811 4511
812 813
813 815
813 4565
814 4565
814 817
814 816
815 4508
816 825
818 819
819 823
819 825
819 824
820 821
821 823
822 835
822 823
822 826
822 4515
825 826
826 836
827 828
828 836
829 844
829 830
829 4028
830 4469
830 4028
831 832
831 4470
831 839
832 835
832 4468
833 839
833 838
833 834
834 4031
834 835
835 4773
836 838
837 838
839 842
839 840
840 855
840 853
841 842
842 844
843 844
845 3548
845 4033
845 4026
846 851
846 850
847 851
847 848
847 849
849 850
849 849
850 851
852 853
852 3450
854 4578
855 4569
855 856
856 857
857 861
857 859
858 859
860 861
861 863
862 863
864 865
864 867
864 868
865 871
866 867
866 869
866 868
870 871
870 4572
871 872
872 4576
872 4572
873 3552
873 3553
874 3552
874 874
875 4038
875 876
875 928
875 1836
876 4905
876 878
877 3550
877 4037
877 3551
877 4039
878 883
878 885
879 881
879 3553
879 883
880 885
881 888
881 3554
882 886
882 884
882 895
883 884
884 885
887 888
887 891
887 894
887 896
888 902
889 894
889 4662
890 893
890 904
890 4038
891 3554
891 3556
892 893
892 896
893 894
895 900
895 898
896 898
897 898
899 900
900 902
901 902
904 905
904 906
905 1022
906 928
906 909
907 919
907 929
907 930
908 1038
908 923
908 1036
909 914
910 935
910 957
910 920
910 945
911 959
911 978
911 4358
912 959
912 972
912 973
912 976
913 923
913 921
913 3938
914 918
914 927
914 929
915 3938
915 916
915 3937
916 921
916 917
916 919
917 920
917 922
918 3937
918 919
919 920
921 922
922 943
923 924
924 943
924 947
925 947
925 952
925 1087
925 1038
926 946
927 929
927 928
930 933
930 935
931 4027
931 933
931 1836
932 1837
932 4446
932 958
933 934
935 938
936 938
937 942
938 940
939 940
940 942
941 942
943 944
944 4355
944 945
945 964
945 4354
946 963
946 957
947 948
948 951
948 949
949 3585
949 4571
950 3586
950 3585
950 951
951 953
952 953
952 3364
953 954
954 3592
954 3586
955 4354
955 4358
955 4356
956 3360
956 3594
956 3362
956 3364
957 4614
958 4027
958 4614
959 960
960 961
960 967
961 4446
961 4719
962 963
963 964
964 965
966 974
966 4376
966 970
967 5158
967 968
968 5158
968 969
969 973
969 970
970 4718
971 975
971 977
971 979
971 4566
972 978
972 975
973 974
974 994
974 981
975 976
976 977
977 981
978 979
979 3582
980 3591
981 983
981 989
982 3596
983 988
983 984
983 994
984 989
984 985
984 990
985 987
985 986
986 990
986 4620
987 3596
987 989
988 3518
988 990
991 1002
991 1011
991 1001
991 1005
992 998
992 3595
992 3593
993 3599
993 3595
993 3561
994 3493
994 3489
995 998
995 1000
995 999
996 3505
996 3513
996 998
997 999
997 3505
997 998
999 3526
1001 4617
1001 3593
1002 4425
1003 1005
1003 3354
1003 1004
1004 3603
1004 3355
1005 3603
1006 1009
1006 1011
1006 3354
1007 1135
1007 1008
1007 3351
1008 1144
1008 4527
1009 3352
1010 1011
1012 1048
1012 1046
1012 1015
1013 1014
1013 1053
1013 1030
1014 1015
1014 1049
1014 1053
1015 1016
1015 1023
1016 1017
1016 1024
1016 1048
1017 1025
1017 1018
1018 3943
1018 3556
1018 3560
1018 4662
1019 1020
1020 1021
1020 1022
1021 3558
1023 1024
1024 1025
1026 1027
1028 1049
1029 4222
1029 1041
1029 1060
1030 1049
1031 3542
1031 1032
1033 3542
1033 1034
1034 4395
1036 3559
1036 3942
1037 5394
1037 3786
1038 1086
1039 4622
1039 4621
1039 4722
1039 5394
1040 1065
1040 1068
1040 1067
1040 1070
1041 1063
1041 1042
1041 1055
1042 1062
1042 1043
1043 1044
1043 1061
1044 1045
1044 3951
1044 1060
1045 1046
1045 1059
1046 1052
1046 1051
1047 4586
1050 3944
1050 1058
1050 3943
1051 1058
1051 1059
1052 1060
1052 1053
1054 3953
1054 3954
1054 1072
1055 1064
1055 3948
1055 1062
1056 1057
1056 3946
1056 3950
1057 1058
1057 1059
1057 3945
1059 3950
1061 3951
1061 1062
1063 1071
1063 1068
1064 3953
1064 1071
1066 1067
1067 1068
1069 4585
1070 3955
1070 1071
1073 5148
1073 1075
1073 5400
1073 5401
1074 5152
1074 5400
1074 3604
1075 3345
1075 3344
1076 3574
1076 3337
1077 3338
1077 4408
1078 4392
1078 3337
1078 3338
1079 5143
1079 5145
1080 5145
1080 5146
1081 1082
1083 3356
1083 3561
1084 3604
1084 5149
1085 5396
1085 3578
1085 3562
1086 5392
1086 1087
1087 3362
1087 5393
1089 1090
1091 1092
1093 4234
1093 1904
1094 4241
1094 2592
1094 4245
1095 4774
1095 3399
1096 1097
1096 3400
1098 3400
1099 3342
1099 1100
1100 1101
1101 3377
1101 5144
1102 1109
1102 1105
1102 1106
1103 3258
1103 3784
1103 1112
1104 3784
1104 3371
1104 4222
1105 3543
1105 1106
1106 1107
1107 1115
1107 1116
1108 1109
1108 1112
1108 1120
1108 1126
1108 1116
1109 1112
1110 1124
1110 1111
1111 1119
1111 1118
1111 1132
1113 1114
1114 1115
1114 1116
1115 1121
1117 1118
1117 1121
1117 1119
1119 1122
1120 1122
1120 1121
1122 1123
1123 1131
1123 1125
1124 1127
1124 1129
1125 1126
1125 1130
1126 1127
1127 1128
1128 1129
1128 1130
1129 1132
1129 1131
1130 1131
1133 1134
1133 1142
1133 1148
1133 1150
1134 1138
1134 1146
1134 1143
1135 1136
1135 4527
1136 1137
1136 1138
1137 1147
1137 1146
1138 1139
1138 4527
1139 1143
1139 1155
1139 1144
1140 1153
1140 1188
1140 1141
1141 1150
1141 1142
1141 1151
1142 1154
1142 1143
1143 1145
1144 3348
1145 1154
1145 1155
1145 3347
1146 1148
1147 1149
1147 1148
1148 1156
1149 1162
1149 1156
1150 1156
1151 1154
1151 1153
1151 3345
1152 1153
1152 1172
1152 1191
1153 1166
1154 3346
1155 5149
1156 1160
1157 1187
1157 1158
1157 1192
1158 1186
1158 1184
1159 1184
1160 1161
1161 1162
1161 1163
1162 1174
1163 1173
1163 1192
1164 1191
1164 1181
1164 4360
1164 1179
1165 1171
1165 1172
1165 1166
1166 1169
1167 1168
1167 1175
1167 1170
1168 1176
1168 1171
1169 1170
1169 3345
1170 1171
1171 1172
1173 1432
1173 1174
1176 1179
1176 1177
1178 1179
1180 1182
1180 1189
1180 4360
1181 1189
1182 1186
1182 1183
1183 1185
1183 1184
1186 1187
1187 1190
1188 1191
1188 4598
1188 1190
1189 1190
1193 4610
1193 4238
1193 4146
1194 3901
1194 1199
1194 1206
1195 3901
1195 4167
1195 4174
1196 1218
1196 4165
1196 4149
1197 1198
1197 1205
1197 1202
1197 1204
1198 1199
1198 1205
1199 1200
1200 1203
1200 1201
1201 1203
1201 4240
1201 1202
1202 1204
1202 4119
1204 4119
1205 4134
1207 1208
1207 4162
1207 1210
1209 1212
1210 1214
1210 4161
1211 1212
1212 1214
1213 1215
1214 1215
1215 1216
1217 1218
1218 1219
1220 1223
1220 4155
1220 1228
1221 1222
1222 1223
1223 1225
1224 1225
1224 1228
1226 1227
1226 4387
1227 1228
1229 1230
1230 4770
1230 4697
1232 4740
1233 4044
1233 4706
1234 4044
1234 3539
1234 4238
1235 1236
1235 1237
1238 5126
1238 1239
1238 1240
1239 1240
1240 1253
1241 1243
1241 1245
1242 1243
1243 5126
1243 1244
1244 5128
1244 5125
1244 1245
1245 5130
1246 1247
1247 1248
1247 5130
1248 1249
1248 5124
1250 1251
1254 1255
1255 1256
1255 1265
1256 1259
1256 4523
1256 1258
1257 1259
1257 1264
1259 1260
1260 1264
1260 4523
1261 5174
1261 5124
1262 1263
1262 5174
1263 4523
1263 1285
1265 4523
1265 1266
1267 5124
1267 5176
1268 1272
1268 1269
1269 1270
1271 1271
1271 1273
1272 1273
1274 3487
1275 3486
1277 1281
1277 1286
1277 1285
1278 1279
1279 1281
1279 1282
1280 1283
1280 1284
1280 1282
1281 1283
1282 1283
1285 3931
1286 1287
1287 1289
1288 1289
1290 3499
1291 4688
1291 5090
1292 3835
1292 3837
1293 3843
1293 4777
1294 3410
1294 3835
1294 1295
1296 1297
1297 4779
1298 1299
1298 1301
1298 1300
1298 1303
1298 5178
1299 1302
1299 1300
1299 1301
1300 1303
1300 1302
1301 1374
1304 1307
1304 4430
1304 4428
1304 3871
1305 4427
1305 3861
1305 4777
1305 4775
1306 4775
1306 1376
1306 4777
1307 4427
1308 1318
1308 1309
1309 1315
1309 3882
1310 1311
1310 3846
1310 1314
1311 1313
1311 3406
1312 1314
1312 4402
1312 1313
1313 4525
1314 1338
1315 4402
1315 1318
1316 1344
1316 1317
1316 1358
1316 4526
1317 1359
1317 1318
1319 1321
1319 4721
1320 1321
1320 1322
1321 1327
1322 1323
1322 1324
1323 1327
1323 1326
1324 4596
1324 1325
1326 4721
1327 1330
1328 3886
1328 3411
1328 4769
1329 4721
1329 3411
1329 3409
1331 4230
1331 1333
1332 1333
1334 5406
1335 3848
1336 1337
1337 3854
1338 1339
1338 1355
1339 3890
1339 1342
1340 3899
1340 1464
1340 1465
1340 1516
1341 3892
1341 3899
1341 4552
1341 3891
1342 1343
1343 4429
1343 3853
1344 4666
1344 3890
1344 4526
1344 3892
1345 1346
1345 1350
1346 1347
1346 1348
1347 1349
1347 1351
1348 1349
1350 1352
1350 1351
1351 1352
1353 1354
1355 1356
1355 1357
1358 1359
1358 1364
1359 1362
1360 1385
1360 1400
1360 1382
1361 1377
1361 1380
1361 4398
1362 1377
1362 1363
1363 1365
1363 1364
1364 1545
1366 1367
1366 1392
1366 1368
1367 1395
1367 1369
1368 1369
1368 4401
1369 1388
1370 1371
1370 1546
1371 1395
1371 1392
1372 1373
1372 1376
1372 3840
1372 4775
1372 1375
1373 1391
1373 3840
1374 1375
1374 1376
1375 1376
1375 5177
1377 1378
1378 1378
1379 1380
1380 4401
1381 1382
1382 1391
1383 1386
1384 1386
1385 1398
1385 1389
1386 1389
1387 1390
1388 1396
1388 1390
1389 1390
1391 3842
1392 1393
1394 1395
1396 1398
1396 1397
1397 1403
1397 1401
1398 1399
1399 1400
1399 1401
1400 1405
1401 1402
1402 1405
1402 1404
1403 1404
1403 1407
1404 1411
1405 1415
1406 1409
1406 1410
1407 1408
1407 1409
1410 1411
1412 2818
1412 1557
1412 2664
1413 1414
1413 1431
1415 1417
1415 1419
1416 1417
1416 1418
1418 3532
1418 2657
1419 1420
1419 1557
1420 1421
1420 3833
1422 2827
1422 1423
1422 3833
1423 1424
1423 5180
1424 1425
1425 1426
1428 2685
1429 1430
1429 3832
1430 1431
1432 3498
1432 5044
1433 2799
1433 1459
1433 1439
1433 1461
1434 1440
1434 1461
1434 1439
1434 1446
1436 1438
1436 1488
1436 1437
1437 1438
1439 2726
1440 1456
1440 1445
1441 1480
1441 1473
1441 1474
1442 1487
1442 4463
1442 1443
1442 1482
1443 1460
1444 1448
1444 1457
1445 1448
1445 1446
1446 1447
1447 1453
1447 1450
1448 1453
1449 1451
1449 4471
1449 1454
1450 1454
1450 1451
1452 4471
1452 3894
1453 1454
1455 1460
1455 1461
1455 1456
1456 1457
1456 1462
1457 1458
1458 4463
1459 5050
1460 1462
1460 5435
1462 4463
1463 1467
1464 1496
1466 1473
1466 1467
1467 1468
1467 1472
1468 1471
1468 1469
1470 1471
1471 1475
1471 1472
1472 1473
1472 1474
1474 1475
1474 1481
1475 1494
1475 1476
1476 1477
1476 4557
1476 1494
1477 1492
1477 1478
1477 1491
1478 1491
1478 1489
1479 1481
1479 1486
1479 2665
1480 1481
1482 1484
1482 1483
1483 1485
1483 1487
1484 1485
1485 1486
1487 1489
1488 1489
1488 4455
1490 3900
1490 1491
1490 1548
1493 1496
1493 4557
1493 1497
1495 1496
1496 1522
1497 1524
1497 1548
1498 1499
1498 1514
1498 1502
1499 1500
1499 4667
1500 1549
1500 4667
1501 1502
1501 1532
1501 1549
1502 1510
1503 1563
1503 4539
1503 1513
1504 1519
1504 1547
1504 1517
1505 1520
1505 1516
1505 1547
1506 4668
1506 4785
1507 4668
1507 2658
1507 4669
1508 2694
1508 4553
1508 2734
1509 2694
1509 2655
1509 2745
1510 2655
1510 1532
1510 2669
1511 2720
1511 1541
1511 1531
1512 2720
1512 1562
1512 2790
1513 1562
1513 2728
1513 1514
1514 2745
1515 1544
1515 4536
1515 1560
1516 4526
1517 1518
1517 1544
1518 1540
1518 1519
1519 1520
1520 1521
1521 1522
1521 1523
1522 1524
1524 1529
1525 1526
1525 3809
1525 3808
1526 1810
1526 1812
1527 2670
1527 4748
1527 2666
1528 1534
1528 1535
1528 1536
1529 1534
1530 1531
1530 4558
1532 1533
1533 4537
1533 2669
1534 1535
1536 1537
1536 1559
1537 1538
1537 1548
1538 1539
1538 3900
1540 1543
1540 1565
1541 1543
1541 1542
1543 2729
1544 1565
1545 4397
1545 1546
1546 1547
1549 1550
1551 2651
1552 1553
1552 3810
1552 3811
1553 1558
1553 1554
1554 2673
1554 1555
1555 1556
1555 1557
1558 3812
1560 1563
1560 1561
1561 1562
1561 1564
1561 1563
1562 2757
1565 2729
1566 2659
1566 2677
1567 2671
1567 2652
1567 4455
1568 2709
1568 2800
1568 1569
1568 2801
1569 2770
1569 1570
1570 4457
1570 2770
1571 1572
1571 4472
1572 3826
1572 1573
1574 1579
1574 3826
1575 1580
1575 1595
1575 1577
1575 3463
1576 1577
1576 1576
1577 1578
1578 1579
1578 1605
1579 4077
1579 3826
1581 1592
1581 1590
1581 1585
1582 4660
1582 3436
1583 1597
1583 1589
1583 1587
1584 1585
1584 1590
1584 1588
1585 1586
1585 1589
1586 1587
1586 1592
1587 3825
1588 1589
1588 4082
1590 4222
1591 4077
1591 3275
1591 3272
1592 3825
1592 1593
1594 1595
1595 1597
1596 1597
1598 1604
1598 1603
1598 1602
1599 1600
1600 4082
1600 4077
1601 1604
1602 4075
1602 1605
1604 1605
1606 2305
1606 1607
1607 2127
1607 1610
1608 2127
1608 4460
1608 2305
1609 1617
1609 1611
1610 1613
1610 1616
1610 2157
1611 1613
1611 4559
1612 1613
1614 1618
1614 4559
1614 1616
1615 1616
1617 2240
1617 1620
1618 1620
1618 1624
1619 1625
1620 1622
1621 2240
1621 1627
1621 1622
1622 4512
1622 1623
1623 1624
1623 4512
1624 1626
1625 4512
1625 1626
1626 1637
1627 2228
1627 1628
1628 1629
1628 1630
1629 4512
1629 1631
1630 1634
1630 1944
1631 1634
1631 1932
1632 1633
1633 1634
1633 1971
1635 1638
1636 1638
1637 1638
1637 1641
1639 1640
1640 1658
1640 1649
1641 1658
1641 1642
1643 2228
1643 1881
1643 1646
1644 1645
1644 1650
1644 1646
1646 1647
1647 1650
1647 2132
1648 2104
1648 1650
1648 2163
1649 2104
1649 1651
1651 1652
1651 2119
1652 1653
1652 1660
1653 2099
1653 2116
1653 1654
1654 2102
1654 1655
1655 2105
1655 1656
1657 1658
1659 1660
1660 1661
1662 3261
1662 5434
1662 1737
1663 3459
1663 4900
1663 1664
1664 3462
1664 5434
1665 3903
1666 1667
1668 4191
1668 1966
1668 1873
1669 1861
1669 5382
1669 1670
1670 1671
1670 1931
1671 5381
1671 4257
1671 1960
1672 1889
1672 1865
1672 1973
1673 1955
1673 4954
1673 1930
1674 1675
1674 1930
1674 1678
1675 1679
1675 4953
1676 1965
1676 1677
1676 4388
1677 1897
1677 1965
1678 1897
1678 2575
1679 1891
1679 2529
1680 4112
1680 1922
1680 1899
1681 1682
1681 2436
1681 2443
1682 4966
1682 2614
1683 1684
1683 1853
1683 2636
1684 3821
1684 4964
1685 1686
1685 3820
1685 2312
1687 1688
1687 1690
1687 1711
1687 1694
1688 4102
1689 1710
1689 4102
1689 1717
1690 1691
1690 4177
1691 1693
1692 4179
1692 1693
1692 4182
1693 4176
1694 1698
1695 1698
1695 1699
1695 1696
1697 1698
1699 1700
1699 1703
1699 1705
1700 1701
1700 1703
1700 1705
1702 1703
1704 1705
1706 1745
1706 1711
1706 3924
1707 1708
1708 1724
1708 5094
1708 1729
1709 1713
1709 1712
1709 5360
1710 1713
1710 1711
1712 1724
1712 1713
1713 1714
1714 1715
1714 1718
1715 1716
1716 1717
1716 1718
1717 4100
1718 1719
1720 3636
1720 5339
1720 3649
1721 4818
1721 3638
1721 5356
1722 4818
1722 5360
1722 4500
1723 3454
1723 5094
1723 5097
1724 3446
1725 1726
1726 3439
1726 4071
1727 3465
1727 3458
1727 3455
1728 3447
1729 3922
1730 3444
1731 1735
1731 4816
1731 3444
1731 1732
1732 1736
1732 5013
1733 4999
1733 4986
1733 3685
1734 5343
1734 4817
1734 5341
1735 5040
1735 5036
1736 3754
1736 5032
1737 4899
1737 3759
1738 5018
1738 5030
1738 1742
1739 1740
1740 5030
1740 4983
1741 1742
1742 1743
1743 3759
1743 4221
1744 3920
1744 1755
1744 1750
1745 3920
1746 1758
1746 4452
1747 1748
1747 1749
1747 1761
1748 4452
1748 1749
1748 1751
1749 1753
1750 1751
1750 1752
1751 1753
1752 1753
1752 1763
1754 3432
1754 3430
1754 1763
1755 3916
1755 4187
1756 1758
1757 1758
1759 5407
1760 4181
1760 1762
1761 1762
1761 4183
1762 5407
1764 4437
1764 2712
1765 1945
1765 2750
1766 2662
1766 2679
1767 1775
1767 1773
1767 2700
1768 1769
1768 1774
1768 1775
1769 1770
1769 1776
1770 1771
1770 1776
1771 1772
1771 1777
1772 1773
1772 1777
1773 2700
1774 1898
1774 1775
1776 5085
1777 1783
1778 1803
1778 2928
1781 4215
1781 4214
1782 2891
1782 3803
1783 1815
1783 1814
1784 2002
1784 1994
1785 1786
1786 2290
1788 2786
1788 1791
1789 4252
1789 1953
1790 1934
1790 4254
1791 2775
1792 2929
1792 1793
1792 4679
1793 1795
1793 2869
1794 2869
1794 4214
1794 4675
1795 1796
1795 4674
1796 4213
1796 2927
1797 1798
1797 2969
1797 4212
1798 1799
1798 1804
1799 1800
1799 2939
1800 2945
1800 1804
1801 2939
1801 3806
1801 2974
1801 2931
1802 2966
1802 3415
1802 3414
1803 3415
1804 2957
1805 1806
1805 1807
1805 2664
1806 1808
1807 1808
1809 2681
1809 2687
1809 2662
1810 1830
1810 2680
1811 2688
1811 1830
1812 1813
1812 2679
1813 2679
1813 2688
1814 1815
1814 4203
1815 1816
1816 1817
1816 2732
1817 1818
1817 2732
1818 1819
1818 1827
1819 1822
1819 1827
1820 4361
1820 1821
1820 1826
1821 4202
1821 1826
1822 1823
1822 4203
1823 4208
1823 4203
1824 1825
1824 4208
1824 4205
1825 1826
1825 4208
1827 2650
1828 1829
1828 2661
1828 2650
1829 2680
1829 2674
1830 2680
1831 4701
1831 4702
1831 4234
1832 1833
1832 2071
1832 2073
1833 2072
1833 2070
1834 3203
1835 3864
1835 3861
1836 4027
1838 1839
1838 2984
1838 1843
1839 1841
1839 2982
1840 2983
1840 2979
1840 1841
1841 2979
1842 2986
1842 2987
1842 2981
1849 4115
1850 4431
1853 4226
1853 2417
1854 4965
1854 4966
1854 2406
1855 2475
1855 1965
1855 2551
1856 1928
1856 1963
1856 1949
1857 1926
1857 1989
1857 1888
1858 1987
1858 1964
1858 1938
1859 1882
1859 1947
1859 1941
1860 1923
1860 1914
1860 4012
1861 1873
1861 5383
1862 1929
1862 4010
1862 1892
1863 1986
1863 1973
1863 1917
1864 1949
1864 1887
1864 1937
1865 1973
1865 1917
1865 1895
1866 1967
1867 3795
1867 1927
1868 1894
1868 2146
1869 1915
1869 1961
1869 1918
1870 1975
1870 2346
1870 1920
1871 4630
1871 2409
1871 1907
1872 1960
1872 1921
1872 1942
1873 1966
1874 1977
1874 1988
1874 1983
1875 1982
1875 3927
1875 1887
1876 1952
1876 3827
1876 2387
1876 2519
1877 1919
1877 1916
1877 1928
1878 1910
1878 1882
1878 1883
1879 1933
1879 1990
1880 1957
1881 2060
1881 2024
1882 1883
1883 1958
1884 1890
1885 2519
1885 1950
1885 1952
1885 2499
1886 2384
1886 1905
1886 1975
1887 1911
1888 1989
1888 1978
1889 1921
1889 1942
1890 1963
1890 1957
1891 1962
1891 1948
1892 1940
1892 3927
1893 1916
1894 2151
1895 1917
1896 3927
1896 4012
1896 1929
1897 2575
1898 1959
1899 1922
1899 1954
1900 1936
1900 1912
1900 1940
1901 4011
1901 1958
1901 1961
1902 1908
1902 1928
1902 1911
1903 2223
1903 2183
1905 1983
1905 1975
1906 1962
1906 1948
1906 1922
1907 3828
1907 2371
1907 2546
1908 1967
1908 1916
1909 2384
1909 2518
1909 1913
1910 1977
1910 1918
1911 1949
1911 1982
1913 4630
1913 2340
1915 1923
1915 1961
1918 1977
1919 1939
1919 1963
1920 1946
1920 2492
1923 4018
1924 1931
1924 4717
1924 1966
1925 1950
1925 1984
1925 2519
1925 1986
1926 1935
1927 4112
1929 4011
1930 4953
1931 4257
1933 4459
1934 2749
1934 1953
1935 1978
1937 1957
1937 4016
1938 1964
1938 4016
1940 1951
1941 1947
1941 1956
1942 4475
1943 2383
1943 1956
1943 1985
1945 3433
1945 3797
1946 2492
1946 1988
1947 1972
1948 2563
1949 1957
1950 4111
1951 1989
1951 1978
1952 4633
1952 2469
1953 2776
1954 1976
1954 2521
1955 1970
1955 2387
1956 2383
1958 4010
1960 4257
1962 1976
1964 1974
1967 1982
1968 2183
1969 3788
1969 4276
1970 4388
1970 2056
1972 1985
1972 1997
1974 1987
1976 2521
1980 2738
1980 4361
1980 2736
1981 1982
1983 1988
1984 2554
1984 2545
1984 4019
1985 1997
1986 4111
1991 2001
1991 1993
1991 2003
1992 4008
1992 5064
1992 2307
1992 4190
1993 1994
1993 2003
1994 2002
1995 1999
1995 2012
1995 2000
1996 2003
1996 1998
1996 2004
1997 4474
1998 2326
1998 2004
1999 2004
1999 2012
2000 2001
2000 2185
2001 2185
2005 2032
2005 2054
2005 2306
2006 2156
2006 2011
2006 2041
2007 2061
2007 2033
2007 2284
2008 2101
2008 2145
2008 2067
2008 2216
2009 2060
2009 2246
2009 2015
2010 2034
2010 2028
2010 2083
2011 2243
2011 2152
2012 2058
2013 4714
2013 2039
2013 2064
2014 2487
2014 2048
2014 2365
2014 2418
2015 2025
2015 2181
2016 2027
2016 2314
2017 2046
2017 2129
2017 2162
2018 2154
2018 2067
2018 2062
2019 4600
2019 2360
2019 2048
2020 2044
2020 2036
2020 2316
2021 2423
2021 3928
2021 2039
2022 2051
2023 2047
2023 2043
2023 2288
2024 2060
2025 2233
2025 2066
2025 2181
2026 2190
2026 2066
2026 2145
2027 2084
2027 2052
2028 2078
2028 2076
2029 2065
2029 4460
2029 4461
2030 2034
2030 2063
2030 2317
2031 2329
2031 3929
2031 3928
2032 2062
2032 2045
2033 2293
2033 2042
2034 2042
2035 2457
2035 2162
2035 2055
2036 2058
2036 2264
2037 2395
2037 2487
2037 5390
2038 2043
2038 2061
2038 2274
2039 2053
2039 2064
2040 2042
2040 2273
2040 2052
2041 2250
2041 2231
2043 2288
2044 2054
2044 2309
2045 2098
2045 2457
2045 2306
2046 2277
2046 2148
2047 2064
2047 3928
2047 3929
2048 2418
2049 2231
2049 2109
2049 2066
2050 2301
2050 2063
2050 4714
2051 4461
2052 2082
2053 2490
2053 2491
2054 2304
2054 2257
2055 2162
2055 2329
2056 2355
2056 4600
2056 4388
2057 2147
2057 2234
2057 2152
2057 2294
2058 2286
2059 2065
2059 4459
2061 2281
2062 2131
2063 2298
2065 4459
2067 2252
2068 2074
2068 2073
2068 2071
2068 2069
2069 4701
2069 2073
2070 4702
2070 2074
2071 2074
2072 4705
2073 2075
2075 4235
2075 4640
2076 5195
2077 2079
2077 2298
2077 2081
2078 2082
2078 2085
2079 2083
2079 2317
2080 3979
2080 5390
2080 2369
2081 3979
2081 4964
2082 2084
2083 5195
2086 4338
2087 2141
2088 2097
2088 2112
2088 2135
2088 2115
2089 2092
2090 2138
2090 2116
2090 2128
2091 2137
2091 2117
2091 2123
2092 2138
2092 2111
2093 2131
2093 2154
2093 2108
2094 2136
2094 2149
2094 2122
2095 2140
2095 2121
2096 2122
2096 2149
2096 2151
2097 2115
2097 2135
2098 2121
2098 2140
2099 2113
2099 2144
2100 2127
2101 2108
2101 2160
2102 2122
2102 2128
2103 2150
2103 2115
2103 2126
2104 2118
2106 2123
2107 2136
2107 2110
2107 2141
2108 2154
2110 2158
2110 2141
2111 2119
2111 2161
2112 2133
2112 2130
2112 2125
2114 2145
2116 2119
2117 2148
2117 2155
2119 2153
2120 4022
2120 4235
2120 4342
2121 2137
2123 2135
2124 2160
2125 2155
2125 2134
2126 2156
2126 2160
2128 2139
2129 3929
2129 2162
2130 2133
2130 2156
2131 2137
2133 2147
2133 2134
2134 2155
2136 2159
2138 2139
2139 2151
2142 4339
2143 5321
2143 4338
2143 4339
2146 2159
2146 2149
2147 2152
2148 2294
2159 4235
2164 2174
2164 5063
2164 2176
2165 2184
2165 2206
2165 2196
2165 2227
2166 2211
2166 2252
2166 2219
2167 2209
2167 2208
2167 2223
2168 2209
2168 2174
2168 2221
2169 2205
2169 2188
2169 2198
2170 2200
2170 2187
2170 2219
2171 2208
2172 2186
2172 2183
2172 2189
2172 2220
2173 2202
2174 2223
2175 2178
2175 2203
2175 2222
2176 3817
2177 2202
2177 2211
2177 2215
2178 2188
2178 2203
2179 2204
2179 2195
2179 2189
2180 2224
2181 2201
2182 2218
2182 2201
2184 2213
2184 2206
2185 2280
2186 2220
2186 2208
2187 2209
2187 2220
2188 2198
2189 2224
2190 2212
2190 2210
2191 2225
2192 2215
2193 2226
2193 2211
2193 2225
2194 2227
2194 2214
2194 2213
2195 2218
2195 2224
2196 2207
2196 2227
2197 2292
2197 2280
2197 2203
2198 2217
2199 2212
2200 5063
2201 2204
2202 2215
2204 2226
2205 2222
2205 2269
2206 4237
2207 2283
2207 2217
2212 2216
2213 2227
2214 2253
2214 2219
2216 2252
2217 4237
2222 2269
2225 2226
2228 2237
2229 2231
2229 2238
2229 2237
2230 2232
2230 2242
2232 2242
2232 2235
2233 2248
2233 2244
2234 2243
2234 2287
2235 2236
2235 2303
2236 2254
2236 2241
2237 2238
2238 2248
2239 2249
2239 2285
2239 2254
2240 2250
2241 2245
2241 2251
2242 2245
2243 2249
2245 2250
2247 2248
2249 2275
2254 2271
2255 2262
2255 2270
2255 2285
2255 2271
2256 2273
2256 2267
2256 3419
2257 2266
2257 4477
2258 2260
2258 2287
2258 2275
2259 2292
2260 2289
2260 2277
2261 2270
2261 3418
2261 2278
2262 2279
2262 2289
2263 3987
2263 2291
2263 4237
2264 2286
2264 2282
2265 2282
2266 4478
2266 2283
2267 2278
2267 2273
2268 2289
2268 2274
2268 2288
2269 2272
2270 2289
2271 3418
2272 2286
2272 2282
2274 2281
2275 2279
2276 2292
2277 2295
2278 2293
2279 2285
2280 2286
2281 2284
2283 4478
2284 2293
2287 2295
2290 2296
2291 3993
2291 2296
2294 2295
2296 4189
2297 2301
2297 2298
2297 2300
2298 2317
2300 2320
2301 2324
2301 2318
2302 2327
2302 2310
2302 2325
2303 3418
2303 3419
2304 2339
2304 2325
2305 3419
2306 2325
2307 2322
2307 2313
2308 2310
2309 2319
2309 2316
2310 2407
2311 2321
2315 2326
2316 2322
2318 2321
2318 3982
2319 2339
2319 2322
2320 2324
2321 2324
2323 3980
2326 5064
2328 4629
2329 2358
2330 2389
2330 2392
2330 2350
2331 3984
2331 2421
2331 2463
2332 2401
2332 2381
2332 2397
2333 2344
2333 2377
2333 2373
2334 2476
2334 2366
2334 2378
2335 2404
2336 2393
2336 2484
2336 2463
2337 2466
2337 2471
2337 2430
2338 2419
2338 2480
2338 2438
2338 2406
2339 2407
2340 2384
2340 2458
2341 2491
2341 2420
2341 2385
2342 4600
2342 4601
2342 2360
2343 2474
2343 2484
2343 2375
2345 4001
2345 2471
2345 4004
2347 2445
2347 2413
2347 2450
2348 2456
2348 2368
2348 2386
2349 2481
2349 2426
2350 2449
2350 2389
2351 2484
2352 2426
2352 2412
2352 2355
2353 2450
2353 2380
2353 2354
2354 2440
2354 2413
2355 2467
2356 2483
2357 2455
2357 2420
2357 2385
2358 2433
2358 2423
2359 2456
2360 2424
2361 2457
2361 2403
2361 2416
2362 2460
2363 2461
2363 2425
2363 2390
2364 2404
2365 2478
2365 2487
2366 2488
2366 2420
2367 2427
2367 2464
2367 2428
2368 2492
2368 2405
2370 2468
2370 2430
2370 2460
2371 2446
2371 2409
2372 4952
2372 3983
2372 2476
2373 2472
2373 2444
2374 2473
2374 2433
2374 2415
2375 2474
2375 2434
2376 2464
2377 2436
2377 2475
2379 2447
2379 2437
2379 2414
2380 2440
2380 2479
2381 2476
2381 2393
2382 2472
2383 4002
2385 2445
2386 2456
2386 2461
2387 2469
2387 2446
2388 2466
2388 2462
2388 2447
2389 2418
2390 2449
2390 2424
2391 2471
2392 2485
2392 2477
2393 2463
2394 4592
2395 2429
2395 2465
2396 2454
2396 2482
2396 2453
2397 2408
2397 2488
2398 2448
2399 2485
2400 2448
2401 2408
2401 2460
2402 2470
2402 2434
2402 2462
2403 2433
2403 2435
2404 2464
2405 2477
2405 2437
2406 2452
2407 4592
2408 2422
2409 4629
2410 2428
2411 2483
2412 2458
2412 4601
2413 2473
2414 2447
2414 2474
2416 2468
2417 2478
2417 4594
2422 2455
2422 2482
2422 2454
2423 3928
2424 2425
2425 4601
2426 4602
2428 2489
2429 2490
2429 2465
2430 2470
2431 2448
2432 2485
2434 2470
2436 2475
2437 2448
2438 2443
2438 2442
2439 2454
2440 2473
2441 3547
2441 2443
2441 2478
2443 2489
2445 2482
2446 2481
2449 2461
2450 2491
2451 2478
2453 2482
2453 2473
2455 2488
2458 4602
2459 2471
2461 2477
2462 2466
2465 2490
2465 4952
2469 4954
2472 2483
2486 2489
2493 2538
2493 3790
2493 2562
2494 2544
2494 2520
2494 2571
2495 2521
2495 2558
2495 2512
2496 2534
2497 2563
2498 2540
2498 2533
2498 2564
2499 2563
2499 4633
2500 2516
2500 2524
2500 2587
2501 2610
2501 2536
2501 2551
2502 2549
2502 2541
2502 2518
2503 2557
2503 2535
2503 2621
2504 2510
2504 2528
2504 2550
2505 2548
2505 2572
2505 2517
2506 2547
2506 2537
2506 2522
2507 2569
2508 2515
2509 2534
2509 2511
2509 2536
2510 2547
2510 2529
2510 2537
2511 2560
2511 2555
2512 2513
2512 2572
2512 2542
2513 2531
2513 2568
2514 3790
2514 2520
2514 2552
2515 2570
2515 2547
2516 2535
2516 2584
2517 2542
2517 2525
2518 2539
2520 2552
2522 2540
2522 2531
2523 2561
2524 2645
2524 2568
2525 2529
2525 2566
2526 2569
2527 2570
2528 2534
2528 2564
2530 2572
2531 2556
2532 2559
2533 2567
2533 2540
2535 2578
2535 2587
2536 2553
2537 2542
2539 2541
2539 2546
2541 2559
2543 2549
2543 2573
2543 2561
2544 2552
2544 2557
2545 2549
2545 2561
2546 2559
2550 2574
2550 2575
2551 4562
2557 2587
2557 3794
2558 2568
2558 2631
2560 2567
2560 3789
2562 2565
2562 2571
2563 2569
2564 2570
2567 2571
2576 2629
2576 2600
2577 2611
2577 2602
2577 4462
2578 2621
2578 2584
2579 2607
2579 2612
2579 2608
2580 2614
2581 2642
2581 2634
2582 2637
2582 2617
2582 2597
2583 2589
2583 2615
2583 2598
2584 2599
2585 2634
2585 2598
2585 2646
2586 2621
2588 2601
2589 2646
2590 2628
2591 2643
2592 3819
2592 2629
2592 2630
2593 2636
2593 2640
2593 4377
2594 2619
2594 2617
2594 2644
2595 2634
2595 2646
2595 2643
2596 2637
2597 2644
2597 2601
2597 2637
2598 2642
2599 2622
2599 2627
2600 2624
2600 2616
2601 2648
2602 2620
2602 2626
2603 4378
2603 4377
2603 2640
2604 2648
2605 2612
2605 3481
2606 4462
2606 2639
2607 2633
2607 2620
2609 2624
2610 2613
2610 2628
2611 2635
2611 2632
2612 2647
2614 2628
2615 2641
2616 2638
2616 2618
2617 2625
2618 2629
2618 2619
2619 2625
2620 2633
2623 2633
2624 2635
2625 3819
2626 4462
2626 2639
2635 2638
2636 2640
2638 2648
2638 2644
2643 4561
2649 4554
2649 2663
2649 2654
2650 2674
2651 2675
2652 4455
2652 4456
2653 2660
2653 2667
2653 2676
2654 2663
2654 2661
2655 2669
2656 4456
2656 4366
2657 3813
2658 2668
2658 2660
2659 5237
2660 2668
2661 2668
2662 2685
2663 2667
2667 2676
2669 4540
2670 4542
2670 2678
2670 4538
2671 2677
2671 4458
2672 5086
2674 4669
2676 4749
2677 4458
2681 2687
2682 2686
2683 2687
2683 2685
2683 2684
2683 2686
2684 2686
2684 2687
2689 2735
2690 2762
2691 4265
2691 2783
2691 4262
2692 2709
2692 3976
2692 2695
2693 2798
2694 2765
2695 2768
2695 2707
2696 4385
2697 2767
2698 2768
2699 2797
2699 2733
2699 2740
2700 3792
2701 2761
2701 2717
2701 2795
2702 4201
2702 2732
2702 4518
2703 2789
2703 2769
2703 2751
2704 2748
2704 2720
2704 2729
2705 2766
2705 2805
2705 2742
2706 2733
2706 2797
2706 2792
2707 2722
2707 2751
2708 2763
2708 2789
2708 2782
2709 2751
2710 2774
2711 2782
2711 2755
2711 2769
2712 2730
2712 3793
2712 4247
2713 2778
2713 2724
2713 2798
2714 2737
2714 2762
2714 2728
2715 2766
2715 2743
2715 2804
2716 2761
2717 2763
2717 5160
2718 2759
2718 4499
2718 4207
2719 2738
2721 2796
2721 2785
2721 2723
2722 2768
2722 2766
2723 2796
2723 2765
2724 2797
2724 2790
2725 2743
2725 2742
2726 5044
2726 4497
2727 2790
2727 2780
2727 2771
2728 2757
2730 4634
2730 3792
2731 2774
2731 2752
2731 2735
2733 2737
2734 2791
2734 2752
2735 2758
2735 2777
2736 2778
2736 2800
2737 2773
2738 2744
2739 2785
2739 2792
2739 2812
2741 2757
2742 2759
2743 2747
2745 2767
2746 3788
2746 4276
2746 5389
2749 2794
2749 2776
2750 4198
2751 2800
2751 5160
2752 2765
2753 2798
2753 2778
2753 2801
2754 2769
2756 2774
2756 2785
2756 2781
2759 2805
2760 2773
2760 2788
2760 2762
2761 2782
2761 2795
2763 2789
2764 2784
2767 2796
2770 3976
2772 2803
2772 4261
2772 4265
2773 2792
2775 2786
2775 2793
2776 2794
2779 4782
2779 3793
2783 4259
2783 2806
2784 2792
2784 2807
2786 2793
2787 2801
2793 5068
2794 4379
2795 5159
2799 4499
2799 4497
2799 4495
2802 4273
2802 4262
2802 3375
2803 2806
2803 4256
2805 5159
2806 4255
2807 2809
2807 2810
2808 2811
2808 2812
2808 2809
2809 2812
2813 2815
2813 2868
2813 2857
2814 2835
2814 2855
2814 5417
2816 2858
2816 2842
2816 2843
2817 2818
2817 2854
2818 2838
2818 2849
2819 2857
2820 2901
2821 2849
2821 2851
2822 2832
2822 2823
2823 2831
2823 2837
2824 2864
2824 2835
2825 2849
2825 2871
2825 2860
2826 2850
2826 2843
2826 2831
2827 3830
2827 4707
2827 4708
2828 2867
2828 2872
2828 2836
2829 2867
2829 2859
2829 2845
2830 2848
2830 2860
2831 2846
2832 2839
2833 2857
2833 2854
2833 2861
2834 2855
2835 2852
2838 5417
2839 2870
2839 2867
2839 2846
2840 2865
2841 2856
2842 2858
2842 2868
2843 2865
2844 2862
2844 2858
2844 2868
2845 2853
2845 2864
2845 2872
2846 2850
2847 4219
2847 2894
2847 4218
2848 2861
2850 2859
2851 2871
2852 2870
2852 2872
2854 2863
2856 2859
2856 4677
2860 2863
2861 2863
2866 2904
2866 2923
2869 4672
2870 2871
2873 2897
2873 2891
2873 2877
2874 2892
2874 2880
2874 2924
2875 2883
2876 2890
2876 2898
2876 2916
2877 4215
2877 2899
2878 2889
2879 2921
2880 2909
2881 2918
2882 2915
2883 2913
2883 2886
2884 2900
2885 2903
2885 2895
2885 2925
2887 2914
2887 2917
2887 2908
2888 2908
2889 2893
2891 2902
2893 2894
2893 2910
2894 2911
2895 2896
2895 2921
2897 2912
2898 2920
2898 2918
2899 2899
2900 2920
2900 4220
2901 2916
2901 2922
2902 2914
2902 2908
2905 2919
2905 2915
2906 2908
2907 2916
2911 2913
2911 5418
2912 2914
2912 2926
2913 4218
2913 4217
2918 2920
2921 2925
2923 4217
2925 4216
2927 4213
2927 3802
2928 2942
2928 2965
2928 2932
2929 4681
2929 2933
2930 2932
2930 2955
2930 4681
2931 3806
2931 3414
2932 2977
2933 2954
2933 2977
2934 2975
2934 3476
2934 3478
2935 2958
2935 2940
2935 2953
2936 2963
2936 2937
2936 2938
2937 3477
2937 2947
2938 2957
2938 2963
2939 2971
2940 2976
2940 2969
2941 2972
2943 4213
2943 2968
2944 2963
2944 2945
2944 2964
2945 3471
2945 2952
2946 2948
2947 3474
2947 3478
2948 2961
2948 2974
2949 2976
2950 3476
2950 2968
2950 4608
2951 2974
2952 2952
2953 3799
2953 3800
2954 2972
2954 2956
2954 2977
2956 2973
2956 2962
2957 4211
2959 2966
2960 2976
2961 2962
2961 2967
2962 2972
2964 3477
2966 2970
2969 3798
2975 4211
2975 4533
2978 3801
2978 3798
2978 3799
2979 3806
2980 2987
2981 2987
2981 2983
2983 2985
2984 2986
2984 4530
2986 4530
2988 5165
2988 3011
2988 4464
2989 3039
2989 3103
2989 3023
2990 3013
2990 3073
2990 3149
2990 3023
2991 3047
2991 2997
2991 3024
2992 3029
2992 3015
2992 3017
2992 3049
2993 3148
2993 3107
2993 3037
2994 3112
2994 3107
2994 3007
2995 4794
2995 4786
2995 3087
2996 3199
2996 3037
2996 3129
2997 3047
2997 3019
2997 3033
2998 3008
2998 3112
2998 3030
2999 3014
2999 3021
2999 3016
3000 3028
3000 3164
3000 3097
3001 3021
3001 3003
3001 3125
3002 3022
3002 3106
3002 3012
3003 3032
3003 3006
3004 3035
3004 3012
3004 3144
3005 3037
3005 3021
3005 3019
3006 3036
3006 3027
3007 3040
3007 3025
3009 5167
3009 4808
3009 4363
3010 3031
3010 3146
3010 3015
3011 4363
3011 5166
3012 3120
3013 3039
3013 3040
3014 3123
3014 3083
3015 3086
3016 3039
3016 3025
3017 3154
3017 4793
3018 3040
3018 3030
3018 3112
3018 3073
3019 3033
3020 3038
3020 3029
3020 3044
3022 3178
3022 3028
3023 3042
3024 4205
3024 3041
3025 3037
3026 3041
3026 4202
3026 5165
3027 3125
3027 3046
3028 3198
3029 3038
3030 3038
3031 3045
3031 3097
3032 3033
3032 3047
3034 3036
3035 3149
3035 3134
3036 3114
3037 3076
3041 4205
3042 3083
3042 3125
3043 3055
3043 3069
3043 3064
3043 3050
3044 4790
3044 3149
3044 3053
3045 3124
3045 4389
3045 5168
3048 3113
3048 3177
3048 3054
3049 3099
3049 3086
3050 3064
3050 3148
3051 3166
3051 3158
3051 3144
3052 3079
3052 3060
3052 3157
3053 3092
3053 3073
3054 3152
3054 3139
3055 3151
3055 3077
3056 3192
3057 3160
3057 3120
3058 3121
3058 3207
3058 3087
3059 3104
3059 3109
3059 3174
3060 3162
3060 3061
3061 3167
3061 3108
3062 3163
3062 3154
3062 4840
3063 3083
3064 3129
3064 3118
3065 3126
3066 3200
3067 3202
3067 3197
3067 3200
3068 3130
3068 3169
3068 3111
3069 3138
3069 4792
3070 3133
3071 3184
3071 3193
3071 3136
3072 3137
3074 3202
3075 3122
3077 3111
3077 3089
3077 3117
3078 3140
3079 3181
3079 3190
3080 3142
3080 3175
3080 3086
3081 3143
3082 3127
3084 3180
3084 3178
3085 3180
3087 4813
3088 3142
3089 3187
3089 3161
3090 3153
3091 3204
3091 3144
3091 3122
3093 3176
3093 3193
3093 3182
3094 3100
3095 3197
3095 3156
3095 4790
3096 3158
3097 3202
3098 3153
3099 3108
3099 3102
3100 3106
3100 3206
3101 3165
3102 3201
3102 3142
3104 3146
3104 3175
3105 3170
3106 3195
3107 3138
3108 3190
3109 3174
3109 3155
3110 3177
3110 3159
3110 3152
3111 3161
3111 3151
3112 3179
3113 3140
3113 3139
3115 3145
3116 3157
3116 3181
3116 3205
3117 3187
3117 3118
3117 3203
3118 4802
3119 4390
3119 3124
3119 3135
3120 3191
3121 3185
3121 3143
3122 3188
3124 3155
3125 3134
3126 3127
3126 3158
3127 3192
3128 3160
3129 3148
3130 3170
3130 3184
3131 3137
3131 4794
3131 3159
3132 3198
3133 3172
3133 3156
3134 3164
3135 3152
3135 3189
3136 3184
3136 3207
3137 3140
3137 3177
3138 3148
3139 3194
3141 3192
3143 3168
3145 3205
3145 3183
3146 3155
3147 3188
3150 3208
3151 3182
3151 3176
3153 3188
3154 3190
3156 3172
3157 3196
3159 4390
3161 3170
3164 4819
3165 3203
3165 3187
3167 3208
3167 3189
3168 3205
3168 3185
3169 3176
3169 3193
3171 3198
3172 3173
3174 3189
3175 3201
3179 4792
3179 4793
3180 3186
3181 3185
3182 3207
3182 3190
3182 4840
3197 3200
3201 3208
3209 3235
3210 3217
3211 3237
3211 3215
3212 3238
3212 4236
3212 3243
3214 3218
3214 3239
3214 3225
3215 3249
3216 3241
3216 3230
3216 3239
3217 3240
3218 3244
3218 3241
3219 3236
3219 3234
3219 3250
3220 3246
3220 3240
3220 3242
3220 4762
3221 3236
3221 3248
3221 3222
3222 3229
3222 3250
3223 3225
3224 3225
3225 3246
3226 3237
3226 3249
3226 3235
3227 3254
3228 3233
3228 3238
3228 3243
3231 3241
3232 3248
3233 3238
3234 3249
3234 3247
3235 3250
3239 3246
3245 4506
3252 3253
3252 3255
3256 3261
3256 3756
3256 4210
3257 3305
3257 3301
3257 3274
3258 3260
3258 3263
3259 3285
3259 3270
3259 3781
3261 3758
3262 3267
3262 3781
3262 5409
3264 3266
3264 3268
3264 3269
3265 3755
3265 3756
3266 3272
3266 3279
3267 3273
3267 3779
3268 3270
3268 3269
3269 3271
3270 3283
3271 3301
3271 3275
3272 3275
3273 4186
3273 3306
3274 3780
3274 3779
3276 3756
3276 3758
3277 4209
3279 4106
3280 3300
3280 3303
3280 3294
3281 3291
3282 3305
3282 3285
3282 3301
3283 3304
3283 3298
3284 3289
3284 3299
3284 3294
3285 3297
3286 3291
3287 3293
3288 3299
3288 3302
3288 3306
3289 3291
3289 3300
3290 3292
3291 3293
3292 3300
3292 3293
3294 3299
3295 3305
3296 3304
3298 3302
3298 3304
3302 3306
3307 3312
3307 3310
3307 3320
3308 3318
3308 3317
3308 5426
3309 3323
3309 3315
3309 3311
3309 3316
3311 4104
3312 3317
3312 3321
3313 5387
3313 3324
3313 3321
3314 3318
3314 5432
3315 3320
3315 3319
3316 3320
3317 3321
3318 3322
3319 3323
3319 3324
3324 4233
3325 3332
3325 3326
3326 3327
3327 3333
3327 3328
3328 3329
3329 3330
3330 3331
3330 3775
3331 3775
3331 3332
3333 4065
3333 4054
3334 4764
3335 4409
3335 4408
3335 5143
3336 4409
3337 4411
3337 4227
3338 3339
3339 3341
3339 4410
3339 4411
3340 4228
3342 3343
3343 5146
3343 3344
3345 3346
3346 3605
3347 3605
3347 5153
3347 5152
3348 5157
3348 3349
3350 3351
3350 5397
3350 3352
3351 5413
3352 5413
3353 3354
3355 3356
3355 3358
3356 3357
3357 3358
3359 3576
3359 3363
3360 3361
3362 5396
3362 3364
3363 3578
3363 5396
3365 4332
3365 4328
3365 4329
3366 3375
3366 5084
3366 3376
3367 3417
3367 5084
3367 4329
3368 3417
3368 4331
3368 4333
3369 3823
3369 3420
3369 3421
3370 4073
3370 3371
3370 3777
3371 5138
3372 4285
3372 3372
3373 3374
3373 3375
3373 4273
3374 3376
3374 4285
3376 4274
3377 4223
3377 3398
3378 4229
3379 3661
3379 5326
3379 3654
3380 5336
3380 3650
3380 3381
3381 3650
3381 3644
3382 3383
3382 3388
3383 5339
3384 3394
3384 3618
3384 3610
3385 3612
3385 3606
3385 3624
3386 3646
3387 3392
3387 3401
3388 3397
3389 3671
3389 3657
3390 3608
3390 3614
3390 3611
3391 4754
3392 3394
3392 3606
3393 4754
3394 3619
3395 3630
3395 3622
3396 3682
3396 3687
3396 5329
3397 3397
3399 3400
3401 3607
3401 3402
3402 3607
3405 4525
3405 3531
3405 3857
3406 3857
3406 4429
3407 4757
3407 3408
3408 3409
3408 3836
3409 3410
3412 3858
3412 4769
3412 3856
3413 4243
3413 4378
3413 3790
3414 3415
3416 5395
3416 5392
3416 4359
3417 5070
3417 4330
3420 3480
3421 3822
3421 3823
3421 3824
3422 4185
3422 3429
3422 3423
3423 3428
3423 3426
3424 3431
3425 3430
3425 3426
3425 4454
3425 3429
3426 3428
3427 4185
3428 3431
3429 3432
3430 4184
3431 3822
3432 4187
3433 4224
3433 4437
3434 3452
3434 3448
3434 3454
3435 3463
3435 3441
3436 4661
3437 3445
3438 3441
3438 3443
3439 3464
3439 3467
3440 3452
3440 3447
3440 3455
3441 3443
3442 3925
3443 3466
3443 3461
3445 3447
3445 3458
3446 3460
3448 3454
3448 3464
3449 3450
3451 3456
3452 3455
3457 5040
3458 3465
3459 3462
3459 4900
3460 5097
3461 3466
3461 3463
3464 3467
3465 3467
3468 3470
3468 3474
3468 3475
3469 4673
3469 4608
3470 3471
3470 4529
3471 3477
3472 4670
3472 5403
3473 4531
3473 4529
3474 3475
3475 3478
3479 3480
3480 3777
3482 3508
3482 3515
3482 3497
3483 3524
3483 3513
3483 3506
3484 3499
3485 3489
3485 4375
3485 3492
3486 3525
3486 3502
3487 3501
3488 3525
3488 4720
3488 3510
3489 3519
3490 3509
3490 3517
3491 3522
3491 3495
3491 3521
3492 3520
3492 3519
3493 3519
3493 3518
3493 3512
3494 3516
3495 3530
3495 3517
3496 3500
3496 3504
3496 3514
3498 3511
3499 4425
3500 3503
3500 3507
3501 4720
3501 3502
3502 3525
3503 3515
3503 3528
3504 3517
3504 3530
3505 3506
3506 3524
3506 3529
3507 3530
3507 3528
3508 3528
3508 3521
3509 5406
3510 4375
3510 4719
3511 4802
3512 3519
3512 3529
3513 4617
3514 3515
3516 4665
3518 3526
3520 3529
3520 3524
3521 3530
3522 3522
3526 3529
3531 4428
3531 3839
3532 3533
3532 3536
3534 3536
3535 3536
3537 3538
3538 4055
3540 4685
3540 4682
3541 4685
3541 5423
3542 4424
3543 4424
3544 4421
3544 4418
3544 4419
3545 4418
3545 3785
3545 3786
3546 4423
3548 4033
3549 3550
3549 4039
3549 4033
3550 3551
3551 4903
3552 3553
3552 4903
3554 3555
3556 4662
3557 3558
3558 3560
3563 3564
3563 3565
3564 3566
3565 3566
3567 3568
3569 3570
3571 3572
3572 3936
3573 4395
3573 4393
3574 4393
3574 4394
3575 4412
3576 3580
3576 3577
3577 3580
3581 3594
3581 3596
3582 3583
3582 3584
3583 3584
3583 3587
3584 3591
3585 3588
3586 3590
3587 3589
3587 3588
3588 3590
3589 3591
3590 3592
3592 3594
3593 3597
3595 3597
3597 3598
3598 3599
3598 3600
3599 3601
3600 3601
3600 3603
3601 3602
3604 5153
3605 5148
3608 3609
3608 3615
3609 3610
3609 3616
3610 3617
3611 3613
3611 4752
3612 3613
3612 4752
3612 3620
3613 3614
3613 3620
3614 3615
3614 4753
3615 3616
3615 4753
3616 3617
3616 3621
3617 3618
3618 3619
3619 3621
3620 4750
3621 4750
3622 3623
3622 3627
3623 3625
3623 3627
3625 3626
3625 3629
3626 3631
3626 3628
3627 3629
3628 3630
3628 3632
3629 3631
3630 3632
3631 3632
3633 3635
3635 3637
3635 3638
3636 3639
3636 3637
3637 3640
3638 3640
3639 3642
3639 3641
3639 3643
3640 3678
3641 3642
3641 3649
3642 3643
3643 3677
3644 3646
3645 3652
3647 3648
3647 3659
3647 3653
3648 3660
3649 5322
3650 3654
3651 5336
3651 5323
3652 3653
3652 3655
3653 3655
3654 5324
3655 3658
3656 5322
3656 5323
3656 3690
3657 3658
3657 3662
3658 3659
3659 3660
3661 5325
3661 5324
3662 3667
3662 3666
3663 3668
3663 3665
3663 5326
3664 5322
3664 4277
3664 3675
3665 3669
3665 5327
3666 3667
3666 3672
3667 3673
3668 3669
3668 3674
3669 5334
3670 3677
3671 3672
3672 3673
3673 3683
3674 3676
3674 3679
3676 3679
3676 5328
3677 3680
3678 3681
3678 3684
3679 5333
3680 4277
3680 3681
3681 3685
3682 5188
3682 3686
3684 5347
3684 3685
3686 3687
3686 3688
3687 5332
3688 3689
3688 3690
3689 4781
3689 5330
3690 4781
3691 5109
3691 5012
3691 3692
3691 5111
3692 3694
3692 3695
3693 3694
3693 3697
3693 5108
3694 3696
3695 3696
3695 3698
3696 3699
3696 3697
3697 3701
3698 3700
3698 3699
3699 3702
3699 3701
3700 3703
3700 3702
3701 4766
3702 3705
3702 3704
3703 3706
3703 3705
3704 3708
3704 5186
3704 4765
3705 3709
3705 3708
3706 3707
3706 3710
3707 3711
3707 3709
3708 3712
3709 3713
3709 3712
3710 3711
3710 3714
3711 3715
3711 3713
3712 3716
3713 3717
3713 3716
3714 3715
3714 3718
3715 3719
3715 3717
3716 3720
3716 3741
3717 3721
3717 3720
3718 3719
3718 3722
3719 3724
3719 3721
3720 3723
3721 3725
3721 3723
3722 3724
3722 3728
3723 3727
3724 3725
3724 3726
3725 3727
3726 3729
3726 3728
3727 3729
3728 3730
3729 3731
3730 3731
3730 3737
3731 3735
3732 3733
3732 3743
3733 3734
3733 3745
3734 3736
3734 3752
3735 3741
3735 3737
3736 3738
3736 3751
3737 3739
3738 3740
3738 3748
3739 3742
3739 3744
3740 3742
3740 3746
3742 3746
3743 3745
3745 3753
3746 3748
3747 3750
3748 3751
3749 3757
3750 5035
3751 3752
3752 3753
3753 3754
3754 5034
3755 4209
3755 3756
3755 4210
3757 3758
3759 4815
3760 3761
3763 3765
3765 3766
3766 4450
3766 3768
3767 3771
3768 3770
3769 3772
3769 3770
3772 3773
3774 3775
3776 3781
3777 4022
3778 4022
3779 3782
3783 3784
3785 4418
3786 3787
3787 5394
3788 5085
3791 5085
3791 4247
3791 3792
3793 3794
3794 3795
3796 3797
3797 4437
3798 3799
3800 3801
3800 3802
3801 3802
3804 5419
3804 4696
3805 4691
3807 4476
3810 3812
3810 3811
3811 3813
3812 3814
3814 3815
3816 4656
3816 4659
3816 4658
3817 3818
3819 4360
3820 3821
3824 4231
3825 4661
3827 3828
3829 3885
3829 3844
3830 3832
3830 3831
3833 5177
3834 3840
3835 3836
3836 3839
3837 3839
3838 3843
3838 3838
3840 3841
3841 3842
3843 4524
3844 3845
3844 4595
3846 3849
3847 3854
3847 3848
3847 3859
3848 3855
3849 3850
3849 3851
3850 3851
3850 3852
3851 3852
3852 4429
3853 4641
3854 4641
3855 3886
3855 3887
3855 3856
3856 3858
3857 4638
3858 3859
3859 4638
3860 3863
3860 3862
3861 4775
3862 3865
3862 3866
3863 3865
3864 3869
3864 3867
3865 3866
3866 3868
3867 3868
3867 3870
3868 3873
3869 3870
3869 3871
3870 3872
3871 3872
3872 3874
3873 3875
3873 3874
3874 3881
3875 3878
3875 3876
3876 3879
3876 3878
3877 3877
3877 3879
3878 3881
3879 3880
3881 3884
3882 3883
3883 3884
3887 3889
3887 3888
3890 3892
3891 3898
3891 4666
3892 3893
3893 3894
3895 4471
3896 3897
3898 4616
3898 3899
3900 4458
3901 3902
3903 3904
3903 3905
3904 3905
3904 3925
3905 4843
3906 3908
3907 3911
3907 3909
3907 3910
3908 3914
3908 3910
3909 3914
3910 3913
3911 3912
3911 3915
3913 3916
3913 4107
3916 3917
3918 3921
3919 3921
3920 3921
3922 3923
3922 3924
3924 3925
3930 3931
3930 4447
3930 4772
3931 4780
3932 3933
3932 3934
3935 4473
3936 4413
3936 4392
3937 3939
3938 3941
3940 3941
3941 3942
3942 4664
3944 3945
3945 3946
3946 3947
3947 3948
3949 3953
3950 3951
3952 3954
3954 3955
3955 4585
3956 3957
3958 3959
3960 3961
3961 3963
3962 3963
3962 3964
3965 4914
3966 4807
3966 3972
3966 4803
3967 5169
3967 4810
3967 4811
3968 5170
3968 4915
3968 4811
3969 4910
3969 4913
3969 4915
3970 5172
3970 4914
3970 5171
3971 4805
3972 4810
3972 4807
3973 5164
3973 4906
3973 4805
3974 4804
3974 4806
3974 4808
3975 3977
3976 3977
3977 3978
3979 3980
3980 3981
3983 3984
3985 3987
3986 3989
3986 3993
3987 3991
3988 3990
3989 3991
3990 3996
3990 3992
3991 3992
3992 3997
3993 3995
3994 3995
3994 3998
3995 3997
3997 3999
3998 4000
4001 4002
4001 4003
4002 4005
4005 4474
4005 4194
4006 4194
4006 4008
4007 4474
4009 4010
4010 4011
4011 4012
4012 4023
4013 4015
4014 4015
4015 4023
4016 4023
4017 4023
4018 4020
4018 4019
4019 4021
4022 4074
4025 4030
4026 4028
4029 4467
4030 4032
4030 4034
4032 4036
4032 4035
4034 4037
4034 4039
4035 4036
4035 4905
4036 4037
4038 4040
4041 4043
4042 4043
4043 4043
4045 4048
4046 4117
4046 4052
4047 4049
4047 4051
4048 4725
4048 4724
4049 4725
4049 4723
4050 4724
4052 4723
4053 4054
4054 4063
4055 4064
4055 4065
4056 4060
4057 4064
4058 4065
4059 4064
4061 4063
4062 4063
4066 4501
4067 4071
4067 4072
4067 4069
4068 4072
4069 4072
4069 4071
4070 4072
4073 5138
4073 4342
4074 4640
4076 4078
4076 4080
4078 4080
4079 4081
4080 4081
4081 4082
4083 4090
4084 4092
4085 4093
4086 4087
4086 4088
4087 4088
4091 4094
4096 4098
4099 4100
4101 4102
4103 4176
4103 4776
4105 4105
4105 4107
4108 4114
4108 4110
4108 4635
4109 4112
4110 4199
4110 4197
4111 4113
4115 4465
4115 4116
4116 4767
4117 4118
4119 4240
4121 4131
4121 4138
4121 4124
4121 4122
4122 4134
4122 4139
4123 4139
4123 4140
4123 4129
4124 4125
4124 4138
4125 4131
4125 4133
4126 4136
4126 4142
4126 4144
4126 4127
4127 4141
4127 4143
4128 4143
4128 4154
4128 4132
4129 4130
4129 4131
4129 4133
4130 4142
4130 4137
4130 4140
4131 4139
4132 4144
4132 4136
4133 4137
4134 4138
4135 4142
4135 4137
4135 4144
4136 4143
4140 4141
4141 4142
4145 4146
4146 4156
4147 4239
4147 4150
4148 4155
4148 4151
4148 4153
4149 4155
4149 4157
4151 4157
4151 4158
4152 4170
4154 4170
4154 4157
4154 4173
4159 4175
4160 4171
4161 4169
4161 4164
4163 4171
4164 4172
4164 4174
4165 4172
4165 4168
4166 4168
4167 4174
4167 4169
4168 4175
4169 4697
4170 4175
4171 4172
4173 4173
4177 4178
4179 4180
4180 4442
4180 4182
4181 4182
4181 4442
4185 4186
4186 4187
4188 4189
4189 4192
4192 4194
4192 4193
4196 4197
4196 4199
4196 4198
4197 4198
4200 4207
4200 4802
4200 4201
4201 4204
4202 4464
4204 4206
4204 4207
4206 4206
4211 4212
4212 4213
4214 4215
4215 4216
4216 4217
4217 4218
4219 4220
4223 4417
4223 4407
4224 4434
4224 4249
4225 4226
4226 4965
4228 4416
4228 4417
4230 4596
4230 4778
4232 4233
4232 4705
4232 4703
4233 5062
4234 4640
4235 4347
4238 4239
4241 4242
4242 4244
4242 4243
4244 4246
4245 4246
4246 4247
4248 4249
4249 4250
4251 4252
4253 4254
4255 4307
4255 5385
4255 4309
4256 4261
4256 5386
4256 4258
4257 5380
4258 4264
4258 4289
4259 4262
4259 4273
4259 4309
4260 4289
4260 4267
4260 4283
4261 4264
4261 5384
4262 4311
4263 4283
4263 4269
4263 4266
4264 4296
4265 4271
4266 4270
4266 4268
4267 4300
4267 4296
4268 4272
4268 5382
4269 4270
4269 4300
4270 4272
4271 4312
4271 4316
4272 5383
4274 4385
4274 4379
4275 4276
4277 5113
4278 5015
4278 4282
4278 5119
4279 5017
4279 5015
4279 5122
4280 5121
4280 5011
4280 4282
4281 4998
4281 4986
4281 5013
4282 5010
4283 4300
4283 4297
4284 4292
4284 4300
4284 4321
4285 4294
4286 4302
4286 4297
4286 4289
4286 4290
4287 5091
4287 5093
4287 4299
4288 4305
4288 4303
4288 4294
4289 4296
4290 5093
4290 4302
4291 4299
4291 4298
4291 4295
4292 4310
4292 4296
4293 4303
4293 4901
4293 5092
4293 4298
4294 4305
4295 4301
4295 4299
4297 4301
4298 5091
4299 4302
4301 4302
4303 4304
4304 4305
4304 4307
4306 4309
4307 4901
4308 5386
4310 4315
4310 4312
4311 4443
4311 4313
4311 4318
4312 4315
4313 4444
4313 4314
4314 4443
4314 4445
4315 4323
4315 4321
4316 4319
4316 4323
4317 4443
4317 4318
4317 4327
4318 4319
4319 4328
4320 4444
4321 4323
4322 4326
4322 4443
4322 4445
4324 5084
4324 4444
4324 4325
4325 4445
4325 4326
4326 4329
4326 4327
4327 4328
4329 4330
4330 4333
4330 4332
4331 4334
4331 5071
4332 5379
4332 5073
4333 4334
4333 5379
4334 4335
4335 5379
4335 5081
4336 4341
4337 4341
4338 4340
4339 4341
4342 4343
4344 4345
4344 4346
4345 4346
4348 4349
4349 4350
4349 4402
4350 4351
4350 4352
4352 4353
4352 4525
4354 4355
4355 4357
4356 4357
4356 4358
4357 4571
4361 4362
4362 4591
4362 5162
4363 5162
4364 4365
4364 5169
4364 5170
4365 4789
4366 4457
4366 5238
4367 5238
4368 4372
4368 4373
4369 4370
4369 4374
4370 4371
4371 4373
4372 4374
4372 4373
4375 4719
4377 4378
4379 4380
4380 4383
4380 4381
4381 4386
4382 4383
4383 4384
4384 4385
4384 4386
4389 4789
4389 4390
4391 4787
4391 4789
4391 4788
4392 4413
4393 4394
4393 4395
4394 4716
4394 4414
4395 4424
4396 4397
4397 4398
4398 4400
4399 4401
4399 4399
4403 4404
4404 4417
4404 4416
4405 4407
4405 4410
4405 5144
4406 4407
4408 4409
4409 4410
4411 4412
4412 4716
4414 4415
4415 4416
4415 4716
4419 4420
4420 4422
4420 4421
4421 4423
4422 4423
4426 4428
4426 5311
4428 4430
4430 4525
4431 4432
4434 4435
4434 4436
4438 4706
4440 4441
4441 4761
4442 5407
4444 4445
4446 4758
4447 5176
4450 4451
4452 4453
4456 4457
4457 4457
4460 4461
4464 5162
4465 4466
4467 4468
4467 4469
4468 4470
4469 4470
4477 4477
4478 4479
4479 4479
4480 4483
4480 4481
4480 4484
4481 4485
4481 4488
4482 4483
4483 4489
4483 4485
4484 4492
4484 4495
4485 4491
4485 4488
4486 4490
4487 4489
4488 4493
4488 4490
4489 4494
4489 4491
4490 4496
4491 4498
4491 4493
4492 4495
4492 4494
4493 4496
4493 4498
4494 4498
4495 4496
4497 5046
4499 5049
4500 4817
4500 4818
4501 4504
4502 4503
4503 4504
4505 4506
4506 4507
4508 4509
4508 4510
4509 4510
4513 4514
4513 4515
4514 4515
4516 4517
4517 4518
4517 4521
4518 4519
4519 4522
4519 4520
4521 4521
4524 5306
4526 4666
4529 4532
4530 4532
4531 4532
4534 4535
4536 4539
4537 4540
4538 4540
4538 4541
4539 4667
4540 4547
4541 4543
4541 4544
4542 4543
4542 4545
4543 4544
4544 4546
4545 4546
4545 4548
4546 4549
4548 4549
4548 4554
4549 4551
4550 4551
4550 4553
4552 4555
4553 4554
4556 4557
4559 4560
4564 4565
4568 4569
4569 4575
4570 4571
4572 4573
4574 4575
4575 4578
4577 4578
4580 4581
4580 4582
4582 4583
4584 4585
4586 4587
4586 4588
4588 4589
4591 4785
4592 4593
4595 4778
4595 4596
4597 4625
4597 4597
4597 4626
4598 4599
4602 4628
4603 4632
4604 4627
4604 4606
4604 4605
4606 4631
4607 4608
4607 4607
4609 4610
4611 4612
4613 4614
4615 4963
4615 4959
4615 4958
4617 4618
4619 4620
4621 4623
4622 4623
4622 4624
4623 4624
4624 4722
4628 4630
4628 4629
4631 4632
4632 4633
4636 4637
4638 4639
4638 4641
4642 4644
4642 4643
4644 4647
4644 4646
4645 4646
4645 4647
4645 4650
4647 4649
4648 4650
4648 4651
4648 4652
4649 4651
4649 4650
4651 4653
4652 4653
4652 4654
4653 4654
4654 4655
4656 4659
4656 4658
4657 4659
4660 4661
4663 4664
4665 5397
4668 4669
4670 4673
4670 4671
4671 4672
4671 4675
4672 4674
4673 4674
4675 4676
4676 4677
4676 5402
4677 4678
4679 4680
4683 4684
4684 4685
4684 4842
4686 4687
4686 5090
4686 4689
4686 4688
4689 5424
4689 4842
4690 5424
4691 5090
4693 4695
4693 4694
4694 5420
4695 4696
4696 5420
4697 4698
4699 4700
4701 4702
4703 5051
4703 4704
4704 4705
4704 5055
4707 4708
4709 4710
4711 4712
4713 4713
4713 4714
4718 4719
4718 5158
4723 4725
4724 4725
4726 4727
4727 4733
4727 4729
4727 4732
4728 4729
4728 4730
4730 4731
4730 4732
4732 4734
4734 4739
4734 4740
4734 4741
4735 4738
4735 4739
4735 4736
4736 4738
4736 4737
4738 4739
4740 4741
4742 4744
4742 4746
4742 4743
4743 4744
4743 4749
4744 4745
4747 4748
4748 4749
4750 4753
4751 4752
4755 4756
4758 4760
4759 4760
4760 4761
4763 4764
4763 4959
4764 4765
4765 5186
4765 5187
4766 5186
4766 5187
4768 4769
4770 4771
4772 5176
4778 4780
4779 4780
4781 5331
4782 5068
4782 4783
4783 4784
4783 4783
4786 4813
4786 4787
4787 4788
4788 4813
4790 4791
4791 4791
4792 4839
4793 4839
4794 4800
4795 4796
4796 4801
4796 4797
4797 4799
4797 4798
4800 4801
4803 4804
4803 5164
4804 5163
4805 5163
4806 4808
4806 4916
4807 4812
4809 5168
4809 4916
4809 4812
4810 4820
4811 4820
4812 4916
4813 4814
4816 5341
4816 5362
4817 5357
4819 5166
4819 5167
4820 5161
4821 4834
4821 4822
4821 4826
4822 4825
4822 4949
4823 4830
4824 4826
4824 5161
4824 4825
4824 4831
4825 4826
4827 4833
4827 4832
4827 4828
4827 4831
4828 4948
4828 4835
4828 4834
4829 4906
4829 4931
4829 4918
4830 4949
4830 4906
4831 4832
4832 4834
4836 4923
4836 4935
4836 4934
4836 4942
4837 4930
4837 4837
4838 4906
4839 4840
4841 4842
4844 4846
4844 4848
4844 4847
4845 4847
4845 4859
4845 4846
4847 4850
4849 4859
4849 4858
4850 4898
4851 4852
4851 4853
4852 4883
4852 4854
4853 4855
4853 4859
4854 4857
4854 4855
4855 4856
4856 4857
4858 4882
4860 4882
4860 4881
4860 4879
4861 4862
4861 4868
4862 4867
4863 4864
4863 4871
4863 4865
4864 4866
4864 4872
4865 4866
4865 4869
4866 4870
4867 4869
4867 4868
4868 4870
4869 4870
4871 4873
4871 4872
4872 4874
4873 4874
4873 4875
4874 4876
4875 4877
4875 4876
4876 4878
4877 4878
4877 4879
4878 4880
4879 4880
4880 4881
4881 4883
4882 4883
4884 4894
4884 4895
4884 4897
4885 4888
4885 4887
4885 4896
4886 4892
4886 4897
4886 4891
4887 4888
4887 4889
4888 4890
4888 4895
4889 4890
4889 4891
4890 4892
4890 4894
4891 4892
4892 4893
4893 4897
4893 4894
4895 4896
4896 4898
4899 4900
4901 5385
4902 4903
4904 4905
4907 4917
4907 4931
4907 4923
4908 4909
4909 4910
4909 5171
4909 5161
4910 4912
4911 5173
4911 4913
4912 5171
4913 4915
4914 4923
4917 4918
4917 4920
4918 4919
4919 4920
4919 4922
4920 4921
4921 4922
4924 4925
4925 4927
4925 4931
4926 4927
4927 4929
4928 4929
4929 4930
4930 4934
4932 4932
4932 4934
4933 4933
4933 4934
4935 4938
4935 4936
4937 4938
4938 4946
4939 4939
4939 4940
4940 4946
4940 4948
4941 4945
4942 4944
4942 4945
4943 4944
4945 4946
4947 4948
4949 4950
4951 4952
4953 4955
4954 4955
4955 4956
4957 4960
4957 4963
4959 4962
4961 4963
4965 4966
4967 4977
4967 4968
4969 4971
4970 4971
4971 4972
4973 4975
4974 4975
4975 4976
4977 4978
4978 4979
4978 4980
4981 4982
4982 4982
4983 5032
4983 4984
4984 4985
4986 4988
4987 4991
4987 4990
4988 4989
4988 4990
4989 4991
4989 4990
4992 4994
4992 4998
4992 4993
4993 4995
4993 4999
4994 4996
4994 4995
4995 4997
4996 5000
4996 4997
4997 5001
4998 4999
5000 5002
5000 5001
5001 5003
5002 5004
5002 5003
5003 5005
5004 5006
5004 5005
5005 5007
5006 5008
5006 5007
5007 5009
5008 5010
5008 5009
5009 5011
5010 5011
5012 5017
5012 5014
5012 5122
5013 5014
5014 5016
5015 5016
5016 5017
5018 5036
5018 5019
5019 5020
5019 5025
5020 5022
5020 5021
5022 5023
5022 5024
5025 5027
5025 5026
5027 5028
5027 5029
5030 5031
5032 5033
5033 5033
5034 5035
5036 5037
5037 5038
5037 5039
5040 5042
5041 5042
5042 5043
5044 5045
5045 5046
5045 5047
5046 5048
5047 5048
5050 5435
5051 5054
5051 5053
5052 5060
5052 5061
5052 5059
5053 5056
5053 5054
5054 5057
5054 5055
5055 5058
5056 5059
5056 5057
5057 5060
5057 5058
5058 5061
5059 5060
5060 5061
5064 5065
5065 5066
5066 5067
5068 5069
5070 5071
5072 5080
5072 5074
5072 5083
5073 5075
5073 5080
5074 5076
5074 5075
5075 5077
5076 5078
5076 5077
5077 5079
5078 5079
5080 5082
5081 5082
5081 5083
5082 5083
5086 5087
5086 5088
5087 5088
5087 5183
5089 5183
5089 5182
5091 5092
5092 5093
5094 5095
5095 5096
5095 5097
5098 5110
5098 5107
5098 5099
5099 5101
5099 5103
5100 5101
5101 5102
5103 5107
5103 5108
5104 5105
5105 5107
5105 5106
5107 5111
5108 5109
5109 5111
5112 5114
5112 5113
5112 5120
5113 5121
5114 5115
5114 5120
5114 5116
5115 5123
5115 5117
5116 5117
5116 5118
5117 5119
5118 5119
5118 5121
5120 5123
5122 5123
5125 5126
5125 5127
5129 5130
5131 5132
5132 5135
5132 5133
5133 5140
5133 5141
5134 5135
5135 5140
5136 5139
5136 5136
5137 5141
5138 5139
5139 5140
5141 5142
5143 5144
5145 5146
5146 5150
5148 5399
5149 5153
5149 5157
5150 5151
5152 5153
5152 5399
5154 5157
5154 5155
5154 5412
5155 5156
5155 5414
5156 5415
5159 5160
5161 5164
5162 5163
5163 5164
5165 5166
5166 5167
5167 5168
5168 5169
5169 5170
5170 5173
5171 5172
5172 5173
5174 5175
5177 5178
5179 5180
5181 5184
5181 5182
5181 5183
5182 5185
5184 5185
5187 5188
5189 5193
5190 5192
5190 5194
5190 5193
5191 5194
5192 5193
5192 5194
5195 5196
5196 5200
5196 5203
5197 5198
5197 5200
5197 5201
5198 5199
5198 5206
5198 5201
5199 5200
5199 5205
5200 5205
5201 5207
5202 5204
5202 5207
5202 5208
5203 5231
5203 5224
5204 5231
5204 5229
5205 5206
5206 5207
5208 5209
5208 5230
5209 5219
5209 5218
5210 5211
5210 5222
5211 5221
5211 5220
5212 5218
5212 5220
5212 5223
5213 5215
5213 5217
5214 5217
5214 5218
5214 5216
5215 5216
5216 5217
5219 5221
5219 5220
5221 5222
5224 5225
5224 5236
5224 5228
5225 5226
5225 5227
5226 5227
5228 5229
5228 5232
5229 5236
5229 5230
5230 5236
5231 5232
5232 5233
5233 5234
5233 5235
5237 5238
5238 5239
5239 5240
5239 5255
5240 5273
5240 5304
5241 5242
5241 5273
5241 5247
5241 5275
5242 5283
5242 5246
5242 5284
5243 5244
5243 5283
5243 5245
5244 5248
5244 5281
5245 5252
5245 5250
5246 5254
5246 5252
5247 5257
5247 5254
5248 5250
5248 5249
5249 5250
5249 5251
5251 5252
5251 5253
5253 5254
5253 5255
5255 5257
5256 5257
5258 5304
5258 5296
5258 5259
5259 5300
5259 5274
5260 5301
5260 5300
5260 5275
5261 5269
5261 5276
5261 5301
5262 5263
5262 5269
5262 5285
5263 5295
5263 5303
5264 5270
5264 5295
5264 5266
5265 5266
5265 5270
5265 5272
5266 5267
5267 5268
5267 5303
5267 5272
5268 5299
5268 5271
5269 5302
5270 5294
5271 5296
5271 5272
5273 5274
5274 5304
5274 5275
5275 5284
5276 5285
5276 5277
5276 5284
5277 5286
5277 5279
5277 5282
5278 5291
5278 5278
5279 5287
5279 5281
5279 5289
5280 5292
5281 5305
5281 5282
5282 5284
5282 5283
5285 5290
5285 5286
5286 5291
5286 5287
5287 5292
5287 5288
5290 5294
5290 5291
5291 5292
5292 5293
5294 5295
5296 5297
5297 5300
5297 5298
5298 5301
5298 5299
5299 5302
5302 5303
5306 5307
5306 5308
5306 5309
5309 5313
5309 5317
5310 5316
5310 5315
5310 5311
5311 5312
5311 5315
5312 5317
5312 5318
5313 5316
5313 5314
5314 5315
5314 5316
5315 5317
5318 5320
5318 5319
5319 5320
5324 5335
5336 5337
5337 5338
5338 5339
5338 5340
5341 5342
5342 5342
5343 5347
5343 5345
5344 5345
5345 5346
5347 5348
5348 5349
5348 5354
5348 5350
5350 5351
5350 5352
5352 5353
5352 5354
5354 5355
5356 5359
5356 5358
5357 5359
5357 5358
5358 5359
5360 5363
5361 5373
5361 5362
5362 5369
5363 5376
5363 5367
5363 5368
5364 5368
5364 5369
5364 5365
5365 5372
5365 5367
5365 5370
5366 5367
5366 5375
5367 5368
5369 5370
5370 5371
5370 5373
5371 5372
5371 5378
5372 5375
5373 5374
5374 5377
5374 5378
5375 5376
5376 5377
5377 5378
5382 5383
5385 5386
5387 5388
5389 5389
5390 5391
5392 5393
5393 5396
5394 5395
5397 5398
5399 5400
5400 5401
5404 5405
5405 5406
5408 5409
5409 5410
5412 5414
5414 5415
5416 5417
5419 5420
5421 5422
5422 5423
5424 5425
5426 5428
5426 5427
5426 5429
5428 5431
5428 5430
5432 5433
