0 845
0 594
0 3
1 688
1 156
1 592
2 847
2 3
2 313
3 846
4 685
4 330
4 332
5 6
5 595
5 685
6 949
6 7
7 330
7 325
8 428
8 334
8 335
9 304
9 666
9 68
10 142
10 328
10 947
11 1111
11 881
11 288
12 909
12 969
12 970
13 649
13 275
13 645
14 36
14 35
14 709
15 16
15 422
15 432
16 56
16 162
17 856
17 724
17 725
18 754
18 405
18 755
18 1075
19 60
19 757
19 71
20 426
20 420
20 424
21 340
21 690
21 955
22 689
22 339
22 972
23 450
23 341
23 443
24 955
24 25
24 956
25 389
25 388
26 764
26 388
26 651
26 769
27 34
27 37
27 28
27 32
28 416
28 29
29 33
29 855
29 319
30 814
30 855
30 813
31 32
31 38
31 37
31 975
32 416
32 44
33 414
33 416
34 1119
34 36
35 587
35 36
36 37
37 709
38 62
38 64
39 45
39 451
39 40
40 41
40 54
41 661
41 53
42 43
42 52
42 414
43 44
43 165
44 51
44 815
45 46
45 815
45 816
46 51
46 158
47 161
47 160
47 51
48 49
48 418
48 161
49 50
49 873
50 873
50 418
52 862
52 53
53 163
54 167
54 163
54 165
55 167
56 962
57 962
58 59
58 426
58 436
60 61
60 710
60 437
62 692
62 873
63 692
64 427
64 417
65 69
65 66
65 429
66 429
66 738
67 68
68 737
70 446
70 443
70 711
71 757
71 440
71 399
72 762
72 1037
72 73
74 82
74 579
74 580
75 77
76 77
77 78
78 80
78 79
80 82
80 81
82 83
84 95
84 1073
84 110
85 92
85 391
85 99
86 92
86 713
86 87
87 91
87 104
88 108
88 89
89 395
89 90
92 93
94 95
94 110
94 106
95 713
96 820
96 100
96 712
97 98
97 1047
97 99
98 101
98 795
99 101
100 393
100 102
101 390
102 391
102 103
103 385
103 394
104 105
104 385
105 395
105 394
106 107
106 108
108 109
110 111
112 113
112 681
112 697
113 1110
113 681
114 679
114 681
114 1109
115 415
115 315
115 322
116 684
116 452
116 126
116 137
117 455
117 464
117 462
118 152
118 642
118 455
119 326
119 328
119 686
120 121
120 963
120 650
121 872
121 870
122 180
122 966
122 123
123 824
123 125
124 132
124 128
124 824
125 824
125 1049
126 822
126 198
127 1049
127 822
127 823
128 823
128 1055
128 197
129 206
129 231
129 233
130 197
130 131
130 200
130 203
131 229
131 134
132 134
132 191
132 188
133 202
133 207
133 201
134 197
134 192
135 245
135 239
135 244
136 288
136 289
136 245
137 216
137 138
137 199
138 200
138 209
138 217
139 195
139 609
139 966
140 946
140 157
140 196
141 195
141 609
141 194
142 751
142 915
143 383
143 911
143 695
143 147
143 1044
144 306
144 304
144 667
144 150
145 866
145 679
145 864
146 148
146 680
146 147
146 679
147 148
148 863
149 150
149 286
149 287
150 694
151 832
151 415
151 594
152 642
152 639
153 1005
153 560
153 564
154 945
154 635
154 946
155 629
155 1117
155 327
156 980
156 321
157 631
157 945
158 159
158 160
160 161
162 752
162 661
163 164
165 166
166 167
166 816
168 169
168 384
168 170
171 888
171 172
171 176
172 175
172 885
173 177
173 174
173 175
174 893
174 175
176 178
176 180
177 186
177 178
178 180
179 182
181 182
181 890
181 891
182 190
182 185
183 622
183 184
183 890
184 621
184 193
185 186
185 187
186 976
187 188
187 191
188 735
189 190
189 621
189 191
190 890
192 210
192 978
193 624
193 687
194 213
194 631
195 632
196 632
196 633
197 199
198 199
198 1055
199 200
200 204
201 203
201 229
202 230
202 206
203 204
203 207
204 209
204 205
205 208
205 207
206 207
208 209
208 250
209 247
210 229
210 235
211 978
212 240
213 859
213 631
214 859
215 219
215 216
215 452
216 218
217 247
217 218
218 220
219 453
219 634
219 222
220 247
220 221
222 655
222 224
223 267
223 224
223 508
224 264
225 268
225 508
225 226
226 269
226 514
227 514
227 280
227 857
228 728
228 284
228 857
230 238
230 231
231 246
232 238
233 255
233 256
234 255
235 237
235 240
236 237
237 239
238 244
239 668
240 881
241 295
241 296
241 739
242 668
243 244
245 262
245 258
247 248
248 249
248 252
249 250
249 653
250 251
253 257
254 255
256 259
257 701
257 653
258 260
258 262
259 260
260 261
261 263
262 273
263 670
263 672
264 265
264 266
269 270
269 271
271 280
271 272
273 672
273 274
274 614
274 275
275 649
276 618
277 279
277 644
277 649
278 646
278 279
278 648
279 648
280 283
281 283
281 284
281 620
282 282
282 283
284 723
285 286
286 306
287 289
287 288
287 697
289 290
290 293
290 908
291 292
292 294
292 908
295 296
295 301
296 881
297 299
298 301
299 302
299 306
300 302
301 302
301 303
304 305
305 308
305 309
305 307
308 309
308 310
309 310
310 311
312 678
312 680
312 1108
313 749
313 750
314 315
314 979
314 318
315 316
316 317
316 842
317 319
317 843
318 320
318 591
319 320
320 321
321 591
322 324
322 882
323 882
323 687
323 622
324 1123
324 687
325 949
325 1120
326 327
326 957
327 623
328 948
329 332
329 974
329 330
331 332
331 974
331 588
333 941
333 335
333 691
334 916
334 590
334 335
335 941
336 623
337 972
337 737
337 973
338 954
338 911
338 953
339 973
339 1127
340 953
340 1127
341 971
341 1043
342 360
343 367
343 682
343 344
344 371
344 368
345 880
346 347
346 620
346 879
347 352
348 856
348 379
348 380
349 350
349 716
349 351
350 1060
350 1071
350 1059
351 716
351 354
352 354
353 355
354 355
355 356
357 363
357 365
357 358
358 360
358 359
359 360
359 682
360 362
361 362
362 366
363 370
363 371
364 658
364 373
364 1045
365 658
365 372
369 370
369 375
369 372
370 371
372 373
373 374
374 377
374 376
378 1071
380 381
380 382
381 856
383 910
383 384
384 910
385 394
386 1047
386 1046
387 793
387 765
387 768
388 389
389 767
389 768
390 393
390 391
392 393
394 397
395 396
398 758
399 758
399 405
400 761
401 760
402 759
403 761
403 404
403 762
404 760
404 755
404 753
405 759
406 408
407 409
408 409
408 579
409 1037
410 868
410 677
410 676
411 676
411 853
411 860
411 854
412 848
412 831
412 825
413 846
413 675
414 860
415 836
415 828
417 431
417 975
418 421
419 849
419 421
419 896
420 896
420 897
421 897
422 849
422 894
423 424
423 894
423 895
424 425
426 433
427 914
427 710
428 1114
428 430
429 710
434 435
435 439
435 436
436 437
437 438
440 445
441 446
442 444
443 444
444 449
445 446
447 450
448 450
452 634
453 465
453 612
454 639
454 613
454 638
455 456
456 458
456 469
457 683
458 459
458 460
459 461
459 460
460 486
461 683
461 577
462 463
462 612
464 466
464 468
465 466
465 503
466 467
470 998
470 471
470 485
471 1086
471 483
472 475
472 473
472 1053
473 474
473 477
474 480
474 476
476 610
476 1083
477 478
477 482
478 610
478 992
479 480
479 524
479 525
480 660
481 599
481 518
481 965
482 790
482 659
484 1086
484 643
484 489
485 491
487 488
487 1082
487 577
490 491
492 990
492 992
492 988
493 511
493 1082
493 494
495 496
495 500
495 497
497 683
497 498
498 577
498 509
499 500
500 502
501 505
502 506
502 503
503 504
505 509
505 506
506 507
508 512
508 657
509 510
510 1070
510 511
510 703
511 515
513 514
515 733
515 521
516 779
516 784
516 780
517 959
517 777
517 772
518 733
518 1069
519 733
519 520
519 732
520 959
522 727
522 1069
522 1070
523 608
523 525
524 1022
524 717
525 526
527 744
527 773
527 568
528 603
528 773
528 1024
529 901
529 719
529 900
530 568
530 867
530 563
530 746
531 567
531 994
531 1105
532 1028
532 608
532 534
532 533
533 902
533 543
534 1030
534 539
534 729
535 1033
535 541
535 537
536 537
536 546
536 730
537 538
538 546
538 541
538 545
539 1033
539 540
541 542
542 545
542 1009
543 554
543 729
544 729
545 546
547 565
548 549
548 718
549 1024
550 900
550 902
550 551
551 553
551 557
552 553
553 555
554 1008
554 1010
554 1011
555 1012
555 999
556 563
556 557
556 559
557 558
558 561
558 559
559 1018
559 562
562 1006
562 1012
563 747
563 1005
564 566
564 748
565 1006
565 567
568 745
569 809
569 744
569 726
570 571
570 574
570 576
571 745
571 572
572 573
572 574
573 575
573 574
575 576
578 858
579 581
580 1073
580 1039
581 1040
581 715
582 583
582 1040
582 1039
584 952
584 589
584 585
585 588
585 974
586 903
586 588
586 590
587 951
587 952
589 691
589 942
590 691
591 980
592 980
592 593
592 1123
593 688
593 1121
594 844
595 950
595 1140
596 1054
596 944
596 943
597 603
597 743
597 604
598 965
598 601
598 611
599 965
599 601
600 943
600 611
600 602
601 604
602 603
602 604
605 606
606 1026
606 741
607 740
607 1034
608 720
608 1026
609 966
609 859
610 988
611 944
612 613
613 635
614 618
614 615
615 616
615 960
616 961
616 734
617 961
618 878
619 877
619 878
619 874
620 1058
621 978
622 826
623 626
624 627
624 626
625 626
628 887
628 886
628 889
629 687
629 957
630 886
630 888
632 633
633 684
634 636
635 636
636 637
638 639
638 640
640 641
640 643
641 643
641 642
644 1045
644 649
645 646
645 967
646 968
647 967
647 879
647 968
648 1060
650 963
650 884
651 652
651 769
653 654
656 658
661 662
663 664
663 666
663 665
665 1114
665 666
668 669
671 672
673 1066
674 872
674 827
675 871
676 870
676 872
677 850
677 852
677 869
678 697
678 970
679 865
680 681
682 970
684 821
685 950
686 739
686 751
688 1119
689 1043
689 1126
690 956
690 1126
692 693
694 695
696 698
697 969
698 700
698 699
699 702
699 704
702 960
702 704
704 705
705 707
705 1107
706 1106
706 1066
706 1107
706 1057
708 1057
708 1058
709 918
709 817
711 1075
711 1076
713 1074
714 715
715 1042
716 880
717 720
717 931
718 929
718 935
719 928
719 932
720 901
721 727
721 722
721 724
722 857
722 724
722 728
723 725
723 728
725 728
726 898
726 899
727 857
730 742
730 740
731 990
732 732
735 977
735 976
736 738
737 738
739 751
740 742
741 1027
741 1028
742 1035
743 744
743 773
744 745
745 1016
746 747
746 763
747 1077
748 994
748 1077
749 750
749 832
750 835
752 1118
752 868
753 1076
753 755
754 756
754 759
755 756
756 760
757 758
758 759
760 761
761 762
763 867
763 1017
764 767
765 766
765 768
765 792
766 767
766 791
770 771
771 772
773 1024
774 775
774 776
776 778
777 779
777 778
778 779
781 783
782 783
783 784
784 786
785 786
786 790
787 789
788 789
789 790
791 792
791 796
792 793
792 796
793 794
794 796
794 795
795 796
797 1048
797 805
797 818
798 799
799 810
799 800
800 805
800 801
801 804
801 805
802 804
802 803
802 811
803 804
803 805
805 818
806 818
806 807
807 808
808 809
809 899
810 899
810 811
811 812
812 1048
813 814
813 853
814 871
815 816
819 820
821 821
822 823
822 1056
823 824
823 1055
826 848
826 891
827 847
828 838
828 829
830 831
831 835
832 833
833 1135
833 1137
834 1130
834 1128
834 835
837 838
838 839
839 840
839 883
841 883
842 843
842 844
843 845
844 845
846 847
847 963
848 883
848 884
849 895
850 854
850 851
851 852
851 854
852 862
853 855
858 859
860 862
860 861
863 864
864 1111
865 1044
865 866
866 1044
867 1014
868 869
868 964
870 964
871 872
874 938
874 876
875 1064
875 1058
875 876
876 877
877 878
879 880
882 883
884 887
885 889
885 888
887 889
891 893
892 893
894 895
895 896
896 897
900 1014
901 902
903 905
903 906
904 905
904 915
904 916
905 906
906 907
907 947
907 950
908 909
909 1045
910 911
912 913
913 914
915 916
917 918
918 975
919 921
919 932
919 940
919 928
920 940
921 924
921 926
921 922
922 929
922 930
923 930
924 930
924 926
924 925
926 928
926 927
929 930
932 933
934 939
935 939
935 937
936 937
937 1022
939 940
941 942
942 951
943 944
945 946
947 948
948 1140
949 1121
951 952
953 954
954 1127
955 956
957 958
960 961
967 968
969 970
971 1043
971 1126
972 973
976 977
977 1122
979 979
980 981
982 985
982 1124
982 987
983 984
983 985
984 986
985 986
986 987
987 1124
988 989
990 991
992 993
993 1142
993 1141
994 995
995 996
995 997
998 1083
998 1089
999 1007
999 1010
1000 1004
1000 1019
1000 1001
1000 1002
1000 1036
1003 1004
1003 1007
1005 1018
1006 1013
1006 1018
1007 1011
1007 1013
1008 1009
1010 1011
1012 1013
1014 1015
1016 1017
1019 1020
1019 1021
1022 1023
1023 1023
1025 1026
1027 1028
1027 1029
1028 1030
1029 1030
1029 1031
1030 1032
1031 1032
1031 1034
1032 1035
1033 1035
1034 1035
1037 1038
1039 1074
1040 1041
1046 1047
1049 1051
1050 1051
1051 1052
1053 1054
1060 1061
1061 1062
1061 1063
1064 1106
1064 1065
1066 1068
1066 1067
1069 1070
1071 1072
1073 1074
1075 1076
1077 1079
1078 1079
1079 1080
1081 1082
1083 1099
1084 1090
1084 1085
1084 1087
1085 1086
1085 1095
1087 1091
1087 1098
1088 1089
1088 1090
1088 1094
1089 1097
1090 1093
1090 1091
1091 1092
1093 1103
1093 1100
1094 1101
1094 1104
1095 1096
1095 1103
1102 1104
1103 1104
1106 1107
1108 1109
1109 1110
1110 1111
1112 1114
1113 1114
1115 1117
1116 1117
1119 1120
1120 1121
1123 1124
1125 1140
1128 1129
1129 1131
1130 1132
1130 1131
1131 1133
1132 1134
1132 1133
1133 1135
1134 1136
1134 1135
1136 1138
1136 1137
1137 1139
1138 1139
