0 1629
0 922
1 1413
1 4
1 1412
1 13
2 1463
2 898
3 1630
3 1071
4 1409
4 1879
4 1411
5 1633
5 1684
5 1591
6 1877
6 1354
6 7
7 1139
7 1843
8 1467
8 1461
8 1462
9 61
9 1466
9 1467
10 209
10 1862
11 1881
11 209
11 1409
12 1843
12 13
12 1840
12 1878
12 1879
13 1846
13 1844
13 1879
14 1408
14 88
15 1266
15 1466
15 16
15 1268
16 63
16 17
16 1918
17 1928
17 1837
18 1625
18 19
18 1630
19 1622
19 1626
20 251
20 1839
21 1857
21 22
22 23
22 1289
23 26
23 34
24 1287
24 34
24 25
25 26
25 1589
27 28
28 39
28 1589
29 1299
29 39
29 1287
30 1592
30 1632
31 1865
31 1876
31 1875
32 1865
32 83
33 1343
33 1868
34 1288
35 36
35 38
36 38
36 37
36 42
37 41
37 40
37 42
38 54
39 1813
39 1822
40 41
40 58
41 1857
43 1305
43 1758
43 1771
44 1774
44 1767
44 1304
45 1288
45 1289
45 990
46 489
46 1676
47 986
47 1617
47 57
48 49
48 155
48 1148
49 1312
49 490
50 1759
50 1212
50 332
50 1775
51 1015
51 56
51 489
52 992
52 59
52 54
53 58
53 60
53 989
54 55
55 1148
55 1617
56 57
56 1676
56 986
57 58
59 992
60 1613
61 1826
61 1413
61 62
62 936
62 937
63 1826
63 897
64 1349
64 890
64 1860
65 1341
65 1351
65 893
66 893
66 1343
66 1330
67 69
67 1756
68 70
68 1531
68 476
69 1531
69 1532
69 1756
69 1485
70 1538
70 1802
70 1485
71 476
71 473
71 1414
72 708
72 1539
72 1306
73 1802
73 1414
73 1416
73 1792
73 1798
74 1421
74 1793
74 1787
75 708
75 76
75 1819
75 1943
75 81
76 714
76 81
77 1304
77 78
77 80
77 1808
78 79
78 1305
79 1301
79 80
80 1807
80 1299
81 1636
82 1355
82 1358
82 249
83 894
83 86
84 894
84 1136
84 1137
85 86
86 895
87 1139
87 896
88 1864
88 1410
89 1875
89 1742
89 1874
90 1743
90 1276
90 1277
90 1528
91 95
92 95
92 1277
92 93
93 94
93 896
95 926
96 1743
96 1334
96 1887
96 1336
97 1255
97 1258
97 1253
98 1937
98 411
98 409
99 792
99 338
99 807
100 108
100 1527
100 101
101 102
101 796
102 103
102 140
103 777
103 135
104 880
104 885
104 861
105 885
105 106
105 107
106 107
106 342
107 884
108 860
108 109
109 110
110 141
110 684
110 685
111 727
111 691
111 1038
112 1937
112 113
112 1936
113 397
113 341
114 642
114 400
114 397
115 412
115 341
115 884
116 730
116 395
116 1034
117 1032
117 727
117 1037
118 1034
118 729
118 1036
119 624
119 639
119 1569
120 731
120 628
120 581
121 1040
121 1039
121 1021
121 1026
121 1674
122 635
122 634
122 1206
123 352
123 621
123 229
123 351
124 353
124 736
124 734
125 1146
125 736
125 550
126 548
126 1549
126 545
126 1149
126 542
127 599
127 130
127 129
128 540
128 488
128 1035
128 483
130 548
130 131
131 757
131 597
132 599
132 597
132 594
133 1616
134 1909
134 1143
134 1130
135 700
135 674
136 141
136 677
136 676
137 1062
137 199
137 310
138 167
138 670
138 1752
139 1036
139 1032
139 1033
140 1062
140 777
141 1154
142 805
142 385
142 802
142 1453
143 840
143 803
143 387
144 147
144 330
144 703
145 331
145 146
145 147
146 190
146 189
147 148
148 154
148 150
149 1483
149 156
149 760
149 154
150 332
150 1320
151 1320
151 153
151 154
152 244
152 245
152 1691
152 153
153 1565
155 1617
155 1148
155 1565
156 1328
156 1329
157 791
157 204
157 158
158 289
158 203
159 1385
159 287
159 289
160 1070
160 186
160 1067
161 811
161 959
161 960
162 213
163 216
163 947
163 480
164 165
164 818
164 1961
164 321
165 166
165 659
166 1435
166 672
167 956
167 672
168 822
168 1438
168 818
169 1300
169 973
169 193
170 171
170 975
170 1011
170 966
171 1004
171 1540
172 1745
172 709
172 173
173 1302
173 182
174 258
174 197
174 198
174 178
175 1067
175 1065
175 1093
176 1379
176 293
176 288
176 1385
177 653
177 275
177 652
178 652
178 295
178 296
179 789
179 274
179 297
179 647
180 1243
180 1238
180 414
180 1244
181 709
182 183
182 1303
183 1298
184 191
184 1096
184 288
185 417
185 413
185 186
186 1244
187 328
187 1284
187 188
188 329
188 192
188 915
189 329
189 929
190 248
190 191
191 939
192 1602
192 1714
193 194
193 1811
195 1741
195 1639
195 1431
195 1489
195 1488
196 301
196 306
196 423
197 296
197 306
198 275
198 276
199 1491
199 200
199 418
200 783
200 302
201 202
201 278
201 1459
202 203
202 1567
203 1520
204 205
204 942
205 931
205 428
206 931
206 206
207 931
208 284
209 1880
210 427
210 217
210 813
211 747
211 232
211 868
211 376
212 222
212 231
212 1635
213 1635
214 379
214 674
214 377
215 419
215 717
215 1062
216 1563
216 947
217 1563
217 816
217 426
218 764
218 482
218 219
218 1445
219 817
219 376
220 222
220 933
220 817
221 366
221 743
221 742
222 365
222 872
223 746
223 226
223 357
223 232
224 227
224 695
224 687
225 687
225 697
225 226
226 687
227 1390
227 1780
227 230
228 349
228 357
228 350
228 697
229 347
229 749
230 695
230 696
231 1577
231 742
232 867
233 1615
233 992
233 969
234 967
234 1692
234 1675
235 236
235 409
236 431
236 763
237 1232
237 438
237 763
238 1228
238 1230
239 240
239 1227
239 243
240 759
240 447
241 759
241 1327
241 244
242 451
242 1566
242 452
243 991
243 758
244 991
245 1690
245 1614
245 1615
246 1691
246 1007
246 1614
247 1608
247 1363
247 920
249 1140
249 1839
249 1355
250 1140
250 1138
251 1354
251 1839
252 932
252 1153
252 394
253 1880
253 1882
253 1883
254 1342
254 1343
254 1884
255 1447
255 1393
255 390
256 1580
256 1393
256 391
257 1145
257 1751
257 1901
257 1143
258 259
258 260
259 781
259 260
260 1018
261 1018
262 1132
262 272
262 1586
262 264
263 1127
263 1132
263 274
264 1637
264 425
265 266
265 1142
265 1144
266 267
266 1586
267 268
267 270
268 270
268 269
269 1145
269 669
270 786
271 786
272 1637
272 1667
273 297
273 422
273 1133
274 1133
275 650
276 1459
276 781
277 292
277 1386
277 1379
278 657
278 1360
279 282
279 1134
279 336
280 1134
280 1567
280 285
280 428
281 430
281 1508
281 1507
282 430
282 285
283 285
283 284
285 940
286 287
286 289
286 791
287 288
289 1380
290 291
290 294
290 1066
291 294
291 292
292 1383
293 1066
293 294
295 1064
295 1070
296 300
297 298
298 299
298 424
299 300
300 789
302 785
302 303
303 304
303 305
304 1432
304 1488
305 308
305 785
306 1698
306 1018
307 1639
307 1640
308 1698
308 1694
309 1695
309 655
309 1639
310 311
310 316
311 312
311 316
312 1423
312 315
313 314
313 1423
313 780
314 315
315 945
316 945
317 659
317 667
317 1950
318 319
318 323
318 855
319 320
319 322
320 852
320 853
321 852
321 323
323 819
324 325
324 819
324 822
325 326
325 947
326 327
326 1440
327 480
327 1964
329 928
330 331
330 1419
331 929
332 1696
333 1697
333 334
334 1603
335 1603
335 1775
335 1772
335 705
335 1773
336 337
336 431
337 792
337 794
338 876
338 339
340 807
341 342
342 1543
343 344
343 523
343 1403
344 1402
344 1424
345 520
346 1025
346 752
346 347
347 348
348 749
348 751
349 749
349 350
350 751
351 734
351 352
352 354
353 355
353 735
354 749
354 357
354 735
355 738
355 358
356 748
356 738
356 360
357 748
358 739
358 372
359 371
359 360
359 739
360 1544
361 362
361 363
361 1544
362 745
362 746
363 364
363 370
364 744
364 367
365 1576
365 744
366 741
366 373
367 741
367 369
368 369
368 371
368 740
369 370
370 371
372 740
372 373
373 737
374 375
374 737
374 554
376 723
376 377
377 717
378 380
378 680
378 773
379 381
379 773
380 866
380 381
381 868
382 838
382 1135
382 840
383 837
383 766
383 842
384 387
384 832
384 848
385 1397
385 832
386 388
386 1397
387 1530
388 1453
388 1455
388 389
389 806
390 1585
390 1583
391 955
391 946
391 949
392 946
392 1394
392 950
393 826
393 954
393 951
394 1194
394 730
395 1198
395 1199
396 1571
396 1195
396 886
397 405
398 637
398 405
398 402
399 1571
399 637
399 404
399 1570
400 1569
400 401
401 403
401 1568
402 1568
402 636
405 1570
406 407
406 632
406 1199
407 408
407 623
409 1938
410 1516
410 1938
411 1514
411 1515
413 1611
413 414
414 1238
415 1235
415 1236
415 1237
416 1233
416 1235
416 1236
417 1610
419 420
419 814
420 1492
420 1433
421 673
421 787
421 1638
422 787
422 425
423 424
423 673
424 787
425 787
427 815
427 1618
428 1567
429 430
429 1511
429 1510
431 811
432 433
432 1216
433 1003
433 434
434 1223
434 1225
435 1224
435 1223
435 1479
436 437
436 1224
437 1222
438 999
438 1226
439 999
439 978
439 993
440 810
440 993
440 978
441 1523
441 957
441 810
442 445
442 446
442 443
443 444
444 1222
445 446
445 445
446 957
447 448
447 1566
448 449
448 450
451 1329
451 453
452 452
453 454
453 455
456 458
457 459
457 1932
458 1931
458 1932
459 1931
460 462
460 1353
461 1270
461 462
463 1272
463 1273
463 1531
464 465
464 1273
464 1274
465 466
465 472
466 467
467 468
468 469
468 1973
469 1974
469 470
470 1211
470 1210
471 1211
473 921
473 927
473 1415
474 927
474 475
474 915
476 477
477 927
477 914
478 927
479 1445
479 1969
479 1450
480 1574
481 1444
481 1574
481 1573
482 1444
482 1445
483 539
483 484
483 550
484 1502
484 1503
485 486
485 487
485 1496
486 617
486 487
487 614
488 755
488 1504
489 1326
490 1540
490 1250
491 1014
491 1008
491 975
492 529
492 1549
492 531
493 521
493 524
493 534
493 527
494 1556
494 534
494 508
494 501
495 1556
495 500
495 498
495 496
496 497
497 1556
498 499
499 1556
501 502
501 504
502 503
502 505
503 506
504 507
504 505
505 506
506 552
507 509
507 510
507 508
508 509
509 512
509 1553
510 512
510 511
511 553
511 512
513 514
513 1043
513 516
513 518
514 515
514 1401
516 517
516 519
520 1424
520 1043
521 522
521 523
524 525
524 528
526 527
527 529
529 530
531 1587
532 538
533 538
534 535
535 536
535 1554
535 537
536 537
536 538
537 538
538 1554
539 539
540 757
540 541
542 545
542 546
543 561
543 546
543 545
544 547
544 1848
544 1146
546 560
547 549
547 1149
548 549
549 550
551 568
551 1043
551 1042
552 568
552 569
552 553
553 1552
554 569
554 555
555 572
555 556
556 557
556 562
556 571
557 558
557 559
558 559
558 560
559 560
561 1848
561 1149
562 563
562 564
565 566
565 1042
565 743
566 568
566 567
569 570
572 573
572 1505
573 574
573 579
574 1506
574 576
575 1506
576 577
576 578
579 1506
579 1505
580 1505
581 582
581 1039
582 583
582 585
583 584
584 585
584 588
585 586
585 587
587 589
587 588
588 589
589 590
590 1674
591 594
591 592
591 601
592 593
593 602
594 595
595 596
595 597
597 598
598 599
598 600
601 603
601 757
601 602
602 1245
603 1247
603 1246
604 605
604 1246
604 607
605 607
605 606
606 1245
606 607
608 733
608 609
608 1208
609 610
609 613
610 611
610 612
611 613
611 612
612 613
614 755
614 615
615 1209
615 732
616 1209
616 618
616 617
617 621
619 622
620 622
621 622
623 625
623 627
624 1197
624 625
625 627
626 627
628 629
628 639
630 631
631 633
631 635
632 634
632 633
633 634
635 731
637 638
639 640
641 642
642 643
643 644
643 1936
645 1387
645 1095
645 646
645 1939
647 788
647 648
648 649
648 1457
650 651
650 652
653 1383
653 1459
654 1695
655 1698
655 673
656 931
657 658
657 793
659 660
660 661
660 665
661 664
661 662
662 663
662 666
666 1677
666 668
667 671
667 1606
669 1753
670 1753
670 1750
670 956
671 1755
671 1754
672 1487
672 1061
674 675
676 680
676 1490
677 700
677 678
678 698
678 679
680 698
681 683
681 682
681 698
684 1780
684 1154
685 686
685 1781
688 1038
688 1190
688 690
689 1190
689 693
689 690
690 1391
691 1022
691 725
692 728
692 1389
692 726
694 695
694 697
694 696
696 751
698 699
699 699
700 701
702 1802
702 1798
702 1306
703 704
703 1308
705 1760
705 1764
706 710
706 1307
706 709
707 710
707 708
707 1010
710 983
711 713
711 712
711 1807
712 1808
712 714
713 714
713 1636
715 1819
715 1535
715 1620
716 1946
717 718
718 720
718 719
720 721
720 722
723 724
723 813
725 1023
725 729
726 1022
726 1023
727 1028
728 1189
728 1781
728 1031
729 1030
730 1030
731 1039
732 1673
732 1040
732 1026
733 1204
733 1021
734 735
735 738
736 737
737 743
738 739
739 740
740 741
741 742
744 745
745 872
746 747
746 748
747 933
750 1190
752 753
752 754
755 756
756 756
758 1615
758 991
759 991
760 1329
760 761
761 762
761 1566
762 763
762 1523
764 765
764 1563
766 1437
766 767
767 768
767 836
768 834
768 835
769 821
770 772
770 1607
770 1972
770 1778
771 823
771 772
771 827
772 821
773 774
774 776
774 775
777 778
779 1361
779 780
781 943
782 783
783 943
784 785
786 1586
788 1940
788 789
790 791
792 1527
793 1527
793 794
794 1134
795 796
796 1360
797 1789
797 1787
797 928
797 1797
798 1020
798 1369
798 1019
798 1373
799 920
799 1375
799 1074
800 1611
800 1233
800 920
801 1239
801 1119
801 1234
801 1236
802 803
802 1530
803 804
803 805
805 806
806 1453
807 880
808 809
808 1525
808 1508
810 812
811 812
813 1561
814 1561
814 815
815 1436
817 933
818 819
820 821
822 825
824 827
825 826
825 953
826 948
827 829
828 829
829 1437
830 948
831 832
831 1442
831 833
833 1451
833 955
836 837
837 838
838 843
839 841
840 841
841 844
842 1441
842 843
843 1439
845 847
846 847
846 1441
846 848
847 848
849 852
849 850
849 851
854 855
855 856
856 857
856 1962
858 860
859 859
859 861
860 861
862 863
863 1189
863 1912
864 866
865 869
866 867
867 869
868 871
869 871
870 871
872 873
874 875
874 1517
874 1516
876 877
876 878
876 1512
877 1514
877 879
880 881
882 884
883 885
886 1153
886 1151
887 888
888 1189
888 1542
889 1881
889 891
889 1341
890 890
892 1863
892 1340
892 1872
893 1344
894 896
895 1900
895 896
897 1860
898 913
899 1934
899 1468
899 900
900 902
900 1476
900 1464
901 1471
901 902
901 1473
902 1474
903 1478
904 1914
904 1261
904 905
905 906
905 907
906 910
906 908
908 911
908 910
909 911
909 1356
909 910
910 1356
910 1358
911 1353
912 1472
912 1469
912 1269
913 925
913 1590
915 1286
915 1782
916 1395
916 1858
916 917
917 1396
917 918
918 919
918 944
921 1417
921 1418
922 1621
922 1622
923 1069
923 1720
923 1068
924 1064
924 1068
924 1066
925 938
928 1797
929 930
932 1198
932 1197
934 1620
934 1946
934 935
936 937
937 938
940 941
940 942
942 1481
943 945
944 1366
944 1372
946 951
946 950
947 1963
948 952
949 951
949 954
950 953
952 954
952 955
953 1440
956 1486
958 1526
961 1000
961 965
961 1292
962 1009
963 967
964 1226
964 1225
964 1001
966 973
966 997
967 995
968 985
968 980
968 998
969 1006
969 1690
970 997
971 995
972 1009
972 1215
972 1214
973 984
974 1296
974 1292
974 1000
975 1014
976 1249
977 994
977 1675
977 1279
978 993
979 1009
980 988
980 985
981 1294
982 1014
982 982
985 998
986 994
987 1004
989 1278
989 1613
990 1812
990 1301
994 1278
994 1692
995 1214
996 1297
997 1005
998 1013
999 1226
1000 1291
1000 1605
1001 1013
1001 1480
1002 1016
1004 1249
1007 1565
1007 1017
1012 1294
1012 1296
1012 1297
1013 1013
1016 1676
1016 1215
1019 1367
1019 1371
1019 1368
1020 1074
1020 1678
1020 1370
1021 1041
1021 1039
1022 1038
1022 1023
1023 1031
1024 1033
1024 1037
1024 1648
1024 1032
1025 1037
1025 1028
1026 1029
1027 1036
1027 1034
1027 1033
1027 1202
1028 1037
1028 1038
1029 1207
1029 1647
1030 1031
1030 1034
1033 1649
1035 1673
1035 1616
1039 1674
1040 1673
1040 1616
1040 1674
1041 1205
1041 1650
1042 1399
1044 1045
1045 1048
1045 1376
1046 1048
1047 1713
1048 1052
1048 1377
1049 1710
1050 1052
1051 1709
1052 1056
1052 1719
1053 1708
1054 1056
1055 1707
1056 1060
1056 1718
1057 1706
1058 1705
1059 1704
1060 1717
1060 1715
1061 1752
1061 1755
1063 1065
1063 1271
1063 1720
1063 1069
1064 1737
1065 1085
1067 1738
1068 1737
1069 1387
1069 1089
1070 1738
1071 1631
1072 1526
1072 1947
1073 1074
1073 1097
1073 1678
1075 1600
1075 1601
1075 1687
1075 1686
1076 1594
1076 1689
1076 1687
1077 1593
1077 1688
1077 1594
1078 1588
1078 1118
1078 1097
1079 1560
1079 1558
1079 1593
1080 1087
1080 1730
1080 1732
1081 1732
1081 1090
1081 1734
1082 1734
1082 1091
1082 1736
1083 1736
1083 1092
1083 1084
1084 1806
1084 1093
1084 1085
1085 1271
1086 1089
1086 1804
1086 1805
1087 1725
1087 1727
1088 1804
1089 1271
1090 1723
1090 1725
1091 1721
1091 1723
1092 1093
1092 1721
1094 1096
1094 1095
1094 1094
1095 1096
1097 1117
1098 1099
1099 1101
1099 1100
1100 1102
1100 1120
1100 1104
1101 1102
1101 1121
1102 1108
1103 1107
1103 1120
1103 1104
1104 1108
1104 1109
1105 1106
1106 1109
1106 1110
1107 1114
1107 1110
1108 1111
1109 1111
1110 1112
1110 1113
1111 1112
1112 1130
1113 1115
1114 1115
1114 1901
1115 1116
1117 1233
1117 1118
1118 1120
1119 1907
1119 1234
1121 1241
1121 1242
1121 1907
1122 1127
1122 1123
1123 1124
1123 1131
1124 1126
1124 1125
1124 1128
1125 1126
1125 1129
1126 1129
1126 1128
1127 1131
1128 1129
1129 1131
1130 1142
1132 1133
1135 1778
1135 1607
1138 1139
1138 1140
1141 1374
1141 1913
1141 1608
1142 1144
1143 1144
1143 1909
1144 1145
1146 1975
1147 1862
1147 1861
1148 1313
1150 1151
1150 1188
1150 1912
1150 1543
1150 1152
1151 1543
1152 1153
1152 1194
1154 1155
1155 1157
1155 1158
1156 1162
1157 1161
1157 1163
1158 1163
1158 1162
1159 1164
1160 1161
1161 1168
1161 1173
1162 1167
1162 1166
1163 1167
1163 1168
1164 1169
1164 1170
1164 1166
1165 1169
1166 1171
1166 1170
1167 1171
1167 1172
1168 1173
1168 1172
1169 1174
1169 1175
1170 1177
1170 1175
1171 1176
1172 1178
1172 1176
1173 1176
1175 1181
1175 1179
1176 1180
1177 1181
1177 1180
1180 1185
1180 1183
1181 1182
1181 1183
1183 1186
1184 1186
1186 1187
1191 1193
1191 1542
1191 1192
1192 1192
1193 1196
1193 1194
1195 1197
1199 1200
1200 1206
1200 1201
1201 1203
1201 1202
1202 1204
1203 1208
1203 1204
1204 1650
1205 1649
1205 1650
1205 1207
1206 1208
1207 1647
1207 1648
1209 1647
1209 1652
1211 1422
1212 1312
1212 1213
1212 1759
1214 1218
1215 1220
1216 1221
1216 1675
1217 1220
1218 1224
1218 1219
1218 1221
1220 1222
1221 1223
1225 1480
1227 1228
1229 1479
1230 1231
1231 1232
1233 1234
1235 1236
1236 1239
1237 1651
1237 1240
1237 1238
1239 1240
1239 1241
1240 1243
1240 1242
1241 1242
1241 1907
1243 1244
1243 1457
1245 1246
1248 1249
1251 1252
1252 1915
1252 1256
1253 1254
1253 1255
1254 1915
1254 1257
1255 1259
1257 1258
1257 1914
1258 1914
1259 1260
1259 1837
1261 1262
1261 1263
1262 1263
1262 1930
1263 1264
1265 1266
1266 1267
1267 1268
1267 1269
1268 1469
1269 1270
1270 1472
1271 1805
1272 1756
1272 1273
1273 1274
1274 1275
1276 1867
1276 1866
1276 1873
1277 1836
1277 1867
1278 1279
1279 1613
1280 1395
1280 1283
1280 1282
1281 1284
1281 1282
1281 1395
1282 1284
1283 1285
1283 1286
1285 1286
1287 1288
1287 1813
1288 1289
1289 1812
1290 1291
1291 1293
1292 1296
1294 1297
1295 1300
1298 1302
1299 1815
1299 1301
1300 1302
1301 1814
1303 1303
1304 1817
1304 1305
1305 1816
1306 1765
1306 1307
1307 1762
1307 1809
1308 1603
1308 1801
1308 1764
1309 1313
1310 1311
1311 1314
1311 1313
1312 1320
1315 1317
1315 1326
1315 1316
1316 1317
1316 1319
1317 1319
1318 1319
1321 1324
1322 1325
1323 1325
1324 1326
1324 1325
1327 1328
1330 1344
1330 1331
1331 1337
1331 1332
1332 1886
1332 1333
1333 1886
1333 1334
1333 1335
1334 1335
1335 1336
1336 1338
1337 1338
1337 1899
1338 1339
1340 1871
1340 1864
1341 1349
1342 1868
1342 1871
1344 1345
1345 1346
1345 1349
1346 1407
1346 1347
1347 1352
1347 1348
1350 1351
1350 1884
1350 1883
1352 1886
1352 1887
1354 1838
1355 1838
1355 1358
1356 1422
1357 1359
1359 1364
1359 1683
1360 1361
1361 1423
1362 1363
1362 1913
1364 1370
1364 1678
1364 1365
1364 1369
1365 1367
1365 1368
1366 1371
1366 1368
1367 1369
1369 1370
1371 1373
1371 1372
1372 1913
1372 1374
1373 1374
1373 1375
1374 1375
1378 1385
1378 1382
1378 1380
1378 1384
1379 1382
1380 1519
1381 1384
1381 1519
1381 1521
1382 1386
1382 1384
1383 1522
1386 1521
1387 1804
1388 1781
1388 1392
1388 1389
1389 1391
1390 1391
1390 1392
1392 1780
1393 1394
1397 1452
1398 1399
1399 1400
1402 1402
1404 1405
1404 1885
1404 1888
1405 1406
1406 1407
1407 1889
1408 1894
1408 1410
1408 1742
1409 1832
1409 1830
1410 1868
1410 1903
1411 1830
1411 1412
1411 1625
1412 1624
1412 1829
1413 1827
1413 1824
1414 1415
1415 1416
1416 1417
1416 1783
1417 1788
1417 1418
1418 1420
1418 1803
1419 1421
1419 1801
1419 1793
1420 1796
1420 1788
1421 1558
1421 1641
1422 1683
1425 1426
1425 1427
1425 1487
1427 1428
1427 1430
1428 1741
1428 1435
1429 1434
1431 1436
1431 1433
1432 1433
1432 1702
1434 1436
1434 1435
1437 1438
1438 1442
1440 1443
1441 1442
1444 1575
1446 1447
1447 1581
1448 1449
1449 1585
1449 1582
1451 1452
1451 1454
1452 1454
1455 1456
1457 1458
1460 1460
1460 1461
1461 1462
1462 1463
1463 1464
1464 1934
1465 1633
1465 1634
1465 1591
1465 1621
1466 1467
1468 1471
1468 1470
1469 1470
1470 1471
1472 1473
1473 1475
1474 1476
1474 1475
1475 1478
1476 1478
1477 1685
1479 1480
1481 1518
1481 1482
1482 1484
1482 1483
1483 1484
1484 1507
1485 1533
1486 1741
1486 1487
1488 1489
1489 1699
1490 1490
1491 1494
1491 1492
1492 1493
1495 1496
1496 1497
1497 1498
1497 1500
1499 1500
1500 1502
1501 1502
1503 1504
1507 1680
1508 1509
1513 1514
1519 1520
1520 1522
1521 1522
1523 1524
1524 1525
1525 1948
1528 1836
1528 1835
1528 1840
1529 1530
1532 1534
1532 1536
1532 1619
1533 1536
1533 1538
1534 1535
1534 1537
1535 1943
1535 1944
1536 1539
1536 1537
1537 1943
1538 1941
1539 1942
1540 1541
1542 1912
1544 1545
1546 1547
1546 1550
1546 1551
1547 1550
1547 1548
1548 1549
1548 1587
1550 1551
1551 1552
1554 1555
1557 1689
1557 1641
1557 1686
1557 1558
1558 1559
1558 1688
1559 1643
1559 1644
1559 1560
1560 1595
1560 1645
1561 1562
1562 1562
1564 1981
1564 1976
1564 1858
1564 1980
1568 1569
1570 1571
1572 1574
1576 1577
1576 1578
1577 1579
1581 1583
1581 1582
1582 1584
1583 1584
1584 1585
1589 1813
1590 1633
1590 1634
1591 1629
1593 1596
1593 1597
1594 1598
1594 1599
1597 1599
1597 1646
1599 1601
1601 1602
1602 1641
1603 1775
1604 1605
1605 1812
1606 1972
1606 1607
1608 1609
1610 1612
1610 1611
1614 1691
1614 1690
1619 1944
1619 1945
1620 1944
1621 1628
1621 1629
1622 1623
1623 1626
1623 1627
1623 1624
1624 1626
1625 1823
1625 1626
1627 1628
1627 1829
1628 1634
1630 1631
1631 1823
1632 1684
1632 1685
1633 1685
1636 1820
1637 1638
1638 1639
1640 1667
1642 1689
1647 1648
1649 1650
1653 1668
1653 1655
1653 1657
1654 1668
1654 1656
1654 1657
1655 1668
1655 1656
1656 1668
1657 1665
1658 1670
1658 1662
1658 1660
1659 1670
1659 1669
1659 1663
1659 1664
1659 1661
1659 1671
1660 1661
1660 1665
1661 1669
1661 1670
1662 1670
1662 1663
1663 1666
1664 1669
1664 1665
1664 1671
1665 1669
1666 1671
1666 1667
1671 1672
1675 1692
1679 1683
1680 1682
1680 1681
1684 1685
1686 1687
1688 1689
1693 1694
1694 1695
1696 1697
1699 1702
1699 1700
1701 1702
1703 1712
1703 1704
1703 1740
1704 1705
1705 1706
1706 1707
1707 1708
1708 1709
1709 1710
1710 1713
1711 1714
1711 1712
1711 1939
1712 1740
1713 1714
1715 1717
1715 1740
1716 1717
1716 1805
1716 1806
1720 1739
1721 1722
1723 1724
1725 1726
1727 1728
1727 1730
1729 1730
1731 1732
1733 1734
1735 1736
1737 1739
1738 1739
1742 1893
1742 1866
1743 1835
1743 1866
1744 1749
1744 1745
1744 1759
1745 1855
1746 1747
1746 1853
1746 1854
1747 1855
1747 1749
1748 1749
1750 1753
1750 1752
1750 1754
1750 1751
1750 1755
1751 1754
1757 1764
1757 1765
1757 1800
1758 1771
1758 1767
1758 1768
1759 1770
1760 1768
1760 1766
1760 1769
1761 1764
1761 1762
1761 1766
1762 1765
1763 1799
1763 1798
1763 1765
1764 1765
1766 1774
1767 1768
1767 1774
1768 1769
1769 1773
1769 1772
1770 1849
1770 1776
1771 1810
1771 1777
1772 1773
1772 1776
1774 1809
1775 1776
1776 1777
1777 1810
1777 1850
1778 1779
1779 1779
1780 1781
1782 1797
1782 1796
1783 1788
1783 1786
1783 1789
1784 1785
1784 1787
1784 1790
1785 1795
1785 1791
1786 1790
1786 1792
1787 1790
1788 1789
1789 1790
1791 1792
1791 1794
1792 1799
1793 1794
1793 1795
1794 1800
1794 1795
1796 1797
1798 1799
1799 1800
1800 1801
1805 1806
1807 1808
1807 1815
1808 1817
1809 1817
1810 1816
1811 1812
1811 1814
1814 1816
1815 1822
1818 1819
1821 1910
1821 1822
1821 1911
1823 1831
1824 1825
1824 1829
1826 1827
1827 1847
1828 1847
1830 1831
1832 1833
1832 1881
1833 1840
1833 1835
1834 1842
1836 1842
1837 1845
1838 1839
1838 1845
1840 1841
1841 1842
1841 1843
1843 1878
1844 1845
1844 1878
1844 1877
1845 1846
1846 1928
1846 1847
1848 1975
1849 1851
1849 1850
1850 1851
1851 1852
1855 1856
1858 1859
1859 1981
1859 1977
1861 1863
1862 1870
1863 1869
1863 1872
1864 1868
1865 1867
1869 1870
1869 1871
1870 1880
1873 1874
1873 1876
1874 1875
1875 1876
1877 1878
1880 1881
1882 1883
1882 1884
1887 1890
1888 1890
1888 1889
1889 1890
1891 1900
1891 1892
1891 1905
1893 1897
1893 1898
1894 1906
1894 1895
1895 1899
1895 1896
1897 1905
1897 1898
1898 1906
1899 1900
1901 1909
1902 1903
1903 1904
1905 1906
1907 1908
1915 1916
1915 1917
1919 1920
1919 1921
1919 1927
1920 1926
1920 1927
1921 1926
1921 1922
1922 1923
1922 1925
1923 1926
1923 1924
1924 1925
1927 1928
1929 1930
1930 1931
1933 1934
1935 1936
1937 1938
1941 1942
1944 1945
1945 1946
1947 1949
1948 1949
1950 1954
1950 1957
1951 1960
1951 1956
1951 1952
1952 1958
1952 1953
1952 1955
1953 1972
1953 1959
1954 1955
1954 1959
1955 1959
1955 1958
1956 1958
1956 1957
1957 1958
1960 1961
1962 1963
1964 1965
1965 1968
1966 1967
1966 1969
1966 1970
1967 1971
1968 1970
1968 1969
1969 1970
1976 1995
1976 1981
1978 1993
1979 1980
1980 1990
1982 1984
1983 1984
1984 1985
1985 1993
1985 1989
1986 1987
1987 1995
1987 1994
1988 1989
1989 1995
1990 1991
1990 1993
1992 1993
