0 641
0 109
0 640
1 8
1 111
1 2002
2 1016
2 116
2 1232
3 1123
3 10
4 1667
4 117
4 1010
5 120
5 31
5 11
6 2051
6 125
6 122
6 1519
7 642
7 114
7 2503
8 9
8 110
9 636
9 1349
10 1667
11 252
11 1687
12 925
12 565
12 251
12 1043
13 1669
13 2489
13 1431
13 2398
14 2481
14 15
14 1440
15 2491
15 1366
16 1666
16 1437
16 1366
17 168
17 993
17 107
18 424
18 19
18 33
19 1637
19 26
19 453
20 21
20 424
20 422
21 22
21 453
21 1492
23 26
23 446
23 363
24 439
24 25
24 433
25 432
25 78
26 1630
27 328
27 2479
27 326
28 2479
28 108
28 1640
29 33
29 441
29 459
30 336
30 334
30 1442
31 1007
31 118
32 2002
32 113
32 642
33 325
33 426
34 936
34 2734
34 1241
35 654
35 798
35 2734
36 166
36 650
36 165
37 1347
37 790
37 781
38 1713
38 940
38 938
39 724
39 944
39 627
40 726
40 2354
40 724
41 615
41 93
41 46
42 45
42 71
42 295
42 296
43 365
43 93
43 44
44 45
44 95
44 58
45 47
46 292
46 98
47 310
47 57
48 49
48 1144
48 1392
49 1627
49 1544
50 1544
50 1883
50 1626
50 1627
51 60
51 59
51 52
51 92
52 96
52 87
53 85
53 345
53 434
53 96
54 1068
54 59
54 61
54 1448
55 87
55 1655
55 86
56 58
56 59
56 60
56 61
57 58
57 61
60 95
62 407
62 66
62 65
63 408
63 1690
63 406
63 69
64 408
64 82
64 69
65 1652
65 79
66 377
66 350
67 79
67 1075
67 68
68 308
68 377
69 407
69 73
70 76
70 1626
70 1883
71 82
71 1146
72 358
72 81
72 306
73 1629
73 348
74 355
74 351
74 75
74 354
75 1029
75 360
75 1883
76 1628
76 353
77 445
77 362
77 78
77 437
78 361
79 1030
80 430
80 1057
80 1465
80 161
81 307
81 314
82 1032
83 443
83 374
83 452
84 1429
84 405
84 127
85 87
85 347
86 347
86 594
88 345
88 89
88 91
89 2171
89 2174
90 2367
90 92
90 94
91 92
91 96
91 2174
93 94
94 95
97 99
97 1048
97 1022
97 1081
98 99
98 2171
99 1081
100 157
100 2337
100 448
100 1706
101 102
101 183
101 103
102 103
102 421
103 185
104 446
104 328
104 2480
105 108
105 106
105 993
106 107
106 108
107 994
109 984
109 640
110 640
111 112
111 641
112 113
112 984
113 643
114 2509
114 644
115 1011
115 1015
115 2506
116 117
116 983
117 1009
118 119
118 934
119 1010
119 120
120 988
121 127
121 1428
121 457
121 1434
122 1543
122 125
122 572
123 1226
123 210
123 206
123 1225
124 1005
124 923
124 1879
125 992
125 254
126 559
126 1225
126 1430
126 1224
127 128
128 2398
128 1852
129 595
129 1489
129 594
130 461
130 454
130 394
131 613
131 606
131 485
132 396
132 1140
132 398
133 1767
133 386
133 1770
133 1136
134 539
134 540
134 387
135 541
135 592
135 1857
135 1865
136 1869
136 1856
136 1867
137 547
137 550
137 1845
138 1927
138 1733
138 1739
139 977
139 2369
139 951
140 2671
140 965
140 1822
140 966
141 142
141 2369
142 143
142 146
144 145
145 2370
145 146
146 953
146 954
146 147
147 1600
147 148
148 952
148 149
149 901
149 635
150 151
150 901
150 2015
151 152
151 2186
152 2017
152 153
153 2022
153 154
154 2183
154 2016
155 1463
155 2183
155 2182
156 290
156 157
156 1000
157 158
158 159
158 1608
158 1623
159 185
159 1613
160 316
160 1481
160 588
161 412
161 427
162 338
162 412
162 163
163 1690
163 335
164 838
164 165
164 170
165 166
166 649
167 1126
167 651
167 167
168 2491
168 1575
169 1346
169 649
169 1347
170 1345
170 1346
171 2060
171 172
171 173
172 599
172 2681
173 599
173 600
174 175
174 792
174 793
175 176
175 2684
176 619
176 177
177 791
177 619
178 2285
178 2286
178 791
179 2673
179 604
179 605
180 1995
180 1063
180 1350
181 182
181 1049
181 2113
182 1094
182 1338
183 1622
183 1621
184 1094
184 874
184 1622
185 1705
186 288
186 891
186 2047
187 2047
187 2046
187 2050
188 190
188 189
188 289
189 191
189 2331
190 1059
190 290
191 1056
191 2332
192 1564
192 193
192 196
193 196
193 2327
194 196
194 2337
194 374
194 2336
195 1567
195 1564
195 2485
197 2437
197 2412
197 1727
197 2440
198 460
198 2446
198 2448
199 201
199 200
199 2452
201 457
201 1567
202 2704
202 1897
202 2391
203 1897
203 2705
203 1803
204 2422
204 2698
204 1521
205 2406
205 1958
205 1893
205 1462
206 210
206 2492
207 1907
207 1906
207 214
208 1907
208 2494
208 2495
209 1462
209 1542
209 1503
210 1503
211 212
211 1892
211 1462
212 419
212 1505
213 2422
213 2412
213 2410
214 2608
214 1461
215 2139
215 279
215 280
216 2151
216 657
216 1751
217 2604
217 2605
217 219
218 2388
218 283
218 2365
219 1803
219 1816
219 1888
220 248
220 283
220 714
221 1753
221 282
221 248
222 1055
222 1050
222 1051
222 1054
223 224
223 2353
223 2354
224 2386
224 226
225 2353
225 232
225 621
226 577
226 231
227 234
227 1281
227 233
228 1276
228 244
228 1278
229 230
229 2131
230 231
230 577
231 233
232 621
232 234
233 234
235 242
235 246
235 237
236 238
236 237
236 246
237 913
238 1949
238 574
239 1967
239 240
239 2053
240 573
240 2052
241 246
241 1797
241 245
242 244
242 245
243 1795
243 1281
243 244
245 1795
247 2338
247 2341
247 2340
248 2343
249 1453
249 562
249 281
250 2159
250 2160
250 252
251 1043
251 254
251 566
252 1687
253 255
253 926
253 564
254 565
254 926
255 256
255 287
256 915
256 287
257 1229
257 2498
257 1231
258 1648
258 272
258 276
259 1648
259 1650
259 1560
260 1650
260 2302
260 2733
261 262
261 1261
261 1264
262 263
262 2298
263 2295
263 2167
264 2166
264 2296
264 2498
265 1039
265 2652
265 1645
266 268
266 267
266 1208
267 1208
267 1663
268 275
268 1203
269 1206
269 333
269 1201
270 331
270 278
270 1211
271 1212
271 1211
271 1207
272 1559
272 273
272 276
273 1559
273 1642
274 1035
274 1644
274 1208
275 1647
275 2616
276 1016
276 1559
277 2178
277 419
277 2492
278 332
278 1213
279 1051
279 281
280 281
280 2675
282 714
282 1393
283 658
284 2365
284 2366
284 658
285 2139
285 1750
285 657
286 287
286 991
286 1967
288 1000
288 1058
288 289
289 290
291 1048
291 342
291 1049
292 1022
292 293
292 1027
293 294
293 1027
294 295
294 1465
295 296
295 367
296 365
297 1487
297 1498
297 298
298 1488
298 299
299 300
299 401
300 301
300 1494
301 302
301 401
302 303
302 400
303 304
303 501
304 1911
304 1489
305 306
305 1882
305 1544
306 359
307 375
307 308
308 378
308 373
309 560
309 572
309 561
309 2374
309 2376
310 312
310 311
311 312
311 313
312 313
313 1145
314 375
314 355
314 357
315 2495
315 567
315 1904
316 1057
316 1480
317 1480
318 319
318 1101
318 2126
319 2115
319 2127
320 2696
320 1969
320 1968
321 2695
321 1968
321 1971
322 1971
322 1473
322 1970
323 2698
323 2697
323 2699
324 581
324 1918
324 568
325 2044
325 1365
326 1638
326 1636
326 1637
327 1639
327 1636
327 328
329 1015
329 1016
329 1559
330 2653
330 332
330 331
331 332
333 1209
333 1205
334 415
334 335
335 337
336 1018
336 372
336 371
337 339
337 338
338 340
339 432
339 340
340 416
341 606
341 1106
341 1105
342 1485
342 1493
343 1485
344 2172
344 434
344 346
345 2172
346 1477
346 2173
347 1447
348 1671
348 352
349 357
349 409
349 350
350 1671
351 356
351 352
351 1029
352 353
352 409
353 1029
354 360
354 358
355 356
356 417
357 417
358 359
359 360
361 362
361 364
362 363
363 364
364 1615
365 367
366 368
366 420
366 1889
366 369
367 1972
368 1906
368 369
369 2178
370 371
370 415
370 418
371 1028
373 376
373 375
374 405
375 376
376 377
379 385
379 381
380 539
382 383
382 385
382 538
383 384
383 2154
384 388
384 387
386 1610
386 387
389 530
390 1156
390 391
390 1141
391 1792
391 1140
392 1765
393 399
393 1141
393 2129
394 1496
394 454
394 1501
395 511
395 1109
395 512
397 398
398 411
400 504
400 454
401 454
402 404
403 1111
403 506
403 509
403 507
404 411
404 410
406 407
406 1442
407 1671
408 428
408 1032
409 417
411 511
412 414
413 416
414 416
414 584
414 585
415 433
418 1028
418 2478
419 1507
420 1505
420 1507
421 1100
421 616
422 423
422 1341
422 616
423 424
423 426
424 453
425 453
426 441
427 428
427 430
428 429
429 1032
429 431
429 430
430 431
431 1464
432 433
434 1964
435 2173
435 2171
435 2172
436 2173
437 1634
437 439
438 1633
438 2478
438 1634
439 1633
440 455
440 444
440 458
441 451
441 447
442 443
442 449
442 452
442 455
443 448
444 2384
444 450
444 449
445 1220
445 446
447 458
447 450
448 449
449 1706
450 1611
450 451
451 1341
452 1365
455 456
456 459
456 1365
457 1428
458 459
460 2451
460 1433
461 500
461 462
462 500
462 463
463 465
463 464
466 2211
466 473
466 469
467 2210
467 469
467 468
468 1372
468 470
469 1469
470 1603
470 471
471 1678
471 2210
472 1372
472 475
472 473
473 1469
474 497
474 505
474 496
475 1116
475 1112
476 477
476 482
476 483
477 486
478 1342
478 479
478 1876
479 1877
479 486
480 484
480 1342
480 1742
481 487
483 489
483 487
485 488
485 1112
487 2214
489 496
489 490
490 494
490 492
491 492
492 493
495 498
495 496
495 2211
499 502
499 1603
499 503
500 502
502 1468
505 2194
505 1743
506 506
507 516
507 508
508 514
508 1744
510 511
510 517
510 513
510 1624
515 516
516 1741
518 1793
518 1764
518 1139
518 524
519 523
519 520
519 1764
520 528
520 521
521 1768
521 1766
522 1766
525 1793
526 527
526 1773
526 1088
529 1767
530 532
530 531
532 1610
532 536
533 535
533 534
533 536
536 537
539 540
540 1857
541 542
541 1837
542 543
542 544
544 1840
544 1086
545 1840
545 1707
545 1708
546 1856
546 1845
546 2094
547 2099
547 549
547 1844
548 551
548 549
548 2031
548 1847
549 2105
550 2105
550 1738
551 2142
551 2140
552 553
552 555
552 961
553 2007
553 554
553 2030
554 1828
554 556
555 2142
555 2004
556 977
556 558
557 558
558 957
558 960
559 1367
559 1670
560 561
560 991
560 1348
561 2375
561 573
562 2675
562 1460
562 2735
563 570
563 1543
563 1821
564 926
564 565
565 922
566 1043
566 2051
567 1904
567 1517
568 1369
568 1526
569 578
569 571
569 2722
570 1903
570 571
571 2372
572 1348
572 1451
573 1967
574 575
574 914
575 1694
575 913
576 1694
577 2132
578 2374
578 1458
579 1456
579 582
579 1458
580 1455
580 2376
580 1456
580 1453
581 2722
581 582
582 1458
583 1942
583 1917
583 1909
586 1794
586 1443
586 587
587 588
587 589
588 1466
589 1444
589 1443
590 591
590 979
590 592
591 1867
591 1854
592 1854
593 1181
594 595
595 1487
596 1446
596 1655
596 597
597 1445
597 1653
598 1908
598 1916
598 1914
599 1129
600 602
600 1129
601 602
601 603
601 2673
602 603
603 1131
604 605
604 1131
605 1957
606 607
607 1164
607 1161
607 1163
608 609
608 1161
608 1103
609 1118
609 1121
609 1103
610 611
610 1152
610 1119
610 1121
611 1165
611 1152
612 1150
612 1149
612 1151
613 1162
613 1160
613 1159
614 615
614 2175
616 1492
617 2291
617 2159
617 618
618 1257
618 2161
619 620
620 1302
620 625
621 1143
622 1411
622 1412
622 940
623 627
623 624
623 1409
624 628
624 625
625 626
627 1713
629 1343
629 630
629 1125
630 631
630 632
633 1124
634 1233
634 1124
634 1007
635 880
635 980
636 637
636 1353
637 1350
637 1352
638 1356
638 639
638 1355
639 1355
639 1359
641 1569
642 998
643 1122
643 644
644 1122
645 2528
645 1581
645 984
646 2000
646 647
646 1976
646 1062
648 2532
648 2526
649 1347
650 1674
651 778
651 1128
652 653
653 654
653 655
654 656
657 2350
658 2598
659 660
659 2544
659 1925
660 2548
660 2550
661 2553
661 1922
661 1092
662 1921
662 2563
662 2553
663 1719
663 664
663 2563
664 1718
664 665
665 674
665 666
666 1418
666 1420
667 668
667 670
667 1420
668 2569
668 669
669 2569
669 2570
670 671
670 672
672 674
672 2567
673 2567
674 675
675 676
675 2568
677 2576
677 678
677 681
678 679
678 2573
679 2582
679 2578
680 2695
680 1470
680 690
681 682
681 2570
682 687
682 683
683 684
683 686
684 685
684 982
687 688
687 689
688 1848
688 695
690 1551
690 1548
691 692
691 1551
691 699
692 2691
692 2690
693 694
693 1536
693 2694
694 695
694 2693
695 696
696 697
696 698
699 700
699 1712
700 1406
700 2685
701 2197
701 1540
701 1538
702 1540
703 704
703 707
703 1752
704 707
704 705
705 1386
705 1380
706 1752
706 1747
706 2135
706 1386
707 708
708 709
708 1373
709 710
709 2386
710 712
710 711
713 2697
713 1970
713 1969
714 715
715 2596
715 1394
716 717
716 2585
716 2596
717 718
717 2586
718 1528
718 1527
719 1528
719 720
719 1530
721 1532
722 2598
722 1532
722 1534
723 1384
724 725
726 744
726 735
727 728
727 744
727 746
728 733
728 736
729 733
730 731
731 732
731 736
732 733
732 734
735 944
735 747
736 737
737 738
737 741
738 739
738 740
739 745
739 742
742 743
742 745
743 744
743 746
745 746
747 758
747 757
748 749
748 757
749 751
749 750
751 752
751 757
752 756
752 753
753 754
753 755
759 760
760 763
760 761
762 763
763 765
764 765
765 768
766 768
766 2028
766 2029
767 771
767 2028
767 2026
768 769
769 770
769 2024
771 772
771 2025
772 774
772 778
773 775
773 777
773 2711
774 777
774 776
775 2673
775 776
776 781
777 2713
779 780
779 788
779 790
780 783
780 781
782 784
784 786
784 788
785 786
786 787
788 789
790 1674
791 2278
792 2683
792 793
793 2285
794 2280
794 2278
794 1295
795 2281
795 2279
795 2260
796 1568
796 1329
796 2037
797 798
797 2036
797 801
798 1020
798 1019
799 1020
800 801
801 1572
801 802
802 803
802 815
803 804
803 805
805 806
805 1676
807 837
808 809
808 837
808 1331
809 2033
809 2034
810 2035
810 812
810 1948
811 1789
811 812
811 2034
812 2033
813 1785
814 815
814 1785
814 1675
815 816
817 826
817 831
817 2152
818 825
818 1580
818 826
819 823
819 820
819 1580
820 822
820 821
823 824
823 832
826 828
827 829
828 829
828 1579
829 831
830 1579
832 833
832 834
834 836
834 835
834 837
838 839
839 853
839 857
839 858
840 845
840 846
840 841
841 2322
841 2323
842 2322
843 845
844 845
846 853
846 851
847 851
847 848
847 1578
848 852
848 849
849 850
849 851
853 855
854 855
855 856
858 861
858 2168
859 872
859 865
859 866
859 2156
860 872
861 862
861 867
862 863
862 866
863 867
863 868
864 865
864 871
864 872
865 868
866 868
866 2168
867 869
869 871
869 870
871 873
874 879
874 875
875 879
875 876
876 2014
876 877
878 879
880 1618
880 881
881 882
881 1617
883 1617
884 1337
885 2045
885 886
885 2046
886 887
886 1975
887 888
887 2010
888 889
888 892
890 891
890 1975
890 1973
891 2614
892 981
892 893
893 897
893 894
894 899
894 895
895 1541
895 898
896 2008
900 1596
900 1541
900 2613
901 1596
902 906
902 1597
902 903
903 904
904 1599
904 905
906 907
907 1541
908 2144
908 912
908 967
909 1175
909 910
909 1173
910 911
910 975
911 912
911 973
912 973
913 1266
914 927
914 917
915 916
915 2053
916 917
916 919
917 919
918 1520
918 919
918 1515
920 2230
920 1698
920 927
920 1701
921 2244
921 2234
921 2236
922 925
922 923
922 1098
923 1097
923 924
924 1234
924 925
924 1096
925 1096
927 929
928 2234
928 929
928 932
929 2226
930 2226
931 1693
932 1288
932 1273
932 2233
933 2242
934 1009
934 1343
935 1317
935 1313
935 2276
935 1307
936 937
936 1243
937 1254
937 1251
938 939
938 942
939 941
939 940
941 2710
941 2712
942 943
942 2712
943 944
943 945
946 1822
947 963
947 2671
947 948
948 949
948 1183
948 1685
949 950
949 962
950 951
950 1169
951 1682
955 957
955 958
955 956
956 957
956 958
958 959
963 964
963 1824
965 2144
965 966
966 1041
968 973
968 969
968 975
968 974
969 970
969 971
971 972
971 975
975 976
977 1827
978 1827
978 979
978 1838
978 1842
979 1869
980 1337
980 1091
983 1011
983 1012
985 1122
985 1329
985 1932
986 1008
986 989
986 2223
987 2217
989 2219
989 2221
989 2222
990 2220
990 1234
990 2051
991 2496
992 1348
992 2496
993 1228
994 2472
994 2471
995 2475
995 2472
996 1222
996 1435
996 1679
997 1435
998 999
998 2520
1000 2614
1001 1236
1001 1504
1001 1670
1002 1227
1002 1235
1002 1236
1003 2724
1004 1005
1005 1006
1007 1008
1008 1687
1009 1343
1010 1667
1011 1012
1012 1013
1012 1884
1013 2305
1013 2306
1014 2505
1014 2503
1014 1015
1017 2111
1017 2108
1017 2081
1017 2110
1018 1030
1018 1028
1019 1572
1019 1020
1021 1356
1022 1467
1023 1024
1024 1027
1024 1025
1025 1026
1025 1048
1030 1652
1031 1032
1033 1841
1033 1838
1033 1830
1034 1841
1035 1659
1035 1663
1036 2652
1036 2664
1036 1039
1037 1039
1038 2654
1038 1659
1038 1658
1040 1042
1040 1176
1041 1183
1044 2149
1044 1178
1044 1176
1045 1047
1046 1047
1047 1049
1050 1051
1050 1054
1051 1053
1052 2054
1052 2383
1052 1053
1053 1055
1054 2055
1055 2054
1056 1058
1057 1465
1059 2336
1059 2335
1060 2535
1060 1062
1060 1061
1061 2533
1061 2536
1063 1995
1064 1755
1064 1370
1064 1065
1065 2106
1065 1846
1066 1448
1066 1067
1066 1449
1067 1449
1067 1450
1068 1446
1068 1450
1069 1071
1069 1074
1069 1070
1070 1071
1070 2455
1071 1074
1072 1339
1072 2456
1072 1073
1072 1074
1073 2455
1073 1075
1075 2455
1076 1078
1076 1738
1076 2092
1077 1078
1077 2085
1077 1762
1078 1735
1079 1745
1079 1080
1079 1342
1080 1082
1080 1911
1081 1085
1081 1545
1082 1089
1082 1083
1083 1084
1083 1546
1084 1085
1084 1546
1085 1545
1086 1834
1086 1831
1087 1090
1087 1834
1087 1088
1088 1745
1089 1745
1089 1091
1090 1091
1090 1836
1092 2550
1092 1093
1094 1095
1096 1234
1097 1098
1097 1515
1098 1515
1099 1481
1099 1100
1099 1101
1100 1466
1100 1101
1102 1103
1102 1108
1102 1159
1102 1104
1104 1107
1104 1162
1104 1148
1105 1106
1105 1109
1106 1111
1107 1113
1107 1110
1108 1110
1108 1149
1109 1111
1110 1115
1112 1116
1113 1114
1113 1115
1114 1151
1114 1148
1115 1150
1116 2214
1117 1164
1117 1118
1117 1119
1118 1120
1119 1120
1120 1121
1123 1232
1123 1231
1124 1248
1125 1240
1125 1237
1126 1674
1126 1127
1129 1672
1130 2080
1130 2061
1130 2060
1131 1672
1132 1133
1132 1878
1132 1134
1134 1610
1134 1135
1136 1137
1136 1138
1137 1792
1137 1139
1138 1779
1138 1139
1140 1141
1142 1143
1143 1302
1144 1146
1144 1145
1145 1146
1147 1153
1148 1160
1149 1150
1150 1151
1152 1153
1153 1154
1155 1156
1156 1157
1156 1158
1159 1162
1160 1162
1161 1164
1163 1165
1163 1164
1165 1166
1166 1166
1167 2103
1168 1846
1168 2103
1168 1759
1169 1170
1169 1684
1170 1171
1170 1851
1172 2147
1172 2145
1172 2146
1173 2145
1173 2362
1174 1175
1174 2362
1174 2361
1175 2149
1177 2363
1178 1179
1178 2363
1180 1181
1180 1682
1180 1850
1181 1850
1182 1183
1184 1558
1185 1558
1186 1555
1187 1188
1188 1190
1188 1555
1189 1190
1190 1553
1191 1553
1192 2312
1193 1562
1194 1552
1195 1556
1196 1557
1197 1554
1198 1561
1199 1560
1200 2617
1201 1205
1201 1202
1202 1205
1202 1204
1202 1203
1203 1204
1204 1205
1206 1207
1206 1209
1207 1210
1208 2615
1209 1210
1210 1212
1211 1213
1212 1213
1214 1216
1214 1215
1214 2477
1215 1216
1215 1219
1216 1524
1217 1219
1217 1441
1217 1218
1217 1524
1218 1523
1218 1220
1219 1221
1220 1441
1221 1441
1221 2480
1222 1680
1222 2459
1223 1669
1223 1224
1223 2398
1224 1852
1225 1367
1225 1852
1226 1852
1226 1434
1227 1821
1227 1517
1228 2044
1228 1436
1229 1230
1229 1231
1230 2728
1230 1232
1233 2218
1233 1248
1235 1236
1235 1504
1237 1239
1237 1241
1238 1240
1240 1242
1241 1245
1242 1244
1242 1246
1244 1253
1244 1247
1248 1249
1249 1249
1250 1880
1250 2218
1251 1252
1251 1577
1252 1255
1252 1577
1253 1256
1253 1577
1254 1255
1254 1313
1255 1256
1256 1304
1257 1262
1257 1259
1258 1261
1258 2160
1258 1259
1259 1260
1261 1263
1264 2297
1264 1265
1266 1267
1266 1693
1267 1268
1267 1275
1268 1280
1268 1278
1269 1276
1270 1279
1271 1274
1272 1273
1273 1277
1274 1525
1274 1276
1278 1282
1279 1280
1279 1286
1280 1282
1281 1283
1282 1284
1284 1285
1284 1286
1285 1289
1285 1292
1286 1291
1286 1292
1287 1295
1287 1288
1287 1293
1288 1291
1289 1290
1289 1292
1291 1293
1293 1294
1294 1295
1294 1296
1296 1298
1296 1297
1297 1298
1297 1300
1298 1299
1299 1301
1299 1300
1300 1301
1301 1302
1303 1304
1304 1306
1305 1306
1306 1307
1307 1308
1308 1310
1308 1313
1309 1328
1309 1311
1309 1312
1311 1328
1311 2289
1312 1315
1312 1314
1314 1316
1314 1319
1315 1318
1315 1317
1316 1320
1316 1319
1317 1320
1319 2324
1320 2324
1321 2287
1321 2325
1321 2288
1322 1323
1323 1325
1323 1324
1324 1325
1324 1326
1325 1326
1326 1327
1327 1328
1329 1331
1330 2320
1331 2319
1332 2314
1333 1335
1334 1594
1334 1592
1334 1335
1335 1336
1336 1337
1336 1338
1338 1618
1339 2477
1339 1340
1341 1705
1341 1611
1344 1345
1344 1957
1345 1346
1349 1995
1350 1352
1351 1353
1351 1354
1351 1995
1353 1354
1354 1355
1356 1357
1357 1358
1357 1362
1358 1360
1358 1362
1359 1361
1360 1364
1360 1361
1361 1363
1363 2536
1363 1364
1366 2461
1367 2492
1368 1526
1368 1909
1368 1369
1369 1516
1370 2111
1370 1371
1371 2107
1371 2108
1372 1469
1373 1378
1373 1375
1374 1377
1376 1378
1377 1378
1377 2727
1379 1387
1379 1386
1379 1391
1381 1389
1382 1383
1383 1390
1383 1389
1384 1389
1384 1754
1385 1387
1387 1388
1393 1395
1393 1754
1394 1395
1396 1398
1397 1413
1397 1422
1397 1418
1398 1399
1398 1413
1400 1401
1400 1403
1402 1405
1402 1406
1402 1403
1404 1405
1404 1407
1406 2197
1408 2724
1408 1956
1408 1519
1409 1412
1409 1410
1410 1411
1410 2684
1411 1412
1413 1478
1414 1415
1415 1478
1415 1427
1416 1427
1417 1418
1419 1421
1420 1421
1421 1423
1422 1426
1422 1424
1425 1427
1428 1429
1429 2485
1430 2176
1430 1439
1431 1668
1431 2177
1432 1439
1432 1668
1434 1729
1435 2476
1436 1575
1437 1440
1437 1522
1438 1666
1438 1522
1438 1440
1442 1652
1443 1444
1444 1466
1445 1449
1445 1446
1448 1450
1452 1459
1453 1459
1454 1456
1455 2740
1455 2375
1457 1459
1460 1460
1461 2610
1461 1888
1463 2614
1463 2180
1467 1467
1470 1476
1470 1472
1471 1475
1471 1474
1471 2366
1472 1476
1472 1548
1472 1475
1473 1474
1473 1476
1474 2366
1475 1476
1478 1479
1480 1483
1481 1482
1484 1493
1485 1486
1486 1493
1486 1490
1487 1489
1491 1492
1495 1500
1495 1502
1495 1496
1496 1498
1497 1501
1497 1499
1498 1501
1503 1508
1504 1670
1505 1507
1506 1953
1509 1511
1509 1513
1509 2390
1510 1512
1511 1512
1511 1898
1512 1899
1513 1896
1513 2390
1514 1520
1514 1514
1517 2373
1517 1903
1518 1520
1518 1518
1519 1543
1519 1821
1521 2708
1521 2703
1522 1666
1523 1634
1523 1524
1526 1904
1528 1529
1528 1531
1532 1533
1535 1536
1535 2202
1535 2200
1536 1537
1539 1540
1545 1546
1547 1549
1548 2582
1549 1551
1549 1550
1552 1556
1552 1562
1553 2312
1554 1557
1554 1561
1555 1558
1556 1557
1560 1561
1562 2312
1563 1564
1563 1565
1563 1566
1565 2454
1565 1566
1566 1567
1569 1569
1570 2654
1570 1571
1570 1660
1572 1573
1574 1679
1574 2475
1574 1680
1576 2301
1576 1885
1576 2299
1579 1580
1581 1583
1582 1584
1582 1587
1582 1590
1583 1587
1583 1585
1585 1591
1585 1590
1586 1589
1587 1589
1588 1589
1590 1591
1593 1594
1594 1595
1596 1597
1597 1598
1598 1599
1598 1849
1599 1849
1601 1602
1602 1603
1602 1677
1604 1621
1605 1606
1606 1607
1606 1608
1608 1706
1609 1623
1611 1706
1611 1704
1612 1622
1614 1704
1615 1616
1615 1630
1617 1625
1618 1619
1620 1621
1623 2180
1626 1627
1628 2170
1628 1629
1629 2170
1630 1631
1632 1633
1633 1635
1636 1637
1641 1643
1641 1646
1642 1646
1642 1643
1643 1644
1644 2310
1645 1647
1648 1649
1650 1651
1651 1885
1651 1884
1653 1654
1653 1655
1656 1658
1657 1658
1659 1660
1660 1661
1660 1662
1663 2667
1664 1664
1664 2531
1665 2526
1665 2528
1665 2531
1668 1669
1668 2177
1672 2074
1673 2710
1673 2080
1673 2063
1676 1784
1676 1786
1677 1678
1677 1740
1678 2195
1679 2476
1680 2457
1681 1682
1683 1684
1684 1851
1685 1825
1686 1825
1688 1976
1689 1691
1690 1691
1691 1692
1693 1694
1695 1696
1695 2230
1695 2231
1696 1697
1696 1699
1697 2228
1697 1698
1698 1700
1699 2227
1699 1700
1700 1702
1702 1703
1702 2244
1704 1705
1707 1708
1707 1709
1708 2155
1709 1710
1709 2716
1711 2716
1713 1715
1714 1715
1715 1716
1717 1718
1718 1719
1719 1720
1720 1721
1720 1722
1722 1725
1722 1723
1724 1725
1725 1726
1727 1960
1727 1728
1728 1730
1728 1958
1729 1731
1729 2674
1730 1731
1732 1733
1732 2089
1732 2090
1732 1758
1733 1929
1734 1735
1734 2091
1734 2084
1734 1756
1735 1929
1736 1737
1736 2086
1736 1757
1737 1927
1737 1926
1738 2092
1739 2087
1739 2088
1739 1760
1740 1740
1746 1752
1747 2350
1747 1748
1748 1748
1748 2356
1749 1750
1750 1751
1751 2151
1753 2055
1753 1754
1755 1759
1755 1763
1756 1762
1756 1758
1757 1759
1757 1760
1758 1760
1759 1763
1761 1762
1761 2105
1761 1847
1761 2092
1763 1926
1764 1769
1765 1767
1765 1768
1766 1778
1768 1773
1770 1779
1770 1774
1771 1775
1772 1773
1774 1775
1774 1777
1775 1776
1779 1780
1781 1784
1782 1783
1783 1786
1783 1784
1785 1788
1786 1787
1790 1793
1791 1792
1795 1796
1796 1801
1796 1802
1797 1798
1797 1800
1799 1800
1799 1801
1803 1810
1804 1815
1805 1812
1806 1813
1806 2184
1806 1816
1807 1815
1807 1809
1807 1812
1808 2184
1808 1809
1808 1810
1809 1810
1809 1815
1811 2185
1811 1816
1811 2184
1812 1813
1813 1814
1817 1819
1818 2734
1818 1819
1820 1882
1822 1823
1826 1827
1826 1828
1826 1842
1827 1829
1828 1843
1829 1832
1829 1841
1830 1831
1830 1839
1831 1832
1832 1833
1833 1836
1833 1834
1835 1836
1837 1839
1837 1840
1838 1839
1842 1843
1843 1844
1844 1845
1846 1847
1850 1851
1853 1863
1853 1854
1855 2093
1856 2094
1857 1858
1859 1864
1860 1865
1861 1864
1862 1866
1863 1866
1864 1865
1866 1867
1868 1869
1870 1874
1871 1877
1872 1874
1873 1875
1874 1875
1875 1877
1879 1880
1879 2224
1881 1882
1884 2300
1885 1886
1887 2224
1888 2389
1889 2389
1889 1892
1889 2610
1890 1902
1890 2389
1890 1900
1891 1892
1891 1895
1891 1894
1893 1894
1893 1895
1894 1895
1896 1897
1896 1898
1898 1899
1899 1910
1900 1901
1900 2390
1903 2372
1904 1905
1905 2392
1906 1907
1908 1917
1908 1918
1909 2387
1911 1912
1913 1914
1914 1916
1915 1916
1917 1918
1919 1921
1920 1921
1923 2544
1924 1925
1925 2542
1926 1930
1927 1930
1928 1929
1928 1930
1931 1935
1932 1941
1932 1934
1933 1940
1933 1941
1933 1937
1934 1940
1934 1936
1935 1939
1935 1938
1936 1938
1936 1937
1937 1939
1938 1939
1940 1941
1943 1947
1944 1945
1945 1946
1945 1947
1947 1948
1948 2153
1949 2052
1949 1950
1951 1955
1952 1955
1952 1953
1952 2724
1953 1954
1955 1956
1956 2221
1958 1959
1960 1962
1960 1961
1960 2715
1962 1963
1962 2442
1962 2443
1962 2445
1964 1965
1964 1966
1968 2696
1969 2697
1970 2365
1971 2695
1974 1975
1976 1994
1977 1994
1978 1993
1979 1993
1979 1981
1979 1994
1980 1993
1981 1982
1981 2321
1982 1987
1982 1988
1983 1984
1983 1985
1983 1986
1986 1987
1986 1989
1987 1988
1988 1989
1989 1992
1990 1992
1991 1992
1996 1997
1996 2534
1997 1998
1999 2000
2000 2001
2002 2525
2003 2525
2005 2007
2006 2007
2008 2009
2008 2010
2010 2011
2012 2014
2013 2014
2017 2188
2017 2022
2018 2020
2019 2020
2020 2193
2021 2193
2021 2188
2021 2191
2022 2023
2027 2028
2032 2143
2033 2034
2035 2042
2035 2043
2036 2040
2036 2041
2037 2039
2037 2038
2038 2043
2038 2039
2039 2040
2040 2041
2041 2042
2042 2043
2045 2047
2045 2046
2048 2429
2049 2428
2049 2432
2049 2429
2050 2426
2050 2428
2052 2053
2054 2055
2056 2057
2056 2058
2056 2061
2057 2059
2057 2080
2058 2059
2058 2065
2059 2062
2060 2061
2062 2063
2062 2065
2063 2064
2064 2066
2064 2065
2065 2067
2066 2069
2066 2067
2067 2070
2068 2071
2068 2073
2068 2070
2069 2071
2069 2070
2071 2072
2072 2075
2072 2073
2073 2074
2073 2079
2074 2078
2075 2076
2075 2079
2076 2077
2077 2078
2078 2079
2081 2082
2081 2083
2084 2085
2086 2087
2088 2089
2090 2091
2093 2094
2093 2097
2095 2097
2096 2097
2098 2100
2099 2100
2099 2101
2100 2101
2101 2102
2103 2104
2108 2110
2109 2110
2110 2111
2112 2112
2112 2113
2113 2115
2114 2115
2116 2117
2117 2118
2117 2119
2119 2120
2119 2121
2121 2122
2121 2123
2123 2124
2123 2125
2125 2126
2128 2129
2129 2130
2131 2357
2132 2133
2133 2137
2133 2136
2134 2137
2134 2138
2134 2135
2135 2356
2136 2138
2136 2137
2138 2356
2139 2383
2140 2143
2140 2141
2141 2142
2141 2143
2144 2145
2146 2361
2146 2147
2147 2148
2149 2150
2151 2345
2156 2157
2156 2168
2158 2159
2160 2292
2162 2163
2162 2164
2162 2293
2163 2293
2163 2295
2165 2166
2166 2295
2169 2170
2174 2367
2177 2481
2178 2494
2179 2180
2181 2182
2182 2183
2187 2188
2189 2191
2190 2191
2192 2193
2196 2197
2198 2199
2199 2206
2199 2691
2201 2202
2202 2206
2203 2204
2204 2205
2204 2206
2207 2209
2208 2209
2209 2210
2211 2212
2213 2214
2215 2216
2216 2219
2216 2217
2217 2219
2218 2224
2220 2223
2220 2222
2221 2222
2222 2223
2223 2224
2225 2226
2229 2230
2232 2233
2233 2243
2234 2243
2235 2244
2237 2241
2237 2243
2237 2238
2239 2241
2240 2242
2241 2242
2245 2246
2245 2248
2245 2261
2245 2254
2246 2247
2246 2253
2246 2266
2248 2250
2248 2255
2249 2270
2249 2250
2249 2273
2249 2261
2250 2251
2251 2255
2251 2252
2252 2259
2252 2275
2253 2254
2253 2256
2253 2267
2254 2255
2254 2259
2257 2262
2257 2258
2258 2272
2259 2267
2260 2274
2260 2262
2261 2266
2261 2271
2262 2273
2263 2264
2264 2265
2265 2269
2266 2269
2267 2268
2268 2276
2268 2275
2269 2271
2270 2271
2270 2272
2272 2273
2273 2274
2274 2275
2274 2279
2276 2279
2277 2278
2277 2277
2280 2281
2282 2284
2283 2284
2284 2286
2285 2286
2290 2291
2291 2498
2293 2294
2303 2305
2304 2305
2307 2309
2308 2309
2309 2310
2310 2311
2313 2314
2313 2320
2314 2320
2315 2316
2315 2319
2315 2318
2316 2317
2316 2318
2318 2319
2319 2320
2322 2323
2323 2325
2324 2325
2326 2327
2327 2331
2328 2330
2329 2330
2330 2331
2333 2335
2334 2335
2336 2337
2338 2343
2338 2339
2341 2387
2341 2342
2343 2344
2345 2346
2345 2357
2346 2347
2346 2349
2347 2348
2347 2349
2348 2351
2348 2349
2350 2351
2351 2352
2353 2354
2355 2382
2355 2379
2355 2383
2357 2358
2358 2360
2358 2359
2361 2362
2363 2364
2367 2368
2371 2372
2371 2393
2371 2397
2374 2736
2374 2737
2375 2376
2375 2723
2376 2738
2377 2380
2378 2379
2379 2380
2380 2382
2381 2382
2385 2386
2387 2603
2388 2599
2388 2600
2391 2703
2391 2402
2392 2393
2393 2396
2394 2395
2394 2396
2395 2397
2396 2397
2398 2489
2399 2400
2399 2399
2400 2743
2400 2696
2401 2403
2401 2404
2401 2402
2402 2708
2404 2405
2404 2406
2406 2410
2407 2408
2408 2409
2409 2410
2411 2412
2413 2420
2414 2418
2414 2414
2415 2416
2416 2417
2416 2418
2417 2419
2417 2420
2418 2421
2419 2421
2419 2420
2421 2422
2423 2425
2424 2425
2424 2427
2424 2426
2425 2426
2428 2715
2429 2430
2430 2432
2430 2433
2431 2432
2434 2436
2435 2436
2436 2437
2437 2438
2439 2440
2440 2441
2443 2446
2444 2445
2445 2446
2447 2450
2448 2449
2449 2450
2450 2451
2451 2452
2452 2453
2457 2474
2457 2460
2458 2476
2461 2465
2461 2462
2462 2463
2462 2469
2463 2466
2464 2467
2464 2468
2465 2468
2465 2466
2466 2467
2469 2470
2470 2471
2471 2491
2473 2474
2474 2475
2477 2611
2478 2611
2479 2480
2482 2483
2483 2484
2484 2485
2486 2487
2487 2488
2488 2489
2490 2491
2490 2490
2493 2494
2493 2493
2496 2497
2499 2501
2500 2502
2501 2504
2501 2502
2502 2505
2503 2504
2504 2505
2506 2507
2506 2509
2507 2508
2507 2509
2510 2519
2510 2513
2510 2511
2511 2514
2511 2519
2512 2517
2512 2520
2512 2518
2513 2516
2513 2514
2514 2515
2515 2518
2515 2516
2516 2517
2517 2518
2519 2520
2521 2522
2522 2524
2522 2523
2522 2525
2527 2528
2529 2531
2530 2531
2534 2535
2535 2536
2537 2540
2538 2541
2539 2540
2540 2541
2541 2542
2543 2544
2545 2547
2546 2547
2547 2548
2548 2549
2550 2551
2552 2553
2554 2562
2555 2561
2556 2556
2556 2557
2557 2559
2557 2561
2558 2559
2558 2558
2559 2560
2561 2562
2562 2563
2564 2566
2565 2566
2566 2567
2569 2570
2571 2573
2572 2573
2574 2575
2575 2576
2577 2578
2578 2579
2580 2582
2581 2582
2583 2586
2584 2585
2585 2586
2587 2588
2588 2594
2588 2595
2589 2590
2590 2592
2590 2595
2591 2592
2592 2593
2595 2596
2597 2598
2599 2604
2599 2602
2600 2603
2600 2602
2601 2602
2603 2604
2605 2608
2605 2606
2607 2608
2609 2610
2611 2612
2615 2617
2615 2616
2616 2651
2617 2618
2618 2623
2618 2619
2618 2620
2620 2625
2620 2629
2621 2622
2621 2635
2621 2637
2623 2624
2623 2627
2623 2625
2625 2627
2626 2627
2627 2629
2628 2629
2629 2632
2630 2632
2631 2632
2632 2635
2633 2635
2634 2635
2636 2637
2637 2639
2638 2639
2639 2642
2640 2642
2641 2642
2642 2645
2643 2645
2644 2645
2645 2648
2646 2648
2647 2648
2648 2651
2649 2651
2650 2651
2652 2653
2653 2656
2654 2655
2655 2664
2655 2656
2656 2667
2657 2663
2657 2660
2657 2667
2658 2659
2658 2663
2658 2662
2659 2660
2661 2662
2662 2663
2664 2666
2665 2669
2665 2666
2665 2668
2666 2668
2668 2670
2669 2670
2671 2672
2675 2677
2676 2676
2676 2677
2677 2678
2678 2679
2678 2680
2681 2683
2681 2682
2682 2683
2682 2684
2685 2687
2685 2688
2686 2688
2688 2689
2691 2692
2698 2699
2699 2700
2700 2702
2700 2701
2703 2704
2703 2707
2704 2705
2705 2706
2707 2707
2708 2709
2710 2711
2711 2713
2712 2713
2714 2715
2716 2717
2718 2735
2719 2722
2720 2737
2721 2723
2723 2725
2725 2740
2725 2739
2726 2738
2727 2727
2728 2732
2728 2729
2729 2730
2730 2731
2732 2733
2735 2742
2737 2738
2739 2741
2739 2742
2740 2742
2743 2743
