0 1
0 4
0 3288
1 3287
1 2
2 3
2 3285
3 4861
3 86
4 2699
4 1549
5 4857
5 4856
5 85
6 4066
6 2758
6 4092
6 2991
7 8
7 2895
7 3732
8 4807
8 9
9 10
9 4806
10 4805
10 2903
11 2902
11 3732
11 2903
12 13
13 14
14 2490
15 16
15 2490
15 1103
16 2181
16 432
17 434
17 19
17 432
18 2981
18 2044
18 3894
18 3945
19 4001
19 3944
20 1671
20 4601
20 2638
21 1089
21 2963
21 22
22 5269
22 1092
23 2962
23 5012
23 24
24 2207
24 2441
25 4020
25 4090
25 4823
26 27
26 4020
26 4031
27 4762
27 4050
28 3036
28 1334
28 4050
29 30
29 32
29 3126
30 3867
30 2471
31 4118
31 3893
31 2471
32 3127
32 1362
33 4794
33 2946
33 4154
33 4164
34 2300
34 2294
34 4213
35 1443
36 2881
36 4894
36 88
36 4893
37 219
37 221
37 2881
38 220
38 219
38 5275
39 2761
39 4210
39 4019
40 811
40 2196
40 675
41 3689
41 2869
41 812
42 3391
42 3386
42 87
42 4431
43 376
43 4401
43 4402
44 3388
44 4401
44 408
45 1861
45 2297
45 47
46 47
46 2299
46 2300
47 218
48 1859
48 49
48 2297
49 2296
49 2295
50 335
51 70
51 4890
51 1901
52 1118
52 3269
52 1115
53 4423
53 2022
53 1884
54 397
54 2020
54 3384
55 3382
55 2695
55 397
56 97
56 318
56 2695
56 2703
57 4254
57 97
57 4255
58 59
58 75
60 3890
60 61
60 436
60 2919
61 3890
61 304
62 4270
62 3396
62 82
62 1570
63 4923
64 2947
64 2819
64 4214
64 1147
64 2948
65 5246
65 5220
65 5203
65 5248
66 69
66 67
66 71
67 805
67 68
68 69
68 446
69 73
70 3937
70 806
71 942
71 1114
72 74
72 941
72 1114
72 152
73 74
73 1114
73 94
74 152
75 4802
76 292
76 2886
76 4945
77 2047
77 1723
77 3019
78 4893
78 2753
78 2761
79 3400
79 3401
79 4780
79 92
80 1732
80 3400
80 81
81 3015
81 3043
82 1579
82 3411
82 1732
83 1570
83 3395
83 1442
84 385
84 3392
84 3395
85 4854
85 4855
85 2028
86 1549
86 4862
87 3392
87 2233
88 2076
88 2839
88 2838
89 4814
89 223
89 224
90 2355
90 2324
90 2328
90 4967
91 4894
91 4019
91 4895
92 3399
92 3411
93 2294
93 2296
93 2947
94 447
94 4119
95 373
95 1432
95 3353
96 3357
96 393
96 422
97 318
97 2735
97 2736
98 155
98 2142
98 1876
98 4851
99 2710
99 2709
99 3110
99 3109
100 2119
100 4679
100 2359
100 3616
101 3775
101 4165
101 4174
102 4841
102 5060
102 5099
103 1573
103 4956
103 3014
104 105
104 1532
104 1531
105 1536
105 1534
106 610
106 3804
106 111
107 610
107 611
107 2254
108 121
108 109
108 607
109 2079
109 121
110 3809
110 3808
110 3803
111 3804
111 3808
112 1177
112 113
112 118
113 114
113 118
114 283
114 115
115 3822
115 473
116 117
116 119
116 3822
117 3791
117 2461
118 3791
119 562
119 3822
120 605
120 121
120 2080
120 5228
122 5294
122 2353
122 4180
123 124
123 4845
123 2378
124 801
124 4846
125 4847
125 4150
125 128
126 4180
126 127
126 4847
127 128
127 2342
128 4847
128 2731
129 2182
129 4846
129 4845
130 4844
130 2182
130 4921
131 852
131 850
131 842
132 4788
132 3842
132 4669
133 2971
133 4038
133 931
134 1427
134 5218
134 642
135 4803
135 235
135 2047
136 4705
136 4007
136 246
137 4018
137 2905
137 4235
138 2076
138 2340
138 222
139 445
139 2899
139 455
140 2355
140 1794
140 3041
140 1793
141 3404
141 3407
141 4780
142 4895
142 221
142 2019
143 2752
143 4046
143 4199
144 4290
144 4391
144 4389
145 329
145 4404
145 325
146 4297
146 1445
146 4295
146 2373
147 148
147 4296
147 4295
147 1445
148 2248
148 333
149 4860
149 2248
149 4215
150 1150
150 151
150 4911
152 3944
152 2348
153 2348
153 154
153 1150
155 156
155 2145
157 2706
157 160
157 184
158 2708
158 3109
158 160
159 2708
160 2707
161 162
161 2707
161 165
162 163
162 168
163 4602
163 164
164 165
164 2737
164 169
165 166
167 4602
167 188
167 3112
170 5092
170 2737
170 4417
171 5060
171 185
171 2705
172 5059
172 4840
172 5104
173 5059
174 4839
174 5057
174 5105
175 177
175 176
175 5057
178 2390
178 4838
178 4839
179 2711
179 184
179 181
180 2711
181 182
181 2711
181 2706
181 2145
182 2117
183 2117
184 2705
185 2116
185 187
185 186
188 3114
188 4641
189 3114
190 3103
190 3102
190 191
190 2118
191 192
191 4679
192 4797
192 4174
193 194
193 4797
193 195
194 196
194 197
197 2706
197 198
198 198
199 2120
199 3110
199 200
200 201
200 2473
201 203
201 202
201 204
204 211
204 212
205 210
205 211
205 206
206 208
206 4413
206 209
207 4843
207 5077
207 4413
211 212
212 213
214 3616
215 216
215 4166
215 217
218 2826
218 1861
218 2299
219 220
219 439
220 221
221 2019
221 4950
222 1456
222 2340
223 224
223 4863
224 4968
225 227
225 2074
225 2840
226 1456
226 227
226 2074
227 2076
228 229
228 2075
228 2840
229 230
229 2841
230 1729
230 2844
231 234
231 237
231 1729
232 3767
232 2048
232 234
232 2882
232 2884
232 2883
233 4803
233 3018
233 4563
233 2048
234 2884
235 5004
235 3767
236 3769
236 4562
236 1725
237 1728
237 3769
238 2846
238 4973
238 3914
238 2843
239 240
239 242
239 2846
240 241
240 242
241 243
241 244
242 4812
243 2889
243 2892
244 4203
244 251
245 4703
245 4702
245 4203
246 4704
246 4706
246 4018
247 249
247 262
247 4706
248 250
248 251
248 262
251 252
252 253
252 2264
254 2474
254 4230
254 4249
255 4235
255 4220
255 3824
255 4237
256 4341
256 1603
256 2911
257 2164
257 2911
257 4231
258 260
258 259
258 261
260 2902
260 261
261 2906
262 4811
263 5158
263 266
263 4601
264 1246
264 5158
264 1241
265 1244
265 4160
265 1245
266 5157
266 355
267 268
268 269
268 271
268 272
269 272
269 270
270 271
270 273
271 278
272 273
272 274
273 279
274 275
274 279
275 4708
275 276
276 277
276 279
277 278
277 2618
278 3305
280 4705
280 1095
280 4708
281 4708
282 473
282 462
282 283
283 365
284 3791
284 2461
285 288
285 286
285 2426
286 1263
286 1265
287 1261
287 288
287 289
288 289
289 290
290 1265
290 1261
291 1261
292 2396
292 322
293 2397
293 2395
293 4280
294 295
294 299
294 2852
295 4709
295 3051
296 2852
296 297
296 3930
297 3056
297 4944
297 2851
298 1723
298 3023
298 4565
299 5033
299 2206
299 2853
300 3050
300 2073
300 307
301 2851
301 302
301 4709
302 4280
302 4278
302 4279
302 4276
303 308
303 305
303 2206
303 307
304 305
304 729
305 306
307 309
310 5046
310 726
310 5022
310 1717
311 5039
311 726
311 2205
312 421
312 1925
312 1082
313 314
313 5034
313 5017
314 315
314 2207
315 316
315 1718
316 1717
316 317
316 5017
317 1718
317 1715
318 319
318 4433
319 3417
319 2701
320 4430
320 321
320 4048
320 4425
321 2025
321 2293
321 4426
322 2885
322 1436
323 3095
323 2919
323 324
323 3097
324 2625
324 2920
325 326
325 381
326 3052
326 329
327 2033
327 328
327 3052
328 2037
328 1877
329 1877
330 331
330 1795
331 2290
332 5050
332 2026
332 2034
333 382
333 4295
334 2825
334 4874
334 3648
335 1901
335 2825
335 1434
336 337
336 1149
337 1146
337 1148
338 5006
338 5011
338 2962
339 5007
339 2963
339 1718
339 5006
340 1086
340 2152
340 1088
340 2208
341 347
341 342
341 1934
341 1229
342 1938
342 356
343 344
343 346
344 345
346 1086
346 1087
347 348
347 352
348 349
349 350
350 5197
350 353
351 5197
351 1224
351 1236
353 354
353 5268
355 5268
355 1224
356 357
356 1192
357 360
357 359
358 359
358 1925
360 419
360 5210
361 413
361 2377
361 4133
362 378
362 2261
362 363
362 4133
363 410
363 364
364 1632
364 1187
365 457
365 3820
366 458
366 457
366 2519
367 2360
367 462
367 468
368 4398
368 4385
368 2826
369 1878
369 370
369 4398
370 2129
370 2142
371 4830
371 4829
371 2129
372 4421
372 2945
372 4886
373 3352
373 3371
373 2650
374 3382
374 3377
374 3381
375 4402
375 2025
375 3377
376 3381
376 2021
377 4393
377 4404
377 1874
379 1194
379 1193
379 2155
379 5213
380 1632
380 1194
380 2259
381 382
381 798
382 384
383 798
383 3285
385 394
385 800
386 3359
386 4965
386 2977
387 4965
387 2978
387 2701
388 3369
388 3416
388 3417
389 3350
389 3368
389 3351
389 3369
390 391
390 3348
390 3350
391 3345
391 3347
392 3353
392 3345
392 3344
392 3358
392 3419
393 1433
393 3356
394 395
394 3384
395 396
395 3383
397 3383
398 3388
398 399
398 4282
398 4283
399 4297
399 3391
400 4831
400 5137
400 4170
400 4830
401 2811
401 4269
401 1888
402 2938
402 2812
402 408
402 4267
402 4269
403 796
403 1103
403 5199
404 2203
404 405
404 2921
406 1361
406 3752
406 407
407 3753
408 3387
409 4294
409 4285
409 4292
409 4387
409 4286
409 4391
410 412
410 411
411 413
411 5211
413 4133
414 415
414 5211
415 416
416 417
416 3859
417 2156
417 419
417 420
418 420
419 420
422 3359
422 3414
423 2120
423 3616
423 4411
424 2734
424 937
424 4904
425 666
425 426
425 4073
426 4771
426 626
427 4071
427 4771
427 3990
427 1489
428 429
428 4181
428 1016
429 1003
429 2173
429 1017
430 2490
431 435
431 5199
431 1104
432 435
433 434
433 1106
433 3939
434 435
436 437
436 1116
436 2648
437 3729
437 438
438 1117
438 2043
439 439
440 3399
441 3407
441 3043
441 2751
442 1801
442 4858
442 2758
442 809
443 5262
443 1548
443 4858
444 2991
444 1578
444 2757
444 4054
445 456
445 1793
446 805
446 447
446 2772
447 3373
448 4120
449 2839
449 2321
449 4893
450 2077
450 2176
450 454
450 4814
451 452
451 2178
451 1919
451 2325
451 2326
452 2324
452 2327
453 4967
453 454
453 2355
454 2176
455 456
455 1538
456 1794
457 2515
458 3821
458 462
459 460
459 2555
459 2557
460 2560
460 3542
461 2551
461 2561
461 2562
463 476
463 464
463 469
464 465
464 2170
465 466
465 473
466 478
466 467
467 468
467 478
468 469
469 2563
470 2568
470 2567
470 472
471 2569
471 472
472 3655
474 475
474 2595
474 2171
475 2598
475 2578
476 2566
476 2581
476 2578
477 3820
477 478
477 3821
479 1515
479 480
479 3129
480 1360
480 2045
481 2669
481 1345
481 2668
482 3577
482 2694
482 2669
483 2388
483 3577
483 484
484 3593
484 4600
484 2388
485 2716
485 3974
485 3117
486 1745
486 1746
486 3974
487 1746
487 3785
487 1747
488 1752
488 3787
488 542
489 4657
489 572
489 3759
490 984
490 988
490 3092
491 695
491 639
491 2317
491 554
492 835
492 552
492 493
493 555
493 770
493 494
494 561
494 770
494 772
495 4489
495 3652
495 4457
496 4597
496 3854
496 795
497 4597
497 738
497 740
498 1971
498 499
498 3771
499 1458
499 3623
500 3864
500 3765
500 3544
501 3544
501 2281
501 3659
502 559
502 2303
502 2302
503 4694
503 639
503 4695
504 971
504 3656
504 3654
505 966
505 971
505 506
506 959
506 507
507 632
507 508
508 4782
508 4783
509 3701
509 569
509 510
510 3895
510 3897
510 3898
510 523
511 4042
511 3152
511 3934
512 3131
512 4045
512 4044
513 3143
513 4045
513 3173
514 2202
514 3163
514 947
515 947
515 516
515 945
516 3158
516 945
517 4189
517 2169
517 2768
518 4513
518 4640
518 4570
519 735
519 981
519 4474
519 4476
520 4484
520 520
520 2730
521 740
521 2730
521 2371
522 1415
522 3896
522 3900
523 3895
523 3897
523 3896
524 1423
524 525
524 1416
525 1411
525 526
526 1410
526 1418
527 1648
527 1649
527 1418
528 3557
528 2211
528 529
528 1655
529 1426
529 2215
529 2212
530 5184
530 2158
530 1665
531 4035
531 4037
531 4696
532 2316
532 4148
532 4147
533 4147
533 2427
533 4146
534 3093
534 987
534 986
535 2285
535 692
535 2287
536 537
536 2286
536 3795
537 1782
537 538
538 1791
538 1781
539 540
539 758
539 4868
540 4868
540 4867
540 1835
541 602
541 3786
541 1748
542 3787
542 3786
543 3789
543 3991
543 4636
544 2239
544 1834
544 2240
544 1837
545 608
545 571
545 1826
546 2080
546 1849
546 571
546 5228
547 2080
547 550
547 549
548 1842
548 1413
548 1848
549 1413
549 550
550 1383
551 2055
552 553
552 867
553 554
553 2314
554 2192
555 556
555 868
556 557
556 868
558 560
558 561
558 765
559 560
559 767
559 2307
560 2313
561 2308
562 5184
562 5183
563 1022
563 1021
563 1029
564 3565
564 1039
564 3655
564 1037
565 5183
565 1855
565 782
566 5164
566 5165
567 568
567 1850
567 576
568 781
568 3701
569 578
569 2332
570 1828
570 578
570 1829
571 1829
572 3760
572 3759
573 574
573 3760
573 3789
574 4870
574 3761
575 3762
575 4913
575 3761
576 2158
576 4837
577 1826
577 1832
577 2239
578 2331
579 4033
580 1166
580 1165
580 581
581 595
581 611
582 2284
582 1079
582 3796
583 785
583 1026
583 2386
583 5162
584 585
584 607
584 605
586 4927
586 1743
586 4925
586 2357
587 951
587 3094
587 4928
588 2489
588 688
588 590
588 3094
589 2320
589 689
589 688
589 1030
590 688
590 594
591 964
591 592
591 962
592 2427
592 4149
593 1030
593 594
593 3092
594 964
595 3695
595 1168
596 2719
596 2717
596 3117
596 2255
597 602
597 598
597 1824
597 2240
598 600
598 602
599 600
599 601
601 4657
601 2154
603 1816
603 1815
603 1820
604 1814
605 606
607 3804
608 1792
608 1825
609 1825
609 1824
609 2242
610 3806
611 2254
612 1167
612 613
612 618
613 622
613 614
614 615
614 1744
615 616
615 1167
616 2254
616 1167
617 1169
617 1744
617 622
618 623
618 1167
619 623
620 622
620 1169
620 623
621 3803
621 621
621 2079
624 4690
624 4693
624 4691
625 4693
625 4692
625 4695
626 1342
626 1341
627 2270
627 669
627 4908
627 667
628 3685
628 3686
628 4134
629 1303
629 664
629 649
630 3979
630 721
630 2280
631 1961
631 1967
631 1333
632 1766
632 1763
633 959
633 967
633 2292
634 1009
634 3702
634 1006
635 2429
635 834
635 1008
636 2431
636 685
636 834
637 702
637 703
637 685
638 701
638 2315
638 5271
639 701
640 2718
640 2256
640 2428
641 2863
641 1758
642 2865
642 4150
642 3696
643 2315
643 4181
643 2431
644 4077
644 4051
644 4076
645 2475
645 674
645 671
646 1312
646 647
646 4135
647 2476
647 3935
647 4134
648 676
648 1315
648 665
649 1315
649 4717
650 4374
650 652
650 4376
651 2280
651 4373
651 4374
652 4373
652 1295
653 1308
653 1300
653 3868
654 4375
654 4371
654 5265
654 1295
655 2466
655 3864
655 1563
655 1562
656 1286
656 1284
656 1283
657 1481
657 673
657 1474
658 4688
658 935
658 813
659 4689
659 926
660 4460
660 3853
660 4786
661 4513
661 4470
661 864
662 4689
662 1670
662 3145
663 3724
663 1303
663 4378
664 3722
664 3724
665 4265
665 3722
666 1318
666 4905
667 2276
667 668
668 2476
668 669
669 670
670 1318
670 674
671 4136
671 674
672 5178
672 4111
672 1471
673 1471
673 1473
673 4112
675 2190
675 2198
676 4382
676 677
677 4717
677 4381
678 752
678 718
678 1310
678 4380
679 751
679 718
679 680
680 751
680 750
681 3626
681 3624
681 751
682 1002
682 1010
682 777
683 704
683 684
683 705
684 2431
684 1002
685 703
686 1742
686 1737
686 1738
687 4927
687 1740
687 1741
687 4925
689 1031
689 1784
690 1032
690 691
690 950
691 2237
691 692
692 3089
693 5206
693 694
693 3801
695 696
695 764
696 697
696 699
697 698
697 863
698 700
698 863
699 700
701 5270
702 5270
702 5271
703 4694
705 706
705 1001
706 997
706 1038
707 4299
707 3062
707 4343
708 4241
708 4225
708 4242
709 4326
709 710
709 4327
710 4353
710 4349
711 4156
711 1100
711 4157
712 1157
712 1156
712 1151
713 1166
713 2201
713 1164
714 1156
715 716
715 4308
715 717
716 4311
716 4304
717 4302
717 4304
718 719
719 2282
719 1487
720 750
720 748
720 2282
721 745
721 1294
722 1053
722 1468
722 1469
723 3571
723 4606
723 2341
724 4674
724 2345
724 1470
725 727
726 5045
727 5045
727 728
728 5046
728 729
729 2260
730 1446
730 3592
731 5291
731 864
731 4571
732 4501
732 4571
732 733
733 4505
733 4512
733 4487
733 734
734 4499
734 4509
734 4506
734 4510
734 736
734 3707
735 4486
736 4498
736 4476
737 4478
737 979
737 5287
738 744
738 739
739 743
739 742
740 741
741 744
741 742
742 743
743 744
745 747
745 746
745 2656
746 748
746 2656
747 3543
747 1296
748 749
749 1488
749 750
752 4379
752 1306
753 4378
753 754
753 4379
754 4380
754 4377
755 1787
755 4920
755 2404
756 1787
756 757
756 1839
757 1785
757 1784
758 779
758 1785
758 2333
759 995
759 760
759 1034
759 5209
760 761
760 5229
761 991
761 5209
762 790
762 1037
762 763
763 999
763 4660
763 4182
764 766
764 765
765 766
766 4790
767 840
767 838
768 840
768 769
768 852
769 839
769 840
770 2305
771 2308
771 2313
771 772
772 2306
772 2307
773 1000
773 774
773 997
774 998
774 1019
774 776
775 778
775 1019
775 989
776 778
776 777
777 993
778 992
778 989
779 1770
779 780
780 3701
780 781
781 1790
781 1073
782 783
782 3534
782 1073
783 784
783 1071
784 1076
784 1075
784 5161
785 1049
785 5161
786 1033
786 787
786 1023
787 1022
787 788
788 1051
788 1033
788 789
789 1036
789 1022
790 1035
790 1036
791 1066
791 1100
791 1064
792 1152
792 1153
792 1151
793 3556
794 795
794 3650
794 4041
795 2727
796 4911
796 797
797 3942
797 3941
798 3287
799 800
799 4256
799 1454
800 4254
801 2342
801 4824
802 2364
802 1122
802 1130
803 4282
803 2373
803 4290
804 805
804 807
804 1115
805 806
806 807
807 808
809 1800
809 2867
810 2160
810 1803
810 1809
811 1804
811 812
812 2196
813 1264
813 814
814 2426
814 1263
815 924
815 2065
815 1267
816 3137
816 3175
816 2134
817 818
817 893
817 909
818 881
818 879
819 836
819 944
819 3101
820 822
820 821
820 837
823 841
823 2767
823 836
824 2304
824 843
824 2301
825 842
825 833
825 2424
826 847
826 827
826 841
827 844
827 846
828 833
828 843
828 851
828 845
829 2136
829 833
829 850
830 832
830 2136
830 851
831 2137
831 850
831 2135
832 3823
832 2137
833 850
834 4690
836 2339
837 2491
837 844
837 944
838 839
838 2306
839 2305
841 844
842 3870
843 847
844 2339
845 849
845 846
846 847
848 849
849 851
852 5264
853 4145
853 4661
853 3100
853 4790
854 855
854 857
854 2246
855 860
855 856
856 4145
856 5289
857 858
857 2231
858 861
858 859
862 4570
863 4670
864 4471
865 870
865 869
865 5290
866 5287
866 5291
866 4481
867 2192
867 868
871 929
871 872
871 876
871 873
872 876
872 874
873 3123
873 874
874 875
875 890
875 908
876 877
877 890
877 889
878 2123
879 895
879 883
880 908
880 3718
880 907
880 906
881 907
881 882
882 887
883 884
883 888
884 2131
885 886
885 888
885 5226
886 890
886 910
886 889
887 888
889 5318
891 901
891 3131
892 893
892 898
892 894
893 894
894 897
895 895
896 900
896 897
898 2131
898 899
899 915
899 900
900 901
902 4043
902 3168
902 3169
903 909
903 904
903 4043
904 906
904 905
905 3122
905 906
907 3718
908 3718
909 3137
910 930
910 912
911 921
912 921
912 923
913 5225
914 923
915 919
915 2235
915 5226
916 5225
916 917
916 2132
916 922
917 2235
917 918
920 921
923 2132
924 925
924 926
926 1270
926 1269
926 4689
927 946
927 948
927 3122
928 945
928 946
928 3123
931 972
931 973
932 1950
933 4209
933 4696
933 4036
934 2626
934 4649
934 4461
934 2230
935 4037
935 1279
936 1279
937 3843
937 2125
938 5298
939 5298
939 2122
939 5312
940 5300
940 5308
940 2247
941 943
941 1150
942 1115
942 943
943 1114
944 2231
946 3123
947 2202
948 3122
948 2202
949 950
950 1031
952 963
952 956
952 953
953 958
953 954
954 976
954 1768
955 956
956 957
957 963
957 964
959 966
960 1032
960 991
960 3089
961 964
962 963
962 970
965 4146
965 968
965 971
966 967
967 968
968 969
970 2427
970 2489
972 973
972 4409
973 974
975 4409
975 4692
975 3657
977 3853
977 4642
977 4458
977 1670
978 4475
979 4184
979 4475
980 4473
981 4184
981 4473
982 4474
983 2186
983 989
983 1018
984 3090
984 3913
985 3091
985 986
985 3913
986 3091
987 988
987 3093
988 3092
990 991
990 998
990 1018
992 993
992 2318
993 1004
994 995
995 1035
996 4182
996 1003
996 1045
997 1001
998 5229
998 999
999 5230
1000 1001
1000 1002
1003 1857
1004 1010
1004 2318
1005 1009
1006 2316
1006 1007
1007 1007
1008 1009
1008 3702
1010 2429
1011 1857
1012 1015
1013 1014
1014 1015
1014 1017
1015 1048
1018 1019
1020 1021
1021 3124
1023 1029
1023 1049
1024 1081
1024 1026
1024 1637
1024 1025
1025 1027
1025 4607
1026 1077
1026 1027
1027 1028
1029 2386
1030 1031
1032 3090
1033 1051
1033 1049
1034 2385
1034 3124
1035 5230
1036 3565
1037 4182
1038 4660
1038 2173
1039 1044
1039 1040
1040 1042
1040 1041
1042 1043
1042 1856
1044 1047
1044 1045
1045 1046
1046 1048
1046 1047
1047 1856
1048 1856
1050 1051
1052 1172
1052 1272
1052 4186
1053 1465
1053 1054
1054 1470
1054 1465
1055 4912
1055 1470
1055 4674
1056 1057
1056 2056
1056 1058
1058 3757
1058 1972
1059 1062
1059 1060
1060 1066
1061 1096
1062 1098
1062 1063
1063 1066
1063 1098
1064 1098
1064 1065
1065 4033
1065 1097
1067 1068
1067 1070
1067 1071
1069 1071
1072 5165
1072 1855
1072 1073
1073 3535
1074 1637
1075 2597
1075 2596
1078 1081
1078 1079
1078 3535
1079 1081
1079 1080
1080 1790
1080 1782
1082 1084
1082 4131
1083 1228
1084 1085
1084 2642
1085 1087
1085 1086
1087 1229
1088 3849
1088 3947
1089 1093
1089 2209
1090 1093
1090 1702
1090 1092
1091 4978
1091 1724
1091 2442
1092 1974
1093 1094
1095 4703
1095 3098
1096 4033
1097 1099
1097 5221
1100 1101
1102 2146
1102 4159
1103 4911
1103 5199
1104 1105
1104 1106
1106 1107
1108 4013
1108 1113
1108 2379
1108 1110
1109 2379
1110 3891
1110 4014
1111 1113
1111 3891
1111 1117
1112 1113
1116 2043
1116 3894
1117 2061
1118 4889
1118 1119
1120 1124
1120 1123
1120 1121
1121 1122
1121 1127
1122 1175
1123 1125
1123 1126
1124 1125
1124 1130
1125 1129
1126 1127
1126 1131
1127 1128
1129 1130
1129 1131
1131 1132
1132 1133
1133 1134
1133 3542
1134 1135
1136 3542
1136 3819
1136 1137
1137 5286
1137 1138
1139 4148
1139 4195
1139 3656
1140 4034
1140 3654
1140 4196
1141 1142
1141 3537
1142 2052
1142 3596
1143 1901
1143 1143
1144 1146
1144 1434
1144 2988
1145 2822
1145 2820
1145 1146
1147 2820
1147 3280
1148 1149
1149 2823
1151 2200
1154 1159
1154 1155
1154 1158
1155 2086
1155 1162
1156 1160
1157 1160
1157 1164
1158 1159
1158 1165
1159 1162
1160 1161
1161 1164
1161 2201
1162 1163
1164 1166
1165 2097
1168 2254
1168 1170
1169 1170
1170 2717
1171 1275
1171 2722
1171 1274
1172 2626
1172 2721
1172 4649
1173 3798
1174 3793
1175 1177
1175 1178
1176 3800
1177 3797
1179 1180
1179 1182
1180 2641
1180 2639
1181 3085
1181 2641
1181 4608
1182 2391
1182 3085
1183 3527
1183 3086
1183 3085
1183 1184
1184 3087
1184 3527
1185 2257
1185 2646
1185 3087
1186 4622
1186 2257
1186 2638
1188 1189
1188 1193
1188 1632
1188 1190
1190 1200
1190 1196
1191 1200
1193 1195
1194 1634
1196 1197
1196 1198
1198 5212
1198 1199
1199 5212
1199 4132
1200 1201
1202 1203
1202 1205
1202 1210
1203 1213
1203 1204
1204 4132
1204 2258
1206 1212
1206 1249
1206 1207
1207 1208
1207 1238
1208 1209
1208 1223
1209 1210
1209 1243
1210 1214
1211 1212
1212 4132
1212 1248
1214 1216
1214 1215
1217 1218
1217 1221
1217 1219
1219 1222
1219 1220
1221 1226
1221 1228
1222 2210
1222 1226
1224 5175
1225 5175
1225 2966
1225 4815
1226 1229
1227 1228
1230 1231
1231 2072
1231 1234
1232 4818
1232 1233
1232 1236
1233 2072
1233 3874
1235 4816
1235 4817
1235 1237
1235 2954
1236 2951
1239 4620
1239 1242
1239 2387
1240 1241
1241 1242
1242 4601
1245 1246
1247 5282
1249 2636
1249 1250
1251 1254
1251 1252
1251 1255
1252 4667
1252 1258
1253 1259
1255 1256
1255 1257
1255 4688
1257 4667
1257 1258
1258 1259
1259 1260
1261 1265
1262 1267
1262 1266
1262 1264
1263 1264
1263 2065
1266 4687
1266 1268
1267 4687
1270 1270
1271 1274
1272 2720
1272 4185
1273 2748
1273 2747
1273 1274
1276 1277
1277 1278
1277 1279
1280 3857
1280 3858
1280 1281
1281 3856
1281 3857
1282 2289
1282 1284
1283 1284
1283 1292
1284 1285
1284 3027
1285 3858
1285 2289
1286 3028
1286 3027
1286 5178
1287 1288
1287 2289
1288 1289
1290 3646
1290 3627
1290 3857
1291 3856
1292 1293
1292 3856
1294 3864
1294 3627
1294 3765
1295 4372
1297 3543
1298 1307
1298 1305
1298 1299
1299 1305
1299 1300
1299 1308
1300 4371
1301 1308
1301 1302
1301 3621
1302 1309
1302 3663
1303 4377
1304 1305
1306 1310
1306 4375
1307 3663
1307 3865
1310 4376
1311 1312
1311 4136
1311 4135
1312 2475
1313 4381
1313 1314
1313 4384
1314 4383
1314 4382
1315 1316
1317 1318
1317 2485
1319 2272
1320 2247
1321 1322
1321 2860
1321 2344
1323 1324
1323 1325
1323 3026
1324 1326
1324 2860
1325 1485
1325 1326
1326 1959
1327 1328
1328 1329
1328 1332
1330 1331
1331 2278
1331 3709
1332 3709
1332 3623
1333 1959
1333 3771
1334 3667
1334 4765
1335 1336
1335 2180
1335 3613
1336 3887
1336 3876
1337 2161
1337 1338
1337 2180
1338 1341
1338 1343
1339 1340
1339 5171
1339 1341
1342 2383
1342 5171
1343 3689
1343 4435
1344 2871
1344 4084
1344 4069
1344 4202
1345 1359
1345 3063
1346 2045
1346 1347
1346 2512
1347 1348
1347 2352
1347 1350
1348 1349
1348 2351
1350 2352
1350 1351
1352 2352
1352 2349
1352 1353
1353 1353
1354 2349
1355 2350
1356 2351
1357 2349
1358 2350
1359 2512
1359 3932
1360 1363
1361 1364
1361 3038
1362 3038
1362 3893
1363 3752
1363 1364
1365 1366
1365 1374
1365 4519
1366 1367
1366 1371
1367 1374
1367 1369
1368 1372
1368 1377
1368 1369
1368 1379
1369 5159
1369 1370
1370 1373
1370 1371
1371 1387
1373 4655
1373 5241
1374 5159
1375 5159
1375 1377
1375 1376
1377 4609
1377 4610
1378 1379
1378 1640
1378 1641
1379 4655
1380 1381
1381 1405
1381 1391
1381 1384
1382 2055
1383 1412
1383 2055
1384 1408
1384 1385
1385 1421
1385 2055
1385 1386
1386 1408
1386 1416
1387 1391
1387 1388
1388 1395
1388 4405
1389 1407
1390 1392
1390 1391
1390 1399
1392 1395
1392 1410
1393 1644
1393 1645
1393 1397
1394 1395
1394 1397
1394 1396
1394 1398
1395 5241
1397 1410
1399 1404
1399 1400
1400 1401
1400 1402
1402 1403
1402 1409
1404 1407
1404 1408
1405 1407
1405 1406
1408 1411
1409 1410
1409 1411
1412 1421
1412 2082
1413 2082
1414 1415
1414 1423
1414 1424
1414 3899
1415 1416
1417 1652
1417 4609
1417 1655
1417 1648
1418 1645
1418 1423
1419 1644
1419 1638
1419 5241
1420 1421
1422 1846
1422 1652
1422 4837
1423 1424
1424 1846
1424 1425
1427 3696
1427 1429
1428 1429
1429 1430
1431 3354
1431 3355
1431 1893
1432 3354
1432 1433
1433 3355
1434 4873
1435 2823
1435 4881
1435 1898
1436 1437
1436 3018
1437 2050
1437 2886
1438 3925
1438 1440
1438 4279
1438 2395
1439 2624
1439 2885
1439 3924
1440 3923
1440 2837
1441 4859
1442 3394
1442 2233
1443 4923
1443 4215
1443 4859
1444 4296
1445 4296
1446 1447
1446 1448
1447 5329
1447 3059
1448 3058
1448 3059
1449 1450
1450 1451
1450 1453
1451 1452
1451 5321
1452 5321
1452 5329
1454 3396
1454 2611
1455 2884
1456 1457
1456 4970
1457 4813
1457 2340
1457 4863
1458 1973
1458 3852
1459 5111
1459 4272
1459 3758
1460 2438
1460 1461
1460 2439
1461 1466
1461 1465
1462 5122
1462 5113
1462 1463
1463 5131
1463 5135
1464 4912
1464 5123
1464 1467
1466 1466
1467 4674
1467 5177
1468 1469
1468 4912
1469 5133
1471 1472
1472 1473
1472 1483
1473 1474
1474 1475
1475 1476
1475 3575
1477 1481
1478 4654
1479 4100
1479 4654
1479 4105
1479 4099
1480 4100
1481 1482
1481 4105
1483 4606
1483 1484
1484 5176
1484 5177
1485 1486
1485 3860
1489 4058
1489 4130
1490 1491
1490 2220
1490 1494
1491 1494
1491 1492
1492 4078
1492 4124
1493 1494
1493 4124
1493 1495
1495 1502
1495 1499
1495 1496
1496 1498
1496 1497
1499 1501
1499 4901
1500 1504
1500 2227
1500 1510
1500 3743
1501 1505
1501 2227
1503 1510
1506 1507
1506 4761
1506 1511
1507 1508
1507 1511
1508 1514
1508 1509
1509 1510
1509 1514
1511 1512
1513 1514
1515 4761
1515 2251
1516 4085
1516 4068
1516 4776
1517 4085
1517 3845
1517 4024
1518 4466
1518 4776
1518 4463
1519 2267
1519 1951
1519 1528
1520 3909
1520 1951
1520 2608
1520 2252
1521 1525
1521 1536
1522 4465
1522 2788
1522 4467
1523 4068
1523 4202
1523 2663
1524 4467
1524 4464
1524 4450
1525 3904
1525 2857
1526 1527
1526 2483
1527 1528
1527 3910
1527 2608
1528 2268
1529 4060
1529 4083
1529 4084
1530 1531
1531 2876
1533 1534
1533 1538
1533 1736
1534 1535
1534 1538
1535 1536
1535 2244
1536 2878
1537 2268
1539 1542
1539 1918
1539 1541
1539 5262
1540 1541
1540 4961
1540 4858
1541 1543
1542 1544
1542 1543
1543 1545
1544 5263
1544 2757
1544 1545
1545 5261
1545 2873
1546 1547
1546 1548
1546 4960
1548 1550
1549 3289
1550 3289
1550 3013
1551 1558
1551 1552
1551 1553
1551 1556
1552 1558
1552 1559
1554 1556
1554 3772
1554 1555
1555 1559
1555 1560
1556 1557
1557 1560
1557 1558
1559 1560
1561 2494
1561 4298
1562 2466
1562 2465
1563 1565
1563 1564
1564 2468
1564 1569
1565 1567
1565 1566
1566 1568
1566 1666
1567 1568
1567 1569
1568 1569
1570 1731
1571 1731
1572 2751
1572 4951
1572 4210
1573 1575
1573 3015
1574 4952
1575 3008
1575 2752
1576 2754
1576 2989
1576 4952
1576 3008
1577 1734
1577 4046
1577 2754
1578 2755
1578 1734
1579 3397
1579 3396
1580 2622
1580 2612
1580 3548
1581 2765
1582 2484
1582 2687
1582 2684
1583 3530
1583 2484
1583 2682
1583 3532
1584 3551
1584 4522
1584 4520
1585 3552
1585 2676
1585 4522
1586 3237
1586 2676
1586 3222
1587 3237
1587 3240
1587 3219
1588 3231
1588 3232
1588 2691
1589 1591
1589 1613
1589 1592
1590 1591
1590 3194
1590 3198
1591 3296
1591 1605
1592 2623
1592 1594
1593 3186
1593 1606
1593 3193
1593 3192
1594 3200
1594 2496
1595 3186
1595 2613
1595 3146
1596 3498
1596 3325
1596 3499
1597 2623
1597 3496
1597 3512
1598 3147
1598 3185
1598 3203
1599 4819
1599 3465
1599 3512
1600 3439
1600 3435
1600 3430
1601 1608
1602 3515
1602 3488
1602 3499
1603 4008
1603 4005
1603 4009
1604 3208
1604 3207
1604 3335
1604 2670
1605 2691
1605 1606
1606 3194
1607 3321
1607 3314
1607 4754
1608 3336
1608 3184
1609 3184
1609 3515
1609 3497
1610 1611
1610 3494
1610 3497
1611 3511
1611 3482
1611 3493
1612 3497
1613 1616
1613 1705
1614 4756
1614 4740
1614 4758
1615 1705
1616 1707
1616 3980
1616 1708
1617 1619
1617 3980
1617 1622
1618 1706
1619 1620
1619 1709
1621 3496
1621 1712
1621 1710
1622 1626
1622 1623
1623 1624
1623 1625
1623 1710
1624 1631
1624 1677
1627 1630
1628 1629
1629 2665
1629 2664
1630 1696
1630 4617
1630 1677
1631 4339
1631 4341
1633 2259
1634 1635
1634 2259
1636 1637
1637 3535
1638 1639
1638 4655
1640 1643
1640 1642
1642 1648
1642 1643
1643 4609
1644 1647
1645 1646
1649 1653
1649 1650
1651 1653
1652 1653
1652 1657
1654 1655
1654 1661
1654 1656
1656 1657
1656 1662
1657 1663
1658 1659
1659 1660
1659 1661
1660 2211
1660 1664
1661 1662
1662 1665
1664 1665
1664 2213
1666 4603
1666 4111
1667 3635
1667 2072
1667 3872
1668 1669
1669 4642
1669 4643
1670 4643
1671 2636
1671 5268
1672 1678
1672 1673
1672 2263
1673 1676
1673 2263
1674 1676
1675 2263
1676 3082
1677 1682
1678 1679
1678 1684
1678 1685
1680 1684
1681 1689
1682 1688
1682 1694
1683 1694
1684 1691
1684 1686
1687 1691
1688 1693
1688 1689
1689 1690
1690 1691
1690 1692
1694 1695
1697 1698
1698 3072
1698 1699
1699 5173
1699 4698
1700 1701
1701 3061
1701 4700
1701 3080
1701 2265
1702 3781
1702 3098
1703 1704
1704 4702
1704 4977
1705 1706
1706 1709
1708 3980
1708 1709
1710 1711
1712 1713
1712 1714
1715 1717
1715 5040
1716 5040
1716 5039
1716 4872
1719 2834
1719 1722
1719 3374
1720 2834
1720 2204
1720 1721
1721 2835
1721 4800
1722 2835
1722 4258
1723 3024
1724 5001
1724 2434
1725 3768
1725 5004
1726 4568
1727 4996
1727 4991
1727 2433
1728 2843
1728 1729
1730 2753
1730 4199
1730 4951
1731 4270
1731 3394
1732 3398
1732 4270
1733 2756
1734 2756
1735 1910
1735 1911
1735 1903
1736 1915
1736 2874
1737 1741
1737 2128
1738 1739
1738 1750
1739 1740
1739 1754
1740 1741
1743 2358
1743 2058
1743 3830
1744 1745
1745 1746
1747 3785
1747 3784
1748 3786
1748 3785
1749 4785
1749 3784
1749 3787
1750 1753
1750 3790
1751 2715
1751 2249
1751 2250
1752 2715
1752 2154
1754 1755
1754 1756
1755 1757
1755 4658
1756 2250
1756 1757
1757 2249
1757 2714
1758 1759
1758 5224
1759 1764
1759 1760
1760 1765
1760 1761
1761 1762
1761 2058
1764 3830
1764 3829
1767 5284
1767 2256
1767 2140
1769 1770
1770 1771
1772 1786
1773 1774
1773 5169
1774 5166
1775 5170
1775 1776
1775 5168
1776 5168
1776 1777
1777 1778
1778 5169
1779 1783
1779 1791
1779 1782
1780 3802
1780 5168
1780 1781
1781 2333
1783 1783
1784 2366
1785 1786
1786 1787
1788 1839
1789 2367
1789 2333
1789 2366
1790 1791
1792 1817
1792 5227
1793 1794
1795 1797
1795 4856
1796 1797
1797 1799
1798 1799
1799 1800
1800 1809
1801 4962
1801 4857
1802 4962
1803 1805
1803 1804
1804 1808
1805 1806
1805 2868
1806 2513
1807 1808
1807 2513
1808 2514
1809 1810
1811 1815
1811 1813
1811 1812
1812 1816
1812 1814
1813 1817
1813 5227
1814 1816
1815 1817
1818 1821
1818 1823
1818 1825
1819 1823
1821 1827
1821 1822
1823 1824
1825 1826
1828 1830
1828 1829
1830 1831
1831 1832
1832 2331
1833 1834
1833 1838
1833 4867
1834 1838
1835 1836
1835 3992
1837 4637
1837 1838
1839 2320
1840 1849
1841 1844
1841 1843
1841 1845
1845 3699
1845 3898
1846 1847
1848 1849
1848 3699
1850 5163
1850 1854
1851 5163
1851 1853
1852 1853
1853 5164
1855 5165
1857 1858
1859 1860
1859 1862
1860 2295
1860 2804
1860 2803
1860 1899
1861 4266
1862 2297
1862 2807
1862 4266
1862 2148
1863 2818
1863 2298
1863 3284
1864 1866
1864 1878
1864 1868
1865 3522
1865 4289
1865 1866
1865 1870
1866 1869
1866 4288
1867 4288
1867 1874
1867 4385
1868 1878
1868 1872
1869 1872
1869 1870
1870 1871
1871 1872
1871 3521
1873 3525
1874 4395
1874 4289
1875 1879
1875 1876
1875 3521
1876 1877
1880 1882
1880 1883
1881 1882
1881 2977
1882 1885
1883 1885
1884 2923
1884 4421
1885 4423
1886 4048
1886 2022
1886 4047
1887 4403
1887 4047
1887 2923
1888 4403
1888 4430
1889 4426
1889 4425
1889 2978
1890 4433
1890 2703
1890 2293
1891 1894
1891 1892
1891 1893
1892 4886
1892 1895
1893 3352
1894 1897
1894 1896
1898 2802
1898 2437
1898 2184
1899 2436
1899 2184
1900 2945
1900 2944
1900 4946
1902 2759
1902 1905
1902 4086
1902 4066
1903 1904
1903 1905
1905 1906
1907 1908
1907 1909
1907 1912
1909 1911
1909 1912
1911 1913
1912 1916
1913 1914
1913 1915
1914 1917
1914 1916
1915 1917
1916 1917
1918 1923
1918 5262
1919 1920
1919 2177
1920 1921
1920 2321
1921 2325
1921 2329
1922 1923
1923 5263
1924 1929
1924 1925
1924 1926
1926 1927
1926 2399
1927 2398
1927 2401
1928 2401
1928 2400
1928 1931
1929 2399
1929 1932
1930 1931
1930 1933
1930 2402
1930 1934
1930 1932
1931 2400
1932 2402
1934 1936
1935 1936
1936 1937
1939 1948
1940 2769
1940 4035
1940 4034
1941 1945
1941 1942
1941 1944
1942 1946
1942 1943
1943 1946
1943 1950
1944 1945
1945 1946
1947 1948
1948 1949
1948 4193
1950 3994
1951 2162
1951 3904
1952 1956
1952 1953
1952 2344
1953 1961
1953 2057
1954 1955
1954 1958
1954 2057
1955 1956
1957 1958
1957 1960
1959 1960
1961 2057
1962 2057
1963 1966
1963 1964
1964 1965
1965 1972
1965 1970
1966 1968
1967 1969
1967 1968
1969 1970
1969 1971
1969 3771
1970 1971
1971 3771
1972 3852
1973 3623
1973 3852
1973 5122
1974 5012
1974 1975
1975 1976
1975 1977
1976 1979
1976 1997
1977 1985
1977 1984
1978 1996
1978 1979
1978 1980
1979 1998
1980 1999
1980 1981
1981 1982
1981 2012
1982 2010
1982 2011
1983 1985
1983 2000
1983 2067
1984 2067
1984 1985
1986 1987
1986 2068
1986 1989
1986 2067
1988 1989
1989 2069
1989 1994
1990 1991
1990 2000
1990 2067
1991 2071
1991 2001
1992 2068
1993 2069
1994 2069
1994 2001
1995 2068
1996 2000
1996 2011
1996 2015
2000 2007
2001 2002
2003 2004
2004 2071
2004 2006
2005 2070
2007 2015
2007 2071
2007 2009
2008 2009
2009 2017
2009 2070
2011 4993
2013 2015
2014 2017
2015 2017
2016 2017
2018 2070
2019 2749
2019 3397
2020 3385
2020 3386
2020 4432
2021 4432
2021 4431
2022 4424
2022 2925
2023 2926
2024 2979
2025 3376
2025 3375
2026 4204
2027 2030
2027 2375
2027 4861
2028 4204
2028 4852
2029 4862
2029 2374
2029 2291
2030 2031
2030 4853
2031 2291
2031 4852
2032 4855
2032 5050
2033 2035
2033 3921
2034 2389
2034 5056
2034 3922
2036 2037
2037 4850
2038 2775
2038 2776
2038 2648
2039 2777
2040 4612
2040 2777
2040 4121
2041 2774
2041 2041
2042 2775
2042 2774
2042 2044
2043 4017
2044 2984
2044 2773
2045 2046
2047 4567
2047 3025
2048 2883
2048 2882
2049 3023
2049 2050
2049 3056
2050 3019
2051 2395
2051 4964
2051 3925
2051 2396
2052 4408
2052 4675
2053 2054
2053 3599
2053 4408
2054 3538
2054 3541
2056 2371
2058 2128
2058 2428
2059 3144
2059 3179
2059 2134
2060 2875
2061 2062
2061 2063
2064 2064
2064 2065
2066 3006
2066 3867
2066 3628
2066 3630
2068 2069
2070 2071
2072 5197
2073 3890
2073 2920
2074 2841
2076 4968
2077 2321
2077 2175
2078 2443
2078 4979
2078 4978
2079 3803
2081 2082
2083 4157
2084 2091
2084 3810
2084 2088
2085 2089
2085 2151
2085 4594
2086 2088
2086 3811
2087 3811
2087 2089
2087 2090
2088 3811
2089 2090
2090 2092
2091 2094
2091 3810
2092 2093
2092 3810
2094 2095
2094 2097
2096 2097
2098 2104
2098 5138
2098 2102
2099 4593
2099 2100
2099 5179
2100 2104
2100 5137
2101 2102
2102 5139
2103 5156
2103 2110
2103 4593
2104 5156
2105 3284
2105 2946
2105 2940
2105 4795
2106 4164
2106 2110
2106 5154
2107 2108
2107 2109
2107 5154
2107 2111
2109 2111
2109 5155
2110 5155
2111 2940
2112 3963
2112 5219
2112 5245
2112 5246
2113 3836
2114 3836
2114 4921
2114 3835
2115 3835
2118 2119
2118 3106
2119 3103
2119 3119
2120 4411
2121 5297
2122 5297
2122 3843
2123 5300
2123 5318
2124 2126
2125 4623
2125 3615
2126 2127
2126 4623
2128 4927
2129 2130
2132 2133
2134 3134
2134 3132
2136 2137
2138 2139
2139 4753
2139 4600
2141 3290
2142 2143
2144 2145
2147 4749
2147 4750
2147 4751
2148 4751
2148 4268
2149 2151
2149 4159
2149 2150
2151 4141
2152 2153
2152 2642
2154 2714
2157 4122
2157 4175
2157 3695
2158 2159
2160 2161
2160 2190
2161 2198
2162 3905
2162 2858
2162 2857
2163 3453
2163 3207
2163 3446
2165 4658
2166 4707
2167 4707
2167 4237
2167 4241
2168 2971
2169 4663
2169 4191
2172 2173
2174 2175
2175 2177
2175 2176
2176 2178
2177 2178
2178 2322
2179 2180
2182 5087
2183 5088
2184 2436
2185 2949
2186 3091
2186 4149
2187 4575
2187 4470
2187 4460
2188 4575
2189 2190
2191 2192
2193 4343
2193 4339
2193 2194
2195 4130
2195 3691
2195 4058
2196 2197
2198 2199
2203 2922
2203 4801
2204 2832
2204 3120
2206 5035
2206 5032
2207 2961
2207 2962
2208 5009
2208 5007
2209 3972
2209 3971
2211 2214
2212 2213
2212 2215
2213 2214
2214 2215
2216 4059
2216 4129
2216 4083
2217 2222
2217 2482
2217 2221
2218 2219
2218 4070
2218 2222
2219 2880
2219 2223
2220 2223
2220 2221
2221 2222
2222 2223
2224 2226
2224 4079
2224 4900
2225 3736
2225 2227
2225 2226
2226 3735
2228 4076
2228 4137
2228 4077
2229 2454
2229 4519
2229 4407
2230 4644
2231 2232
2233 3393
2234 2248
2235 2236
2238 2242
2238 2241
2238 2239
2240 2241
2241 2242
2243 3855
2243 3858
2243 2278
2244 2245
2244 3290
2245 2245
2247 2337
2248 4924
2249 2250
2251 4765
2251 3036
2252 2859
2252 4768
2252 3908
2253 3056
2253 4944
2253 2886
2253 4945
2255 4680
2255 2359
2255 2731
2255 4939
2256 2719
2256 2428
2257 2644
2260 2261
2260 3608
2261 3608
2262 2451
2266 2267
2266 2266
2267 3906
2267 3904
2268 4768
2269 2270
2269 2273
2269 2271
2270 2274
2271 2275
2271 2272
2272 2275
2273 2274
2273 5272
2274 2276
2275 5272
2276 3685
2277 3600
2277 2453
2277 3601
2278 2279
2280 2656
2281 4117
2281 3658
2282 2283
2284 2288
2284 3796
2285 3795
2285 2287
2286 3796
2286 3795
2287 3912
2288 3801
2288 3794
2290 2290
2291 4854
2293 4428
2293 4429
2294 4212
2295 4214
2296 2948
2298 4213
2298 4212
2299 4169
2300 4169
2301 2304
2301 2424
2302 2303
2302 4790
2302 4143
2303 3870
2304 2425
2305 2306
2306 2307
2308 2309
2309 2311
2309 2310
2312 2313
2314 4181
2314 2317
2315 2317
2316 4148
2318 2319
2319 2429
2319 2427
2320 4920
2322 2323
2323 4967
2324 2327
2325 2329
2327 2330
2328 2330
2328 2394
2329 2330
2331 2332
2332 4868
2334 5305
2334 2335
2334 5311
2335 2336
2335 5200
2337 5307
2337 5311
2338 2339
2341 3575
2342 4825
2343 2359
2343 4939
2343 4679
2343 4938
2344 2860
2345 5177
2345 3568
2346 3568
2346 3571
2346 3569
2346 2456
2347 2348
2349 2350
2350 2351
2351 2352
2353 2378
2353 2734
2354 4011
2354 3619
2354 4010
2356 5215
2356 2426
2356 4782
2357 4926
2357 2358
2357 4928
2358 4783
2358 2430
2359 4825
2360 4211
2360 3819
2361 3655
2361 2463
2362 3607
2363 3540
2363 3556
2363 3541
2364 3540
2364 3541
2365 3555
2365 3556
2365 3538
2366 2368
2369 2370
2370 3138
2370 3142
2372 4160
2373 4283
2374 2375
2376 2377
2377 5210
2378 2733
2379 4010
2380 3674
2380 2423
2380 2421
2381 3698
2381 4023
2381 2382
2382 3698
2382 3674
2383 3674
2383 3698
2384 2386
2384 2385
2384 3124
2385 4607
2388 4600
2389 5053
2389 4198
2390 5053
2390 5068
2392 3995
2392 2393
2392 4264
2392 4013
2393 4014
2393 3940
2393 3997
2395 2397
2396 4945
2396 2624
2397 4964
2397 2850
2398 2400
2398 2401
2398 2399
2399 2402
2400 2402
2403 2937
2403 2837
2403 4798
2403 3923
2404 4869
2404 4870
2405 3679
2405 2406
2406 2407
2407 4263
2407 2408
2408 3882
2408 4263
2408 2410
2409 3885
2409 2416
2409 3876
2410 3882
2410 3649
2411 2412
2412 3782
2412 2413
2413 2414
2413 3764
2414 2415
2414 3882
2415 3649
2415 3764
2416 3610
2416 3683
2417 2422
2418 3610
2419 2421
2420 2421
2422 2423
2422 3675
2424 2425
2424 3870
2425 4143
2425 2767
2429 2431
2430 2489
2430 3094
2432 3901
2432 3022
2432 4565
2432 3911
2433 4568
2433 4997
2433 4989
2434 4569
2434 4987
2434 5002
2435 3889
2435 4562
2435 4982
2436 2949
2436 4400
2437 4883
2437 3301
2438 3040
2438 2439
2439 2440
2441 2961
2441 3911
2441 4990
2442 4993
2442 5000
2442 4986
2443 4984
2443 4986
2443 4981
2444 2445
2444 4766
2444 2964
2445 2969
2445 2448
2446 2450
2446 2969
2446 2966
2447 2448
2447 4739
2447 2451
2448 2451
2449 2450
2450 2451
2452 4684
2452 2462
2452 2453
2453 3605
2454 3597
2454 3605
2454 3598
2455 2459
2455 3572
2455 2464
2456 2457
2456 3570
2457 2464
2457 3568
2458 3574
2458 3125
2458 3572
2459 2460
2459 3570
2460 3574
2461 2462
2462 4682
2463 4211
2463 3819
2465 2467
2465 2477
2466 2467
2467 2468
2468 2477
2469 3673
2469 4826
2470 5274
2470 4265
2470 3731
2471 3867
2472 2986
2472 2650
2472 4880
2474 4681
2474 4228
2475 2476
2477 3028
2478 3907
2478 4773
2478 4465
2479 2480
2479 2481
2479 4774
2480 2482
2480 4369
2482 2879
2483 3910
2483 4767
2484 2683
2485 2487
2486 2487
2486 3733
2486 4074
2487 2488
2491 2493
2491 2492
2494 4106
2494 2495
2496 3198
2496 3146
2497 2498
2497 4435
2497 2500
2498 2499
2498 2500
2499 2499
2500 3690
2500 5198
2501 4082
2502 2504
2502 2502
2502 2507
2503 2505
2503 2508
2503 2504
2504 2507
2505 2506
2505 2509
2506 2510
2506 2511
2507 2508
2508 2509
2509 2510
2510 2511
2511 2512
2515 2516
2515 2519
2516 2522
2516 2517
2517 2525
2517 2518
2518 2520
2518 2529
2519 2522
2520 2521
2520 2532
2521 2534
2521 2524
2522 2525
2523 2537
2523 2527
2524 2538
2524 2526
2525 2529
2526 2528
2526 2541
2527 2545
2527 2531
2528 2530
2528 2543
2529 2532
2530 2547
2530 2533
2531 2550
2531 2535
2532 2534
2533 2549
2533 2536
2534 2538
2535 2555
2535 2540
2536 2539
2536 2552
2537 2545
2538 2541
2539 2540
2539 2553
2540 2542
2541 2543
2542 2544
2542 2556
2543 2547
2544 2546
2544 2558
2545 2550
2546 2548
2546 2559
2547 2549
2548 2561
2548 2551
2549 2552
2550 2555
2551 2554
2552 2553
2553 2556
2554 2557
2554 2562
2556 2558
2557 2560
2558 2559
2559 2561
2560 2562
2563 2567
2563 2565
2564 2574
2564 2565
2564 2566
2565 2573
2566 2575
2567 2572
2568 2569
2568 2571
2569 2570
2570 2571
2570 2577
2571 2572
2572 2573
2573 2574
2574 2575
2575 3817
2576 3817
2576 3851
2576 2582
2578 2579
2579 2581
2579 2580
2580 2582
2580 3851
2581 3818
2582 3818
2583 3851
2584 2585
2584 2586
2585 2587
2585 2589
2586 2589
2587 2588
2587 2591
2588 2590
2588 2593
2589 2591
2590 2594
2590 2596
2591 2592
2592 2593
2592 2596
2593 2596
2594 2595
2594 2597
2595 2598
2597 2598
2599 2602
2600 2602
2601 2603
2602 2603
2603 2606
2604 2607
2604 2606
2604 2605
2606 2608
2609 4256
2609 2610
2609 4255
2610 4257
2610 3924
2611 4257
2611 3351
2612 3551
2612 2622
2612 3549
2613 3335
2613 3189
2614 3229
2614 2615
2614 2673
2615 3235
2615 3222
2615 3234
2616 3225
2616 5186
2616 3130
2617 2914
2617 3520
2617 2766
2618 3305
2618 3298
2619 2670
2619 2620
2619 3305
2620 2682
2620 2671
2621 3231
2621 2690
2621 2672
2622 3552
2622 3235
2624 3925
2624 2885
2625 4274
2625 2921
2626 4786
2627 2630
2628 2629
2629 2631
2629 2630
2630 3994
2630 2634
2631 2632
2632 2633
2635 2637
2636 2637
2637 2638
2640 2641
2642 4871
2643 2645
2643 3087
2643 2647
2648 4613
2648 2984
2649 2650
2649 4613
2649 3371
2650 4121
2651 4730
2651 2653
2651 4728
2651 4731
2651 5239
2652 4730
2652 4127
2652 4729
2653 2654
2653 2655
2657 2877
2657 2658
2657 2660
2658 2659
2658 2660
2659 2661
2660 2661
2662 3846
2662 3847
2662 3689
2663 2870
2663 3845
2664 4617
2664 2665
2664 4002
2665 4737
2666 2667
2666 4605
2666 2693
2667 2668
2667 2693
2668 3063
2669 2694
2670 3204
2670 3205
2671 3205
2671 3206
2672 3227
2672 3206
2673 3232
2673 3342
2673 3233
2673 3234
2674 3222
2674 2675
2674 3235
2675 2676
2675 3552
2676 3238
2677 4741
2677 4617
2677 4736
2677 4740
2678 4625
2678 4735
2678 4738
2679 4615
2679 2680
2679 4616
2680 5282
2680 4620
2680 4629
2681 3229
2681 3342
2681 2688
2681 3228
2682 2688
2682 3531
2683 2918
2683 3532
2683 2684
2683 3545
2684 3546
2684 3547
2685 3226
2685 3130
2685 3292
2686 2687
2686 3546
2686 3230
2687 2688
2687 3229
2689 3236
2689 3218
2689 3216
2690 3209
2690 3188
2691 3294
2691 3293
2692 3293
2692 3188
2692 3231
2693 2694
2695 3380
2695 2704
2696 4255
2696 2736
2696 4258
2697 4255
2697 4254
2697 4256
2698 3288
2698 4924
2698 3287
2699 3289
2699 3014
2699 3288
2700 3369
2700 3417
2700 2736
2701 2976
2701 2702
2702 3367
2702 4965
2703 2780
2703 4433
2704 3382
2704 2780
2705 2707
2705 2711
2706 2708
2707 4849
2708 3107
2709 3119
2709 3108
2709 3106
2710 3112
2710 4849
2712 4913
2712 4919
2712 4781
2713 2714
2713 4657
2713 4658
2713 4930
2714 2715
2715 4785
2716 4672
2716 3116
2717 3116
2717 4680
2718 3974
2718 3118
2718 4784
2719 3118
2720 2748
2720 2721
2720 2746
2721 2722
2721 2742
2722 2723
2724 4040
2724 4458
2724 2740
2725 4041
2725 4490
2725 2726
2726 2727
2726 4506
2727 3707
2727 2728
2728 4507
2728 4597
2729 2730
2729 4584
2729 4585
2730 4483
2731 4825
2732 4846
2732 4824
2732 4921
2733 5076
2733 4845
2733 5087
2734 4904
2734 5076
2735 4254
2735 3380
2737 2738
2738 4641
2738 4417
2738 4602
2739 4418
2739 5075
2739 5094
2739 4417
2740 4042
2740 3142
2741 3934
2741 4597
2741 3153
2742 4786
2742 4642
2743 4036
2743 2771
2743 4696
2744 2747
2744 4192
2744 2746
2745 4665
2745 4191
2745 3871
2746 4185
2747 2748
2748 4650
2749 4895
2749 3409
2750 4019
2750 3409
2750 3410
2750 3404
2751 3044
2751 3045
2752 3046
2752 3016
2753 3047
2753 4949
2754 3009
2754 2990
2755 2990
2755 2757
2755 2989
2756 2759
2756 3017
2757 2873
2757 5263
2758 4961
2758 2867
2759 4054
2760 4210
2760 3410
2760 3044
2761 2762
2761 2764
2762 4949
2762 4210
2763 4894
2763 2881
2763 4950
2764 4894
2764 4893
2765 2766
2765 2913
2766 2918
2767 4144
2767 3101
2768 4640
2768 4480
2768 4188
2769 4193
2769 2771
2769 4034
2770 4035
2770 4037
2770 4034
2771 4035
2772 2985
2772 3937
2772 3302
2773 3945
2773 2982
2774 2982
2774 4119
2775 4119
2776 4612
2776 4120
2777 4611
2777 3373
2778 2979
2778 4048
2778 2927
2779 4048
2779 2925
2779 4425
2779 4966
2780 4429
2781 4468
2781 4449
2781 4776
2782 4466
2782 4436
2782 2792
2782 4463
2783 4449
2783 4775
2783 2785
2784 4892
2784 4775
2784 2786
2785 4469
2785 4464
2786 4891
2786 4464
2787 4892
2787 2788
2787 2791
2788 2789
2788 4060
2789 2794
2789 2879
2790 2793
2790 4441
2790 4544
2791 4467
2791 4891
2792 4465
2792 2859
2792 4467
2793 4535
2793 4533
2793 4530
2793 4451
2794 4465
2794 4773
2795 4774
2795 4768
2795 4773
2796 4544
2796 4539
2796 4543
2796 4541
2797 2798
2797 4212
2797 2818
2798 2947
2798 2819
2799 4213
2799 2800
2799 2940
2800 4173
2800 5141
2801 4173
2801 2806
2801 5140
2802 2822
2802 2823
2802 2803
2803 2814
2804 2807
2804 2949
2805 4400
2805 2949
2805 4948
2806 2826
2806 4398
2807 4751
2808 4266
2808 4399
2808 2810
2809 2811
2809 4268
2809 4751
2809 4403
2810 2813
2810 4267
2811 4269
2811 4268
2812 4269
2812 2929
2812 3378
2813 2938
2813 4286
2814 4214
2814 2820
2815 4795
2815 4794
2815 2946
2816 2818
2816 2817
2816 3282
2817 2819
2817 3279
2818 2819
2820 2942
2821 2822
2823 2824
2824 4881
2824 4873
2824 4875
2825 3937
2825 4873
2826 4399
2827 2828
2828 3939
2828 2980
2829 3944
2830 3944
2831 4801
2831 2930
2831 2832
2832 4801
2832 2833
2833 4801
2833 2932
2834 2835
2834 2975
2835 2836
2836 4800
2836 2933
2837 2936
2838 2840
2838 2881
2839 4968
2839 4814
2840 2841
2841 4971
2842 4976
2842 4562
2842 3769
2843 4974
2843 2844
2844 4971
2844 3914
2845 4972
2845 4975
2845 4977
2846 4972
2846 2887
2847 2849
2847 4813
2847 2888
2848 4969
2848 4809
2848 4814
2849 4810
2849 2888
2850 4944
2850 2851
2850 4278
2851 2852
2852 3928
2853 2854
2853 3928
2853 3902
2854 2856
2854 5031
2855 3926
2855 3901
2855 3929
2856 2961
2856 3926
2857 4463
2858 4547
2858 4553
2859 4542
2861 2863
2862 2863
2862 2865
2862 2864
2864 2866
2864 2865
2867 2868
2867 4092
2868 4022
2868 4087
2869 4024
2869 4769
2869 3848
2870 3848
2870 2871
2870 3846
2871 4435
2871 5198
2872 4130
2872 4772
2872 3692
2872 4771
2873 2991
2873 4961
2874 4064
2874 4086
2874 2875
2875 4067
2875 2876
2876 2877
2876 4063
2877 4061
2877 2878
2878 4085
2878 4776
2879 4070
2879 4059
2880 4897
2880 4070
2880 4058
2882 4563
2883 3767
2883 4803
2887 3936
2887 4812
2888 3936
2888 4970
2889 3916
2889 2891
2889 4812
2890 4809
2890 4808
2890 4866
2891 2892
2891 4808
2892 4811
2892 3918
2893 2896
2893 4811
2893 2902
2894 2895
2894 4865
2894 2897
2895 2896
2895 3920
2896 3920
2896 3732
2897 2898
2897 4807
2899 4806
2899 4807
2900 2901
2901 4806
2901 2904
2902 2907
2903 4804
2904 4805
2904 4234
2905 4804
2905 4805
2907 4804
2907 2908
2908 4018
2908 4706
2909 4234
2910 2911
2910 4005
2910 4232
2911 2912
2913 2914
2913 2915
2914 3292
2915 2917
2916 2917
2917 2918
2919 3095
2919 2920
2920 4276
2921 2922
2921 2972
2922 4274
2922 4275
2923 4420
2923 4424
2924 2925
2924 4423
2924 2928
2926 4047
2926 4424
2927 4430
2927 4403
2928 2977
2928 4966
2929 3375
2929 4430
2930 3120
2930 2972
2930 2931
2932 4940
2932 4800
2933 4799
2933 2935
2934 4799
2934 4940
2934 2936
2935 4798
2935 2937
2936 4798
2937 3923
2938 4284
2939 2946
2939 2940
2939 4164
2939 5154
2941 3279
2942 5245
2942 3960
2943 4883
2943 4400
2943 4947
2944 4947
2944 4882
2945 4948
2947 2948
2948 4214
2950 2951
2950 3030
2950 3029
2951 2952
2951 2954
2952 2955
2952 3031
2953 5158
2954 3031
2954 3030
2955 5175
2955 2957
2956 5175
2956 5157
2956 2959
2957 4815
2957 3031
2958 4815
2958 2960
2958 3033
2962 5014
2963 5269
2964 4521
2964 2965
2965 2967
2965 2968
2966 2967
2967 2968
2968 2969
2970 4876
2970 4885
2970 4886
2971 4663
2971 4662
2972 3097
2973 3374
2974 2975
2974 3374
2974 3096
2975 3120
2976 4433
2976 4434
2978 4966
2979 4047
2980 3945
2980 4001
2980 2981
2981 2983
2981 3783
2982 4001
2983 4017
2983 3894
2983 3938
2984 3894
2985 3372
2985 3373
2986 4836
2986 3372
2986 4879
2987 4889
2989 2990
2991 4054
2992 2994
2992 5202
2992 2993
2993 2995
2994 3003
2994 2995
2995 2996
2996 2997
2996 2998
2997 2999
2997 3003
2998 2999
2998 3000
2999 3001
3000 3001
3000 3002
3001 3005
3002 3005
3002 3004
3003 3004
3004 3005
3006 3007
3007 3626
3008 3009
3009 3016
3010 3013
3011 3014
3012 3015
3013 4956
3016 4046
3017 3047
3017 4046
3018 3020
3018 4563
3019 4567
3019 3023
3020 4803
3020 4567
3021 3024
3022 4566
3022 4992
3023 4564
3024 3025
3024 4566
3025 5003
3027 5178
3028 5178
3029 4818
3029 3030
3030 4817
3031 4816
3032 4817
3032 3035
3032 4818
3033 4816
3033 3034
3036 4765
3036 4128
3037 3126
3037 3647
3037 3867
3038 3039
3039 3127
3039 4128
3040 3040
3042 4527
3042 4445
3042 4559
3042 4446
3043 3406
3043 3045
3044 3408
3045 3046
3045 4951
3046 4199
3047 4199
3048 3049
3048 4709
3049 3051
3049 3050
3050 3051
3052 3054
3053 3054
3054 3055
3056 3929
3057 3067
3057 4002
3057 3075
3058 3059
3058 4753
3060 4599
3060 3061
3060 3766
3060 3064
3061 4701
3062 4002
3062 3074
3062 4617
3063 3080
3064 4220
3064 4599
3065 3081
3065 3068
3065 3766
3066 3770
3066 3067
3066 3069
3067 3069
3068 3070
3068 3081
3069 3071
3070 3072
3070 3071
3071 3072
3073 3074
3074 4599
3075 3076
3075 3077
3076 4003
3076 3078
3079 4003
3080 4605
3081 5173
3083 3084
3083 4032
3084 4384
3085 3086
3087 4656
3088 5026
3088 5030
3088 5034
3089 3912
3090 3913
3093 4149
3095 3300
3095 3374
3096 3300
3096 3097
3097 3120
3098 4703
3099 4702
3100 4144
3100 3101
3101 4145
3102 3105
3102 4797
3103 4679
3104 3105
3105 3106
3105 3108
3107 3109
3107 3108
3109 4849
3110 3113
3110 3119
3111 3112
3111 4849
3111 4602
3112 3113
3113 3114
3114 3115
3115 4641
3115 5074
3116 3117
3117 3118
3121 3158
3121 3162
3121 3154
3122 3141
3122 3164
3123 3141
3123 3140
3125 3125
3126 3127
3126 4049
3127 4763
3128 3129
3129 3987
3129 3984
3130 5187
3130 4523
3131 3165
3131 3159
3132 3176
3132 3172
3133 3144
3133 3177
3133 3179
3134 3137
3134 3144
3135 3148
3135 4197
3135 3139
3136 4043
3136 3168
3136 3164
3137 3178
3138 3157
3138 3161
3139 4142
3139 3149
3139 3150
3140 3160
3140 3174
3141 3180
3142 3151
3143 3144
3143 3165
3143 3177
3145 4688
3145 4643
3146 3196
3146 3195
3147 3200
3147 3195
3148 3154
3148 3149
3149 3155
3149 3150
3150 3156
3151 3152
3151 3157
3152 3153
3152 4044
3153 3159
3154 3155
3155 3158
3155 3156
3156 3160
3157 4044
3158 3160
3159 4044
3161 4045
3161 3171
3162 3163
3162 3166
3163 3164
3163 3168
3165 4045
3166 3167
3166 3168
3167 3172
3167 3169
3169 3170
3169 3175
3170 4043
3170 3178
3171 3176
3171 3173
3172 3175
3173 3177
3173 3179
3175 3178
3176 3179
3181 4755
3182 3190
3182 3210
3182 3335
3183 3211
3183 3210
3183 3192
3184 3333
3185 3460
3185 3518
3186 3190
3186 3191
3187 3335
3187 4755
3187 3456
3188 3211
3189 3456
3189 3489
3189 3517
3190 3192
3191 3193
3191 3196
3192 3293
3193 3194
3194 3295
3195 3200
3196 3197
3197 3199
3197 3198
3198 3201
3200 3203
3201 3213
3201 3202
3203 3212
3204 3207
3204 3445
3205 3208
3206 3209
3207 4755
3208 3210
3208 3209
3209 3211
3214 3473
3215 3217
3216 3234
3216 3217
3217 3218
3218 3222
3219 3236
3219 3220
3219 3296
3220 3240
3220 3221
3223 3638
3223 5193
3223 5196
3223 3224
3224 3225
3224 3531
3225 3226
3225 3530
3226 3529
3227 3228
3227 3231
3228 3341
3229 3230
3230 3235
3232 3233
3232 3341
3233 3294
3236 3237
3237 3238
3238 3239
3239 4759
3239 3240
3240 4758
3241 3242
3242 3261
3242 3244
3242 3248
3243 3250
3243 3248
3243 3266
3243 5251
3244 5256
3245 3246
3245 3257
3245 3258
3246 4596
3246 4792
3247 3248
3249 5256
3249 3261
3249 5254
3250 5260
3250 5252
3250 3266
3251 3262
3251 5252
3251 3266
3251 5251
3252 5260
3252 3253
3252 5255
3252 3255
3253 3256
3253 5254
3254 3265
3254 5260
3254 3255
3255 3256
3255 4791
3256 3259
3257 3423
3257 3262
3257 5251
3258 3262
3258 3265
3258 5252
3259 4791
3259 3957
3260 3261
3263 3264
3264 3423
3264 3965
3265 4791
3267 3268
3267 4592
3267 5259
3268 3269
3268 3957
3269 4589
3270 3271
3270 3933
3270 4794
3270 4795
3271 3933
3271 3272
3272 5248
3272 5204
3272 3933
3273 3275
3273 3276
3273 3933
3274 3281
3276 4419
3276 3279
3277 3280
3277 5203
3277 5245
3277 5204
3278 3281
3279 3280
3281 3283
3281 3282
3282 3284
3282 4795
3283 4419
3285 3287
3285 3286
3286 4861
3286 5047
3288 4860
3289 4862
3290 3291
3292 3519
3292 3520
3294 3296
3297 3303
3298 3303
3298 3337
3299 3300
3299 4613
3299 3343
3301 4882
3301 4835
3301 3648
3302 3648
3302 3687
3303 3304
3304 3337
3304 3316
3306 4007
3306 3308
3306 3307
3306 3425
3307 3310
3307 4009
3307 4008
3308 3309
3308 3310
3309 4754
3309 3444
3309 3310
3310 3314
3311 3433
3311 3321
3311 3316
3312 3315
3313 3314
3313 4008
3313 3336
3314 3319
3315 3318
3315 3334
3316 3320
3317 3318
3317 3528
3317 4008
3318 3336
3319 3322
3319 3323
3320 3325
3320 3498
3321 3325
3321 3326
3322 3324
3322 3339
3323 3324
3323 3336
3324 3340
3325 3330
3326 3328
3326 3329
3326 3339
3327 3446
3327 3498
3327 3337
3328 3331
3328 3340
3329 3331
3329 3330
3330 3333
3330 3332
3331 3333
3332 3333
3332 3499
3332 3515
3337 3445
3338 3431
3338 4754
3338 3441
3339 3340
3341 3342
3343 3420
3343 3419
3344 3346
3344 3420
3345 3346
3346 3347
3347 3348
3348 3349
3349 3350
3349 3351
3352 3354
3352 4880
3353 3371
3353 3356
3354 3355
3355 3359
3356 3357
3356 3358
3357 3360
3357 3365
3358 3422
3359 3413
3360 3415
3360 3361
3361 3362
3361 3363
3364 3370
3364 3366
3364 3418
3365 3422
3365 3368
3367 3416
3367 3417
3367 3413
3368 3370
3369 3418
3370 3415
3372 4121
3372 3688
3373 4121
3375 3378
3376 4429
3376 3377
3377 3379
3378 4402
3378 4401
3379 3381
3379 4402
3380 3383
3381 3385
3382 3385
3383 3384
3384 3386
3385 4432
3386 3392
3387 4293
3387 4284
3387 4294
3388 3389
3388 4293
3389 4401
3389 3390
3390 3391
3390 4431
3391 3394
3392 3393
3393 3395
3394 4859
3395 3396
3397 3412
3398 3411
3398 3400
3399 3412
3399 3401
3400 3402
3401 3403
3402 4780
3402 3406
3403 3404
3403 4780
3403 3409
3404 3405
3405 3408
3405 3410
3406 3407
3407 3408
3411 3412
3413 3414
3414 3415
3414 3416
3416 3418
3419 3420
3421 3422
3423 4792
3424 3425
3424 3442
3425 3426
3426 3430
3426 3434
3426 3435
3427 3436
3428 3437
3429 3438
3430 3432
3431 3438
3431 3973
3431 3433
3432 3439
3432 3444
3433 4754
3435 3436
3436 3439
3436 3437
3437 3440
3437 3438
3438 3441
3439 3440
3440 3441
3440 3444
3442 3443
3445 3446
3446 3447
3447 3448
3447 3449
3448 3451
3448 3450
3450 3510
3450 3498
3450 3451
3451 3455
3451 3452
3452 3516
3452 3453
3453 3489
3453 3456
3454 3455
3454 3510
3454 3501
3455 3500
3457 3458
3457 3478
3457 3463
3458 3459
3458 3514
3459 3460
3459 3461
3460 3491
3461 3518
3461 3463
3462 3518
3463 3488
3463 4819
3464 3469
3465 3511
3465 3494
3466 3470
3467 3472
3468 3473
3469 4819
3469 3470
3470 3471
3471 3472
3471 3475
3472 3473
3474 3495
3474 4819
3474 3476
3477 3516
3477 3490
3477 3480
3477 3513
3478 3479
3478 3501
3479 3514
3479 3513
3479 3490
3480 3490
3480 3505
3481 3482
3482 3515
3482 3488
3483 3495
3484 3485
3484 3512
3484 3494
3485 3496
3485 3487
3486 3496
3488 3511
3489 3517
3490 3504
3491 3508
3491 3509
3492 3493
3493 3494
3495 3512
3499 3510
3500 3503
3500 3502
3501 3503
3503 3513
3504 3508
3504 3505
3505 3507
3506 3507
3506 3514
3506 3508
3507 3509
3508 3509
3516 3517
3520 4524
3520 4523
3521 3522
3522 3523
3523 3525
3523 3524
3525 3526
3527 4608
3529 3532
3529 3530
3530 3531
3533 4417
3533 4641
3533 4843
3534 3535
3534 5162
3536 3594
3536 3537
3538 3554
3539 3540
3541 3602
3543 3544
3546 3548
3547 3548
3547 4525
3548 3549
3549 3550
3549 3551
3550 4521
3550 4525
3551 3552
3553 3553
3553 3554
3554 3607
3557 4406
3557 4682
3558 4632
3558 4115
3558 3561
3559 4634
3559 4632
3559 3560
3559 3866
3560 3561
3560 3563
3561 3562
3564 3565
3566 3572
3567 5318
3568 3569
3569 5177
3570 3571
3573 3575
3576 3578
3577 3580
3578 3583
3578 3579
3579 3581
3579 3590
3580 3581
3580 3591
3581 3931
3582 3583
3582 3588
3582 3816
3583 3589
3584 3586
3584 3585
3584 5332
3586 3592
3587 3590
3590 3591
3594 3595
3597 4685
3597 3601
3599 3600
3599 3603
3600 4685
3601 3605
3602 3604
3602 3603
3603 3604
3604 3606
3608 4273
3609 4273
3610 3611
3612 3679
3612 3885
3612 3883
3613 3883
3613 4259
3614 3782
3614 4263
3614 4260
3615 4902
3615 3782
3617 3673
3617 3653
3617 3999
3618 3619
3618 4826
3618 4834
3620 3978
3620 3860
3620 3621
3620 4748
3621 3868
3622 3979
3622 4747
3622 4372
3622 3978
3624 4113
3624 3626
3625 3626
3627 3864
3629 4031
3629 4744
3629 3639
3629 4718
3630 4720
3630 3645
3631 3633
3632 4712
3632 4714
3632 4722
3633 4722
3633 4743
3634 3771
3635 3947
3635 3636
3636 3637
3637 3638
3638 3946
3639 4746
3639 3644
3640 3949
3640 3641
3640 4720
3641 3643
3641 3642
3642 3949
3642 4742
3642 4746
3643 4742
3643 4743
3644 4745
3644 4719
3645 4721
3645 3647
3646 3646
3647 4718
3647 4049
3648 3937
3649 3764
3650 4040
3650 3651
3651 3854
3651 4042
3652 4041
3652 4040
3653 3999
3653 3671
3654 3656
3655 4211
3657 4410
3657 4195
3658 4603
3658 4117
3659 3866
3659 4116
3660 4084
3660 4069
3660 4060
3661 4742
3661 3662
3661 4743
3661 4719
3662 4723
3662 4743
3663 3664
3665 3666
3666 5267
3667 4081
3667 4090
3668 4081
3668 3669
3668 4710
3669 4710
3670 3943
3671 3672
3671 3942
3672 3941
3673 4834
3675 3676
3675 3677
3677 3678
3677 3764
3679 3680
3680 3681
3680 3682
3684 3887
3685 3686
3686 3731
3687 3688
3687 4835
3688 4836
3691 4129
3691 4059
3692 3693
3692 4772
3694 4938
3694 4122
3694 4175
3695 4122
3696 3697
3697 3697
3699 3700
3702 4691
3703 3704
3704 4668
3704 3705
3706 4789
3707 4508
3708 4508
3709 3713
3710 3713
3710 3712
3710 3711
3713 3714
3715 3717
3716 3717
3717 4107
3719 3720
3719 4518
3719 3721
3722 5266
3723 3725
3723 5265
3723 5266
3724 5265
3726 4821
3726 4823
3726 4140
3727 4031
3727 3728
3728 4821
3729 3729
3730 4001
3731 5273
3733 4051
3733 4077
3734 3735
3734 3738
3734 3740
3736 4079
3736 3737
3738 3740
3738 4900
3739 3740
3741 3744
3741 3742
3741 3745
3742 3743
3744 4899
3744 3746
3745 3746
3747 3749
3747 3751
3748 3751
3749 4898
3749 3750
3752 3753
3754 4115
3754 3756
3754 3755
3757 3758
3759 3788
3760 3789
3761 4869
3762 4781
3762 3788
3763 3989
3763 4896
3765 3864
3766 3770
3767 5005
3768 4561
3768 5003
3768 4569
3769 5005
3770 4599
3772 4110
3772 3774
3773 4109
3773 3774
3775 3777
3775 3776
3776 3778
3776 3777
3777 5179
3778 3779
3778 5146
3779 5147
3779 3780
3780 3780
3781 3781
3783 4000
3783 3938
3784 4784
3788 4930
3790 4784
3790 4785
3792 3793
3793 3799
3794 3912
3794 3801
3797 3799
3797 3800
3798 3800
3798 3799
3802 3802
3805 3806
3805 3807
3806 3809
3807 3808
3807 3809
3812 3814
3813 3816
3814 3816
3814 3815
3817 3818
3820 3821
3824 3825
3824 3826
3827 3828
3827 3829
3827 4782
3828 3830
3828 4783
3829 5214
3831 4411
3831 3833
3831 3840
3832 3833
3833 3834
3834 3836
3834 3835
3837 3838
3837 3840
3837 4824
3838 3839
3838 3841
3839 3840
3839 3976
3842 4598
3842 4661
3843 5296
3844 5296
3845 3848
3846 3848
3849 3948
3849 3947
3849 3946
3850 4011
3850 4131
3853 4457
3854 3934
3860 3862
3861 3862
3862 3863
3866 4634
3868 4748
3868 4747
3869 4209
3869 4186
3869 3871
3870 4143
3871 4665
3872 3873
3872 3874
3873 3875
3874 3875
3876 3880
3877 3878
3878 3880
3878 3879
3880 3881
3883 3884
3885 3886
3887 3888
3888 3888
3889 4979
3889 4975
3889 4977
3889 4981
3891 3892
3893 4118
3895 3898
3895 3900
3896 3900
3896 3899
3897 3899
3897 4837
3898 3900
3901 4564
3902 3930
3902 3926
3903 4463
3903 3905
3907 3908
3909 4767
3909 3910
3911 3926
3911 3927
3911 4989
3914 4970
3914 3936
3915 4812
3915 3936
3915 3916
3916 3917
3917 4810
3917 4808
3918 4866
3918 4808
3918 3919
3919 4811
3919 4864
3920 4864
3921 3922
3921 5047
3922 4850
3923 3924
3923 3925
3924 4802
3924 4258
3927 4989
3927 4990
3927 4991
3928 3930
3929 3930
3934 4042
3935 4383
3935 4032
3938 3940
3938 4016
3939 3943
3939 4000
3940 3998
3940 4015
3941 3942
3942 3943
3943 3996
3945 4001
3946 3948
3948 3971
3949 4744
3949 4721
3950 3951
3950 3953
3950 3965
3950 3952
3951 3954
3951 3953
3952 3955
3952 3967
3953 3956
3953 3955
3954 5110
3954 3956
3955 3958
3956 3958
3956 3961
3957 4595
3957 5259
3958 3964
3959 3968
3959 4793
3959 3964
3959 3967
3960 3963
3960 4590
3961 3963
3961 5247
3962 3967
3963 3964
3965 3966
3965 3970
3966 4793
3966 3967
3968 3969
3968 4793
3968 4595
3969 4588
3969 4590
3970 5258
3970 5257
3971 3972
3972 5009
3975 3976
3976 3977
3978 3979
3981 3988
3982 3985
3982 3983
3983 3988
3984 3985
3986 3986
3986 3987
3987 3988
3989 4897
3990 5267
3990 4056
3990 4025
3991 4637
3991 3993
3992 4636
3992 3993
3993 4637
3993 4636
3994 4036
3995 3996
3995 4264
3996 3997
3997 3998
3998 4000
3999 4264
4002 4003
4003 4004
4005 4233
4005 4006
4006 4009
4006 4248
4007 4009
4010 4011
4011 4012
4013 4014
4013 4834
4014 4015
4015 4016
4016 4017
4018 4704
4020 4031
4021 4092
4021 4066
4021 4065
4022 4065
4022 4779
4022 4092
4023 4902
4023 4908
4023 4905
4024 4062
4024 4026
4025 4055
4025 4073
4026 4061
4026 4027
4027 4063
4027 4028
4028 4067
4028 4201
4029 4064
4029 4201
4029 4200
4030 4083
4030 4060
4030 4059
4031 4032
4032 4135
4036 4039
4037 4192
4038 4039
4038 4664
4039 4665
4040 4041
4049 4762
4050 4763
4051 4900
4051 4075
4052 4898
4052 4053
4052 4822
4053 4899
4053 4076
4054 4066
4055 4056
4055 4078
4055 4123
4056 4896
4056 4057
4057 4071
4057 4897
4058 4071
4061 4063
4061 4062
4062 4085
4063 4067
4064 4778
4064 4067
4065 4778
4068 4202
4068 4775
4068 4069
4072 4073
4072 4123
4072 4075
4073 4074
4074 4075
4075 4901
4076 4079
4077 4136
4078 4770
4078 4896
4079 4899
4080 4822
4080 4081
4080 4898
4081 4764
4082 4083
4082 5198
4082 4772
4084 5198
4086 4778
4087 4777
4087 4779
4088 4823
4088 4821
4088 4089
4090 4822
4091 5267
4091 4771
4093 4095
4094 4095
4095 4108
4096 4097
4097 4108
4097 4098
4097 4652
4099 4653
4100 4101
4102 4103
4102 4106
4103 4105
4104 4105
4106 4112
4107 4112
4107 4108
4108 4109
4109 4110
4110 4111
4113 4118
4113 4724
4114 4724
4114 4725
4114 4115
4116 4117
4116 4634
4119 4120
4120 4611
4122 4680
4123 4770
4124 4125
4125 4770
4125 4126
4127 4724
4127 4730
4128 4763
4129 4772
4129 4130
4131 4872
4131 4871
4132 5213
4134 4265
4137 4138
4138 4139
4139 4140
4142 5217
4142 4197
4143 4144
4145 4598
4146 4147
4150 4151
4151 4152
4151 4207
4152 4153
4152 4206
4154 4161
4154 4162
4154 4163
4154 4796
4155 4594
4155 4156
4155 4162
4156 4161
4157 5201
4158 4159
4158 5201
4158 5202
4160 5157
4161 4162
4161 4796
4162 4164
4163 4796
4163 4794
4163 5205
4165 4166
4165 4174
4166 4833
4167 4833
4167 4832
4167 5147
4168 4832
4168 5153
4168 5181
4169 4173
4170 5138
4170 4828
4171 5139
4171 4172
4171 4828
4172 4827
4172 4829
4173 4827
4174 4175
4175 4594
4176 4797
4177 4179
4178 4179
4179 4848
4180 4848
4183 4187
4183 4669
4183 4189
4184 4477
4185 4186
4185 4209
4186 4646
4187 4190
4187 4668
4187 4670
4188 4189
4188 4639
4188 4598
4189 4190
4190 4662
4191 4664
4192 4696
4193 4194
4195 4196
4196 4410
4197 5215
4198 4851
4198 4850
4198 4838
4200 4777
4200 4779
4201 4769
4203 4703
4203 4702
4204 4853
4205 4206
4206 4207
4207 4208
4212 4213
4215 4922
4216 4236
4217 4218
4217 4236
4217 4219
4218 4219
4218 4237
4219 4707
4220 4238
4221 4223
4221 4238
4221 4222
4222 4223
4222 4244
4223 4224
4225 4246
4225 4243
4225 4245
4226 4252
4226 4229
4226 4245
4227 4246
4227 4250
4227 4244
4228 4704
4228 4247
4228 4248
4229 4246
4229 4251
4230 4231
4230 4253
4230 4820
4231 4232
4231 4252
4232 4820
4233 4249
4233 4820
4234 4235
4235 4236
4237 4238
4238 4243
4239 4707
4239 4240
4239 4241
4240 4247
4240 4242
4241 4243
4242 4245
4242 4681
4243 4244
4245 4253
4246 4366
4247 4681
4248 4249
4249 4820
4252 4253
4253 4681
4256 4257
4257 4802
4259 4261
4259 4262
4260 4262
4260 4261
4261 4262
4262 4263
4266 4267
4267 4268
4271 4272
4274 4276
4275 4277
4275 4276
4278 4280
4279 4280
4281 4295
4281 4390
4281 4290
4282 4291
4282 4283
4283 4297
4284 4285
4285 4294
4285 4286
4286 4386
4287 4385
4287 4288
4287 4398
4288 4289
4289 4404
4290 4291
4291 4292
4291 4391
4292 4294
4292 4293
4296 4297
4299 4313
4299 4344
4300 4368
4301 4306
4302 4327
4302 4303
4303 4315
4303 4304
4305 4306
4305 4345
4305 4359
4306 4319
4307 4308
4308 4310
4309 4310
4310 4313
4312 4313
4314 4315
4315 4323
4316 4317
4317 4319
4317 4326
4318 4319
4319 4323
4320 4321
4321 4323
4321 4325
4322 4323
4324 4325
4325 4327
4326 4350
4328 4329
4329 4331
4329 4335
4330 4331
4331 4333
4332 4333
4333 4341
4334 4335
4335 4337
4336 4337
4337 4338
4338 4339
4338 4342
4339 4340
4342 4343
4342 4344
4344 4345
4345 4364
4346 4352
4347 4351
4348 4354
4349 4351
4349 4363
4349 4350
4350 4363
4351 4354
4351 4352
4352 4353
4353 4366
4354 4362
4355 4357
4355 4365
4355 4362
4356 4357
4356 4359
4356 4365
4357 4358
4358 4359
4358 4360
4359 4364
4360 4361
4360 4364
4361 4368
4361 4362
4362 4367
4363 4365
4366 4367
4367 4368
4369 4370
4369 4774
4371 4372
4372 4373
4373 4374
4375 4376
4377 4378
4379 4380
4381 4382
4383 4384
4385 4396
4386 4387
4386 4397
4387 4395
4387 4388
4388 4389
4388 4391
4388 4394
4389 4390
4389 4393
4390 4392
4392 4393
4392 4404
4393 4394
4394 4395
4395 4397
4396 4397
4396 4399
4400 4946
4406 4610
4406 4683
4407 4683
4407 4684
4408 4675
4409 5231
4410 5231
4412 5080
4412 4416
4412 5089
4413 5086
4413 5074
4414 5085
4414 5086
4414 4415
4415 5081
4415 4416
4415 5084
4416 5079
4416 5091
4418 5073
4418 5095
4420 4421
4420 4948
4421 4422
4422 4423
4422 4886
4425 4426
4426 4427
4427 4434
4427 4428
4428 4434
4431 4432
4436 4462
4436 4560
4437 4531
4437 4453
4437 4452
4437 4532
4438 4455
4438 4454
4438 4439
4438 4444
4439 4444
4439 4448
4439 4440
4440 4441
4440 4447
4440 4528
4441 4446
4442 4552
4442 4549
4442 4550
4443 4448
4443 4462
4443 4445
4444 4528
4444 4532
4445 4526
4445 4447
4446 4447
4447 4448
4448 4456
4449 4469
4450 4469
4450 4466
4451 4534
4451 4452
4452 4453
4453 4454
4454 4455
4455 4456
4456 4462
4457 4458
4457 4459
4459 4574
4459 4488
4460 4574
4460 4573
4461 4573
4461 4786
4464 4775
4466 4468
4468 4469
4470 4576
4470 4572
4471 4586
4471 5292
4471 5290
4472 4475
4472 4580
4472 4579
4473 4580
4473 4581
4474 4582
4474 4583
4475 4579
4476 4511
4476 4497
4477 4494
4477 4493
4477 4498
4478 4492
4478 4479
4478 4501
4479 4503
4479 4502
4480 4787
4480 4666
4481 4587
4481 5288
4481 5289
4482 4483
4483 4583
4484 4585
4484 4485
4485 4511
4485 4486
4487 4488
4487 4505
4487 4504
4488 4489
4489 4490
4489 4505
4490 4491
4491 4505
4491 4506
4492 4493
4492 4500
4493 4495
4494 4497
4494 4496
4495 4498
4495 4499
4496 4498
4496 4497
4499 4512
4500 4512
4500 4501
4501 4502
4502 4503
4503 4571
4504 4571
4504 4576
4507 4584
4507 4508
4508 4509
4509 4510
4510 4511
4513 4514
4514 4598
4514 4638
4514 4586
4515 4516
4516 4518
4516 4606
4517 4518
4520 4521
4520 4522
4523 4524
4524 4525
4526 4527
4526 4560
4527 4559
4528 4529
4529 4532
4529 4530
4530 4531
4531 4532
4533 4537
4533 4534
4533 4535
4534 4537
4535 4536
4536 4537
4536 4538
4537 4540
4537 4538
4538 4539
4539 4540
4540 4542
4540 4543
4541 4545
4541 4542
4542 4543
4544 4545
4545 4547
4545 4548
4546 4557
4546 4559
4546 4556
4547 4548
4548 4549
4549 4550
4550 4551
4551 4555
4551 4552
4552 4554
4552 4553
4553 4558
4553 4554
4554 4557
4554 4555
4555 4556
4556 4557
4557 4558
4558 4560
4558 4559
4561 4562
4561 4983
4563 5275
4564 4565
4565 4566
4568 4998
4568 4992
4569 4998
4569 4988
4570 4578
4570 4577
4572 4578
4572 4573
4574 4575
4575 4576
4577 4787
4577 4578
4579 5288
4580 4581
4581 4582
4582 4583
4584 4585
4586 4587
4587 5292
4588 5259
4588 4592
4589 4591
4589 4592
4590 4591
4591 4592
4593 4594
4595 4792
4595 4596
4596 4791
4598 4651
4603 4604
4604 4604
4605 4700
4607 5206
4609 4610
4611 4612
4612 4613
4614 4678
4614 4621
4614 4677
4615 4677
4615 4616
4616 5174
4618 4741
4618 4739
4618 4619
4619 4734
4619 4620
4620 4622
4621 4677
4622 4676
4623 4624
4625 4626
4625 4734
4626 4627
4626 4734
4627 4628
4628 4630
4629 4630
4631 4984
4632 4633
4634 4635
4636 4870
4638 4639
4638 4651
4639 4651
4639 4640
4640 4787
4644 4645
4645 4647
4645 4648
4646 4666
4646 4647
4647 4648
4648 4649
4652 4652
4653 4654
4659 4660
4661 4788
4662 4663
4662 4668
4663 4664
4664 4665
4666 4787
4667 4687
4668 4670
4669 4670
4670 4789
4670 4788
4671 4672
4672 4673
4675 4685
4676 5174
4676 4678
4678 5174
4680 4939
4682 4686
4683 4684
4690 4691
4692 4693
4694 4695
4697 4698
4698 4699
4699 4701
4699 4700
4701 5173
4705 4706
4711 4715
4711 4714
4712 4723
4712 4716
4713 4715
4715 4716
4716 4717
4718 4744
4718 4721
4719 4745
4720 4721
4722 4723
4725 4731
4725 4726
4726 5234
4726 4731
4727 4733
4727 4732
4727 5234
4728 4729
4730 4731
4732 4733
4733 5239
4735 4736
4735 4741
4735 5293
4736 4738
4736 4737
4737 5293
4738 5293
4739 4756
4740 4741
4742 4745
4744 4746
4745 4746
4747 4748
4752 4753
4756 4757
4756 4759
4758 4759
4759 4760
4761 4764
4762 4763
4764 4765
4767 4768
4769 4777
4770 4901
4773 4774
4778 4779
4781 4930
4781 4929
4782 4783
4784 4785
4788 4789
4789 4790
4792 4793
4796 5249
4798 4799
4799 4800
4804 4805
4806 4807
4809 4810
4810 4813
4813 4969
4815 4816
4817 4818
4822 4823
4824 4825
4827 5141
4827 5140
4828 5143
4828 5142
4829 5142
4829 5140
4830 5142
4830 5144
4831 5181
4831 5145
4831 5144
4832 5153
4832 5151
4833 5150
4833 5149
4835 4836
4835 4877
4836 4878
4838 5052
4838 5053
4839 5067
4839 5068
4840 5105
4840 5058
4840 5065
4841 5104
4841 5062
4841 5063
4842 5098
4842 5071
4842 5072
4842 5093
4843 5074
4843 5075
4844 5090
4844 5091
4844 5081
4845 4846
4847 4848
4848 5295
4850 4851
4851 5054
4852 4853
4852 4854
4853 5047
4854 4963
4855 5048
4855 5050
4856 5048
4856 4857
4857 4963
4858 4962
4859 4923
4860 4924
4860 4922
4861 4862
4863 4969
4863 4968
4864 4865
4865 4866
4867 4868
4869 4870
4869 4913
4871 5042
4871 5041
4872 5041
4872 5038
4873 4874
4874 4881
4876 4877
4876 4885
4877 4878
4878 4879
4879 4880
4882 4884
4882 4885
4883 4884
4884 4947
4887 4889
4888 4890
4889 4890
4891 4892
4895 4950
4896 4897
4898 4899
4900 4901
4902 4903
4904 5295
4904 5294
4905 4906
4906 4907
4906 4909
4908 4910
4909 4910
4914 4918
4914 4917
4914 4925
4915 4918
4915 4931
4915 4916
4916 4919
4916 4936
4917 4919
4917 4929
4918 4919
4918 4926
4920 4936
4921 5090
4922 4923
4925 4926
4926 4928
4929 4930
4931 4935
4931 4933
4932 4933
4933 4934
4936 4937
4938 4939
4940 4941
4941 4943
4941 4942
4944 4964
4945 4964
4946 4948
4946 4947
4949 4951
4952 4954
4953 4958
4953 4957
4953 4959
4954 4958
4954 4955
4955 4957
4955 4956
4957 4958
4960 4962
4960 4963
4965 4966
4970 4971
4972 4973
4973 4974
4973 4975
4974 4976
4975 4976
4977 4980
4978 4987
4978 4986
4979 4982
4979 4981
4980 4981
4980 4984
4982 4983
4982 4987
4983 4988
4984 4985
4985 4986
4985 4993
4987 4988
4989 4992
4990 4994
4991 4995
4993 4999
4994 4995
4994 4999
4995 4996
4995 5000
4996 5001
4996 4997
4997 5002
4997 4998
4999 5000
5000 5001
5001 5002
5003 5004
5004 5005
5006 5011
5007 5010
5007 5009
5008 5009
5011 5269
5011 5014
5012 5013
5012 5015
5014 5015
5015 5269
5016 5019
5016 5017
5016 5034
5017 5018
5019 5023
5019 5026
5020 5021
5021 5022
5021 5023
5022 5024
5022 5025
5023 5024
5024 5025
5024 5026
5025 5027
5026 5027
5027 5029
5028 5030
5028 5031
5028 5034
5029 5030
5029 5032
5030 5033
5031 5033
5032 5033
5036 5037
5037 5039
5037 5040
5038 5039
5038 5043
5040 5041
5044 5045
5045 5046
5048 5049
5050 5056
5051 5053
5051 5066
5051 5056
5052 5054
5052 5067
5054 5055
5057 5067
5057 5058
5058 5059
5059 5062
5060 5071
5060 5062
5061 5063
5061 5103
5061 5107
5063 5102
5063 5106
5064 5065
5064 5107
5064 5108
5065 5106
5065 5109
5066 5068
5066 5108
5068 5109
5069 5071
5070 5097
5070 5101
5070 5072
5072 5096
5072 5100
5073 5075
5073 5080
5075 5079
5076 5088
5077 5084
5077 5079
5078 5080
5079 5080
5081 5085
5082 5083
5082 5085
5083 5086
5084 5086
5085 5090
5087 5088
5087 5091
5088 5089
5089 5091
5092 5093
5092 5094
5093 5096
5094 5096
5094 5095
5095 5097
5096 5097
5098 5099
5098 5100
5099 5102
5100 5102
5100 5101
5101 5103
5102 5103
5104 5106
5105 5109
5106 5107
5107 5108
5108 5109
5111 5115
5111 5116
5112 5114
5112 5119
5113 5118
5113 5121
5114 5116
5114 5117
5115 5118
5115 5117
5116 5117
5118 5120
5119 5121
5119 5120
5120 5121
5122 5123
5123 5124
5125 5134
5126 5134
5126 5132
5126 5127
5128 5130
5129 5130
5130 5135
5131 5132
5131 5133
5132 5135
5133 5134
5136 5149
5137 5138
5137 5145
5138 5143
5139 5143
5139 5141
5144 5151
5145 5185
5146 5152
5146 5147
5146 5153
5147 5150
5148 5150
5149 5151
5152 5153
5152 5185
5154 5155
5155 5156
5157 5158
5160 5161
5161 5162
5166 5167
5167 5170
5169 5170
5171 5172
5176 5176
5179 5180
5181 5185
5182 5185
5183 5184
5186 5187
5186 5190
5187 5189
5187 5192
5188 5191
5188 5195
5188 5192
5189 5196
5189 5190
5189 5191
5190 5193
5191 5192
5193 5196
5194 5196
5197 5268
5201 5202
5203 5244
5203 5243
5204 5243
5204 5242
5205 5249
5205 5248
5205 5220
5206 5207
5207 5209
5207 5208
5210 5211
5212 5213
5214 5215
5214 5216
5216 5217
5216 5218
5217 5218
5219 5247
5219 5223
5220 5222
5220 5223
5221 5222
5221 5247
5222 5249
5222 5250
5223 5250
5223 5246
5224 5284
5225 5226
5227 5228
5229 5230
5231 5232
5233 5234
5234 5235
5235 5237
5235 5238
5236 5238
5238 5239
5239 5240
5243 5248
5244 5245
5244 5246
5247 5250
5253 5260
5253 5256
5253 5255
5254 5255
5255 5256
5265 5266
5266 5274
5270 5271
5272 5273
5273 5303
5273 5274
5275 5277
5276 5277
5277 5278
5279 5280
5280 5281
5280 5282
5283 5284
5285 5286
5287 5288
5288 5289
5290 5292
5291 5292
5294 5295
5295 5296
5296 5297
5297 5298
5298 5313
5299 5308
5299 5300
5299 5316
5299 5309
5300 5311
5301 5305
5301 5302
5301 5303
5303 5304
5305 5306
5308 5317
5310 5318
5312 5313
5312 5317
5313 5315
5313 5316
5314 5315
5315 5316
5316 5317
5319 5333
5319 5330
5319 5332
5320 5332
5320 5321
5320 5333
5322 5323
5323 5325
5323 5324
5325 5327
5325 5326
5327 5328
5327 5329
5330 5331
5330 5333
5331 5331
