0 114
0 118
0 113
1 7
1 4
1 21
2 67
2 68
2 4585
3 4
3 7
4 149
5 4588
5 12
5 67
6 71
6 69
6 149
7 63
8 6518
8 89
9 112
9 101
9 106
10 179
10 174
10 114
11 15
11 115
11 136
12 13
12 4388
13 5261
13 5276
14 15
14 112
14 107
15 16
17 106
17 170
17 271
18 66
18 172
19 20
19 168
19 6626
20 6525
20 6541
21 64
21 148
22 148
22 23
22 69
23 128
23 78
24 86
24 52
24 78
25 26
25 46
25 50
26 48
26 27
27 45
27 28
28 43
28 29
29 39
29 30
30 37
30 31
31 38
31 32
32 33
32 34
34 35
34 36
40 41
41 42
41 43
43 44
44 45
46 47
46 49
49 51
49 50
50 52
52 53
53 54
53 58
55 58
56 57
57 86
57 58
59 61
59 60
59 138
60 92
60 138
61 105
61 140
62 64
62 130
62 110
63 109
63 64
65 66
66 164
67 4586
68 4587
68 141
69 72
69 70
70 88
70 127
71 73
71 72
72 74
73 74
73 180
74 127
75 76
76 77
76 127
77 82
77 85
78 79
79 80
79 81
80 83
80 81
81 82
82 84
84 86
84 85
85 87
89 92
89 90
90 93
90 91
91 96
91 94
92 93
93 94
94 95
97 98
97 133
97 134
99 140
100 139
101 138
101 139
102 103
103 106
103 105
104 105
108 109
108 110
108 160
110 128
111 145
111 147
111 143
113 114
113 125
115 123
115 116
116 125
116 126
117 121
117 118
117 119
118 120
120 124
120 121
121 122
122 123
122 124
122 125
123 124
128 130
129 130
131 136
131 135
131 137
132 133
132 136
132 135
133 134
134 5273
135 5271
139 140
141 142
142 151
143 144
143 145
145 151
146 158
146 163
146 147
147 163
148 149
150 151
152 157
152 155
152 153
153 162
153 155
154 157
155 156
155 158
156 159
156 161
157 158
158 159
159 160
160 163
164 166
164 165
165 166
165 167
166 168
168 6627
169 170
170 172
171 172
173 180
173 176
173 174
174 175
175 176
175 177
176 181
177 178
177 179
179 179
180 181
181 182
183 184
183 251
183 250
184 185
184 257
185 186
185 258
186 270
186 200
187 193
187 255
187 217
188 189
188 194
188 212
189 190
189 212
190 196
190 195
191 195
191 216
191 211
192 214
192 193
192 213
193 215
193 324
194 217
194 253
195 196
196 253
197 207
197 269
197 208
198 205
198 272
198 269
199 200
200 205
201 270
202 203
202 271
202 204
204 205
204 272
206 207
207 208
207 268
208 211
209 212
209 211
209 210
212 265
213 214
213 216
214 215
214 268
215 6628
216 217
218 219
219 3038
219 220
220 225
220 221
221 231
221 3040
222 223
222 232
222 266
223 227
223 234
224 225
225 226
226 229
227 230
227 228
229 231
231 232
232 233
235 236
236 3054
236 3073
237 242
237 238
237 3066
238 239
238 3091
239 241
239 3067
240 242
241 248
241 3067
242 244
242 256
243 246
244 245
244 249
245 246
245 247
246 251
248 2584
248 3068
251 252
253 254
255 343
255 323
258 259
258 261
259 260
259 261
261 262
261 263
264 265
264 350
264 351
265 408
267 268
269 270
271 272
273 296
273 318
273 322
274 275
274 293
274 405
274 406
275 396
275 395
276 281
276 348
276 339
277 304
277 296
277 349
278 362
278 368
278 407
278 297
279 411
279 292
279 410
280 341
280 394
280 389
281 282
281 374
282 290
282 286
283 288
284 286
284 288
284 289
285 286
287 288
291 292
292 353
293 394
293 393
294 295
295 296
295 334
295 335
298 299
299 300
299 302
300 301
302 351
302 362
303 526
303 357
303 678
304 380
304 340
305 340
306 307
306 308
306 350
307 308
307 336
308 337
309 310
309 711
309 689
310 679
310 311
310 398
311 313
311 398
312 397
313 326
313 315
314 397
315 316
315 360
316 327
316 326
317 327
318 319
318 331
319 359
319 320
321 322
322 333
325 326
327 329
328 329
329 330
331 360
331 332
337 339
337 338
339 349
342 343
343 345
344 345
345 346
345 401
346 404
347 348
348 349
350 399
351 353
352 353
354 355
354 356
354 721
355 722
355 357
356 396
356 721
357 723
358 359
359 360
361 362
363 366
363 367
363 368
364 374
364 365
364 372
365 371
365 4141
366 3795
366 370
367 368
367 372
367 369
368 369
369 370
370 376
371 375
371 373
372 374
372 373
373 374
377 378
378 379
378 380
379 386
379 380
381 382
382 383
382 388
383 384
383 385
385 388
385 387
386 387
386 389
387 388
388 389
390 392
391 392
392 393
393 394
396 726
397 398
400 410
402 411
402 404
402 403
403 413
403 404
409 415
410 415
411 414
412 414
414 415
415 416
417 484
417 477
418 471
418 421
418 539
419 465
419 420
419 467
419 425
420 437
420 433
421 477
421 422
422 423
422 477
423 424
423 480
424 472
425 426
425 433
426 427
426 433
427 430
427 428
428 429
428 430
429 431
429 430
430 434
431 432
431 435
432 439
432 434
434 438
435 459
435 441
436 485
437 438
437 442
438 485
440 445
441 443
441 444
442 469
442 458
442 447
444 448
444 452
445 450
445 446
446 451
446 447
447 451
448 449
448 452
450 453
450 455
451 453
452 457
453 455
454 462
454 456
454 458
455 456
456 461
457 463
458 460
460 464
460 487
463 464
465 466
465 484
468 487
468 469
470 487
471 479
471 480
472 481
472 483
473 476
473 5316
473 5314
474 475
474 481
474 5320
475 476
475 5322
476 5323
478 481
479 480
479 482
482 483
484 488
485 486
489 508
489 609
489 509
490 553
490 509
490 532
491 588
491 583
491 497
492 635
492 502
492 504
493 534
493 496
493 539
494 650
494 5325
494 5373
494 5328
495 650
495 531
495 5348
496 533
496 661
497 5373
497 5332
498 651
498 553
498 633
499 592
499 500
499 589
500 514
500 579
501 503
502 567
502 503
503 504
504 666
505 571
506 648
506 507
506 568
507 510
507 571
508 512
508 601
509 603
510 572
510 601
511 514
512 603
512 513
513 594
513 595
514 585
515 595
515 583
515 587
516 592
516 517
516 518
519 549
519 526
519 520
520 522
520 521
521 567
521 549
522 523
522 524
525 527
526 527
527 528
529 638
529 530
529 634
530 638
530 653
531 534
531 5348
532 562
532 654
533 536
533 542
534 535
535 537
535 545
536 539
536 544
537 538
537 540
541 542
542 543
546 547
547 549
547 548
550 651
551 552
552 607
552 557
553 554
554 607
554 560
555 556
556 558
556 605
557 605
557 559
561 562
562 563
562 564
565 640
566 567
568 570
568 569
569 570
569 571
572 579
572 573
573 576
573 575
574 575
574 576
576 577
578 579
578 578
580 581
581 582
581 583
584 586
585 588
585 586
586 587
587 588
589 591
589 590
590 591
592 648
593 594
594 595
596 600
597 599
598 599
599 600
600 601
602 603
604 605
606 607
608 609
609 633
610 627
610 611
610 629
612 613
613 630
613 615
614 615
615 631
616 617
616 620
617 618
617 624
618 619
618 621
618 623
619 622
619 621
620 621
620 625
621 631
625 631
625 632
626 627
627 628
627 629
628 630
628 632
629 630
632 633
634 635
636 641
637 638
639 642
639 640
639 645
640 643
641 642
641 644
642 663
643 644
643 653
644 646
645 652
645 665
646 664
646 649
647 648
649 5375
649 664
650 5325
651 663
652 665
652 5376
653 663
654 656
654 659
655 661
655 656
655 659
656 657
657 658
658 659
659 660
661 662
664 665
666 5428
666 5424
667 1109
667 670
667 716
668 672
668 716
668 1105
669 670
670 673
670 717
671 672
672 729
674 676
674 719
674 675
677 5427
679 714
679 689
680 681
680 713
680 701
681 682
681 700
682 701
682 703
682 700
683 684
683 701
683 692
684 694
684 693
685 688
686 687
687 697
687 694
688 697
689 713
690 704
690 703
690 706
691 704
694 695
695 696
695 698
699 702
699 714
699 700
702 703
702 705
704 705
705 707
706 709
706 707
707 708
710 712
711 712
711 3050
712 3051
713 714
714 715
716 3116
717 718
717 728
719 1740
719 3124
720 724
721 722
722 723
723 724
724 725
727 5427
730 803
730 802
730 2688
730 1039
731 1712
731 1686
731 1039
731 1365
732 880
732 1365
732 733
733 1440
733 734
734 4184
734 1386
735 764
735 1386
735 927
736 3549
736 2362
736 970
736 750
737 927
737 1611
737 738
738 763
738 928
739 740
739 2657
739 2646
739 743
740 744
740 4185
740 743
741 2652
741 742
741 2653
742 743
742 2654
742 1041
744 1439
744 745
744 2646
745 1439
745 1008
746 3552
746 1005
746 2472
746 747
747 4183
747 1182
747 748
748 3548
748 749
748 2382
749 4257
749 2378
750 1077
750 3550
750 751
751 3544
751 1138
751 2589
752 3553
752 2459
752 1032
752 2472
753 3112
753 865
753 866
754 3553
754 2423
754 1245
755 2453
755 1687
755 756
755 4183
756 3770
756 3548
757 1159
757 1048
757 925
758 1176
758 1130
758 2703
758 4237
759 1120
759 1157
759 2703
760 3602
760 767
760 2717
760 2692
761 3489
761 958
761 762
761 3484
762 3532
762 4147
762 793
763 2521
763 926
763 939
764 2384
764 1249
765 1005
765 769
765 766
766 3580
766 2435
767 3583
767 894
767 1568
768 3600
768 1184
768 1181
768 3591
769 3581
769 1307
770 1076
770 939
770 929
770 771
771 788
771 792
772 3542
772 2589
772 2591
772 931
773 2514
773 2512
773 2632
774 3490
774 963
774 775
774 3545
775 3483
775 3532
776 932
776 3488
776 1156
776 3594
777 3605
777 3864
777 785
777 3490
777 3491
778 3595
778 1023
778 784
778 3605
779 966
779 2528
779 958
780 3577
780 901
780 782
780 3579
781 800
781 3579
781 937
782 1252
782 1307
783 1541
783 800
783 3577
784 3608
784 805
785 3608
785 806
786 3483
786 3491
786 3828
786 809
787 793
787 809
787 808
787 2504
788 907
788 2522
789 2621
789 2598
789 954
790 2537
790 954
790 973
791 1136
791 980
791 792
792 1074
793 3718
793 3483
794 1082
794 2504
794 3718
795 3651
795 3431
795 3927
795 881
796 1401
796 1399
796 3652
797 798
797 3736
797 3735
798 3724
798 799
798 3735
799 3725
799 3728
800 2422
801 803
801 898
801 1546
802 1702
802 1207
803 866
804 3562
804 3772
804 1197
804 1196
805 3841
805 3607
805 3619
806 3494
806 3617
806 3839
807 3609
807 1081
807 810
807 3494
807 3615
808 3623
808 810
808 3612
809 811
810 811
810 3613
811 1087
812 4264
812 4198
812 1022
813 4001
813 1251
813 901
813 3578
814 1652
814 2058
814 1660
815 2132
815 4182
815 3782
816 1869
816 1832
816 1824
816 1058
817 3200
817 1859
817 1885
817 3593
818 3597
818 2846
818 825
818 819
819 1278
819 1023
820 897
821 1864
821 1006
821 1019
822 1896
822 1982
822 2006
822 1885
823 3674
823 1013
823 1897
824 1017
824 3690
824 1966
825 3598
825 827
825 1781
826 1747
826 1306
826 2871
827 3687
827 1303
827 3873
828 4312
828 1966
828 1967
829 1017
830 831
830 4144
830 2039
831 4145
831 4144
832 833
832 4144
833 4145
834 3450
834 3703
834 3556
835 2838
835 3555
835 3705
835 3698
836 2212
836 3508
836 2155
836 3506
837 3509
837 2839
837 2841
838 3506
838 3706
838 2358
838 3554
839 3330
839 3095
840 3706
840 843
840 4044
841 3717
841 2958
841 3515
842 4196
842 2883
842 2958
843 844
843 3505
845 846
845 2901
845 4440
846 4858
846 3216
847 3214
847 3121
847 4833
847 5253
848 4816
848 3213
848 3120
849 850
849 3209
849 4775
850 4755
850 3217
851 852
851 3217
851 4726
852 853
852 4430
853 2667
853 4941
854 4084
854 2154
854 2257
855 2348
855 856
855 2284
856 2313
856 857
857 4061
857 858
858 4062
858 984
858 4088
859 3351
859 4207
859 4203
859 3350
860 3078
860 2273
860 4072
861 3378
861 3383
861 2672
862 3419
862 3043
862 3417
863 2643
863 1267
863 2680
863 4321
864 4321
864 1034
864 1046
865 2687
865 2684
866 3574
867 1662
867 1675
867 4001
868 869
868 1675
868 2085
869 3632
869 2085
870 2057
870 2127
870 1679
870 3994
871 3994
871 3167
871 3992
872 873
872 3447
872 3556
873 1342
873 1332
873 1320
874 1065
874 1046
874 3561
875 2689
875 3574
875 1034
875 2685
876 877
876 3434
876 2687
878 879
879 1712
879 3433
880 2655
880 4184
880 1384
881 4146
881 882
882 969
882 3440
883 3558
883 1197
883 2048
884 2381
884 1465
884 918
885 2381
885 2366
885 2376
886 887
886 891
886 1466
887 888
887 2364
888 889
888 2364
889 890
889 1079
890 1069
890 1079
892 893
893 1190
893 970
894 2438
894 2471
895 896
895 1855
895 1835
896 1838
896 4259
896 897
897 1049
897 1006
898 1207
898 1210
899 3573
899 3567
899 1541
899 3571
900 3569
900 1197
900 901
900 3567
902 2545
902 903
902 979
903 951
903 904
903 955
904 952
904 905
905 906
905 2615
906 1000
906 907
907 2622
908 1235
908 1234
908 1715
909 1216
909 910
909 1211
909 1213
910 911
910 2418
910 1214
911 912
911 913
913 1233
914 915
914 1479
914 920
915 1117
915 916
916 1159
916 4257
917 980
917 2613
917 2606
918 919
918 1070
919 944
919 920
920 944
921 1480
921 922
921 1117
921 945
922 1497
922 1492
923 924
923 1497
923 1494
924 925
924 945
924 2432
925 4237
926 1249
926 927
928 2549
928 2599
929 2522
929 998
930 1074
930 2602
930 2605
931 2592
931 2512
932 2629
932 1157
933 4310
934 1312
934 935
934 2456
935 936
937 938
937 1312
939 940
941 3440
941 5887
941 2823
942 4077
942 2744
942 3330
943 4107
943 3516
943 2971
943 3513
944 1467
945 946
945 1066
946 1477
946 1478
947 1080
947 1468
947 971
948 1166
948 1131
948 1118
949 1170
949 1248
949 1136
950 2517
950 2546
950 2545
951 2615
951 2544
952 955
952 953
953 956
953 954
955 956
956 2535
957 1433
957 2540
957 1073
958 2593
959 3533
959 2523
959 1247
960 976
960 964
960 2609
960 967
961 2527
961 962
961 2609
962 3539
962 2526
963 3540
963 2632
964 965
964 2528
965 2529
965 968
966 2527
966 3545
967 2529
967 974
968 1073
968 3487
969 3503
969 3648
969 3649
970 1077
970 1068
971 1478
971 1080
971 972
973 2620
973 2531
974 1248
974 2531
975 983
975 1248
975 976
976 2524
977 2541
977 2619
977 978
978 979
978 1409
979 3486
980 981
981 982
981 2608
982 983
982 2612
983 1247
984 4063
984 993
984 4091
985 4074
985 3012
985 994
986 3349
986 4063
986 992
987 2283
987 4213
987 991
988 991
988 4209
988 3166
988 2754
989 4066
989 4068
989 2337
990 2481
990 2673
990 4193
991 4076
991 3455
992 4066
992 4064
992 4213
993 4067
993 4099
993 4064
994 4111
994 3791
995 4111
996 3164
996 4033
996 3148
997 1000
997 999
997 2600
998 2515
998 999
999 2522
1000 2546
1001 2638
1001 1264
1001 2941
1001 1266
1002 2884
1002 2900
1002 4340
1002 3659
1003 3621
1003 3612
1003 2857
1003 3524
1004 1021
1005 1032
1005 1025
1006 1056
1007 1025
1008 1432
1008 1060
1009 1054
1009 1055
1009 1014
1010 2808
1010 2813
1010 2812
1010 3963
1011 3686
1012 1182
1012 3580
1012 1029
1013 1018
1013 1860
1014 1033
1014 1062
1014 1035
1015 1062
1015 1016
1015 1033
1015 1017
1018 1021
1018 1030
1019 1839
1019 1831
1019 1865
1020 3686
1020 1042
1020 1049
1020 1255
1021 1049
1022 2651
1022 1024
1022 1057
1023 3596
1024 1064
1024 1314
1025 1182
1026 2690
1026 1308
1026 1302
1026 1063
1027 2867
1027 2866
1028 1052
1028 1033
1028 4002
1028 3689
1029 1036
1029 1568
1031 3865
1031 1300
1031 1101
1031 1086
1032 3581
1034 1065
1036 1547
1036 1550
1037 1039
1038 2685
1038 2687
1038 1065
1040 1551
1040 1048
1040 1286
1041 4185
1041 2681
1042 4003
1042 4004
1043 1058
1043 1841
1043 1864
1044 1413
1044 4185
1044 1060
1045 2100
1045 2820
1045 2638
1045 1265
1046 3112
1047 2796
1047 5098
1047 2806
1047 5052
1048 1547
1049 4004
1050 1432
1050 1523
1050 2683
1051 1256
1051 3965
1051 2810
1052 3675
1052 4003
1053 1055
1053 1294
1053 2434
1055 1062
1057 1530
1057 4148
1058 1856
1059 1063
1059 2886
1059 1100
1059 3865
1060 1428
1061 1283
1061 3589
1061 2011
1062 4260
1063 2867
1064 1530
1064 1512
1064 1529
1066 1471
1066 1475
1067 1476
1067 2430
1067 1137
1068 1113
1068 1118
1068 1080
1070 1071
1070 1078
1071 1477
1071 1127
1072 1072
1072 1075
1073 2593
1074 2613
1074 2604
1075 1079
1075 2364
1075 2362
1076 1435
1076 2604
1077 1130
1081 1087
1081 1089
1082 1083
1082 4146
1083 1093
1083 2794
1084 1094
1084 1090
1084 3695
1084 3696
1085 1091
1086 4240
1086 4241
1087 1096
1088 1095
1091 3828
1091 3829
1092 1097
1094 4240
1094 3694
1094 3444
1095 1096
1095 3829
1096 1099
1097 1313
1097 1098
1098 3761
1098 3525
1101 3868
1101 3441
1102 1104
1103 1104
1104 1105
1105 1106
1106 2510
1106 1107
1107 1108
1107 1109
1109 1110
1111 1160
1112 1149
1112 1116
1112 1162
1113 2427
1113 1131
1114 1115
1114 2625
1114 1119
1115 2586
1115 2511
1116 1124
1116 1174
1117 1159
1118 1153
1119 2628
1119 1134
1120 1138
1120 1173
1121 1165
1121 1126
1121 1132
1122 1163
1123 1132
1123 1161
1123 1150
1124 1139
1124 1140
1125 1298
1125 2514
1125 2635
1126 1174
1126 1171
1126 1154
1127 1477
1127 1478
1128 1474
1128 2427
1128 1130
1128 1169
1129 1151
1129 1152
1129 1142
1131 2428
1132 1150
1133 1160
1133 1144
1133 1176
1134 2627
1134 1152
1135 1179
1136 1170
1137 2429
1137 1164
1138 2694
1139 1154
1139 1163
1141 1172
1141 1146
1141 3601
1142 1173
1143 2624
1143 2629
1143 2627
1145 1171
1145 1149
1145 1174
1146 1150
1146 1171
1147 1158
1147 1157
1147 1165
1148 1161
1149 3587
1152 1179
1153 1468
1153 1166
1154 1156
1155 1167
1156 1167
1158 1161
1158 1165
1160 1177
1163 1175
1164 1166
1164 1468
1167 3600
1168 1177
1168 1178
1168 1172
1169 2429
1169 2428
1170 2620
1172 1178
1176 3602
1177 1178
1179 2694
1179 2699
1180 1276
1180 1183
1180 1185
1181 1272
1181 1273
1183 1289
1183 1969
1184 1289
1184 3202
1185 1856
1185 1288
1186 1187
1187 2046
1187 2059
1188 1195
1188 2046
1188 3295
1189 1190
1190 1465
1191 2682
1192 1195
1192 2096
1193 2682
1193 3329
1193 3470
1194 2041
1194 2137
1194 4182
1195 3110
1196 3560
1196 3565
1196 3569
1198 1199
1198 1201
1198 2136
1199 1652
1199 2104
1199 2048
1200 1202
1200 2030
1200 2137
1200 1203
1201 1650
1201 2107
1202 1203
1202 2109
1202 2067
1203 2109
1204 1650
1205 2109
1205 2067
1205 1206
1206 2039
1206 2038
1207 1208
1208 1209
1208 1213
1209 1702
1209 1212
1210 1211
1212 1715
1212 1213
1213 1228
1214 2401
1214 2425
1215 1216
1215 1219
1215 1221
1216 1217
1217 1220
1217 1218
1218 1220
1218 1225
1219 1229
1219 1222
1220 1224
1221 1222
1221 1223
1222 1226
1223 1227
1224 1230
1224 1225
1225 1230
1226 1231
1226 1229
1227 1228
1228 1234
1229 1231
1230 1232
1231 1232
1232 1234
1233 1246
1233 2400
1235 2414
1235 1238
1236 1237
1236 1241
1236 1242
1237 1238
1237 1240
1238 1239
1239 1240
1240 1241
1241 1242
1242 1244
1243 1246
1243 2411
1243 2422
1244 1245
1244 2419
1245 2422
1247 2523
1249 1250
1251 4000
1251 1252
1251 3999
1252 1253
1253 1255
1253 1254
1253 4005
1255 4005
1256 3968
1256 3989
1257 3985
1257 1396
1257 3968
1258 3958
1258 3956
1258 2797
1259 1681
1259 1684
1259 2900
1260 2490
1260 2817
1260 2799
1260 2488
1261 2027
1261 2071
1261 3665
1262 2051
1262 3115
1262 2100
1262 2027
1263 3659
1263 2642
1263 3663
1263 1264
1264 3115
1264 2936
1265 2491
1265 2934
1266 2639
1266 2939
1266 2938
1267 1268
1267 2637
1267 2938
1268 2942
1268 2943
1268 1408
1269 1282
1270 1276
1271 1871
1272 1282
1272 1871
1273 3590
1273 3855
1274 3869
1274 2662
1274 1278
1275 1281
1276 1282
1277 1283
1278 1281
1279 3590
1280 1281
1281 1284
1283 3855
1285 1287
1285 1293
1285 1288
1288 2717
1289 1290
1291 1293
1292 1293
1294 3641
1294 1732
1295 2635
1296 3594
1296 1297
1296 3864
1298 2630
1298 2511
1299 1313
1299 3866
1299 1302
1300 3867
1300 3441
1300 1309
1301 1315
1301 3529
1301 2856
1302 3867
1303 1305
1303 1316
1304 1310
1304 1318
1304 3445
1304 2829
1305 1306
1305 3175
1306 1805
1306 3869
1307 3582
1308 2508
1308 1313
1308 2854
1309 3866
1309 1311
1309 3442
1311 3443
1311 3617
1312 2476
1314 3486
1314 4198
1315 3620
1315 2852
1315 3528
1316 3684
1316 3682
1317 3175
1317 3174
1317 1779
1319 3618
1319 2794
1320 2844
1320 1343
1321 1340
1321 1334
1321 1352
1321 1345
1322 1358
1322 1348
1322 3505
1323 1349
1323 1350
1323 2975
1323 1335
1324 1325
1324 1351
1324 1329
1325 1328
1325 1337
1325 1341
1326 1352
1326 1336
1326 1327
1327 1357
1327 1336
1327 2959
1328 3555
1328 1355
1328 1354
1329 1335
1329 1353
1330 1349
1330 2970
1330 2975
1330 1336
1331 1359
1331 1346
1331 1333
1332 1346
1332 1359
1332 1354
1333 1351
1333 1360
1334 1350
1334 1339
1334 1338
1335 1360
1335 1351
1336 1339
1337 1354
1337 1359
1338 1356
1338 1345
1339 1352
1339 2975
1340 1357
1340 1344
1340 1347
1341 1355
1341 1353
1342 1343
1342 3295
1342 1346
1343 3296
1344 1358
1344 1345
1347 1348
1347 1358
1347 1357
1348 2959
1349 1360
1350 1356
1351 1359
1352 1357
1353 1356
1353 1355
1358 3554
1361 1369
1361 1371
1361 1367
1361 1385
1362 1374
1362 1387
1362 1441
1363 1369
1363 1453
1363 1380
1363 1452
1364 1709
1364 1720
1364 1375
1365 1384
1365 1720
1366 1378
1366 1368
1366 1693
1366 1729
1367 1462
1367 1458
1368 1714
1368 1375
1369 1380
1369 1455
1370 1725
1370 1381
1370 1377
1371 1380
1371 1385
1371 1386
1372 1385
1372 1374
1372 1457
1373 1378
1373 1709
1373 1383
1374 1385
1375 1378
1375 1382
1375 1379
1376 1693
1377 1703
1377 1443
1379 1381
1379 1714
1381 1382
1382 1720
1383 1711
1383 1700
1384 1712
1388 1408
1389 1390
1390 1394
1390 1393
1391 3653
1391 4293
1391 3654
1392 4299
1392 4298
1392 1397
1394 1403
1394 1404
1394 1395
1395 3928
1395 1401
1396 3988
1396 1405
1397 4294
1397 3653
1398 1400
1399 2678
1399 1401
1399 3929
1400 1402
1400 1407
1400 3929
1406 4322
1408 4318
1409 3485
1409 2543
1410 3485
1411 1524
1411 1499
1411 1413
1412 1420
1413 1418
1414 1425
1415 1524
1415 1417
1415 1416
1416 1421
1416 1524
1417 1420
1417 1421
1418 1423
1418 1424
1419 1426
1420 1422
1421 1430
1422 1423
1422 1430
1423 1429
1424 1425
1424 1429
1425 1427
1425 1431
1426 1428
1426 1427
1427 1428
1429 1431
1430 1431
1431 1432
1433 2542
1433 2541
1434 1435
1434 1437
1434 2520
1435 2601
1436 2518
1436 2601
1436 1437
1437 1438
1437 3537
1438 2520
1438 3543
1439 4185
1440 1444
1440 1446
1442 1442
1442 1445
1444 1449
1444 1448
1445 1446
1445 1450
1446 1450
1447 1448
1448 1449
1449 1450
1451 1452
1452 1454
1453 1456
1453 1454
1454 1460
1455 1456
1455 1463
1456 1459
1461 1462
1462 1463
1463 1464
1465 2375
1467 1469
1467 1471
1469 1470
1470 1472
1471 1473
1472 1479
1472 1473
1473 1475
1474 2430
1474 1481
1475 1480
1476 1482
1476 1486
1479 1480
1481 1484
1481 1487
1482 1483
1482 1485
1483 1490
1483 1489
1484 1485
1484 1487
1485 1488
1486 1491
1486 2431
1487 1488
1488 1489
1489 1490
1490 1491
1491 1493
1491 1496
1492 1494
1492 1495
1493 2431
1493 2432
1494 1495
1495 1497
1498 3430
1498 1500
1498 1499
1499 1509
1500 1501
1500 1502
1501 1504
1501 1503
1502 1505
1502 1506
1503 1508
1503 1504
1504 1507
1505 1507
1505 1506
1506 1509
1507 1508
1508 1511
1509 1510
1511 1521
1511 2650
1512 1521
1512 1523
1513 1516
1514 1517
1515 1516
1516 1517
1516 1518
1517 1519
1518 1519
1518 1520
1519 1520
1520 1523
1521 1522
1522 1522
1525 1528
1526 1527
1527 1528
1527 1530
1528 2649
1529 2650
1529 2649
1531 1533
1532 1533
1532 1534
1533 1535
1534 1535
1534 1536
1535 1537
1535 1539
1536 1537
1536 1542
1537 1538
1538 1539
1538 1543
1539 1544
1539 1540
1541 1542
1542 1543
1543 1544
1544 1545
1546 3570
1546 3575
1547 1554
1548 1556
1549 1550
1550 1564
1551 1563
1551 1552
1552 1562
1552 1553
1553 1560
1553 1554
1554 1559
1554 1555
1555 1558
1555 1556
1556 1557
1557 1564
1557 1558
1558 1559
1559 1567
1559 1560
1560 1561
1561 1565
1561 1562
1562 1563
1563 3583
1564 1566
1568 2435
1569 1573
1570 1582
1571 1575
1571 1572
1572 1576
1573 1575
1573 1577
1573 1586
1574 1584
1575 1578
1575 1576
1576 1620
1579 1580
1579 1590
1579 1589
1580 1581
1582 1593
1582 1583
1583 1591
1584 1585
1584 1592
1586 1587
1586 1618
1587 1619
1587 1637
1588 1592
1589 1641
1589 1590
1590 1594
1590 1591
1591 1593
1592 1597
1593 1601
1593 1599
1595 1596
1596 1604
1596 1597
1597 1598
1597 1608
1598 1637
1598 1610
1599 1612
1599 1641
1600 1602
1601 1616
1601 1623
1601 1621
1602 1605
1602 1603
1603 1605
1603 1622
1604 1614
1604 1607
1605 1606
1607 1608
1607 1615
1608 1617
1608 1609
1609 1610
1609 1617
1610 1646
1611 1648
1611 1647
1612 1623
1612 1649
1613 1622
1613 1616
1613 1621
1614 1615
1614 1631
1615 1617
1616 1625
1618 1619
1618 1620
1619 1620
1621 1622
1623 1624
1624 1625
1624 1627
1625 1628
1626 1627
1627 1628
1627 1629
1628 1630
1631 1633
1631 1635
1632 1635
1634 1635
1636 1642
1636 1638
1636 1637
1638 1643
1638 1639
1639 1644
1639 1640
1640 1645
1640 1641
1642 1646
1642 1643
1643 1647
1643 1644
1644 1648
1644 1645
1645 1649
1646 1647
1648 1649
1650 1651
1652 1654
1653 1654
1654 1655
1654 1658
1654 1657
1656 1657
1657 1658
1658 1659
1660 1665
1660 1661
1661 2092
1661 1662
1662 1664
1663 1666
1664 2029
1664 2092
1665 1666
1665 1667
1666 1673
1667 2086
1667 1674
1668 1670
1668 2029
1668 1669
1669 1671
1669 2066
1670 1672
1670 2065
1672 1676
1672 2130
1675 1677
1677 1678
1677 2131
1679 1680
1679 2085
1681 1685
1681 1683
1682 1683
1682 3693
1682 2896
1683 2896
1683 3117
1684 1685
1684 4232
1684 3990
1685 2896
1686 1687
1686 1688
1687 1688
1688 1692
1689 1729
1690 1707
1691 1726
1691 1719
1691 1718
1693 1697
1694 1726
1694 1694
1695 1697
1696 1717
1696 2417
1696 2391
1697 1729
1698 1708
1699 1730
1701 1711
1702 1721
1704 1719
1704 1707
1704 1710
1705 1726
1706 1730
1707 1721
1708 1709
1708 1722
1710 1719
1710 1713
1711 1731
1714 1723
1715 2391
1716 1725
1717 1730
1717 1721
1724 1727
1725 1727
1727 1728
1733 1735
1733 1738
1733 2510
1734 1738
1736 1737
1737 3123
1737 4228
1737 1738
1739 4228
1739 5663
1739 5490
1740 3123
1740 3125
1741 2665
1741 1742
1741 3127
1742 3126
1742 3130
1743 1744
1743 3126
1743 3131
1744 4224
1744 4229
1745 3129
1745 5496
1745 5494
1746 1801
1746 1804
1747 1768
1747 1807
1748 1802
1749 1812
1749 1773
1749 1772
1750 5548
1750 4137
1750 1791
1751 1759
1751 1805
1751 1813
1752 1800
1752 1794
1752 3194
1753 1777
1753 1790
1753 3478
1754 1775
1755 3198
1755 1792
1755 1756
1756 1787
1756 1789
1757 1764
1757 1784
1757 1790
1758 1798
1760 1795
1760 3193
1760 3194
1761 1795
1761 1765
1761 1803
1762 1767
1762 2570
1762 1793
1763 1811
1765 3193
1765 3192
1766 2875
1767 1812
1767 3181
1767 1793
1768 1783
1768 3869
1769 1786
1769 1778
1769 3477
1770 1790
1770 1809
1770 1778
1771 1778
1774 1796
1775 1806
1775 3874
1776 3199
1777 2569
1777 1802
1780 1791
1781 1794
1781 1785
1782 3199
1784 1808
1784 1796
1788 3194
1788 3195
1788 1815
1789 3874
1789 3687
1791 3639
1793 1811
1794 2664
1795 1800
1796 4134
1797 1812
1798 3199
1798 3875
1799 1803
1800 1803
1801 1815
1802 2570
1804 1815
1804 3191
1805 2664
1810 2875
1810 2874
1811 3198
1814 3193
1816 1818
1817 3184
1817 3180
1818 3597
1818 2002
1819 1846
1819 1842
1819 1862
1820 1863
1821 2718
1822 1866
1822 1823
1822 1833
1823 1847
1823 1857
1824 1867
1824 1850
1825 1843
1825 1853
1825 1866
1826 1856
1827 1859
1827 1854
1827 1852
1828 1869
1829 1834
1830 1855
1831 1858
1831 1840
1832 1845
1832 1860
1833 1861
1833 1847
1834 1848
1834 1849
1835 2471
1835 2718
1836 1838
1837 1844
1838 1858
1839 1841
1839 1844
1841 1844
1842 1868
1842 1849
1847 1851
1849 1860
1850 1859
1850 1867
1852 1863
1852 1854
1854 1863
1855 1858
1862 1866
1862 1867
1864 1869
1870 1928
1871 2012
1872 1986
1872 1960
1872 1918
1873 2006
1873 1962
1873 3671
1874 1950
1874 1997
1874 1891
1875 2005
1875 1939
1875 1916
1876 1999
1877 1883
1877 1980
1877 2013
1878 1943
1878 1904
1878 2003
1879 1919
1880 1969
1881 1943
1881 1986
1881 1909
1882 1917
1882 2001
1883 1912
1883 1995
1884 1954
1884 1898
1884 2003
1885 1928
1886 1892
1887 1916
1887 1894
1887 1951
1888 1961
1888 1971
1888 1906
1889 2008
1890 1926
1890 1974
1890 3677
1891 1997
1891 1948
1892 1935
1892 2002
1893 1928
1894 1953
1894 1993
1895 1926
1895 1932
1895 1911
1896 1952
1896 1902
1897 1982
1897 1927
1898 1959
1898 1996
1899 1947
1899 1987
1899 2024
1900 1923
1901 1953
1901 2013
1901 1980
1902 1937
1902 1933
1903 1904
1904 1938
1905 1952
1905 1994
1905 3598
1906 2022
1906 1919
1907 1963
1908 2015
1908 1938
1908 1922
1909 2003
1909 1976
1910 1927
1911 1926
1911 2020
1912 2008
1912 2016
1913 2017
1914 1968
1914 2007
1914 2009
1915 1988
1915 1968
1915 1978
1916 2010
1917 2018
1917 1924
1918 1948
1918 1989
1919 1924
1920 1969
1921 1939
1921 2005
1921 2006
1922 1977
1922 1931
1923 1970
1923 4310
1924 2001
1925 1982
1927 1998
1929 1973
1930 1940
1931 1941
1931 1994
1932 1974
1932 1991
1934 1983
1936 1984
1936 1988
1938 1941
1939 1940
1940 2010
1941 1943
1942 1944
1942 1964
1942 3857
1945 1954
1946 1986
1946 1972
1946 1948
1949 1955
1949 1999
1949 3596
1951 2014
1951 2013
1952 2024
1953 1993
1954 2015
1955 3589
1955 1973
1956 2001
1957 2017
1958 1999
1959 1996
1959 1960
1960 1976
1962 2014
1962 1992
1963 2021
1963 1967
1964 2023
1964 3870
1965 3201
1966 2009
1967 3691
1968 1983
1971 1975
1971 2002
1973 3588
1973 1990
1974 1991
1976 2025
1977 1981
1977 1985
1979 1993
1979 2005
1979 2024
1980 2008
1981 2015
1981 1985
1983 1988
1984 2009
1985 1994
1989 1996
1989 1997
1991 2017
2000 3201
2004 3676
2010 2014
2011 3588
2011 3200
2019 2022
2021 4312
2021 2580
2022 3593
2026 4307
2027 2049
2028 2061
2028 3190
2028 2081
2029 2066
2031 2040
2032 2137
2033 2039
2034 2134
2035 2047
2035 2052
2035 2102
2036 2102
2036 2080
2036 2068
2036 2090
2037 2106
2037 3111
2037 2090
2038 2081
2038 2058
2040 3169
2040 2064
2041 2074
2041 2055
2042 2064
2042 3167
2042 2084
2042 4306
2043 2066
2043 2092
2043 2086
2044 2134
2045 3197
2046 2076
2047 2087
2047 2121
2047 2080
2048 2070
2048 2060
2049 2051
2049 2111
2050 2121
2050 2087
2050 2082
2051 2112
2051 2111
2052 2059
2052 2121
2053 3470
2053 2099
2053 3110
2054 3190
2055 2139
2055 2098
2056 2892
2057 3632
2057 2085
2058 2077
2059 2121
2060 2104
2060 2132
2061 2108
2061 2081
2062 2106
2063 2097
2063 2103
2063 2892
2064 4303
2067 2105
2068 2076
2068 3197
2069 2072
2069 2117
2069 2096
2071 3662
2071 2079
2073 2138
2073 2093
2073 2113
2074 2088
2074 3296
2075 2119
2076 2102
2078 2120
2078 2669
2078 2125
2079 2114
2079 2124
2080 2135
2083 2670
2083 2093
2083 2138
2084 2127
2084 4302
2086 2095
2087 2135
2087 2090
2089 2129
2089 4309
2089 4305
2091 3111
2093 2125
2093 2669
2094 2135
2100 2112
2101 2110
2101 2103
2101 2894
2103 2890
2104 2132
2104 2115
2106 2113
2110 2116
2110 2897
2110 2887
2111 2112
2113 2125
2115 2136
2115 2132
2118 2134
2118 2128
2118 2127
2119 2124
2119 4232
2120 2138
2120 2670
2122 3197
2123 3190
2124 3657
2126 2136
2128 3172
2128 3633
2129 4307
2129 2133
2133 3169
2133 4306
2140 2191
2141 2342
2141 2298
2141 2251
2142 2311
2143 2162
2143 2303
2143 2153
2143 2304
2144 4032
2144 4029
2144 2273
2145 2162
2145 2246
2145 2352
2146 2313
2147 2156
2147 2271
2147 2297
2148 2192
2149 2175
2150 2184
2151 4070
2151 3350
2151 2254
2152 2270
2152 2267
2152 2178
2153 2356
2153 2167
2153 2343
2154 2340
2154 2302
2155 2248
2155 2838
2156 2265
2156 2233
2157 2319
2157 2188
2157 2205
2158 2260
2159 4083
2160 2353
2161 2202
2161 2218
2161 4067
2162 2167
2162 2301
2163 3108
2163 4082
2163 2334
2163 2166
2164 2340
2165 2175
2165 2275
2165 2208
2166 4081
2166 2173
2167 2330
2167 2210
2168 2324
2168 2270
2168 2263
2169 2336
2169 2344
2169 2185
2170 2334
2170 2309
2170 2206
2170 2286
2171 2298
2172 3332
2173 2280
2173 2744
2174 2344
2174 2347
2175 4043
2175 2249
2176 2241
2176 3189
2176 2237
2177 2244
2179 2183
2179 2232
2179 2295
2180 2236
2181 3508
2181 2237
2181 2307
2182 2218
2182 2230
2182 2258
2183 2190
2183 2232
2184 2295
2184 2305
2185 2347
2185 2336
2186 2314
2186 2259
2186 2294
2187 4084
2188 2348
2188 2323
2189 2245
2189 4077
2189 2349
2190 2315
2190 2269
2191 2353
2191 2243
2192 2277
2192 4094
2193 2336
2193 2288
2194 2310
2194 2247
2194 2262
2195 2269
2195 2315
2195 2334
2196 2292
2196 2291
2196 2225
2197 2320
2197 2254
2197 2224
2198 2327
2198 2280
2198 2351
2199 2303
2199 2327
2199 2304
2200 2202
2201 2305
2201 2233
2201 2297
2202 2258
2203 2267
2204 2212
2207 2235
2207 2256
2207 2244
2207 2245
2208 2322
2208 2256
2209 2291
2210 2285
2210 2343
2210 2330
2211 2355
2211 2272
2211 2279
2212 2841
2213 2322
2214 2221
2214 2290
2214 2323
2215 3081
2215 2225
2215 3080
2216 2323
2217 2348
2218 2224
2219 2285
2220 2266
2220 2317
2220 2313
2222 2262
2222 2234
2222 2247
2223 3332
2223 2275
2223 3331
2224 4068
2225 2308
2226 2285
2226 2343
2226 2335
2227 2282
2227 2267
2227 2341
2228 2301
2228 2262
2228 2274
2228 2234
2229 2283
2231 3331
2231 2322
2231 2275
2232 2259
2233 2299
2233 2264
2234 2246
2236 2294
2236 2264
2237 2316
2238 2298
2238 2326
2238 2342
2239 3188
2240 2309
2242 2297
2242 2339
2244 2349
2245 2307
2246 2301
2247 4082
2248 2347
2248 2288
2249 2250
2249 2256
2249 2307
2251 2326
2251 2359
2252 2316
2253 4054
2254 2320
2255 4087
2257 4103
2257 2315
2258 2278
2259 2269
2260 4086
2260 3348
2261 2352
2262 2351
2264 2296
2268 2320
2270 2289
2271 2339
2271 2309
2272 2341
2272 2293
2273 4009
2274 2304
2274 2351
2274 2327
2276 2294
2277 4056
2279 2317
2279 2350
2280 2310
2281 3188
2283 2291
2284 2354
2284 2302
2287 2358
2287 2326
2287 2360
2287 2357
2290 2311
2290 2328
2295 2306
2300 2305
2301 2304
2302 4087
2302 2319
2303 2356
2308 3079
2308 4171
2310 2351
2311 2332
2312 2341
2316 2345
2318 2337
2319 4097
2320 4101
2321 2354
2322 3331
2324 2329
2324 4098
2325 4103
2326 2342
2330 2352
2331 2340
2333 3189
2335 2356
2335 2343
2337 4070
2337 3074
2338 2346
2346 4098
2346 4058
2349 4078
2353 2840
2354 4087
2354 4061
2358 3705
2361 2363
2361 2373
2361 2371
2362 2369
2363 2377
2363 2380
2365 2372
2366 2380
2366 2382
2367 2369
2368 2376
2369 2376
2370 2371
2371 2372
2372 2374
2377 2377
2378 2382
2378 2380
2379 2387
2380 2381
2383 2387
2383 3546
2383 3547
2384 3549
2384 2385
2386 2388
2387 2388
2388 3770
2389 2404
2389 2390
2389 2408
2390 2410
2390 3570
2391 2420
2392 2395
2393 2416
2394 2423
2395 2416
2395 2398
2396 2417
2397 2403
2398 2414
2398 2416
2399 2421
2400 2405
2400 2401
2401 2424
2402 2407
2403 2408
2403 2404
2404 2413
2406 2421
2406 2426
2406 2408
2407 2410
2407 2412
2409 2411
2410 2412
2411 2418
2412 2421
2414 2423
2415 2418
2417 2445
2422 2456
2427 2428
2429 2430
2431 2432
2433 2563
2435 2479
2436 2438
2436 2440
2436 2442
2437 2471
2437 2442
2437 2470
2438 2439
2441 2726
2442 2444
2443 2460
2445 2453
2445 2477
2446 2478
2446 2475
2446 2473
2447 2449
2448 2475
2448 2451
2448 2449
2449 2462
2450 2475
2452 2455
2453 2469
2454 2455
2455 2457
2456 2459
2457 2726
2457 2469
2458 2469
2459 2460
2460 2467
2461 3551
2461 2462
2461 2473
2462 2473
2463 2465
2464 2465
2465 2468
2466 2468
2467 2468
2472 3551
2474 2476
2476 3582
2480 2481
2481 2673
2482 2673
2483 4189
2483 3712
2483 3452
2484 3970
2484 2486
2484 2485
2485 2891
2485 2487
2486 2487
2486 3961
2487 2816
2488 3977
2488 2899
2489 2899
2489 2820
2489 2848
2490 2821
2490 2849
2490 2801
2491 2639
2491 2935
2492 2637
2492 2822
2492 2935
2492 2641
2493 4250
2494 4250
2494 2495
2494 2497
2495 2500
2495 4250
2496 2497
2497 4244
2498 2499
2498 4246
2498 2503
2499 4249
2499 2502
2500 2501
2500 4249
2500 4251
2502 2503
2502 2855
2503 2856
2504 3623
2504 3718
2505 2509
2506 2509
2507 2866
2507 2864
2508 2860
2508 2690
2508 2853
2509 4152
2510 3456
2511 2513
2512 2513
2513 2514
2515 2549
2515 2547
2516 2548
2516 2517
2516 2599
2517 2599
2518 3542
2518 2519
2519 2602
2519 3541
2520 2521
2521 3544
2523 2524
2524 2525
2525 2526
2525 2609
2526 3540
2527 2528
2529 2530
2530 2539
2530 2617
2531 2532
2532 2610
2532 2533
2533 2611
2533 2534
2534 2539
2534 2537
2535 2619
2535 2536
2536 2538
2536 2537
2538 2618
2538 2539
2540 2617
2540 2541
2542 2594
2542 2597
2543 2594
2543 2596
2544 2545
2544 2546
2547 2550
2547 2548
2548 2550
2549 2550
2551 2556
2551 4262
2551 2564
2552 2553
2553 2564
2553 2554
2554 2555
2554 2557
2555 2565
2555 2561
2556 2558
2556 2557
2557 2558
2558 2563
2559 4262
2559 4260
2559 4263
2560 4263
2560 2561
2561 2562
2562 2563
2562 2564
2565 2567
2565 2566
2566 2567
2566 2582
2567 2577
2568 2569
2568 2582
2568 2581
2569 2571
2570 2571
2571 2572
2572 2573
2572 2574
2574 2575
2574 4314
2575 4315
2576 2577
2576 4315
2576 2581
2577 2578
2578 4313
2579 2580
2579 4313
2579 4311
2580 4311
2581 2582
2583 3070
2583 2672
2583 2584
2584 3091
2584 2585
2586 2590
2586 2592
2587 2590
2587 2588
2588 2589
2590 2591
2591 2592
2593 2597
2594 2595
2595 2597
2595 2596
2596 3489
2601 2603
2602 2603
2603 2604
2605 3536
2605 2606
2606 2607
2607 3535
2607 2608
2608 3534
2613 2614
2615 2616
2617 2618
2618 2619
2620 2621
2621 2622
2622 2623
2624 2628
2624 2625
2625 2626
2626 2629
2626 2630
2627 2628
2630 2633
2631 2633
2631 2636
2632 2636
2633 2634
2634 2635
2634 2644
2637 2641
2637 2937
2638 2639
2638 3115
2639 2937
2640 3658
2640 4232
2640 2900
2641 2643
2642 3662
2642 3115
2642 3658
2643 2679
2643 2804
2645 2646
2647 4252
2647 2648
2647 4148
2648 2649
2648 2650
2651 4148
2651 4146
2651 4265
2653 2654
2653 2655
2654 2655
2654 2656
2655 2656
2656 2657
2657 4184
2657 2658
2659 2660
2660 3841
2660 2662
2661 2662
2661 2829
2663 2664
2666 2667
2666 5290
2668 3121
2668 3215
2668 4431
2668 4861
2669 2670
2671 3397
2671 3076
2671 3371
2672 4197
2672 4140
2674 3729
2674 3730
2674 3737
2675 3732
2675 3737
2675 3919
2675 3726
2676 3720
2676 3721
2676 2742
2677 3727
2677 3646
2677 3728
2679 2680
2679 4322
2679 2805
2680 2684
2680 4318
2681 4326
2681 2682
2684 2685
2686 3565
2686 2689
2686 3112
2688 3433
2688 3434
2689 3573
2690 2861
2690 4243
2691 2827
2691 5549
2691 6099
2692 2693
2692 3202
2694 2695
2695 2701
2695 2698
2696 2697
2696 2701
2696 2702
2698 2700
2698 2699
2699 2702
2700 2701
2700 2702
2703 2704
2704 2716
2704 2705
2705 2706
2705 2714
2706 2715
2706 2716
2707 2712
2707 2710
2707 2713
2708 2709
2708 2712
2708 2713
2709 2716
2709 2711
2710 2715
2710 2711
2711 2712
2713 2714
2714 2715
2717 2718
2719 2723
2719 2721
2719 2722
2720 2726
2720 2722
2720 2721
2721 2725
2722 2724
2727 3742
2727 3877
2727 4447
2728 2731
2728 2729
2728 2740
2729 2730
2729 2735
2731 2733
2731 2732
2733 2734
2733 2739
2735 2736
2735 2738
2737 2738
2738 2739
2739 3877
2740 3878
2740 2741
2741 3739
2741 3740
2743 4079
2744 4079
2744 2772
2745 2746
2745 3340
2745 2747
2747 2748
2747 2751
2749 3340
2749 2789
2749 2751
2750 2751
2752 2753
2753 2754
2753 4231
2754 4230
2755 4209
2756 2757
2757 2761
2757 2759
2758 2760
2758 2762
2758 3334
2759 2765
2759 2762
2761 2765
2761 2763
2762 2767
2762 2764
2763 2766
2765 2766
2767 2768
2767 2769
2769 2770
2769 4080
2771 2772
2772 2775
2773 2777
2773 2776
2773 2775
2774 2776
2775 2777
2776 2778
2776 2779
2777 2778
2778 2781
2779 2781
2779 2780
2781 2786
2782 2783
2783 2786
2783 2784
2784 2787
2784 2785
2785 2790
2785 2788
2786 2789
2787 2790
2787 2789
2788 2792
2788 2791
2790 2793
2794 3611
2794 3623
2795 3611
2795 3767
2795 3621
2795 3763
2796 3989
2796 4971
2796 2807
2797 2798
2797 2807
2797 2818
2798 3931
2798 2819
2798 3934
2798 3951
2799 2800
2799 2818
2799 2801
2800 2802
2800 3946
2800 2819
2801 2802
2801 4317
2802 2803
2803 2805
2803 4317
2804 4317
2804 2805
2806 2807
2806 3936
2806 3951
2807 3988
2808 3965
2808 3967
2809 3987
2809 2814
2809 3967
2810 3963
2810 2811
2811 2891
2811 3962
2812 2814
2812 3966
2812 3967
2813 3970
2813 3962
2813 3966
2814 2815
2815 3956
2815 3966
2816 2817
2816 3977
2817 3961
2817 2818
2818 2819
2820 2847
2821 4316
2821 2850
2822 4316
2822 2934
2823 5886
2823 2824
2823 5570
2824 5571
2824 2825
2824 5885
2825 3647
2825 5575
2825 5818
2826 5577
2826 5566
2826 3647
2827 2828
2827 3696
2827 3492
2828 3852
2828 3493
2828 3694
2830 2832
2830 3070
2830 2833
2831 2833
2832 3052
2832 2835
2832 2834
2833 2835
2834 3398
2834 3073
2835 2836
2837 4055
2838 2842
2839 2842
2839 2843
2840 3507
2840 4077
2841 2842
2841 3507
2842 3697
2843 3446
2843 3701
2844 3297
2844 3449
2845 3305
2845 3700
2845 4145
2847 2850
2847 2848
2848 2849
2849 2850
2851 3766
2851 3526
2851 3863
2852 3524
2852 3527
2852 3871
2853 2854
2853 2863
2853 3521
2854 3525
2855 3531
2855 3622
2856 3530
2857 3496
2857 3760
2858 4242
2858 2864
2858 3530
2858 2859
2859 3531
2859 4328
2859 4330
2860 3528
2860 2863
2860 2861
2861 3529
2861 4242
2862 3523
2862 3760
2862 3522
2863 3522
2863 3527
2864 2867
2864 4243
2865 2866
2865 4328
2865 4329
2867 2869
2868 4329
2870 2871
2871 2875
2871 2872
2873 2874
2875 2876
2877 2879
2877 2881
2877 3514
2877 3624
2878 4194
2878 2927
2878 2883
2878 2930
2879 2944
2879 2928
2880 2882
2880 2945
2880 4124
2881 3512
2881 2950
2881 2931
2882 4125
2882 2951
2882 2948
2883 2948
2883 4195
2884 2885
2884 4233
2885 3670
2885 3669
2887 2888
2887 2889
2888 2895
2888 2899
2891 2895
2892 2893
2895 3980
2898 2900
2898 4959
2901 3218
2901 4327
2902 3218
2902 2903
2902 4562
2903 2906
2903 2904
2904 4564
2904 2907
2905 2907
2906 4566
2906 2916
2907 2914
2907 2915
2908 2911
2909 2917
2910 2912
2911 2912
2911 4566
2911 2916
2912 2913
2913 2914
2913 3219
2914 2920
2914 2915
2915 2919
2915 3707
2916 2918
2917 2924
2917 3711
2918 2920
2918 3219
2920 3712
2921 2928
2921 3708
2921 2922
2922 2926
2922 3714
2922 2927
2923 2929
2924 3204
2924 3715
2925 2926
2926 2932
2926 2930
2927 3715
2928 3624
2929 3207
2929 3221
2930 2945
2931 2955
2931 2946
2933 2962
2933 2969
2933 2974
2933 2955
2934 2935
2935 2937
2936 3667
2936 3665
2936 2939
2937 2938
2938 2942
2939 2942
2940 3516
2940 4107
2940 2973
2944 4124
2944 2947
2945 2948
2946 2954
2946 2947
2947 2952
2947 4125
2948 2956
2949 2959
2950 2955
2950 3511
2950 2971
2951 2956
2951 2957
2952 4126
2952 2954
2952 2961
2953 4126
2954 2955
2954 2962
2956 2958
2956 2963
2957 2963
2957 2960
2960 4128
2960 2964
2960 4052
2961 2962
2961 4128
2961 2965
2962 2966
2963 3520
2963 2964
2964 4127
2965 4127
2965 2966
2966 3517
2967 2968
2967 3520
2967 4051
2968 3519
2968 2972
2968 2978
2969 3516
2969 2971
2971 3510
2972 2973
2972 2977
2972 3518
2973 3517
2974 4109
2974 3510
2976 4105
2976 3513
2976 2981
2978 2994
2978 2980
2979 2987
2979 4105
2979 2982
2979 2986
2981 4106
2981 2983
2982 2991
2982 2984
2983 4110
2983 4109
2984 2988
2984 4106
2984 2985
2985 4110
2985 2997
2985 2998
2986 2989
2986 3001
2987 2989
2987 2990
2988 2995
2988 2992
2989 2993
2990 2991
2990 2993
2991 2992
2992 2995
2993 3001
2995 2996
2996 2997
2996 3004
2997 2998
2997 3000
2998 2999
2999 3008
2999 3014
3001 3002
3001 3003
3002 3005
3002 3006
3002 4149
3004 3008
3004 3007
3005 3015
3005 3011
3005 3021
3006 3011
3006 3007
3007 3010
3008 3009
3008 3010
3010 3013
3010 3014
3011 3023
3012 4104
3012 4109
3013 3016
3013 3025
3014 3016
3015 3018
3015 3019
3016 3022
3016 3026
3017 3021
3017 4149
3017 4154
3018 3020
3018 3023
3019 3020
3019 3021
3020 3030
3021 3030
3022 3028
3022 3027
3023 3024
3024 3025
3024 3031
3025 3029
3026 3027
3026 3032
3027 3028
3027 3033
3028 3033
3029 3032
3029 3031
3030 3031
3032 3033
3034 3036
3034 4104
3034 3035
3037 3051
3039 3042
3040 3414
3040 3409
3040 3041
3041 3411
3041 3414
3042 3414
3042 3043
3043 3044
3044 3422
3044 3416
3045 3046
3046 3047
3046 3422
3047 3425
3047 3428
3047 3424
3048 3050
3048 3419
3048 3426
3049 3051
3049 3428
3049 3427
3049 3050
3052 3053
3052 3055
3053 3056
3053 3063
3055 3401
3055 3057
3055 3056
3056 3061
3057 3058
3057 3059
3057 3404
3058 3406
3058 3059
3059 3060
3059 3061
3060 3407
3060 3406
3061 3064
3062 3063
3063 3065
3067 3068
3068 3069
3070 3071
3072 3073
3075 3076
3075 4008
3075 3077
3076 3092
3078 4073
3078 4028
3079 3080
3079 4028
3079 4029
3080 3082
3081 3083
3081 4012
3083 3084
3083 4220
3084 4020
3084 4023
3085 4020
3085 3086
3085 4024
3086 4025
3087 4025
3087 3088
3088 3089
3089 3090
3090 3091
3093 3094
3093 3095
3093 3509
3094 3097
3094 3096
3095 3098
3097 3100
3097 3099
3098 3098
3100 3106
3100 3107
3100 3101
3101 3103
3101 3106
3102 3103
3103 3104
3104 3105
3104 3106
3109 3197
3109 3110
3109 3111
3113 3304
3113 4143
3113 3451
3114 4320
3114 4318
3114 4322
3118 3119
3119 3562
3119 3329
3120 3214
3120 4583
3121 4906
3122 3127
3123 3454
3126 3127
3128 3130
3129 3130
3129 5673
3132 3134
3133 3135
3133 4075
3133 3147
3133 3148
3134 3135
3134 3147
3135 3138
3136 3137
3137 3140
3137 3164
3138 3142
3138 3139
3139 3140
3139 3143
3140 3144
3141 3142
3141 3160
3141 3152
3142 3143
3143 3155
3144 3163
3144 3149
3145 4074
3145 4075
3145 4112
3146 3147
3148 4112
3149 3150
3149 3151
3150 3164
3150 3156
3151 3154
3151 3156
3151 3163
3152 3162
3152 3155
3153 3160
3154 3158
3154 3157
3155 3159
3156 4042
3158 3159
3158 3163
3159 3165
3160 3161
3161 3166
3161 3162
3162 3165
3165 3166
3167 3168
3168 4306
3168 4308
3169 4305
3170 3173
3170 3171
3170 3429
3171 3172
3171 4304
3172 4302
3173 3633
3173 3429
3174 3876
3174 3176
3175 3176
3176 3178
3177 3178
3178 3179
3180 3181
3181 3182
3182 3183
3182 3875
3183 3477
3183 3185
3185 3187
3185 3186
3188 3189
3192 3193
3192 3195
3195 3196
3198 3875
3200 3201
3202 3203
3204 3205
3204 3206
3207 3716
3207 3208
3209 3210
3209 4802
3210 3211
3210 4780
3211 3212
3211 4801
3212 3213
3212 4796
3213 4801
3214 5252
3214 4794
3215 3216
3215 4870
3216 4865
3217 4866
3218 4914
3219 3220
3221 3223
3221 3222
3222 3226
3222 3225
3224 3230
3224 3225
3224 3229
3225 3226
3225 3231
3226 3227
3227 3228
3227 3236
3229 3230
3229 3232
3230 3231
3230 3233
3231 3234
3232 3233
3232 3235
3233 3234
3233 3237
3234 3236
3234 3242
3235 3237
3235 3239
3236 3244
3237 3238
3240 3241
3241 3246
3241 3242
3242 3251
3242 3244
3243 3245
3244 3254
3245 3247
3245 3717
3245 3246
3246 3249
3248 3249
3249 3250
3250 3263
3250 3251
3251 3253
3251 3264
3252 3255
3253 3257
3253 3254
3254 3255
3255 3260
3255 3256
3257 3258
3257 3259
3259 3261
3259 3264
3262 3263
3263 3264
3265 3266
3266 3268
3266 3272
3267 3274
3268 3270
3268 3271
3269 3278
3269 3275
3270 3271
3270 3273
3271 3284
3272 3285
3273 3280
3273 3274
3274 3276
3275 3283
3276 3282
3276 3277
3278 3281
3278 3286
3279 3294
3280 3282
3280 3292
3281 3283
3281 3287
3282 3292
3283 3288
3284 3294
3284 3285
3286 3289
3286 3290
3287 3288
3287 3289
3288 3289
3290 3291
3290 3294
3292 3293
3294 3295
3295 3296
3297 3298
3298 3305
3299 3300
3299 3701
3299 3302
3301 3306
3301 3304
3302 3303
3303 3702
3304 3307
3305 3306
3307 4143
3307 3308
3309 3310
3309 3325
3309 3312
3310 3311
3310 3313
3312 3319
3312 3313
3313 3317
3314 3315
3315 3318
3315 3316
3317 3318
3317 3321
3318 3323
3319 3320
3319 3322
3320 3321
3320 3322
3321 3323
3322 3472
3323 3324
3323 3326
3324 3325
3324 3326
3325 3327
3326 3327
3327 3328
3329 3472
3332 3333
3335 3336
3336 3338
3336 3337
3337 3338
3337 3340
3338 3339
3339 3343
3339 3341
3341 3342
3341 3344
3343 3344
3343 3346
3344 3346
3345 3346
3345 3345
3347 3348
3348 4085
3349 4062
3349 4219
3350 4210
3350 4211
3351 3357
3351 3353
3352 3353
3353 3354
3354 3356
3354 3358
3355 3356
3356 3360
3357 3362
3357 3358
3358 3359
3358 3360
3359 3363
3359 3360
3360 3364
3361 3364
3362 3363
3362 4214
3363 3365
3363 3367
3364 3368
3366 3367
3367 3368
3368 3369
3370 3371
3371 3373
3372 3373
3373 3377
3374 3375
3375 3379
3375 3377
3376 3396
3377 3396
3378 3379
3378 3384
3379 3397
3380 3382
3381 3389
3382 3383
3382 3390
3383 3384
3384 3385
3385 3386
3385 3392
3386 3387
3386 3395
3387 3388
3387 3394
3388 3389
3388 3391
3389 3391
3390 3392
3391 3393
3396 3397
3399 3400
3399 3402
3400 3401
3401 3402
3402 3404
3403 3404
3405 3406
3407 3409
3407 3408
3409 3410
3410 3411
3410 3412
3411 3412
3412 3413
3415 3416
3416 3417
3417 3418
3419 3420
3421 3422
3423 3426
3425 3426
3425 3428
3429 3991
3430 4252
3430 3431
3431 3645
3431 4298
3432 3434
3432 3433
3432 3438
3435 3750
3435 3758
3435 3743
3436 3655
3436 3693
3436 3437
3437 3759
3437 4321
3438 3759
3438 4267
3438 3756
3439 3756
3439 4180
3439 4298
3440 3648
3441 3442
3441 3444
3442 3443
3442 3680
3443 3445
3444 3695
3444 3679
3445 3619
3445 3681
3446 3698
3446 3449
3447 3448
3447 3697
3448 3699
3448 3703
3449 3451
3450 3451
3450 3697
3452 3713
3452 3708
3452 4045
3453 5065
3453 5073
3453 3713
3455 3475
3455 4157
3456 3637
3456 3457
3457 3458
3457 3639
3458 3459
3458 3461
3459 3460
3459 3640
3462 3463
3463 3603
3463 3584
3464 3465
3464 3466
3465 3471
3465 3470
3466 3467
3467 3469
3467 3468
3471 3472
3471 3473
3474 4073
3474 4214
3474 3475
3475 4157
3476 3477
3479 3480
3479 4136
3479 4134
3481 4132
3482 3484
3482 4198
3482 3485
3482 3489
3483 3490
3484 4147
3484 4264
3485 3486
3486 4184
3487 3489
3487 3538
3488 3490
3488 3538
3488 3864
3490 3491
3491 3494
3492 5432
3492 3493
3492 5615
3493 5614
3493 3853
3494 3616
3495 3762
3495 3496
3495 3497
3496 3499
3497 3498
3497 3609
3498 3499
3498 3614
3499 3613
3500 3500
3500 3828
3501 3503
3501 3648
3501 3502
3503 3504
3505 3554
3505 3508
3506 3705
3507 3508
3507 3509
3510 3511
3510 3513
3511 3512
3512 3514
3513 4107
3514 4045
3515 4044
3515 3706
3515 4050
3516 3517
3517 3518
3518 3519
3519 3520
3520 4050
3521 3522
3521 3525
3521 3762
3522 3523
3523 3527
3523 3524
3524 3847
3526 3862
3526 3767
3527 3528
3528 3529
3529 3530
3530 3531
3531 3849
3532 3545
3533 3540
3533 3534
3534 3535
3535 3536
3536 3541
3537 3542
3537 3543
3538 3545
3538 3539
3539 3540
3541 3542
3543 3544
3544 3550
3546 3549
3546 3547
3547 3548
3548 4183
3549 3550
3551 3552
3551 3553
3552 4183
3553 3577
3554 3555
3555 3556
3557 3559
3557 4143
3558 3578
3558 3559
3560 3561
3560 3562
3561 3565
3563 3569
3564 3567
3564 3565
3564 3566
3566 3573
3566 3569
3567 3568
3570 3571
3570 3572
3571 3576
3571 3575
3573 3575
3574 3575
3576 3582
3576 3579
3577 3578
3580 3583
3580 3581
3581 3582
3583 3603
3584 3585
3584 3586
3585 3602
3585 3603
3587 3600
3587 3601
3588 3593
3588 3589
3589 3870
3590 3870
3590 3591
3591 3592
3591 3595
3592 3604
3592 3600
3592 3827
3594 3827
3595 3604
3595 3596
3596 3597
3597 3598
3598 3873
3599 3873
3599 3688
3599 3687
3599 3874
3601 3602
3604 3605
3604 3843
3605 3608
3606 3619
3606 3607
3606 3833
3607 3839
3607 3608
3609 3615
3609 3614
3610 3612
3610 3621
3610 3611
3610 3623
3611 3618
3612 3613
3613 3614
3615 3831
3615 3761
3616 3617
3616 3866
3616 3831
3617 3833
3618 3848
3620 3769
3620 3622
3620 3871
3621 3847
3622 3765
3624 4045
3624 3708
3625 3626
3626 3627
3626 3633
3628 3629
3629 3630
3629 3631
3631 3993
3631 3998
3632 3998
3634 3635
3635 4138
3635 4136
3636 4224
3636 3637
3636 3638
3637 3638
3638 3639
3640 3641
3640 3642
3643 3650
3644 3650
3645 3651
3645 3646
3645 4299
3646 4179
3647 3648
3649 3650
3649 3651
3651 3652
3652 3736
3653 4299
3654 3745
3654 4300
3655 3664
3655 4301
3655 3661
3656 3693
3656 4552
3656 3670
3656 5078
3657 3662
3657 3658
3658 3659
3659 3660
3660 3663
3660 3668
3660 4233
3661 3668
3661 3670
3663 3664
3663 3665
3664 3668
3664 3667
3666 3667
3668 3669
3669 4234
3671 3691
3671 3678
3671 3676
3672 3676
3672 3673
3672 3677
3673 3678
3673 3675
3674 3690
3674 3677
3674 3675
3678 3873
3679 3683
3679 3681
3681 3682
3682 3683
3683 4007
3683 3695
3684 4006
3684 3687
3684 4007
3685 4000
3685 3999
3685 3686
3686 3872
3688 3691
3688 3689
3689 3690
3690 3691
3692 3711
3692 5064
3692 5074
3693 5077
3694 5614
3696 5615
3698 3700
3699 3704
3699 3700
3701 3704
3703 3704
3706 4051
3708 3709
3709 3714
3709 3710
3709 3713
3710 3714
3710 3711
3712 3713
3714 3715
3715 4194
3716 4196
3716 4195
3717 4044
3717 4196
3718 4147
3719 3720
3719 3740
3719 3724
3720 3723
3720 3734
3721 3824
3721 3818
3722 3825
3722 3735
3722 3723
3723 3735
3723 3724
3724 3725
3725 3739
3725 3726
3726 3727
3727 3728
3728 3732
3729 3730
3729 3905
3730 3731
3730 3733
3731 3737
3731 3732
3731 3906
3732 3739
3733 3906
3733 3734
3733 3879
3734 3738
3734 3877
3736 3820
3738 3906
3738 3740
3739 3878
3740 3925
3741 3925
3741 3742
3741 4443
3741 4442
3743 4323
3743 3755
3744 3745
3744 3757
3744 4178
3745 3746
3746 3748
3746 4300
3746 3757
3747 3748
3748 4266
3748 3749
3749 4325
3749 3757
3749 3750
3750 4325
3750 3751
3751 3752
3751 3755
3751 4325
3752 4266
3752 3753
3752 3754
3754 4301
3754 3755
3756 4300
3757 3758
3758 4323
3759 4301
3760 3762
3761 3762
3764 3765
3765 3769
3766 3767
3766 3769
3766 3871
3767 3847
3768 3769
3770 3771
3772 3782
3772 3773
3773 3774
3773 3789
3774 3789
3774 3775
3774 3784
3775 3785
3776 3777
3776 3785
3776 3784
3777 3778
3777 3786
3778 3779
3778 3783
3779 3788
3779 3786
3780 3781
3780 3788
3780 3789
3781 3782
3781 3787
3783 3784
3783 3789
3786 3787
3787 3788
3790 4160
3791 4112
3791 4074
3792 4163
3792 4159
3792 4157
3793 3794
3793 4156
3794 4177
3794 4159
3795 4140
3795 3796
3796 4158
3796 4197
3797 3818
3797 3815
3797 3822
3798 3809
3798 3926
3798 3799
3798 3815
3799 3810
3799 3800
3800 3811
3800 3801
3801 3802
3801 3803
3804 3809
3805 3810
3806 3811
3807 3814
3808 3811
3809 3812
3809 3810
3810 3811
3812 3815
3812 3813
3813 3818
3813 3816
3814 3815
3814 3821
3817 3818
3817 3819
3817 3823
3819 3822
3819 3820
3820 3822
3820 3821
3821 3822
3823 3824
3823 3825
3824 3825
3826 3827
3829 3830
3831 3832
3833 3835
3834 3835
3835 3836
3836 3837
3836 3838
3839 3840
3841 3842
3843 3864
3843 3845
3844 3845
3845 3846
3847 3871
3849 3850
3849 3853
3850 3851
3850 4331
3852 4241
3852 3853
3853 3865
3854 3859
3854 3861
3854 3860
3855 3870
3856 3857
3857 3859
3858 3859
3865 3867
3866 3867
3872 4002
3874 3875
3877 5006
3878 3906
3879 3882
3879 3881
3880 3912
3880 3918
3880 3916
3881 3909
3881 3896
3882 3903
3882 3893
3883 3888
3884 3890
3885 3910
3885 3907
3885 3887
3886 3887
3887 3888
3888 3890
3889 3891
3890 3891
3891 3895
3892 3894
3893 3896
3893 3894
3894 3895
3895 3896
3897 3898
3898 3902
3898 5017
3899 3900
3900 3902
3900 3903
3901 3902
3903 3915
3904 3905
3905 3915
3908 3911
3909 3912
3909 3910
3910 3911
3911 3912
3913 3917
3914 3917
3915 3918
3917 3918
3920 3923
3920 3921
3921 3922
3921 3924
3922 3924
3922 3923
3924 3925
3929 3930
3931 3939
3931 3947
3932 3939
3932 3933
3932 3943
3933 3934
3933 3944
3934 3935
3935 3938
3935 3951
3935 3936
3936 4565
3937 3938
3938 3950
3939 3941
3940 3941
3941 3943
3941 3948
3942 3944
3943 3944
3944 3949
3945 3946
3946 3947
3947 3948
3948 3949
3949 3950
3950 3952
3953 3957
3953 3954
3953 3956
3954 3971
3954 3955
3955 3957
3955 3960
3957 3958
3958 3961
3959 3960
3959 3973
3962 3963
3963 3964
3964 3981
3964 3965
3967 3968
3969 3970
3969 3971
3969 3972
3970 3972
3971 3973
3972 3973
3974 3975
3975 3976
3975 3979
3977 3979
3978 3979
3982 3984
3983 3984
3984 3986
3985 3987
3985 3986
3986 3987
3988 5020
3989 5020
3990 3990
3991 4309
3991 3992
3992 3993
3993 3996
3994 3995
3997 3998
3999 4005
4000 4001
4003 4004
4006 4116
4006 4007
4008 4009
4008 4010
4009 4010
4010 4031
4011 4012
4012 4013
4014 4030
4015 4023
4015 4016
4016 4018
4017 4018
4017 4022
4019 4021
4020 4021
4021 4022
4022 4023
4026 4220
4027 4028
4028 4029
4029 4032
4030 4031
4030 4220
4031 4032
4033 4034
4033 4040
4034 4041
4034 4035
4035 4041
4035 4038
4036 4037
4036 4038
4037 4042
4038 4042
4039 4040
4040 4041
4043 4219
4043 4150
4043 4152
4045 4193
4046 4047
4047 4049
4047 4050
4047 4048
4050 4051
4053 4057
4053 4054
4054 4058
4054 4090
4055 4060
4055 4094
4055 4059
4055 4093
4056 4101
4056 4095
4057 4097
4057 4058
4058 4089
4059 4092
4059 4060
4059 4099
4060 4100
4060 4095
4061 4202
4061 4062
4062 4063
4063 4064
4064 4065
4065 4066
4065 4067
4065 4068
4067 4100
4068 4070
4069 4070
4069 4071
4071 4211
4072 4208
4072 4073
4074 4076
4075 4076
4077 4079
4079 4080
4080 4081
4081 4082
4082 4083
4083 4084
4084 4085
4085 4086
4086 4087
4088 4089
4088 4098
4088 4091
4089 4090
4089 4092
4090 4093
4091 4092
4091 4099
4092 4093
4094 4095
4095 4096
4096 4100
4096 4101
4097 4098
4099 4100
4102 4103
4104 4111
4104 4108
4105 4106
4105 4107
4106 4110
4107 4149
4108 4109
4108 4110
4111 4112
4113 4114
4113 4118
4113 4129
4114 4129
4114 4119
4115 4116
4116 4132
4117 4118
4118 4119
4118 4120
4119 4120
4120 4122
4121 4129
4121 4122
4121 4123
4122 4123
4123 4131
4124 4125
4125 4126
4126 4128
4127 4128
4130 4131
4131 4132
4133 4134
4135 4136
4137 4138
4139 4160
4139 4155
4140 4142
4141 4142
4141 4197
4142 4177
4147 4265
4151 4152
4152 4153
4153 4154
4155 4158
4156 4161
4157 4208
4158 4162
4159 4160
4161 4162
4162 4163
4164 4166
4164 4171
4164 4168
4165 4174
4165 4170
4165 4176
4166 4208
4166 4167
4167 4174
4167 4168
4168 4173
4168 4169
4169 4172
4169 4171
4170 4175
4170 4172
4172 4173
4173 4175
4174 4175
4181 4182
4186 4189
4187 4189
4188 4192
4188 4190
4188 4191
4189 4192
4191 4192
4191 4193
4194 4195
4199 4200
4199 4210
4200 4216
4200 4217
4201 4209
4203 4216
4203 4218
4204 4214
4204 4206
4204 4205
4205 4216
4205 4218
4205 4217
4207 4211
4207 4214
4212 4217
4213 4219
4215 4218
4221 4223
4222 4223
4223 4224
4224 4225
4225 4229
4225 4227
4226 4227
4227 4229
4228 6040
4228 6041
4233 4234
4234 4235
4236 4237
4238 4329
4238 4239
4238 4331
4239 4328
4239 4330
4240 4241
4242 4243
4244 4245
4244 4247
4245 4246
4245 4247
4246 4247
4248 4249
4252 4254
4253 4254
4254 4256
4255 4256
4255 4255
4256 4256
4257 4258
4260 4261
4262 4263
4264 4265
4266 4267
4266 4325
4267 4300
4267 4301
4268 4294
4268 4291
4268 4293
4269 4297
4269 4270
4269 4296
4270 4272
4270 4273
4271 4290
4271 4275
4271 4272
4272 4274
4273 4296
4273 4274
4274 4275
4275 4276
4276 4289
4276 4288
4277 4283
4277 4285
4277 4286
4278 4279
4278 4286
4278 4287
4279 4281
4279 4282
4280 4281
4280 4289
4280 4290
4281 4287
4282 4286
4282 4283
4283 4284
4284 4291
4284 4295
4285 4295
4285 4296
4287 4288
4288 4289
4290 4292
4291 4292
4292 4293
4294 4295
4302 4303
4303 4304
4304 4305
4307 4308
4308 4309
4310 4312
4311 4312
4316 4317
4318 4320
4319 4320
4323 4324
4330 4331
4332 4841
4332 4858
4332 4795
4333 4841
4333 4346
4333 4807
4333 4851
4334 4725
4334 5279
4334 5278
4335 4683
4335 4684
4335 5264
4336 4605
4336 4611
4336 5258
4337 4419
4337 4339
4337 5279
4338 4921
4339 5296
4339 5279
4340 4961
4340 4960
4341 4570
4341 4343
4341 4419
4342 5277
4342 5311
4342 4574
4343 4966
4343 5155
4344 4423
4344 4569
4344 4966
4345 4346
4346 4347
4348 4956
4348 4525
4348 4951
4349 4500
4349 5212
4349 5210
4350 4353
4350 4496
4350 5212
4351 4974
4351 4919
4351 4352
4352 5284
4352 4544
4353 4557
4353 4555
4354 4357
4354 5290
4354 5255
4355 4923
4355 5255
4355 5156
4356 4425
4356 4925
4356 4424
4356 4427
4357 4725
4357 4514
4358 4618
4358 4628
4358 4622
4359 4685
4359 4684
4359 4580
4360 4397
4360 4362
4360 4394
4361 4393
4361 5274
4361 5276
4362 4397
4362 4410
4363 4376
4363 5275
4363 4371
4364 4368
4364 4365
4365 4367
4365 4366
4366 4371
4366 4374
4367 4369
4367 4368
4368 4370
4371 5267
4372 4373
4372 5275
4372 5276
4373 4376
4373 5275
4373 5274
4374 4375
4374 4377
4376 4389
4376 4377
4377 4380
4378 4382
4379 4380
4380 4397
4381 4384
4382 4384
4382 4383
4383 4386
4383 5256
4383 5261
4384 4385
4384 4390
4386 4387
4386 5261
4386 5256
4388 4532
4388 4391
4388 4590
4389 4399
4389 4394
4389 5274
4390 4597
4390 4593
4391 4401
4391 4598
4392 4404
4392 4598
4392 4393
4393 4409
4393 4399
4394 4406
4395 4396
4395 4599
4395 5298
4396 4398
4396 4408
4397 5266
4398 4600
4398 4403
4399 5260
4399 4400
4400 5260
4400 5257
4401 4402
4401 4403
4403 4404
4404 4409
4405 4406
4406 5259
4407 5259
4409 5260
4410 5257
4410 5258
4411 5260
4412 4415
4413 4417
4413 4415
4413 4414
4415 4418
4415 4416
4416 5296
4416 5293
4419 5277
4420 4965
4420 4572
4420 4424
4421 4928
4421 4422
4421 4929
4422 4425
4422 4922
4423 4426
4423 4425
4424 4427
4425 4426
4426 4573
4427 4435
4428 4430
4428 4939
4428 4429
4429 4933
4429 4937
4429 4934
4430 5303
4431 4432
4431 4889
4432 4433
4432 4897
4434 4452
4435 4436
4436 4439
4437 4506
4437 4504
4437 4438
4438 4501
4438 4509
4439 4950
4439 4963
4441 4442
4441 4447
4441 4449
4442 4451
4444 4445
4445 4446
4445 4448
4446 4447
4446 4449
4447 5018
4449 4450
4452 4454
4452 4902
4453 4479
4453 4901
4453 4483
4454 4457
4454 4455
4456 4489
4457 4479
4457 4485
4458 4486
4459 4464
4460 4901
4460 4468
4460 4466
4461 4474
4461 4471
4461 5285
4462 4492
4463 4469
4464 4468
4464 4469
4465 4472
4465 4477
4465 4467
4466 4474
4466 4472
4467 4473
4467 4471
4468 4475
4469 4470
4470 4475
4470 4473
4471 4472
4473 4474
4475 4476
4477 4478
4478 4492
4479 4480
4480 4481
4480 4486
4481 4482
4481 4484
4482 4492
4482 4491
4483 4486
4483 4484
4484 4485
4485 4487
4487 4489
4487 4488
4489 4490
4493 5210
4493 4545
4493 5199
4494 5208
4494 5198
4494 4544
4495 5223
4495 5222
4495 5198
4496 5223
4496 4554
4497 5221
4497 4498
4497 5225
4498 4499
4498 5218
4499 5213
4499 4554
4500 5213
4500 5214
4502 4506
4503 4922
4504 4512
4504 4505
4506 4507
4507 4508
4507 4510
4508 4967
4508 4511
4509 4967
4509 4931
4512 4922
4512 4524
4513 4563
4514 4518
4514 4515
4516 4517
4517 4518
4517 4523
4517 4519
4518 4520
4520 4522
4520 4521
4525 4534
4525 4533
4526 4536
4526 4527
4526 4539
4528 4529
4528 4591
4528 4530
4529 4592
4529 4589
4530 4595
4530 4599
4530 4591
4531 4532
4531 4595
4531 4599
4532 4600
4535 4536
4536 4537
4538 4539
4539 4540
4540 5179
4540 4541
4542 5190
4542 5188
4542 5178
4543 5169
4544 5230
4545 4958
4545 4932
4546 4559
4546 4560
4546 4548
4547 4560
4549 4550
4550 5287
4550 5285
4550 4551
4552 5011
4552 4919
4553 5014
4554 5221
4555 4556
4555 5211
4556 4558
4556 5202
4557 5208
4557 5198
4557 4558
4558 5200
4559 5204
4559 4560
4561 4565
4563 4565
4563 5098
4566 4567
4568 4569
4569 4584
4570 4921
4570 4572
4571 5278
4571 4572
4571 4964
4573 4953
4573 4949
4575 4576
4575 4928
4575 5262
4576 4578
4576 4577
4579 4580
4580 5296
4580 4581
4582 4819
4582 4836
4582 4835
4582 4814
4584 4964
4584 4966
4585 4587
4585 4586
4586 4588
4587 4591
4588 4589
4589 4590
4590 4594
4592 4595
4592 4594
4593 5256
4593 4597
4594 4596
4597 4598
4600 4601
4602 4612
4603 4605
4604 4605
4605 4608
4606 4609
4607 4614
4608 4613
4608 4615
4609 4613
4609 4612
4610 4616
4611 4614
4611 4615
4612 4617
4612 4616
4613 4617
4613 4619
4614 4624
4614 4625
4615 4619
4616 4618
4616 4620
4617 4618
4617 4621
4618 4623
4619 4621
4621 4622
4622 4624
4623 4626
4623 4628
4624 4627
4624 4632
4626 4630
4626 4631
4627 4629
4627 4634
4628 4630
4629 4636
4629 4639
4630 4632
4630 4633
4632 4637
4632 4635
4633 4635
4633 4638
4634 4641
4634 4637
4635 4644
4635 4642
4637 4640
4638 4642
4638 4665
4639 4645
4639 4641
4640 4646
4640 4644
4641 4646
4642 4647
4642 4648
4643 4645
4644 4647
4645 4650
4646 4650
4646 4654
4647 4649
4648 4652
4648 4651
4649 4652
4649 4654
4650 4653
4651 4655
4651 4656
4652 4655
4654 4661
4655 4659
4657 4660
4658 4659
4659 4660
4660 4661
4661 4664
4662 4664
4663 4664
4665 4669
4665 5264
4666 4668
4667 4670
4668 4669
4668 4670
4669 4672
4669 4673
4670 4674
4670 4673
4671 4674
4673 4675
4673 4676
4674 4676
4674 4678
4676 4677
4676 4678
4678 4679
4678 4680
4681 4683
4682 4683
4684 4688
4685 4689
4685 4687
4686 4691
4688 4694
4688 4689
4689 4692
4690 4691
4691 4694
4691 4699
4692 4696
4692 4693
4694 4695
4695 4696
4695 4701
4696 4702
4697 4699
4698 4703
4699 4700
4700 4706
4700 4701
4701 4702
4701 4707
4702 4703
4702 4708
4703 4705
4704 4706
4706 4707
4706 4711
4707 4708
4707 4713
4708 4714
4708 4709
4710 4711
4711 4712
4711 4721
4713 4714
4713 4717
4714 4718
4714 4715
4715 4716
4715 4719
4718 4722
4718 4719
4719 4720
4719 4723
4724 4725
4727 4729
4728 4729
4729 4731
4730 4737
4731 4732
4731 4736
4732 4735
4732 4746
4733 4742
4734 4741
4735 4736
4735 4740
4736 4738
4737 4741
4737 4739
4741 4743
4742 4754
4742 4743
4743 4745
4744 4747
4745 4748
4745 4746
4746 4752
4747 4752
4747 4755
4749 4754
4750 4751
4751 4758
4751 4753
4752 4755
4752 4771
4754 4758
4756 4757
4757 4773
4757 4761
4758 4760
4759 4760
4760 4764
4761 4762
4761 4772
4762 4763
4762 4765
4764 4771
4764 4768
4765 4766
4765 4769
4767 4770
4769 4770
4769 4776
4770 4774
4771 4774
4771 4775
4773 4778
4773 4776
4774 4798
4774 4777
4775 4780
4776 4778
4777 4780
4777 4814
4778 4782
4779 4794
4780 4788
4781 4785
4782 4797
4782 4795
4783 4794
4784 4788
4785 4787
4785 4795
4786 4791
4788 4792
4789 4790
4790 4793
4790 4799
4791 4792
4791 4793
4792 4796
4793 4799
4793 4796
4795 4797
4797 4798
4798 4819
4799 4810
4800 4802
4801 4805
4801 4804
4802 4806
4803 4806
4804 4809
4804 4812
4805 4812
4805 4811
4806 4818
4808 4809
4809 4813
4809 4815
4811 4817
4811 4816
4812 4815
4812 4817
4813 4825
4813 4823
4814 4819
4814 4833
4815 4820
4816 4821
4817 4820
4819 4832
4820 4823
4820 4826
4821 4824
4821 4826
4822 4829
4823 4825
4825 4828
4826 4828
4827 4829
4828 4830
4828 4829
4831 4832
4832 4843
4832 4836
4833 4838
4834 4841
4835 4837
4835 4842
4836 4845
4836 4857
4837 4838
4837 4840
4838 4906
4839 4844
4842 4845
4842 4848
4844 4848
4844 4846
4845 4850
4847 4852
4848 4854
4849 4855
4850 4854
4850 4852
4852 4856
4853 4855
4854 4861
4855 4863
4856 4857
4856 4867
4857 4869
4858 4862
4859 4861
4860 4870
4860 4869
4860 4868
4862 4863
4862 4865
4863 4864
4864 4871
4864 4872
4865 4871
4865 4872
4869 4870
4871 4872
4873 5252
4873 4886
4873 4874
4874 4909
4874 5253
4875 4881
4875 4890
4875 4878
4876 4877
4876 4879
4877 4879
4878 4887
4878 4885
4879 4881
4880 4882
4880 4883
4881 4884
4882 4883
4883 4884
4884 4885
4884 4894
4885 4891
4886 4909
4886 4887
4886 4892
4887 4891
4888 4892
4890 4893
4890 4891
4892 4896
4893 4894
4895 4897
4896 4899
4896 4897
4898 4899
4899 4900
4901 5284
4903 4904
4904 4906
4904 4905
4907 4910
4908 4911
4909 4910
4910 4911
4911 4912
4913 4914
4914 4915
4914 4918
4915 4917
4915 4916
4919 4920
4921 5155
4923 4927
4923 4925
4924 4925
4924 4927
4926 4927
4928 4929
4929 4930
4930 5255
4930 5248
4931 4954
4931 4956
4932 5154
4932 4956
4935 4936
4936 4937
4936 4944
4937 4947
4938 4939
4939 4941
4940 4941
4942 4943
4943 4944
4943 4948
4943 4945
4944 4947
4946 4948
4947 4948
4949 4952
4949 4950
4950 4954
4951 4952
4951 4955
4952 4953
4953 4957
4954 4963
4955 5168
4955 5163
4957 4959
4957 4958
4958 4960
4958 4959
4960 4962
4960 4961
4961 4963
4964 4965
4965 5263
4967 4968
4969 5066
4969 5053
4969 5070
4970 5016
4970 5071
4970 5244
4971 5244
4971 4994
4972 4979
4972 5043
4972 5236
4973 5239
4973 5040
4973 4976
4973 5034
4974 5037
4974 5235
4974 4975
4974 4980
4975 4981
4975 5029
4975 5235
4976 5033
4976 4977
4976 4987
4977 4988
4977 4978
4977 5239
4978 5236
4978 4979
4978 5238
4979 4983
4980 4981
4980 4984
4981 4982
4981 4985
4982 4986
4982 5029
4982 5032
4983 4989
4983 5238
4984 4985
4984 5001
4985 5283
4985 4986
4986 5282
4986 5031
4987 5031
4987 4988
4987 5046
4988 5280
4988 5237
4989 5237
4989 4998
4990 5010
4990 5049
4990 5024
4991 5055
4991 5036
4991 5057
4992 5045
4992 4999
4992 4993
4992 5028
4993 5232
4993 4995
4993 5023
4994 4995
4994 5052
4994 4998
4995 4999
4995 5054
4995 5245
4996 5022
4996 4997
4996 5000
4996 5027
4997 5001
4997 5021
4998 4999
4999 5281
5000 5028
5000 5001
5000 5283
5002 5021
5002 5058
5002 5242
5003 5059
5003 5243
5003 5022
5004 5247
5004 5043
5004 5246
5005 5272
5005 5273
5005 5263
5007 5016
5007 5070
5007 5015
5007 5059
5008 5015
5008 5012
5008 5016
5008 5240
5009 5015
5009 5242
5009 5011
5010 5051
5010 5049
5010 5013
5011 5014
5012 5014
5012 5240
5013 5023
5013 5050
5013 5068
5015 5058
5016 5241
5019 5020
5021 5022
5022 5026
5023 5024
5023 5231
5024 5280
5025 5026
5025 5061
5025 5060
5026 5233
5026 5027
5027 5028
5027 5234
5028 5282
5029 5030
5029 5033
5030 5034
5030 5235
5031 5032
5032 5238
5032 5033
5033 5034
5034 5039
5035 5036
5035 5038
5035 5039
5035 5057
5036 5037
5037 5038
5038 5235
5038 5039
5039 5040
5040 5057
5040 5041
5041 5239
5041 5042
5041 5056
5042 5247
5042 5043
5042 5236
5044 5045
5045 5046
5046 5047
5048 5071
5048 5050
5048 5068
5049 5054
5049 5069
5050 5051
5051 5069
5052 5053
5053 5054
5055 5056
5055 5246
5056 5057
5056 5247
5058 5059
5058 5242
5059 5243
5060 5061
5060 5062
5061 5067
5062 5070
5062 5243
5063 5066
5063 5067
5063 5231
5066 5068
5067 5233
5069 5245
5071 5241
5072 5073
5073 5078
5074 5075
5074 5077
5076 5077
5078 5079
5080 5092
5081 5094
5081 5086
5081 5092
5082 5083
5083 5094
5083 5095
5084 5094
5084 5090
5084 5091
5085 5088
5087 5096
5087 5099
5087 5088
5087 5091
5088 5090
5089 5090
5090 5091
5091 5095
5092 5093
5093 5096
5093 5097
5095 5096
5097 5099
5097 5098
5098 5099
5100 5103
5101 5103
5101 5105
5101 5106
5102 5127
5102 5106
5102 5103
5103 5104
5104 5105
5104 5118
5105 5147
5106 5147
5107 5108
5108 5144
5108 5120
5109 5112
5110 5111
5110 5112
5110 5114
5111 5146
5111 5122
5112 5113
5113 5146
5113 5142
5115 5118
5116 5117
5117 5149
5117 5153
5118 5119
5118 5120
5119 5120
5119 5127
5121 5147
5122 5123
5122 5133
5123 5124
5123 5133
5123 5134
5124 5125
5124 5129
5124 5130
5125 5126
5125 5137
5125 5140
5126 5127
5126 5144
5126 5138
5128 5129
5129 5133
5129 5137
5130 5131
5130 5134
5130 5148
5131 5142
5131 5143
5132 5133
5134 5135
5134 5146
5136 5190
5136 5149
5136 5142
5137 5138
5137 5139
5138 5147
5138 5145
5140 5141
5140 5148
5140 5144
5141 5143
5141 5144
5143 5148
5143 5149
5150 5218
5150 5153
5150 5151
5151 5152
5151 5154
5152 5215
5152 5217
5153 5225
5153 5229
5154 5214
5155 5269
5157 5162
5157 5158
5157 5166
5158 5166
5158 5163
5159 5160
5159 5168
5159 5165
5160 5161
5160 5164
5161 5168
5161 5167
5162 5167
5162 5163
5163 5168
5164 5167
5164 5165
5165 5166
5169 5173
5169 5177
5170 5188
5170 5177
5170 5176
5171 5172
5171 5173
5171 5175
5173 5174
5177 5178
5178 5186
5179 5186
5179 5180
5180 5181
5180 5183
5181 5182
5181 5184
5184 5185
5184 5187
5184 5186
5188 5189
5190 5197
5191 5192
5191 5197
5191 5196
5192 5194
5192 5196
5192 5197
5193 5195
5194 5195
5194 5196
5195 5196
5199 5202
5199 5205
5200 5204
5200 5201
5201 5202
5201 5203
5204 5205
5204 5207
5205 5206
5208 5209
5210 5211
5211 5212
5213 5219
5214 5215
5215 5216
5217 5219
5217 5218
5219 5220
5221 5224
5222 5224
5222 5226
5223 5224
5225 5226
5226 5228
5227 5228
5228 5229
5229 5230
5230 5254
5231 5233
5231 5232
5232 5234
5233 5234
5236 5239
5237 5238
5237 5281
5240 5241
5244 5245
5246 5247
5248 5249
5248 5311
5249 5251
5249 5250
5252 5253
5256 5261
5257 5259
5258 5272
5263 5277
5264 5265
5266 5267
5266 5270
5267 5268
5269 5270
5269 5271
5270 5271
5272 5273
5278 5279
5280 5281
5282 5283
5284 5287
5285 5286
5287 5288
5289 5291
5290 5291
5291 5292
5293 5294
5293 5297
5295 5296
5299 5304
5300 5301
5300 5303
5300 5304
5302 5303
5304 5305
5306 5310
5306 5309
5306 5307
5307 5310
5307 5311
5308 5309
5309 5310
5310 5312
5313 5327
5313 5331
5313 5347
5314 5315
5316 5318
5316 5317
5319 5320
5320 5322
5321 5322
5324 5325
5326 5367
5326 5334
5326 5358
5327 5330
5327 5369
5328 5343
5328 5339
5328 5334
5329 6140
5329 5330
5329 5335
5330 5365
5333 5334
5335 5336
5337 5341
5337 5383
5337 5425
5338 5340
5338 5399
5338 5386
5339 5341
5339 5345
5341 5342
5342 5343
5342 5349
5343 5371
5344 5350
5346 5365
5346 5367
5346 5364
5348 5372
5350 5351
5351 5358
5352 5353
5353 5354
5353 5356
5354 5355
5354 5357
5355 5356
5355 5359
5356 5358
5357 5359
5357 5360
5359 5361
5362 5364
5363 5364
5365 5366
5367 5368
5370 5371
5371 5373
5373 5374
5377 5396
5377 6157
5377 5402
5378 5379
5378 5396
5378 5404
5378 5380
5379 5426
5379 5396
5381 5382
5382 5385
5382 5384
5383 5426
5383 5384
5384 5398
5386 5397
5386 5398
5387 5388
5387 6155
5387 6157
5389 5391
5389 5531
5389 5436
5390 5438
5390 5658
5390 5392
5393 5427
5393 5400
5393 5405
5394 5403
5394 5404
5394 5428
5395 5400
5398 5426
5399 6138
5400 5401
5403 5404
5403 5417
5405 5416
5405 5420
5406 5409
5406 5416
5406 5407
5407 5410
5407 5409
5408 5417
5409 5411
5409 5412
5410 5413
5410 5411
5411 5415
5412 5414
5412 5415
5413 5418
5413 5415
5416 5417
5419 5420
5420 5421
5420 5663
5422 5423
5423 5424
5423 5425
5423 5428
5424 5425
5429 5450
5429 5776
5429 5780
5430 5718
5430 5724
5430 5705
5431 5708
5431 5718
5431 5701
5432 6099
5432 6096
5433 5654
5433 5434
5433 5440
5434 5942
5434 5941
5435 5629
5435 5436
5435 5538
5436 5635
5436 5634
5437 5658
5437 5657
5437 5546
5438 5441
5438 5660
5439 5498
5439 5441
5439 5493
5440 5534
5440 5641
5441 5489
5442 5505
5442 5859
5442 5858
5443 5651
5443 6107
5443 6120
5444 5512
5444 5954
5444 5511
5445 6001
5445 6002
5445 6010
5446 5904
5446 6087
5446 5455
5447 5745
5447 5448
5447 5727
5448 5731
5448 5735
5449 5804
5449 5829
5449 5741
5450 5780
5450 5452
5451 5481
5451 5452
5451 5458
5452 5480
5453 5783
5454 5639
5455 5625
5455 5728
5456 5467
5456 5475
5456 6015
5457 6015
5457 5466
5457 5463
5458 5791
5458 5793
5459 5460
5459 5486
5459 6224
5459 6221
5460 5466
5460 5462
5461 6044
5461 6209
5461 6206
5462 5771
5462 6045
5463 5769
5463 5480
5464 6016
5464 6037
5464 6017
5465 5468
5465 5471
5465 5809
5466 6037
5467 5468
5467 6016
5467 5472
5468 5477
5468 5474
5469 5470
5469 5471
5469 5793
5470 5471
5470 6084
5473 5798
5473 5477
5473 5809
5475 5477
5475 5476
5476 5482
5476 5483
5477 5482
5478 5482
5479 5480
5484 6222
5484 5485
5484 6043
5484 6209
5485 5486
5485 6218
5486 6218
5487 5868
5487 5618
5487 5818
5488 6084
5488 5852
5488 6232
5489 5493
5489 5492
5490 5494
5490 5861
5491 5496
5491 5497
5491 5665
5492 5493
5492 5858
5493 5854
5494 5498
5495 5854
5495 5505
5495 5498
5496 5548
5497 5666
5497 5672
5498 5499
5499 5547
5499 5548
5500 5628
5500 5963
5500 6086
5501 5504
5501 5505
5501 5503
5502 5860
5502 5859
5502 5504
5504 5855
5506 5646
5506 5650
5506 5647
5507 5510
5507 5964
5507 5954
5508 5552
5509 5510
5509 5965
5509 5565
5509 5966
5510 5966
5510 5623
5511 5954
5511 5622
5512 5520
5512 5968
5513 5521
5513 5976
5513 5972
5514 5522
5514 5975
5514 5515
5515 5524
5515 5981
5516 5525
5516 5978
5516 5683
5517 5682
5517 5650
5517 5523
5517 5519
5518 5623
5518 5954
5518 5529
5518 5520
5519 5523
5519 5683
5520 5521
5520 5528
5521 5522
5521 5527
5522 5524
5523 5684
5523 5526
5524 5525
5524 5999
5525 5684
5530 5656
5530 5779
5530 5532
5531 5779
5531 5533
5535 5536
5536 5537
5536 5539
5538 5542
5538 5541
5539 5543
5539 5540
5540 5541
5541 5542
5542 5543
5543 5545
5544 5547
5545 5547
5545 5546
5546 5662
5549 5865
5549 5551
5550 5865
5551 5865
5552 5559
5552 5561
5553 5554
5553 5558
5553 5564
5554 5555
5554 5560
5555 5556
5555 5564
5556 5562
5556 5557
5556 5563
5557 5565
5557 5563
5558 5561
5558 5560
5559 5563
5559 5562
5560 5562
5561 5562
5564 5565
5566 5567
5566 5581
5567 5568
5567 5580
5568 5569
5568 5584
5569 5585
5569 5574
5570 5571
5570 5572
5571 5573
5571 5575
5572 5573
5573 5578
5574 5576
5574 5592
5575 5577
5575 5578
5576 5875
5576 5593
5577 5579
5577 5581
5578 5579
5578 5588
5579 5589
5579 5583
5580 5582
5580 5584
5580 5581
5581 5583
5582 5583
5582 5597
5582 5586
5583 5596
5584 5585
5584 5586
5585 5587
5585 5592
5586 5587
5587 5595
5588 5589
5588 5590
5589 5591
5589 5596
5590 5591
5590 5614
5591 5615
5591 5598
5592 5593
5592 5595
5593 5594
5593 5874
5594 5595
5594 5600
5594 5873
5595 5601
5596 5597
5596 5598
5597 5599
5597 5604
5598 5599
5598 5612
5599 5613
5599 5606
5600 5602
5600 5872
5600 5601
5601 5603
5601 5605
5602 5603
5602 5611
5602 5900
5603 5607
5603 5610
5604 5605
5604 5606
5605 5607
5606 5607
5606 5608
5607 5609
5616 5618
5617 5959
5618 5878
5619 5638
5619 5624
5619 5648
5620 5959
5620 5688
5620 5958
5621 5965
5621 5935
5621 5632
5621 5964
5622 5623
5622 5935
5624 6004
5624 6002
5625 5687
5625 5626
5627 5628
5628 5629
5629 5630
5631 5936
5632 5633
5632 5936
5632 5695
5635 5636
5636 5662
5637 5645
5637 5639
5637 6127
5639 5651
5640 5955
5640 5824
5640 5956
5641 5642
5641 5643
5644 5650
5646 6129
5646 5647
5647 5649
5651 5823
5652 5654
5652 6100
5652 5653
5653 5655
5653 5654
5656 6273
5656 6168
5658 5659
5661 5662
5663 5664
5665 5670
5665 5671
5667 5671
5667 5668
5667 5670
5668 5672
5668 5669
5669 5671
5669 5672
5670 5671
5674 5675
5674 5948
5675 5692
5676 5677
5677 5681
5677 5680
5678 5683
5679 5682
5680 5681
5680 6001
5681 5682
5683 5684
5684 5685
5686 5687
5687 5738
5688 5689
5688 5960
5689 5827
5689 5826
5690 5909
5690 5910
5690 5980
5691 5849
5691 6313
5691 6314
5692 5713
5693 5700
5693 5821
5694 5825
5694 5947
5694 5950
5695 5937
5695 5698
5696 5937
5697 5956
5697 5924
5697 5823
5697 5955
5698 5938
5698 5958
5699 5938
5700 5950
5702 5714
5703 5705
5703 5709
5703 5708
5704 5709
5706 5707
5706 5774
5706 5746
5707 5746
5707 5726
5708 5714
5709 5722
5710 5722
5711 5724
5711 5746
5711 5712
5713 5834
5714 5715
5715 5716
5715 5717
5718 5720
5719 5720
5720 5721
5722 5723
5724 5725
5726 5743
5726 6068
5727 5743
5727 5804
5729 5730
5729 5738
5729 5736
5731 5732
5731 5733
5734 5735
5735 5736
5736 5737
5738 5739
5740 5839
5740 5747
5740 5838
5740 5832
5741 5846
5741 5810
5742 5836
5742 5812
5742 5829
5742 5830
5743 5744
5744 5745
5744 5775
5745 5774
5747 5844
5747 5833
5747 5835
5748 5749
5748 5767
5748 5750
5749 5853
5749 5765
5750 5853
5750 5776
5751 5766
5751 5761
5751 5764
5752 5761
5753 5766
5753 5853
5753 5755
5754 5755
5755 5757
5756 5757
5757 5759
5758 5759
5759 5760
5761 5762
5763 5765
5765 5766
5767 5799
5767 5768
5769 5770
5769 5771
5771 5772
5773 5775
5774 5775
5776 5778
5777 5778
5778 5779
5780 5781
5782 5785
5782 5787
5782 5783
5783 5784
5783 5785
5785 5887
5786 5887
5788 5803
5789 5805
5790 5796
5790 5797
5790 5800
5791 5803
5791 5794
5792 5798
5792 5794
5792 5817
5793 5813
5794 5806
5795 5810
5795 5799
5795 5812
5797 5808
5797 5805
5798 5817
5799 5801
5802 5811
5802 5814
5802 5815
5803 5817
5804 5829
5805 5810
5807 5813
5809 5813
5812 5814
5814 5816
5818 5867
5818 5902
5819 5821
5819 5820
5819 5831
5820 5822
5821 5822
5823 6116
5824 5825
5824 5828
5825 5828
5826 5827
5826 5956
5827 5910
5828 5958
5831 5832
5831 5838
5832 6307
5833 6278
5833 5834
5834 5835
5835 5843
5836 5839
5836 5837
5837 5840
5837 5841
5838 5841
5839 5840
5840 5841
5842 5844
5842 5845
5842 5843
5843 5844
5845 5847
5845 5848
5846 5847
5846 5848
5847 5848
5849 5850
5849 6311
5850 5851
5850 6311
5851 5852
5851 6316
5852 6316
5854 5858
5855 5857
5855 5856
5856 5861
5856 5857
5857 5860
5859 5862
5860 5861
5862 5863
5862 5864
5866 5869
5866 6104
5866 5919
5867 5901
5867 5868
5867 6122
5868 6121
5869 5920
5869 5876
5870 5871
5871 5876
5871 5900
5872 5877
5872 5873
5872 5900
5873 5874
5873 5883
5874 5884
5874 5875
5875 5878
5876 5899
5877 5899
5877 5902
5877 5883
5878 5884
5879 6115
5879 5882
5879 5895
5880 5881
5880 5890
5880 6112
5881 5892
5881 5891
5882 5894
5882 5955
5883 5884
5888 5893
5889 5890
5890 5895
5890 5891
5891 5892
5891 5894
5892 5893
5893 5894
5894 5895
5895 5896
5897 5898
5897 5919
5897 5901
5897 5932
5898 5902
5898 5915
5898 5920
5899 5900
5899 5915
5901 5933
5901 5902
5903 5904
5904 6085
5905 5978
5905 5981
5905 5949
5906 5946
5906 5908
5907 5952
5907 5909
5907 5945
5908 5949
5909 5948
5910 5946
5911 5947
5911 5948
5911 5945
5912 6004
5912 6088
5912 5913
5914 5915
5916 5917
5916 5921
5916 5930
5918 5921
5918 5919
5918 5930
5919 5920
5921 5923
5922 5923
5923 5930
5924 5962
5924 5961
5925 5929
5925 5927
5926 5927
5928 5929
5929 5962
5930 5931
5931 5932
5932 5933
5932 6124
5933 6123
5934 5935
5935 5936
5936 5937
5937 5938
5938 5957
5939 5941
5940 5941
5941 5943
5942 5963
5942 5943
5943 5944
5945 5953
5946 6131
5947 5979
5949 5979
5950 5951
5951 5952
5951 5980
5952 5978
5953 6134
5956 5962
5957 5958
5957 5959
5959 5961
5960 5961
5960 5962
5963 6093
5964 5965
5966 5967
5968 5972
5968 5970
5969 5970
5970 5971
5972 5973
5974 5975
5975 5976
5976 5977
5979 5980
5981 5982
5982 5998
5982 5997
5983 5994
5983 5985
5983 5984
5983 5995
5986 5987
5986 5994
5986 5992
5986 5991
5987 5988
5987 5990
5987 5989
5993 5994
5994 5996
5995 5996
5995 5998
5996 5997
5997 5998
6000 6001
6002 6003
6004 6005
6005 6006
6005 6007
6007 6008
6007 6012
6008 6010
6008 6009
6010 6011
6012 6013
6012 6014
6015 6016
6018 6018
6018 6033
6019 6034
6019 6019
6020 6035
6020 6036
6020 6430
6021 6036
6021 6022
6021 6023
6022 6035
6022 6032
6023 6028
6023 6024
6024 6037
6024 6031
6025 6026
6025 6025
6026 6034
6026 6027
6027 6029
6027 6431
6028 6036
6028 6432
6029 6035
6029 6433
6030 6030
6030 6031
6031 6032
6032 6033
6033 6034
6038 6040
6039 6040
6042 6098
6043 6044
6043 6074
6044 6074
6045 6075
6045 6074
6046 6049
6047 6048
6048 6049
6048 6075
6049 6072
6050 6054
6050 6077
6050 6083
6051 6052
6052 6054
6052 6053
6054 6072
6055 6069
6055 6070
6055 6075
6056 6070
6057 6067
6057 6058
6057 6059
6057 6060
6060 6067
6060 6068
6061 6067
6062 6064
6063 6064
6064 6067
6064 6066
6065 6066
6066 6068
6070 6073
6071 6072
6076 6083
6077 6083
6077 6078
6078 6079
6079 6080
6079 6081
6081 6136
6081 6082
6084 6241
6085 6086
6085 6089
6086 6090
6087 6088
6087 6089
6088 6091
6089 6090
6089 6091
6090 6092
6091 6092
6091 6094
6092 6093
6093 6094
6093 6097
6094 6095
6094 6098
6096 6097
6096 6098
6097 6099
6099 6100
6100 6102
6101 6102
6102 6103
6104 6105
6104 6111
6105 6106
6105 6117
6105 6110
6106 6109
6106 6118
6107 6116
6107 6108
6108 6119
6108 6109
6108 6115
6109 6114
6109 6110
6110 6111
6110 6113
6111 6112
6112 6113
6113 6114
6113 6126
6114 6125
6114 6115
6115 6116
6117 6124
6117 6118
6118 6119
6118 6123
6119 6122
6119 6120
6120 6121
6121 6122
6122 6123
6123 6124
6127 6128
6127 6130
6132 6134
6133 6134
6135 6136
6136 6137
6138 6140
6139 6140
6140 6143
6141 6143
6142 6143
6144 6145
6144 6168
6144 6216
6145 6153
6145 6163
6146 6147
6146 6172
6146 6153
6147 6148
6147 6164
6149 6166
6149 6164
6149 6155
6150 6166
6151 6158
6151 6172
6151 6170
6152 6153
6152 6154
6152 6287
6155 6156
6156 6162
6156 6157
6158 6159
6158 6456
6159 6481
6159 6160
6160 6174
6160 6161
6164 6165
6165 6166
6165 6167
6168 6388
6169 6170
6170 6171
6172 6173
6175 6215
6175 6388
6175 6392
6176 6427
6176 6212
6176 6259
6176 6276
6177 6179
6177 6213
6177 6427
6178 6428
6178 6313
6179 6300
6179 6389
6180 6201
6181 6191
6182 6196
6182 6198
6182 6195
6183 6198
6183 6185
6183 6192
6184 6191
6184 6186
6184 6185
6185 6203
6187 6191
6188 6198
6189 6202
6190 6193
6190 6200
6190 6202
6193 6201
6193 6208
6194 6201
6196 6202
6196 6199
6197 6198
6204 6208
6205 6206
6205 6208
6205 6209
6206 6207
6210 6257
6210 6428
6210 6256
6211 6247
6211 6261
6211 6258
6212 6252
6212 6257
6212 6214
6213 6215
6213 6275
6215 6275
6217 6219
6218 6224
6219 6220
6219 6223
6223 6224
6223 6227
6225 6228
6225 6230
6225 6227
6226 6227
6227 6229
6231 6246
6232 6233
6232 6234
6233 6246
6233 6234
6234 6242
6235 6239
6236 6239
6237 6242
6238 6243
6239 6245
6240 6246
6241 6243
6241 6242
6243 6245
6244 6245
6247 6256
6247 6250
6248 6255
6248 6389
6248 6251
6248 6259
6249 6257
6252 6254
6252 6266
6253 6261
6254 6258
6254 6259
6255 6261
6255 6265
6256 6264
6258 6262
6260 6265
6263 6265
6263 6263
6267 6429
6267 6268
6267 6269
6268 6271
6268 6270
6269 6508
6269 6493
6271 6385
6271 6379
6272 6287
6274 6392
6274 6276
6274 6397
6274 6395
6274 6399
6275 6391
6276 6391
6277 6399
6277 6402
6277 6390
6278 6310
6278 6309
6279 6448
6279 6300
6279 6385
6280 6446
6280 6448
6280 6450
6281 6443
6281 6442
6281 6444
6282 6284
6283 6284
6284 6286
6285 6286
6286 6287
6288 6291
6288 6296
6288 6298
6289 6301
6289 6297
6290 6294
6291 6301
6291 6295
6292 6299
6292 6298
6293 6299
6294 6296
6294 6300
6296 6298
6302 6325
6302 6305
6303 6305
6303 6306
6303 6318
6304 6305
6304 6306
6304 6327
6306 6319
6307 6308
6307 6312
6308 6310
6308 6336
6309 6339
6309 6312
6310 6311
6312 6314
6313 6314
6315 6316
6317 6318
6317 6322
6319 6320
6320 6321
6321 6324
6322 6323
6323 6371
6324 6372
6325 6328
6326 6327
6326 6335
6328 6329
6329 6330
6330 6331
6331 6344
6332 6333
6332 6355
6333 6334
6334 6335
6336 6337
6337 6362
6338 6363
6338 6339
6340 6510
6340 6343
6341 6365
6341 6342
6342 6509
6343 6366
6344 6345
6345 6346
6346 6354
6347 6348
6347 6354
6348 6358
6349 6350
6349 6353
6350 6351
6351 6355
6352 6353
6352 6357
6356 6361
6356 6363
6357 6361
6358 6359
6359 6360
6360 6362
6364 6368
6364 6365
6366 6367
6367 6375
6368 6369
6369 6370
6370 6371
6372 6373
6373 6374
6374 6375
6376 6379
6377 6378
6378 6382
6378 6384
6379 6382
6380 6384
6381 6382
6381 6384
6381 6383
6385 6386
6387 6388
6387 6401
6387 6400
6387 6392
6389 6427
6390 6400
6391 6392
6391 6427
6393 6405
6394 6398
6394 6404
6394 6402
6395 6397
6395 6406
6396 6405
6396 6398
6396 6401
6396 6410
6397 6409
6397 6410
6398 6403
6398 6404
6399 6400
6399 6403
6401 6403
6402 6403
6404 6405
6405 6413
6406 6409
6407 6424
6407 6412
6407 6408
6408 6414
6408 6424
6409 6414
6410 6416
6411 6421
6411 6417
6411 6422
6412 6418
6412 6420
6412 6423
6413 6419
6413 6418
6414 6422
6414 6415
6415 6425
6415 6426
6416 6423
6416 6425
6417 6418
6417 6419
6419 6420
6420 6421
6421 6422
6423 6426
6424 6426
6425 6426
6430 6433
6431 6431
6432 6432
6434 6435
6435 6452
6435 6451
6436 6452
6437 6439
6437 6451
6437 6438
6438 6439
6438 6442
6439 6440
6441 6442
6443 6444
6443 6450
6444 6446
6445 6446
6447 6448
6449 6450
6451 6452
6453 6454
6453 6467
6454 6466
6454 6455
6455 6475
6455 6463
6456 6474
6456 6467
6457 6459
6458 6461
6458 6472
6458 6469
6459 6461
6459 6465
6460 6481
6461 6462
6462 6464
6466 6480
6466 6476
6468 6471
6469 6470
6469 6473
6471 6473
6471 6475
6472 6475
6472 6473
6476 6477
6476 6479
6477 6478
6481 6482
6483 6508
6483 6491
6483 6492
6484 6485
6485 6513
6486 6487
6486 6517
6486 6514
6487 6517
6487 6513
6488 6491
6488 6499
6488 6496
6489 6490
6490 6514
6491 6512
6494 6508
6495 6496
6497 6504
6498 6507
6498 6504
6499 6500
6499 6517
6500 6501
6500 6506
6501 6503
6501 6502
6502 6503
6502 6511
6503 6505
6507 6509
6510 6511
6514 6516
6515 6516
6518 6524
6519 6624
6519 6521
6520 6624
6520 6594
6521 6559
6521 6561
6522 6523
6522 6559
6522 6562
6524 6563
6524 6539
6525 6526
6525 6530
6526 6527
6526 6532
6527 6531
6527 6528
6528 6529
6528 6611
6529 6612
6529 6531
6529 6613
6530 6532
6530 6614
6531 6614
6531 6532
6533 6534
6533 6631
6533 6580
6534 6629
6534 6625
6535 6538
6535 6537
6536 6593
6536 6543
6536 6602
6537 6575
6537 6611
6538 6593
6539 6540
6539 6541
6540 6541
6540 6542
6542 6598
6542 6593
6544 6576
6544 6597
6545 6566
6545 6546
6545 6610
6545 6576
6546 6547
6546 6554
6547 6549
6547 6553
6548 6549
6548 6551
6549 6550
6551 6555
6551 6553
6552 6553
6556 6597
6556 6557
6556 6572
6557 6558
6557 6572
6558 6595
6558 6596
6560 6561
6561 6600
6562 6563
6564 6599
6565 6566
6565 6614
6565 6613
6566 6610
6566 6608
6567 6568
6568 6605
6568 6608
6568 6570
6569 6605
6571 6599
6572 6573
6573 6616
6573 6574
6575 6583
6575 6576
6577 6578
6578 6579
6578 6580
6578 6582
6579 6580
6579 6583
6581 6582
6582 6583
6584 6591
6584 6588
6584 6590
6585 6586
6585 6603
6585 6602
6586 6602
6586 6600
6587 6588
6588 6592
6589 6590
6590 6591
6591 6592
6592 6593
6599 6600
6600 6601
6604 6605
6605 6606
6606 6608
6606 6609
6607 6608
6610 6613
6611 6612
6612 6613
6615 6617
6616 6620
6616 6623
6617 6620
6617 6618
6619 6620
6621 6623
6622 6623
6626 6627
6628 6630
6628 6633
6630 6631
6631 6632
