0 203
0 224
0 204
1 1414
1 777
1 922
2 498
2 764
2 496
3 86
3 902
3 383
4 81
4 151
4 69
5 1755
5 909
5 1824
6 7
6 1415
6 1026
6 826
6 825
7 188
7 825
8 823
8 188
8 822
9 452
9 10
9 824
10 825
10 452
11 1011
11 12
11 1010
12 1463
12 928
13 1463
13 927
13 16
14 182
14 102
14 923
15 917
15 103
15 101
16 923
16 925
17 918
17 18
17 917
18 1067
18 916
18 98
19 1561
19 1067
19 1562
20 107
20 1560
20 106
21 108
21 107
22 783
22 23
22 112
23 1623
23 812
24 1614
24 1611
24 1612
25 1658
25 806
25 1656
26 2299
26 809
26 671
27 677
27 2299
27 2087
28 29
28 2020
28 355
28 337
29 351
29 661
30 662
30 899
30 728
31 664
31 32
31 1034
32 33
32 34
33 665
33 899
34 899
35 352
35 351
35 891
36 903
36 851
36 325
37 145
37 38
37 2024
38 2003
38 148
39 820
39 370
40 1984
40 329
40 59
41 375
41 47
41 374
42 985
42 44
42 375
43 372
43 955
43 44
44 372
45 46
45 819
45 367
46 356
46 332
47 48
47 373
48 819
48 941
49 876
49 50
50 954
50 955
50 374
51 71
51 80
51 82
52 53
52 947
52 81
53 54
53 137
54 55
54 83
55 136
55 133
55 140
56 57
56 58
56 134
56 142
57 61
57 153
58 59
58 153
58 306
59 311
60 1755
60 156
60 153
60 61
61 141
61 161
62 356
62 65
62 357
62 363
63 381
63 2005
63 380
64 795
64 381
64 378
64 376
65 2006
65 2007
66 155
66 175
66 171
67 276
67 321
67 159
68 1122
68 1116
68 1100
69 79
69 85
69 890
70 77
70 75
70 72
71 949
71 75
72 89
72 73
73 74
73 79
74 75
74 76
75 82
76 78
76 84
77 1021
77 795
78 84
78 79
80 83
80 149
81 1815
82 1021
83 894
84 1750
85 384
85 902
86 1812
86 90
87 795
87 88
87 1020
88 89
88 425
89 1812
90 383
90 382
91 403
91 397
91 391
92 1955
92 94
92 93
93 1957
93 424
94 95
94 385
96 459
96 100
96 842
97 458
97 841
97 460
98 277
98 1066
98 184
99 1037
99 1026
99 457
100 402
100 840
101 182
101 1068
102 925
102 1414
103 777
103 918
104 105
104 111
104 1561
105 1563
105 106
106 1563
107 108
108 109
109 110
109 783
110 111
110 783
111 1562
112 658
112 812
113 120
113 1325
113 2147
113 2142
114 588
114 125
114 129
115 1320
115 124
115 2152
116 539
116 1050
116 952
117 453
117 127
117 831
118 119
118 970
118 125
119 128
119 970
120 2144
120 2140
120 2270
121 2241
121 129
121 122
122 128
122 971
123 568
123 2258
123 2259
124 554
124 127
125 588
126 565
126 2263
126 950
126 2262
127 554
127 831
128 971
129 2122
130 675
130 350
130 1443
131 2050
131 2002
131 1128
132 2087
133 138
133 134
133 1814
134 1202
135 1815
135 143
135 138
136 137
136 1815
136 138
137 1009
139 1814
139 140
139 147
140 894
141 142
141 150
142 143
142 150
144 1813
144 1202
144 145
145 147
145 1986
146 149
146 892
146 905
146 1985
147 1813
147 892
148 1985
148 892
148 1003
150 152
151 152
151 176
152 1163
154 161
154 162
154 155
154 158
155 166
155 1391
156 158
156 1755
156 161
157 1663
157 1664
157 174
158 169
159 166
159 1757
159 179
160 440
160 1659
160 2291
160 167
161 163
162 164
162 1391
163 1753
163 1756
164 1661
164 1659
164 168
165 1758
165 930
165 1664
166 169
167 890
167 177
168 1754
168 177
168 1163
169 304
170 1387
170 1390
170 1397
171 172
171 854
172 1393
172 1765
172 929
173 1664
173 879
173 1023
174 431
174 1662
175 1781
175 852
176 178
176 896
177 896
179 181
179 1154
180 1154
180 1155
180 1805
182 776
183 201
183 1805
183 283
184 201
184 1068
184 776
185 193
185 209
185 186
186 199
186 187
187 200
187 196
188 822
189 935
189 190
189 191
190 1803
190 1802
191 201
192 1803
192 822
192 1675
193 197
193 195
194 1451
194 204
194 225
195 198
195 1465
196 198
196 928
197 1464
197 202
198 927
199 571
199 566
201 1413
202 208
202 207
203 205
203 228
204 220
205 215
205 207
206 1468
208 210
208 209
209 218
210 1038
210 1040
211 212
212 216
212 214
213 215
213 230
213 1337
214 630
214 215
217 1038
217 218
218 219
220 223
220 221
220 248
221 222
221 227
222 224
223 248
223 291
225 1459
225 1460
226 230
227 231
227 241
228 229
229 230
229 231
229 1036
231 232
231 241
232 1036
232 1449
233 238
234 274
234 634
234 236
235 1449
235 236
235 1420
236 237
238 1036
238 1449
239 249
239 877
239 244
240 253
240 243
240 245
241 246
242 250
242 246
242 252
243 1421
243 1539
244 250
244 1543
245 251
245 1054
246 1421
247 889
247 251
247 1053
248 1543
249 252
249 250
251 784
252 1539
253 1558
253 260
254 258
254 261
255 992
255 268
255 266
256 1554
256 273
256 257
257 1555
257 646
258 1556
258 263
258 259
260 991
260 1557
261 992
262 1553
262 1054
262 264
264 267
264 1054
265 991
265 993
265 2289
266 1554
266 269
267 270
267 1553
269 270
269 271
270 272
274 637
274 636
275 299
275 1900
275 1899
276 279
276 1155
277 281
277 288
278 287
278 285
278 290
279 284
279 285
280 283
280 989
280 286
281 288
281 287
282 288
282 284
282 289
283 1810
284 290
284 911
285 1809
287 290
289 1551
289 1552
291 1460
291 1035
292 2044
292 312
293 2044
293 1853
294 780
294 296
295 1942
295 298
296 298
296 1830
296 1212
297 1943
298 300
299 1943
299 1946
300 1238
300 1907
301 1878
301 1934
301 1893
302 818
302 1876
302 303
303 308
303 1870
304 1865
304 321
305 315
305 909
305 314
306 309
306 311
307 310
307 320
307 309
308 1875
308 1544
309 314
310 318
310 316
311 312
312 663
313 315
313 319
313 314
315 1851
316 320
316 317
317 318
317 319
318 1831
319 320
321 1865
322 328
322 851
322 2021
323 891
323 327
323 326
324 368
324 372
325 327
325 667
326 903
326 352
327 666
328 667
329 1983
329 1984
330 334
330 342
330 333
331 334
331 353
331 2013
332 333
332 2011
333 358
334 343
335 2010
335 2014
335 2016
336 343
336 341
336 349
337 341
337 1030
338 339
338 345
338 679
339 344
339 340
340 346
340 348
341 348
342 345
342 347
343 347
345 360
346 907
346 350
347 349
348 349
350 354
351 355
352 353
353 355
354 678
354 794
356 357
357 358
358 359
359 366
359 681
360 2042
360 362
361 362
362 676
363 364
363 379
365 779
365 366
365 688
366 687
367 377
367 371
368 940
368 955
368 2318
369 876
369 370
370 940
371 1003
371 1988
373 954
373 941
374 375
376 1021
376 380
377 380
377 905
378 420
378 697
379 1027
379 381
382 386
382 385
383 384
384 902
385 386
386 403
387 401
387 394
387 988
388 1711
388 1705
388 1708
389 406
389 395
389 1733
390 1684
390 442
390 1195
391 401
391 987
392 1689
392 1711
392 398
393 1723
393 1721
393 1731
394 988
394 397
395 412
395 404
396 1733
396 1730
396 1720
397 1056
398 1690
398 399
399 1686
399 1691
400 1723
400 1702
400 1701
400 1715
401 987
402 1025
402 1408
403 441
403 1689
404 1412
404 1410
405 843
405 836
405 838
406 407
406 416
407 413
407 412
408 417
409 415
410 415
410 413
410 412
411 417
411 414
411 413
414 811
414 416
415 417
416 418
417 491
419 421
419 424
419 474
421 1961
421 1002
422 1002
422 478
422 708
423 1178
424 1974
425 1020
426 488
426 1973
426 1968
427 435
427 995
427 432
428 995
428 437
428 438
429 431
429 440
429 439
430 441
430 997
430 1056
431 433
432 437
432 442
433 439
433 1327
434 437
434 1670
434 436
435 997
435 994
436 447
436 449
437 440
438 996
438 2291
439 963
441 998
442 449
443 1023
443 1327
443 451
443 1734
444 837
444 1196
444 834
445 1362
445 1402
445 1363
446 1797
446 959
446 1005
447 934
447 965
448 1402
448 1062
448 1365
449 1196
450 1758
450 1355
450 1354
451 1675
451 1734
452 1019
453 2203
453 832
454 860
454 861
454 473
455 465
455 1726
455 1727
456 505
456 2067
456 466
457 460
457 1025
458 461
458 1403
458 1407
459 768
459 846
460 1037
461 1048
461 463
462 468
462 465
462 472
463 471
463 464
464 471
464 469
465 473
466 860
466 520
467 469
467 473
467 472
469 537
470 1048
470 536
470 471
472 2051
474 476
474 475
476 477
476 479
477 483
477 480
478 480
478 707
479 482
479 481
480 703
480 705
481 485
481 483
483 484
484 764
484 712
486 1967
486 1968
486 498
487 491
487 1969
487 489
488 491
488 1969
489 1966
489 492
490 492
492 1965
492 493
493 499
493 495
493 498
494 908
494 496
494 500
495 500
495 499
496 500
497 499
501 1981
501 932
501 2316
502 1071
502 933
502 1073
503 507
503 509
503 513
504 1184
504 510
504 508
505 774
505 524
506 769
506 511
506 888
507 855
507 2066
508 1184
508 509
509 514
510 512
510 511
511 1180
511 1184
512 524
512 531
515 518
515 1065
515 1581
516 1559
517 651
517 912
518 808
518 938
518 1574
519 1583
519 1563
519 1055
520 530
520 521
521 522
521 524
522 530
522 531
523 530
525 867
525 529
525 870
526 532
527 532
527 529
527 861
528 951
528 534
528 2079
528 2080
529 532
533 868
533 549
533 866
534 872
534 869
535 2129
535 2127
535 2126
536 543
536 2135
537 547
537 542
538 2127
538 589
538 2125
539 544
539 2133
540 553
540 541
540 2131
541 550
541 552
542 544
542 862
543 2128
543 2134
544 863
545 546
545 2134
545 547
546 548
546 1052
547 2135
548 553
548 2131
549 864
549 1050
550 2121
550 971
551 553
552 2132
552 1052
554 2200
554 831
555 2182
555 2186
555 2184
556 2181
557 566
557 2159
557 2152
558 2259
559 2192
559 564
559 2193
559 2275
560 2151
560 566
560 571
561 567
561 2271
561 2273
562 2196
562 2199
562 830
563 567
563 2271
563 2274
564 2194
564 2196
565 2258
565 2260
565 2136
567 2181
568 2249
568 2257
569 2221
569 604
569 2173
569 580
570 579
570 573
570 2228
571 577
572 2156
572 2157
572 2158
573 1045
574 1310
574 2176
574 2221
575 2165
575 2164
575 576
576 2174
576 2161
577 1318
577 2154
578 2171
578 1318
578 582
579 590
579 583
580 2168
580 599
581 1315
581 2155
581 2154
582 2161
582 2153
583 597
583 2284
584 593
585 2215
586 2109
586 2226
587 595
588 2242
588 594
589 2246
589 2123
590 2284
590 592
591 1176
591 2110
591 1177
593 2215
593 2236
594 2119
594 616
595 2209
595 2216
596 601
596 610
596 829
597 2224
597 2176
598 611
598 605
598 607
599 601
599 606
600 606
601 608
601 2226
602 2177
602 2224
602 609
603 608
603 609
603 610
604 610
604 828
606 611
608 613
609 2222
611 612
614 2120
614 619
614 849
615 617
615 616
615 618
618 619
618 620
620 970
620 849
621 622
621 1040
621 1043
622 1186
623 1444
623 625
623 626
624 630
624 1446
624 628
625 2073
625 1186
626 1444
626 1445
626 1447
627 1329
627 2097
627 1331
628 2106
629 631
629 632
629 1339
630 2106
631 2097
631 1338
632 2106
633 635
633 634
633 636
634 893
636 638
639 646
639 640
639 990
640 1189
640 1190
641 644
641 643
641 642
642 648
642 643
643 889
644 1340
644 1189
645 990
646 990
647 650
648 1188
648 651
649 651
649 652
649 2092
650 652
653 657
653 659
653 2288
653 814
654 657
654 656
654 912
655 1565
655 781
655 658
657 1564
658 814
659 1006
659 1007
660 1007
661 665
661 662
662 2020
663 664
663 2019
664 790
665 668
666 891
666 790
669 850
669 670
669 1147
670 786
670 788
671 2090
671 2089
672 2305
672 2297
672 673
673 1110
673 898
673 1147
674 1126
674 1094
674 1128
675 678
675 1032
676 679
676 682
677 2072
677 2071
678 722
679 683
680 683
680 2070
680 2071
681 682
681 687
682 2070
683 2088
684 695
684 688
684 690
685 687
686 764
686 1960
688 779
689 695
689 699
689 1959
690 778
690 702
691 1958
691 711
691 699
692 1964
692 704
692 697
693 696
693 694
693 701
694 698
694 701
695 696
696 702
697 1028
698 709
698 703
699 701
700 792
700 702
700 1964
703 711
703 712
704 706
704 709
705 706
705 709
706 707
707 708
708 710
709 792
711 712
713 715
713 721
713 720
714 724
714 723
714 785
716 718
717 725
717 722
717 723
718 724
718 721
719 728
719 720
719 727
720 2020
721 739
722 724
723 725
725 1032
726 1031
727 2034
727 732
728 2034
729 2031
729 1033
729 2028
730 735
730 736
730 746
731 1033
731 734
732 2041
732 736
733 1033
733 735
733 738
734 2296
735 746
736 2031
737 2041
737 850
737 2031
738 738
739 742
740 741
740 743
740 2293
740 757
741 1181
741 749
742 746
743 744
743 745
745 755
745 748
747 749
747 750
748 762
748 757
748 756
748 758
749 1181
750 755
751 754
751 751
752 756
753 759
753 850
753 2050
754 759
754 2029
755 756
757 2032
757 758
758 2033
759 760
760 761
761 2091
763 1162
763 2045
765 775
765 768
765 770
766 771
766 769
766 772
767 770
767 771
767 1058
768 770
769 772
771 1058
772 773
773 774
773 775
774 775
776 1068
776 920
777 921
778 1000
778 999
779 1000
779 1963
780 1853
781 1562
781 782
782 889
782 784
784 1484
786 788
786 789
787 788
790 791
792 793
794 2020
795 1070
796 1301
796 1638
796 1639
797 1639
797 798
797 800
798 800
798 1640
799 801
799 1640
799 1635
800 1272
801 1654
801 1655
802 1174
802 1650
802 1653
803 804
803 805
804 805
805 807
806 1274
806 982
807 1567
807 937
808 1571
808 1573
810 1721
812 813
813 814
813 912
814 2288
815 1564
816 1902
816 1083
816 1879
817 1084
817 1867
817 1085
818 821
818 1865
819 820
820 2003
823 1010
823 824
824 1011
826 928
826 1403
826 1026
827 1016
827 832
827 1017
830 967
830 2200
831 2199
832 1018
833 1195
833 900
833 835
834 837
834 900
835 900
835 836
836 838
837 839
838 839
839 1688
840 842
840 841
841 1407
842 1728
843 844
843 1726
844 1407
844 1725
845 2283
846 1724
846 2067
847 2218
847 2211
847 2283
848 2254
849 2121
851 901
852 1767
852 854
853 1766
853 1783
853 1767
854 1768
855 2065
855 858
856 2052
856 2063
856 2064
856 2061
857 2063
858 2065
858 2069
859 859
859 2069
860 865
861 862
862 863
862 864
863 864
866 868
866 867
867 870
868 869
869 872
870 871
871 873
871 874
872 873
873 874
874 2075
875 2285
875 2286
876 941
877 878
877 916
879 1354
879 1024
880 1356
880 881
880 1024
881 1357
881 882
882 1022
882 883
883 1004
883 1362
884 922
884 1461
884 921
885 1999
885 1441
886 1147
887 2334
887 2099
887 1329
888 1086
890 896
892 894
893 1190
893 895
895 914
895 897
898 1998
901 904
901 903
904 986
905 1987
906 1030
906 2026
906 907
907 1030
908 933
909 1876
910 1120
910 1116
910 944
911 1867
911 1547
913 2118
913 2119
914 1191
914 1189
915 1485
915 1067
915 916
916 919
917 918
917 1068
918 919
919 921
920 923
920 2204
921 922
922 924
923 925
924 926
924 1414
924 1466
925 926
926 927
926 1466
927 1463
928 1012
929 1389
929 1394
930 1391
930 1399
931 1410
931 1408
931 933
934 1799
934 956
936 937
937 1580
938 1580
938 1576
939 940
942 2143
942 2141
942 2264
943 1093
943 1101
943 1095
943 2302
943 2307
944 1089
945 1144
945 2000
945 1435
945 1437
946 1433
947 1751
947 1749
948 1752
948 1750
948 1748
949 1749
949 1752
950 2260
950 2279
950 2264
951 977
951 953
952 1194
952 1192
953 2076
953 2081
956 961
956 965
956 957
957 964
957 960
958 964
958 963
958 961
959 1799
959 960
960 962
961 965
962 1673
962 964
963 1670
966 2142
966 968
966 2198
967 1017
967 2327
968 2327
968 1321
969 2122
969 2124
969 2241
972 973
972 2344
972 976
972 977
973 978
973 974
973 980
975 978
977 2081
978 979
981 1590
981 981
981 1586
981 1588
982 1585
982 1611
983 984
983 2011
983 985
984 2014
984 986
985 986
987 1690
988 1057
991 993
992 993
992 1555
994 998
994 997
995 996
996 998
1000 1001
1002 1178
1003 1985
1003 1989
1004 1059
1004 1351
1005 1173
1005 1062
1007 1008
1010 1011
1011 1012
1012 1013
1013 1014
1013 2203
1014 1015
1015 2326
1015 2325
1016 2325
1016 2326
1017 1018
1018 2202
1019 1047
1019 2203
1020 1957
1022 1023
1022 1736
1024 1355
1025 1415
1027 1963
1027 1028
1028 1964
1029 2024
1029 1197
1029 1984
1031 1032
1031 1422
1033 2027
1037 1403
1038 1039
1040 1041
1042 1043
1043 1044
1045 2207
1045 1319
1046 1047
1047 1048
1047 2201
1049 1050
1051 2344
1052 2133
1056 1057
1057 1693
1059 1060
1059 1362
1060 1061
1060 1402
1061 1350
1061 1062
1062 1164
1063 1064
1063 2046
1064 1065
1065 1583
1066 1067
1066 1551
1069 1753
1069 1163
1069 1754
1071 1980
1071 1981
1072 1073
1074 1881
1074 1879
1075 1882
1075 1881
1075 1076
1076 1077
1076 1078
1077 1883
1077 1877
1078 1879
1078 1081
1079 1883
1079 1081
1079 1080
1080 1878
1080 1082
1081 1083
1082 1890
1082 1084
1083 1085
1084 1085
1087 2001
1087 1090
1088 1435
1089 1090
1090 1439
1091 1092
1091 1432
1091 1095
1092 1093
1092 1138
1093 1436
1093 1099
1094 1153
1094 1425
1094 1096
1095 1103
1096 1152
1096 2049
1097 1430
1097 1107
1097 1098
1098 2305
1098 1133
1099 1439
1099 1100
1100 2302
1101 1104
1101 2303
1102 1114
1102 2083
1102 2303
1103 1105
1103 1104
1104 1108
1105 2339
1105 1431
1106 1107
1106 2308
1106 1430
1106 1429
1107 1153
1108 2340
1108 2298
1109 1148
1109 1112
1109 2307
1110 1149
1110 2085
1111 1994
1112 2084
1112 1991
1113 1125
1113 1995
1113 1115
1114 2084
1114 1992
1115 1996
1115 1123
1116 1118
1117 1440
1118 1440
1118 1119
1119 1120
1119 1441
1120 1121
1122 2083
1122 1993
1123 1997
1123 1999
1124 1994
1124 1990
1124 1998
1126 1133
1126 1129
1127 1130
1127 2050
1127 2306
1128 1129
1129 1130
1130 1132
1131 1132
1132 1133
1134 2341
1134 2313
1134 1135
1135 2312
1135 2049
1136 1433
1136 1144
1136 1138
1137 1138
1139 1434
1140 1435
1140 1145
1140 1146
1141 2300
1141 1146
1142 1143
1142 1145
1142 1434
1143 2300
1144 1145
1147 2306
1148 1149
1148 2085
1149 2307
1150 1151
1151 2310
1151 1152
1152 1427
1152 1153
1154 1155
1156 1399
1156 1158
1156 1738
1157 1737
1157 1159
1157 1394
1158 1159
1158 1160
1159 1160
1160 1161
1162 2286
1164 1345
1164 1346
1164 1341
1165 1384
1165 1383
1165 1344
1166 1347
1166 1379
1166 1380
1167 1356
1167 1359
1167 1357
1167 1358
1168 1348
1168 1349
1168 1358
1168 1169
1169 1360
1169 1170
1170 1171
1170 1347
1171 1361
1171 1360
1172 1361
1174 1657
1175 2117
1175 1177
1175 1176
1176 2116
1177 2211
1178 1961
1179 1961
1180 2295
1181 2296
1182 1182
1182 1183
1183 2230
1183 1304
1185 1186
1187 1191
1187 1340
1188 2094
1190 2323
1191 2323
1192 1193
1192 1194
1193 2078
1193 1194
1195 1406
1196 2320
1197 1820
1197 1198
1198 1818
1198 1199
1199 1200
1199 1201
1200 1821
1200 1201
1201 1817
1202 1823
1202 1822
1203 1205
1203 1857
1203 1208
1204 1205
1204 1208
1204 1209
1205 1209
1205 1858
1206 1210
1206 1858
1206 1211
1207 1212
1208 1855
1209 1861
1211 1861
1211 1854
1212 1854
1213 1226
1213 1224
1213 1219
1214 1215
1214 1221
1214 1299
1215 1220
1215 1652
1216 1217
1216 1649
1216 1237
1217 1236
1217 1647
1218 1227
1218 1219
1218 1228
1219 1634
1220 1223
1220 1221
1221 1222
1222 1303
1222 1223
1222 1224
1223 1225
1224 1225
1225 1226
1226 1227
1227 1229
1228 1229
1228 1230
1228 1648
1229 1231
1230 1231
1230 1648
1230 1232
1231 1233
1232 1233
1232 1645
1232 1234
1233 1235
1234 1235
1234 1646
1234 1236
1235 1237
1236 1237
1236 1647
1238 1899
1238 1239
1239 1240
1239 1244
1240 1248
1240 1246
1241 1245
1241 1246
1241 1938
1242 1244
1242 1243
1243 1245
1244 1245
1246 1247
1247 1250
1247 1248
1248 1249
1249 1250
1251 1254
1251 1641
1251 1642
1251 1274
1252 1253
1252 1271
1252 1269
1253 1272
1253 1257
1254 1260
1254 1261
1255 1264
1255 1258
1255 1263
1256 1269
1256 1266
1256 1257
1256 1268
1257 1259
1258 1259
1258 1262
1258 1261
1259 1642
1260 1262
1260 1261
1262 1263
1263 1265
1264 1266
1264 1265
1265 1267
1266 1267
1267 1268
1268 1270
1269 1270
1270 1271
1272 1279
1273 1291
1273 1276
1273 1275
1274 1276
1276 1641
1277 1297
1277 1294
1277 1296
1278 1283
1278 1286
1278 1285
1279 1281
1279 1280
1280 1282
1281 1283
1281 1282
1282 1284
1283 1284
1284 1285
1285 1287
1286 1288
1286 1287
1287 1289
1288 1297
1288 1289
1289 1298
1290 1641
1290 1291
1290 1292
1291 1293
1292 1293
1292 1294
1293 1295
1294 1295
1294 1642
1295 1296
1296 1298
1297 1298
1299 1301
1299 1300
1300 1303
1301 1302
1302 1303
1304 2228
1304 1305
1305 2214
1305 2234
1306 1307
1307 2219
1307 2213
1308 2284
1308 2218
1308 2219
1309 1310
1310 1311
1311 2153
1311 1314
1312 1315
1313 1314
1314 1315
1316 2168
1316 2171
1316 2163
1317 1318
1319 2146
1319 2155
1320 2197
1320 1325
1321 1323
1321 1322
1322 1324
1322 1323
1323 1324
1324 2198
1325 2198
1326 1672
1326 1797
1327 1680
1328 1766
1329 1330
1330 1331
1330 2334
1331 1332
1332 2101
1332 2097
1332 2100
1333 2101
1333 1334
1333 2096
1334 1335
1335 1336
1336 1337
1336 2101
1337 2096
1338 2096
1338 1339
1339 2105
1341 1374
1341 1373
1341 1342
1342 1385
1342 1376
1342 1377
1343 1377
1347 1370
1347 1349
1348 1359
1348 1360
1349 1353
1350 1351
1350 1735
1351 1736
1352 1354
1353 1356
1353 1355
1354 1355
1356 1358
1357 1363
1359 1364
1361 1369
1361 1364
1362 1363
1363 1364
1365 1366
1365 1369
1365 1367
1367 1370
1367 1401
1368 1402
1368 1369
1368 1793
1369 1370
1370 1371
1371 1372
1371 1401
1371 1379
1372 1377
1372 1385
1372 1384
1373 1377
1373 1375
1378 1385
1379 1384
1379 1380
1380 1383
1380 1381
1382 1383
1383 1384
1385 1401
1386 1741
1387 1392
1387 1388
1388 1397
1388 1398
1389 1741
1389 1764
1390 1393
1390 1396
1391 1392
1392 1398
1393 1395
1394 1395
1395 1396
1396 1397
1398 1399
1400 1401
1404 1406
1405 2319
1406 2319
1407 1728
1408 1729
1409 1411
1410 1411
1411 1412
1415 2204
1416 1417
1417 1418
1417 1419
1419 1420
1419 1421
1420 1448
1422 1423
1422 2296
1423 2292
1423 1442
1424 2048
1424 2049
1424 1425
1424 2343
1425 2304
1426 1428
1427 1429
1427 1428
1428 1429
1430 2339
1431 1432
1431 2308
1433 1434
1436 1437
1436 1438
1437 1438
1438 1439
1440 1441
1442 2048
1442 2033
1443 2292
1443 2315
1444 1445
1444 1446
1445 1447
1445 1446
1448 1556
1448 1558
1450 1457
1451 1476
1451 1452
1452 1467
1452 1455
1453 1457
1453 1456
1453 1454
1454 1455
1454 1467
1455 1456
1456 1466
1457 1458
1459 1462
1459 1460
1461 1462
1463 2204
1464 1476
1464 1467
1468 1474
1468 1475
1469 1470
1470 1475
1470 1472
1471 1473
1471 1472
1472 1474
1473 1474
1475 1476
1477 1482
1478 1481
1479 1483
1480 1484
1480 1481
1480 1482
1481 1483
1482 1483
1484 1486
1485 1486
1485 1527
1486 1490
1487 1488
1487 1508
1487 1534
1488 1514
1488 1532
1489 1490
1489 1499
1489 1500
1490 1491
1491 1495
1491 1492
1492 1499
1492 1494
1493 1497
1493 1518
1493 1494
1494 1495
1495 1496
1496 1524
1496 1519
1497 1537
1497 1498
1498 1533
1498 1499
1499 1500
1500 1501
1501 1512
1501 1503
1502 1503
1502 1512
1502 1504
1503 1505
1504 1505
1504 1510
1505 1507
1506 1507
1506 1510
1506 1508
1507 1509
1508 1509
1509 1534
1510 1511
1511 1533
1511 1514
1512 1533
1513 1514
1513 1515
1513 1520
1515 1537
1515 1517
1516 1519
1516 1517
1516 1521
1517 1518
1518 1519
1520 1521
1520 1523
1521 1525
1522 1523
1522 1525
1522 1530
1523 1531
1524 1525
1524 1528
1526 1538
1526 1527
1526 1529
1527 1528
1528 1529
1529 1530
1530 1531
1531 1532
1531 1538
1532 1535
1533 1537
1534 1535
1535 1536
1536 1538
1536 1539
1540 1541
1541 1542
1541 1543
1544 1873
1544 1868
1545 1549
1545 1546
1546 1548
1547 1548
1547 1550
1548 1549
1549 1550
1550 1873
1552 1552
1553 2290
1554 1555
1556 1557
1557 1558
1559 1574
1559 1560
1561 1562
1564 2288
1566 1567
1567 1569
1568 1569
1569 1571
1570 1571
1572 1573
1573 1578
1574 1575
1577 1578
1578 1579
1582 1583
1584 1585
1585 1590
1587 1588
1588 1633
1589 1590
1591 1593
1592 1593
1593 1610
1594 1595
1594 1608
1594 1596
1595 1597
1595 1608
1596 1597
1596 1598
1597 1599
1598 1599
1598 1600
1599 1601
1600 1601
1600 1602
1601 1603
1602 1603
1602 1604
1603 1605
1604 1605
1604 1606
1605 1607
1606 1607
1608 1610
1609 1610
1610 1611
1613 1614
1614 1632
1615 1616
1616 1618
1616 1623
1617 1618
1618 1624
1619 1620
1619 1626
1619 1628
1621 1622
1622 1631
1622 1632
1623 1629
1625 1626
1626 1627
1627 1629
1627 1632
1629 1630
1634 1636
1634 1637
1635 1640
1635 1636
1636 1637
1637 1638
1638 1639
1643 1644
1644 1651
1644 1649
1645 1648
1645 1646
1646 1647
1649 1650
1653 1657
1653 1654
1654 1655
1655 1658
1656 1658
1656 1657
1659 1660
1660 1662
1660 1661
1661 1663
1662 1663
1665 1666
1666 1667
1666 1669
1667 1669
1667 1671
1668 1669
1669 1670
1672 1677
1672 1681
1673 1679
1673 1795
1674 1683
1674 1681
1674 1675
1676 1678
1676 1683
1676 1682
1677 1795
1677 1678
1678 1681
1678 1682
1679 1682
1679 1680
1680 1683
1684 1693
1684 1714
1685 2320
1685 2319
1686 1710
1686 1692
1687 1688
1687 1687
1688 1692
1689 1690
1690 1691
1691 1697
1692 1712
1693 1695
1694 1695
1695 1696
1696 1714
1696 1713
1697 1713
1698 1699
1699 1704
1699 1703
1700 1703
1702 1704
1702 1705
1703 1704
1705 1706
1706 1707
1706 1711
1708 1709
1708 1710
1710 1711
1712 1713
1712 1714
1716 1717
1717 1718
1717 1730
1718 1730
1718 1731
1719 1720
1720 1733
1721 1722
1723 1952
1724 1728
1724 1725
1725 1727
1726 1727
1731 1732
1734 1735
1735 1736
1737 1738
1737 1740
1738 1739
1741 1758
1742 1750
1743 1749
1743 1748
1743 1751
1743 1752
1744 1748
1745 1751
1746 1752
1747 1750
1748 1751
1753 1754
1757 1771
1757 1773
1759 1767
1760 1767
1761 1768
1762 1768
1763 1766
1766 1768
1769 1786
1770 1775
1770 1772
1770 1779
1770 1771
1771 1772
1771 1773
1772 1774
1773 1781
1774 1777
1774 1775
1774 1776
1775 1787
1777 1787
1777 1786
1777 1778
1778 1783
1778 1787
1778 1792
1779 1788
1779 1780
1780 1789
1780 1782
1781 1782
1782 1790
1782 2301
1783 1784
1784 1791
1784 2301
1785 1786
1787 2301
1794 1795
1796 1797
1798 1799
1798 1800
1798 1801
1803 1804
1805 1806
1807 1808
1807 1809
1807 1810
1808 1809
1808 1810
1811 1812
1813 1814
1816 1818
1818 1819
1825 1831
1826 1831
1826 2043
1826 1832
1827 1840
1827 1828
1827 1841
1829 1851
1829 1830
1829 1837
1830 1836
1833 1843
1834 1839
1834 1835
1834 1838
1835 1836
1835 1840
1836 1837
1837 1840
1839 1840
1839 1852
1841 1847
1841 1845
1842 1843
1843 1846
1844 1848
1845 1846
1845 1850
1846 1849
1847 1848
1847 1850
1848 1849
1849 1850
1849 1851
1853 2043
1854 1864
1854 1860
1856 1857
1857 1862
1858 1859
1861 1863
1866 1867
1868 1870
1868 1869
1870 1871
1872 1873
1874 1875
1875 1876
1877 1883
1877 1878
1880 1881
1884 1885
1884 1892
1884 1886
1886 1887
1886 1893
1888 1890
1889 1890
1891 1892
1892 1926
1893 1894
1895 1896
1895 1899
1895 1901
1897 1919
1897 1915
1897 1898
1898 1917
1898 1918
1900 1902
1900 1901
1901 1903
1902 1903
1903 1909
1904 1905
1905 1907
1905 1906
1907 1909
1908 1909
1908 1911
1908 1910
1909 1919
1912 1920
1912 1923
1912 1913
1914 1916
1914 1920
1914 1915
1915 1916
1916 1917
1917 1918
1918 1919
1920 1921
1922 1924
1923 1934
1923 1924
1924 1925
1926 1929
1926 1927
1927 1930
1927 1931
1927 1928
1929 1932
1929 1930
1930 1933
1934 1935
1936 1938
1937 1941
1937 1942
1937 1938
1939 1941
1940 1941
1943 1944
1945 1946
1945 1950
1947 1948
1948 1951
1948 1949
1949 1950
1949 2287
1950 2287
1952 1953
1952 1955
1954 1955
1956 1957
1958 1960
1958 1959
1959 1960
1962 1963
1965 1967
1965 1966
1966 1967
1968 1969
1970 1979
1970 1973
1970 1971
1971 1972
1972 1973
1974 1979
1974 1976
1975 1976
1976 1977
1977 1978
1978 1979
1981 1982
1983 2025
1983 2021
1990 2085
1990 1998
1990 1991
1991 1995
1991 1992
1992 1996
1992 1993
1993 1997
1994 1995
1995 1996
1996 1997
2000 2001
2002 2304
2002 2033
2004 2318
2005 2007
2005 2006
2006 2007
2008 2012
2009 2010
2010 2017
2011 2012
2012 2013
2013 2017
2014 2015
2017 2018
2021 2022
2023 2024
2027 2030
2027 2028
2028 2029
2029 2030
2030 2293
2034 2035
2036 2038
2037 2038
2038 2040
2039 2040
2040 2041
2042 2042
2043 2044
2045 2046
2047 2292
2047 2343
2047 2048
2048 2304
2053 2061
2053 2054
2053 2059
2055 2057
2055 2056
2056 2058
2057 2059
2057 2058
2058 2060
2059 2060
2060 2061
2062 2063
2064 2065
2064 2066
2068 2069
2068 2068
2070 2072
2071 2072
2074 2344
2076 2077
2076 2082
2086 2087
2089 2314
2089 2313
2093 2094
2094 2095
2098 2324
2098 2337
2102 2104
2103 2106
2103 2104
2103 2105
2104 2105
2107 2111
2107 2108
2108 2109
2109 2179
2110 2111
2110 2179
2111 2112
2111 2113
2114 2115
2115 2116
2116 2118
2117 2118
2117 2119
2121 2132
2122 2243
2123 2214
2123 2239
2123 2244
2124 2237
2124 2238
2124 2129
2125 2128
2125 2245
2125 2240
2126 2236
2126 2237
2126 2239
2127 2239
2127 2240
2128 2130
2129 2130
2130 2131
2132 2133
2134 2135
2136 2233
2136 2255
2136 2261
2137 2138
2138 2269
2138 2141
2139 2332
2139 2331
2139 2328
2139 2330
2140 2147
2140 2146
2140 2148
2141 2270
2141 2142
2143 2270
2143 2144
2143 2263
2144 2262
2144 2145
2145 2261
2145 2146
2145 2207
2147 2148
2148 2156
2149 2151
2150 2151
2150 2152
2150 2157
2151 2158
2153 2154
2155 2156
2157 2158
2160 2165
2160 2167
2160 2164
2161 2162
2162 2163
2162 2170
2163 2165
2164 2175
2166 2167
2167 2168
2169 2170
2170 2171
2172 2173
2173 2175
2176 2223
2177 2226
2177 2225
2178 2225
2179 2225
2180 2181
2182 2274
2182 2183
2185 2186
2186 2187
2187 2189
2187 2188
2189 2192
2189 2190
2191 2192
2195 2281
2195 2329
2195 2196
2197 2200
2197 2198
2199 2201
2199 2200
2201 2203
2205 2267
2206 2276
2207 2233
2208 2229
2208 2230
2208 2232
2209 2210
2209 2235
2211 2212
2213 2217
2213 2216
2214 2215
2215 2216
2217 2218
2219 2220
2221 2223
2222 2224
2222 2223
2227 2228
2230 2257
2231 2232
2232 2233
2233 2261
2235 2242
2235 2236
2237 2243
2238 2240
2238 2241
2242 2243
2244 2247
2244 2246
2245 2248
2245 2246
2246 2252
2247 2257
2247 2252
2248 2250
2248 2252
2249 2252
2249 2250
2250 2259
2250 2251
2253 2254
2254 2260
2255 2257
2255 2258
2256 2260
2256 2259
2256 2258
2261 2262
2262 2263
2263 2264
2265 2273
2265 2266
2265 2274
2266 2267
2266 2268
2267 2268
2268 2277
2269 2280
2269 2332
2271 2279
2272 2273
2272 2329
2272 2277
2275 2277
2275 2276
2276 2277
2278 2279
2280 2281
2280 2327
2281 2328
2282 2283
2285 2287
2289 2290
2293 2296
2294 2295
2297 2340
2297 2298
2298 2307
2299 2315
2302 2303
2305 2306
2308 2309
2309 2310
2309 2311
2310 2311
2311 2312
2312 2341
2313 2341
2313 2342
2314 2342
2314 2315
2317 2318
2321 2322
2322 2323
2322 2335
2324 2335
2325 2326
2328 2329
2332 2333
2334 2337
2335 2336
2336 2337
2336 2338
2339 2340
2342 2343
