0 2084
0 30
0 156
1 1719
1 1070
1 1069
2 1158
2 1090
2 1496
3 4
3 1061
3 1715
4 1717
4 1086
5 1746
5 1433
5 1469
6 1746
6 1605
6 1752
7 1749
7 1605
7 2299
8 9
8 1726
8 2192
9 255
9 1260
10 1546
10 1026
10 11
10 27
11 259
11 1261
12 1020
12 1071
12 20
13 1386
13 1925
13 1923
14 375
14 1234
14 321
15 2370
15 1059
15 2371
16 1555
16 1741
16 1338
17 1285
17 1274
17 1292
18 2260
18 1531
18 1536
19 254
19 1133
19 461
20 261
20 1940
21 258
21 27
21 22
22 1725
22 24
22 1724
23 24
23 26
23 1724
24 1938
25 1552
25 258
25 1725
26 1724
26 1552
27 1547
28 54
28 1098
29 30
29 1409
29 50
29 1208
30 39
30 1297
31 298
31 1921
31 1922
32 33
32 298
32 1039
33 34
33 1379
34 49
34 72
35 216
35 93
35 49
36 95
36 38
36 216
37 92
37 100
37 91
38 100
38 102
39 142
39 138
39 1211
40 80
40 1378
40 2041
41 1382
41 1381
41 1405
41 292
42 98
42 73
42 81
43 376
43 2149
43 795
44 1540
44 1542
44 2262
45 1586
45 873
45 867
46 1602
46 1369
46 2125
47 2132
47 1990
47 2131
48 1277
48 1280
48 1286
49 231
49 79
50 1407
50 51
51 1916
51 53
52 1861
52 1496
52 1916
53 65
53 1915
54 92
54 56
54 207
55 60
55 67
55 210
56 57
56 67
57 58
57 66
58 75
58 1491
59 1296
59 1295
59 210
60 2303
60 61
61 2239
61 2302
62 63
62 1491
62 2239
63 2049
63 65
64 2049
64 70
64 89
65 1407
67 68
68 69
68 2239
70 2049
70 71
71 983
71 1492
72 79
72 98
73 77
73 978
74 1511
74 972
74 978
75 90
75 76
76 77
76 1736
77 78
78 93
78 79
80 82
80 99
81 99
81 82
82 2045
82 2040
83 84
83 87
83 2139
84 85
84 1508
85 1918
85 86
86 1213
86 1212
86 981
87 2140
87 1507
88 89
88 1507
88 1409
89 1506
90 1737
90 92
91 97
91 1737
93 94
94 215
94 1736
95 96
95 97
96 2304
96 215
97 1739
98 1403
99 1403
100 101
101 103
101 102
102 104
103 104
105 2200
105 1622
105 2070
106 123
106 1955
106 2198
107 1955
107 126
107 1956
107 1926
108 1164
108 136
109 110
109 2136
109 118
109 116
110 111
110 117
110 120
111 112
111 122
111 117
112 113
112 130
112 124
113 1992
113 125
114 1993
114 126
114 1992
115 1066
115 1169
115 116
116 117
118 1622
118 120
118 121
119 120
120 122
121 1616
121 1610
122 123
123 124
124 125
125 126
126 127
127 128
127 132
128 129
128 137
129 1153
129 135
130 1363
130 1985
131 132
131 2142
131 1993
132 133
133 762
133 761
133 137
134 135
134 762
134 137
135 136
138 141
138 139
138 2066
139 1149
139 170
139 1150
140 169
140 1151
140 143
140 1150
141 154
141 142
141 1149
142 1159
143 144
143 167
144 1063
144 167
145 1575
145 415
145 148
146 147
146 1575
146 1980
147 437
147 1952
148 149
148 151
149 150
149 2219
150 151
150 174
151 172
152 153
152 172
152 175
153 154
153 176
154 171
155 156
155 170
155 2066
156 157
157 158
157 168
158 167
158 1336
158 166
159 161
159 421
159 422
160 436
160 1618
160 428
161 1968
161 1982
162 1968
162 1206
162 2120
163 1965
163 2118
163 1207
164 1964
165 1962
165 1982
165 1980
165 438
166 426
166 431
166 195
167 168
168 169
169 170
172 175
173 416
173 2105
173 174
174 456
175 456
177 1271
177 1269
177 2074
178 1271
178 179
178 1376
178 1268
179 1267
180 186
180 195
180 1360
181 189
181 191
181 2351
182 2351
182 2075
182 2339
183 194
183 187
183 201
184 187
184 194
184 188
185 429
185 187
185 189
186 193
186 191
187 569
188 495
188 562
188 493
189 193
190 429
191 1125
192 419
192 196
192 562
192 1767
193 196
194 202
195 196
197 497
197 1642
197 1644
198 203
198 475
198 508
198 483
199 202
199 200
199 1357
200 203
200 1354
201 497
201 202
201 498
201 204
203 466
203 1355
204 510
204 1638
205 208
205 206
205 207
206 218
206 217
207 208
208 229
209 229
209 212
209 234
210 1091
211 1840
211 1550
211 1452
211 1819
212 217
212 1047
213 214
213 1840
213 218
215 216
217 232
218 1340
219 1844
219 222
219 985
220 225
220 223
220 224
221 1016
222 225
222 988
222 1906
223 249
223 224
224 251
225 227
226 988
227 1905
227 228
228 1902
228 249
229 231
230 2236
230 231
230 2238
233 1044
233 1266
233 243
234 1044
234 236
235 2042
235 1379
235 1405
236 243
236 1040
237 242
237 246
237 240
238 1400
238 245
238 1341
239 253
239 254
239 252
239 245
240 248
240 257
241 1401
241 1402
243 244
245 257
246 248
247 1266
247 1262
247 1726
248 262
249 250
250 252
250 253
251 990
251 253
251 1341
252 254
255 1546
255 2214
256 1071
256 1722
256 1551
256 1723
257 262
258 1725
259 261
259 1261
260 1723
260 1261
260 1722
261 1162
262 1400
263 1025
263 264
263 268
263 269
265 1362
265 266
266 1024
266 1134
267 1138
267 1139
267 1362
269 1516
270 277
270 2397
270 1404
271 284
271 281
271 278
272 275
272 278
272 296
273 278
273 408
273 405
273 276
274 286
274 401
274 293
276 408
276 403
277 296
277 281
279 2399
279 290
279 1380
279 2398
280 283
281 1404
282 1404
283 1136
283 302
283 294
284 286
284 293
284 288
285 361
285 322
285 1222
285 1221
286 289
287 294
287 1381
288 289
288 291
289 411
290 291
290 292
291 1136
292 1380
293 405
294 1146
295 296
295 2397
295 1218
297 298
299 317
300 2380
300 1220
300 304
301 1220
301 302
301 778
303 2378
303 778
303 1436
304 1436
304 317
305 1371
305 312
305 306
306 319
306 314
307 789
307 312
307 316
308 312
308 326
308 316
309 1221
309 375
309 321
310 315
310 320
310 318
311 319
313 315
313 1227
313 1437
314 315
314 1227
316 324
317 320
318 320
318 1223
319 321
322 1923
322 1388
323 783
323 779
323 325
324 789
324 326
325 1674
325 1554
326 1227
327 1239
327 1237
327 1242
328 352
328 343
328 349
329 337
329 1124
329 1237
330 354
331 1232
331 1230
331 1237
332 354
332 1372
332 347
333 344
333 342
333 341
333 334
334 1372
334 342
335 351
335 1124
335 1053
336 367
336 345
336 1249
337 342
337 344
338 349
338 345
338 339
339 340
339 343
340 384
340 389
343 360
344 351
345 346
346 348
346 347
347 350
349 350
350 1372
351 352
352 1053
353 354
355 356
355 1727
355 1262
356 364
356 396
356 1257
357 364
357 363
357 378
358 359
359 360
359 1048
360 365
361 366
361 365
362 1254
362 1252
362 1257
364 1254
365 1922
367 1258
367 378
368 1256
368 1248
368 2330
368 1377
369 1373
369 374
369 1243
370 380
371 374
372 376
373 792
373 1255
373 794
374 375
374 1055
376 776
377 1244
377 1242
377 1248
378 379
379 386
379 385
380 792
380 381
381 387
381 391
382 388
383 389
383 388
383 392
384 389
384 392
386 388
386 1245
387 2151
387 390
390 794
390 2153
392 394
393 2153
395 396
395 1605
395 1604
396 1060
397 1258
397 1257
398 400
398 399
398 404
399 406
399 401
400 406
401 411
402 407
402 413
402 406
403 2272
403 1214
403 1159
404 1135
404 411
405 409
407 408
409 413
409 410
412 413
414 2278
414 2060
414 2279
415 2277
415 2278
416 417
416 418
417 2219
417 1148
418 418
419 431
419 430
420 1972
420 2057
420 2207
421 436
421 425
422 425
422 1336
423 1331
423 1608
423 430
424 430
424 431
424 426
425 428
426 1948
427 429
428 572
430 578
432 450
432 1199
432 1201
433 2105
433 1952
433 1953
434 2461
434 1954
434 2241
435 441
435 449
435 1205
436 1205
437 2462
437 1202
438 1203
438 1981
439 2462
439 1306
439 2461
439 440
440 625
440 450
441 442
441 1981
442 1199
442 449
443 1205
443 451
443 598
444 2496
444 2472
444 2498
445 447
446 605
446 447
446 449
447 451
448 582
448 598
448 1618
449 603
450 1198
451 452
452 2498
452 598
453 641
453 459
453 455
454 1366
454 2266
454 1204
455 635
455 2113
455 2266
457 1204
457 2242
458 1155
458 2115
458 634
458 1306
459 2115
459 2114
460 1030
460 464
460 1021
461 464
461 470
462 467
462 474
462 465
463 464
463 474
463 472
465 474
465 473
466 468
466 469
467 1156
467 472
469 495
469 1352
470 472
470 1773
471 482
473 475
473 500
473 1355
475 486
476 1485
477 1485
477 481
477 479
478 482
478 481
478 1753
479 481
479 480
480 1479
480 517
480 522
482 486
483 1352
483 487
484 587
484 488
484 489
484 536
485 519
485 1483
485 1343
486 501
487 1352
487 494
487 493
488 491
488 519
489 516
489 494
490 491
490 523
490 516
491 1346
491 1345
492 496
492 508
492 1346
493 2293
493 527
494 496
495 1356
496 516
497 569
498 1359
498 512
499 509
499 1358
499 506
500 506
500 512
501 1343
501 513
502 514
502 507
502 503
502 504
503 1156
503 510
505 511
506 1359
507 510
507 512
508 2341
511 2341
511 513
513 1351
515 1466
515 522
515 534
517 1474
517 524
518 524
519 520
520 1474
520 524
521 1466
521 534
521 528
521 533
522 1037
525 538
525 529
525 1302
525 527
526 2288
526 2291
526 2295
527 587
529 532
529 535
530 547
530 1302
530 535
531 538
531 540
531 541
532 587
532 536
532 533
533 542
534 643
534 644
535 537
536 1466
537 1465
537 542
538 556
539 662
539 664
539 541
540 2293
540 1607
541 558
542 1465
543 551
543 559
543 549
544 548
544 550
544 1464
545 557
545 550
545 546
546 559
546 549
546 548
547 554
547 1471
548 646
549 557
550 557
551 560
552 1189
552 561
552 1191
552 554
553 555
553 561
553 1471
554 556
555 561
555 1168
556 558
558 661
559 560
562 571
563 1858
563 1644
563 1157
564 2355
564 568
564 566
565 566
566 569
567 570
570 1157
570 2348
572 589
572 1608
573 2534
574 579
574 581
574 576
575 2528
576 578
576 589
577 2529
577 580
577 581
578 1770
580 583
580 595
581 2528
582 595
582 583
583 591
584 1172
584 1171
584 659
585 2280
585 1169
585 1181
586 2394
586 600
586 599
586 2403
588 1180
588 1178
588 1176
588 755
589 596
590 596
591 596
591 592
593 1188
593 2296
593 2285
594 1946
594 1170
594 1944
595 1145
597 1767
599 2064
599 619
599 600
600 604
601 2476
601 2494
601 2486
602 610
602 2490
602 608
603 606
603 2064
603 617
604 1363
604 609
605 2475
605 608
606 607
606 2063
606 1977
607 629
607 613
608 611
612 616
613 620
613 621
614 623
614 1977
614 626
615 2054
615 1994
615 1979
615 619
616 622
616 2196
617 1977
617 1194
618 622
619 1978
619 622
620 1978
620 2195
624 625
625 627
626 629
626 1306
628 1194
628 1976
628 1974
629 2194
630 2113
630 632
630 638
631 2111
631 638
631 1154
632 1365
633 635
634 764
634 774
635 1193
635 1195
636 1367
636 1714
636 1712
637 1994
637 639
637 640
638 642
639 640
639 1995
640 762
642 642
643 1167
643 645
644 645
644 1464
645 646
646 1464
647 655
647 648
647 656
648 650
648 654
648 1166
649 654
649 652
649 653
650 669
650 666
651 653
652 653
652 654
653 1175
654 656
655 663
655 658
655 2402
656 660
657 1175
657 661
657 1189
658 661
658 664
659 665
659 662
662 664
663 688
663 664
665 2346
665 689
665 968
666 698
666 1165
667 2402
667 679
667 1635
668 675
668 694
668 698
669 679
670 678
670 674
671 683
671 1632
672 676
672 673
672 674
673 684
673 687
674 688
675 1625
675 2513
676 684
676 1632
677 686
678 683
680 682
680 681
680 685
681 685
681 1632
682 1625
682 686
684 685
686 687
687 1633
688 689
689 1631
690 704
691 696
692 693
693 696
693 695
694 2501
694 698
695 705
695 703
696 699
697 704
697 701
697 706
699 707
699 706
700 1087
700 2511
700 711
700 1447
701 2516
701 2505
702 713
703 705
703 2501
704 706
705 2515
708 710
708 2514
709 720
709 715
709 2308
711 2513
711 2512
712 715
712 718
712 2521
713 720
713 2509
714 2511
714 2508
714 1087
715 2500
716 1760
716 1036
716 720
717 725
717 1636
717 2538
718 2516
718 2517
718 2510
719 727
719 1761
719 2308
721 730
721 731
721 2520
722 2540
722 738
722 744
723 1636
723 726
724 728
724 2518
724 2523
725 738
725 730
726 1637
726 1919
727 1541
727 2520
728 730
728 729
731 1541
731 734
732 734
732 739
732 733
733 737
733 740
734 736
735 815
735 743
735 737
736 738
736 739
737 739
740 815
740 810
741 2538
741 2539
742 745
742 894
742 749
743 746
743 828
745 749
745 2245
746 1083
746 747
748 833
748 1083
749 817
750 2527
750 759
750 754
751 1453
751 2347
751 758
752 753
753 758
753 757
753 1960
754 2227
754 759
755 1453
755 1066
756 760
758 2227
759 2437
760 1944
760 968
763 768
764 1154
764 2249
765 766
765 2110
765 2050
766 2111
766 768
767 768
769 770
769 774
769 771
771 772
772 2052
773 774
775 1556
775 1056
775 776
776 777
777 780
777 1556
778 1269
780 785
780 781
781 782
781 1672
782 1376
782 787
784 785
784 787
784 788
785 790
786 787
789 1233
791 2154
792 2150
793 2154
793 794
796 803
796 1058
796 799
797 803
798 799
798 1281
798 1275
799 1273
800 802
801 1058
801 1410
801 802
802 803
802 804
804 805
804 806
805 1293
805 806
806 1267
807 1267
808 818
808 2229
809 813
809 815
809 812
810 2245
810 814
811 813
811 2243
811 816
813 814
814 2244
816 817
816 2243
817 2244
818 1956
818 1164
819 2340
819 2229
819 2202
820 1620
820 894
820 1629
821 1419
821 1163
822 1419
822 2205
822 1418
823 2541
824 2256
824 2252
824 833
825 859
825 2275
825 2253
826 866
826 2258
826 2259
827 2251
827 843
827 829
828 830
828 832
829 2547
829 2541
831 1397
831 888
831 856
833 1488
833 2257
834 845
834 2274
834 2254
835 838
835 841
836 844
836 840
836 843
837 838
837 2548
837 841
838 840
839 844
839 843
839 2549
840 842
842 2542
842 2547
844 2549
845 849
845 926
846 861
846 859
846 852
847 861
848 1396
848 872
848 1393
849 853
849 891
850 1395
850 860
850 1396
851 853
851 855
851 909
851 930
853 913
854 861
855 858
855 887
856 891
856 1397
857 1394
857 1432
857 1395
858 1432
859 1397
860 888
860 1396
862 870
862 876
862 869
863 2386
863 1389
863 2384
864 1392
865 884
865 1141
865 882
865 1593
866 878
866 1589
867 873
867 875
868 1141
868 1578
869 877
869 872
871 1065
871 2125
871 881
872 877
872 1393
873 881
874 1392
874 882
874 876
875 1576
875 1064
876 1589
877 880
878 879
878 883
881 1580
882 1390
882 1392
884 1389
884 1390
885 892
886 892
888 889
889 890
889 893
891 892
894 903
895 1986
895 1565
895 1416
895 2103
896 1986
896 902
896 1989
897 1566
897 2383
898 2129
898 905
898 2086
899 2442
899 1591
899 907
900 1659
900 901
900 1989
903 1420
903 1435
904 2463
904 1570
904 1591
905 1570
905 2395
906 2126
906 1602
906 2099
907 2447
907 2441
908 923
908 918
908 1538
909 916
909 918
910 913
911 1458
911 921
911 1529
912 922
912 915
912 918
913 920
914 916
914 917
914 924
916 931
917 921
917 1592
919 1128
919 924
919 1531
921 924
925 926
926 927
928 930
929 930
929 932
929 931
931 1528
932 1579
932 954
933 949
934 936
935 945
936 940
936 952
937 939
937 949
937 955
938 952
938 948
938 942
939 955
939 944
940 947
940 946
941 952
941 951
941 953
942 954
942 945
943 949
945 946
946 956
947 950
947 955
951 1578
951 954
957 1177
957 958
957 1187
957 2530
958 2529
958 962
959 1177
959 1176
959 1946
960 1173
960 1170
960 1171
961 962
962 1173
963 964
963 967
964 2345
965 966
966 1443
966 1067
968 1170
969 975
969 973
969 2045
970 971
970 976
970 1513
971 979
971 983
973 978
973 1512
974 1514
974 976
974 1512
975 982
975 1514
976 979
977 981
979 980
979 1510
979 1514
980 2139
980 1505
981 2141
982 2141
982 1510
983 1505
984 985
985 987
986 988
989 990
990 1339
991 1068
991 995
991 1012
991 1013
992 1007
993 1011
993 1006
993 1002
994 1001
994 1005
994 999
995 1003
995 1013
996 1004
996 1068
996 1063
997 1013
997 1010
997 1151
997 1004
998 1007
998 1012
998 1003
999 1011
999 1006
1000 1007
1000 1001
1000 1002
1001 1011
1002 1011
1003 1012
1004 1010
1006 1008
1009 1013
1010 1068
1014 1015
1015 1016
1015 1017
1016 1340
1018 1027
1018 1025
1018 1024
1019 1023
1019 1021
1019 1487
1020 1941
1020 1131
1020 1939
1021 1035
1022 1718
1023 1467
1023 1487
1024 1028
1025 1029
1030 1033
1030 2193
1031 1032
1031 1070
1031 1160
1032 1134
1032 1720
1033 1161
1033 1034
1036 1626
1036 1448
1037 1038
1037 1539
1038 1128
1038 1542
1038 1539
1039 2230
1039 2453
1040 2457
1040 2235
1041 1044
1042 1045
1043 1045
1045 1047
1046 1047
1049 1054
1049 1759
1049 1051
1050 1052
1050 1754
1051 1053
1051 1755
1052 1757
1056 1057
1056 1234
1058 2363
1059 1742
1059 1741
1060 1257
1060 1258
1061 2213
1062 1063
1062 2279
1062 2117
1064 1368
1064 1065
1065 1369
1066 2146
1067 1444
1067 1445
1069 1718
1069 1721
1070 1719
1070 1721
1070 1160
1070 1720
1071 1723
1072 1072
1072 1745
1073 1079
1073 1075
1073 1490
1074 1490
1074 1744
1074 1076
1075 1077
1075 1080
1076 1077
1076 1078
1077 1078
1078 1080
1079 1080
1079 1081
1079 1745
1080 1082
1081 1433
1081 1082
1082 1434
1084 2103
1084 1420
1085 2122
1085 2401
1085 1163
1086 2214
1087 1448
1088 1829
1088 1830
1088 1097
1089 1097
1089 1096
1089 1833
1090 2264
1090 1864
1090 1865
1091 2338
1091 2336
1092 1104
1092 1868
1092 1867
1092 1105
1093 1820
1093 1259
1093 1094
1094 1823
1094 1103
1095 1102
1095 1103
1095 1099
1096 1832
1096 1101
1097 1792
1098 1105
1098 1104
1099 1259
1099 1883
1100 1813
1100 1812
1100 1868
1101 1844
1101 1830
1102 1837
1102 1793
1102 1800
1103 1828
1104 1105
1104 1867
1105 1868
1106 1110
1106 1118
1106 1669
1107 1116
1107 1119
1107 1109
1108 1707
1108 1706
1108 1558
1109 1112
1109 1114
1110 1112
1110 1121
1111 1683
1111 1669
1111 1671
1112 1121
1113 1674
1113 1115
1113 1559
1114 1703
1114 1120
1115 1563
1115 1558
1115 1708
1116 1690
1116 1694
1117 1701
1117 1556
1117 1667
1118 1687
1118 1670
1119 1701
1119 1120
1120 1702
1121 1559
1122 2183
1122 2191
1122 2169
1123 1124
1126 1577
1126 1430
1126 2010
1127 1427
1127 1428
1127 2012
1127 1425
1127 1999
1128 1538
1128 1129
1129 1449
1129 1462
1130 1942
1131 1943
1131 1132
1132 1933
1132 1936
1133 1942
1133 1930
1134 1162
1136 1137
1138 1516
1138 1140
1139 1140
1142 1182
1142 1181
1142 1178
1143 1609
1143 2221
1143 1144
1143 2223
1144 1623
1144 2221
1145 1192
1145 1623
1146 1388
1146 1147
1148 1148
1149 1151
1150 1151
1152 1153
1152 1164
1152 1926
1153 1926
1154 1949
1155 2055
1155 2053
1156 1928
1157 1858
1157 1644
1158 1494
1158 1497
1158 1805
1159 1214
1159 1216
1160 1162
1161 1941
1161 1940
1161 1942
1162 1940
1165 1166
1165 1167
1166 1168
1167 1168
1169 2403
1171 1174
1172 2282
1172 1184
1173 1174
1173 2530
1174 2282
1175 1189
1176 1179
1177 1179
1177 2530
1178 2281
1179 1180
1180 2281
1180 1185
1181 1186
1182 2226
1182 2281
1182 1186
1183 1190
1184 1188
1184 2283
1185 2225
1185 1187
1186 2280
1186 1606
1187 2225
1188 1190
1190 2283
1190 2296
1192 1606
1192 1609
1193 1193
1194 2197
1196 1976
1197 1974
1197 1198
1197 1975
1198 1974
1199 1200
1200 1201
1200 2124
1201 2123
1203 2124
1203 2123
1204 1713
1206 2184
1206 1207
1207 1964
1208 1209
1208 1210
1209 1210
1209 1213
1210 1918
1211 1215
1211 2248
1211 1212
1212 1215
1213 1918
1214 1218
1214 1217
1215 1216
1215 2271
1216 1217
1217 2271
1217 1218
1219 1220
1221 1222
1222 1224
1222 1226
1224 1225
1224 1228
1225 1226
1225 1229
1225 1370
1226 1230
1228 1229
1228 1231
1229 1230
1229 1232
1231 1232
1231 1238
1231 1235
1232 1236
1234 1554
1235 1236
1235 1238
1236 1237
1236 1239
1238 1239
1238 1240
1239 1241
1240 1241
1240 1243
1241 1242
1241 1244
1242 2325
1243 1244
1243 1246
1244 1247
1246 1247
1246 1255
1247 1248
1247 1256
1249 1250
1249 1557
1250 1251
1250 1252
1251 2149
1251 1252
1253 1254
1255 1256
1255 1377
1256 1377
1259 1897
1260 1546
1260 1547
1262 1728
1262 1726
1263 1729
1263 1727
1263 1728
1264 2192
1264 1730
1264 1729
1265 1265
1265 1266
1269 1742
1269 1270
1270 1272
1270 1271
1273 1648
1273 2215
1274 2216
1274 1338
1275 1276
1275 1287
1277 2157
1277 1280
1278 1286
1279 2160
1279 2157
1279 2159
1280 1289
1280 2270
1281 1284
1281 1283
1282 1290
1282 2268
1282 1291
1283 1284
1284 1294
1285 2185
1285 1292
1287 1288
1287 1293
1289 1290
1291 2217
1291 1292
1293 1294
1295 1296
1295 1869
1296 1495
1297 1298
1297 2075
1298 1299
1298 2085
1299 2077
1299 1300
1301 2083
1301 2085
1301 2081
1302 1303
1303 1304
1304 1305
1307 1311
1307 2065
1307 1312
1308 1309
1308 2194
1308 1311
1310 1311
1313 1314
1313 1337
1313 1315
1314 1316
1314 1337
1315 1316
1315 1335
1316 1317
1317 1335
1317 1319
1318 1319
1318 1335
1318 1320
1319 1321
1320 1321
1320 2036
1321 2037
1322 1334
1322 1330
1322 1323
1322 1332
1323 1324
1323 1608
1324 2035
1325 1327
1325 1333
1325 1326
1326 1328
1326 2038
1327 1328
1327 1329
1328 1330
1329 1330
1329 1332
1331 1948
1331 1332
1333 2038
1333 1948
1334 2035
1334 2036
1336 1337
1338 1555
1339 1340
1339 1342
1341 1342
1342 1401
1343 1347
1344 1351
1344 1345
1344 1347
1345 1348
1346 1350
1347 1349
1348 1350
1348 1351
1350 1353
1351 1353
1353 2343
1354 1356
1354 1357
1355 1358
1356 1357
1358 1359
1360 1361
1360 2084
1363 2145
1364 1365
1366 1712
1366 1367
1366 1713
1367 1713
1368 2393
1368 1588
1368 1601
1369 1601
1369 2125
1373 1374
1374 1375
1376 2381
1378 2040
1378 1406
1378 2399
1379 1403
1380 1406
1381 1383
1382 1924
1382 1383
1383 1384
1384 1385
1384 1387
1385 1387
1386 1386
1387 1388
1389 1391
1390 1391
1391 1571
1392 1589
1393 1394
1394 1395
1398 1468
1398 2072
1398 2361
1399 1401
1400 1402
1405 1406
1407 1409
1408 1915
1408 1861
1408 1493
1411 1569
1411 1413
1412 1573
1412 1568
1412 1413
1413 1414
1414 2131
1414 1415
1415 2135
1416 1572
1416 1988
1417 1418
1417 2202
1419 2068
1420 1435
1421 2401
1421 2122
1421 2276
1421 2070
1422 1435
1422 1423
1422 2400
1423 1617
1423 2300
1424 1425
1425 1426
1427 1577
1427 1596
1428 2023
1428 2003
1429 2023
1430 1586
1430 1951
1431 2009
1433 1434
1434 1716
1436 1437
1437 1554
1438 1442
1439 1440
1439 1627
1439 1441
1440 1442
1440 1760
1441 1442
1441 1761
1443 1445
1443 1626
1445 1446
1447 1625
1447 1448
1449 2262
1449 2261
1450 2263
1450 2262
1451 1823
1451 1822
1451 1815
1452 1814
1452 1840
1452 1771
1453 1945
1454 2471
1454 2168
1454 2169
1455 1455
1455 1456
1456 2471
1456 1457
1457 1458
1457 1603
1458 1531
1459 1462
1460 1461
1461 1462
1461 1537
1463 1467
1465 2121
1467 1655
1469 1469
1470 1471
1472 1473
1473 1475
1473 1478
1474 1482
1476 1480
1477 1478
1478 1479
1479 1481
1480 1482
1480 1481
1481 1483
1482 1483
1484 1485
1486 1533
1486 1532
1486 1536
1487 1545
1488 1489
1488 2540
1489 2539
1489 2541
1490 1745
1491 1492
1492 1511
1493 1495
1493 1861
1495 1900
1496 1866
1496 1865
1497 1860
1497 1811
1497 1806
1498 1501
1498 1809
1498 1515
1498 1804
1499 1815
1499 1816
1499 1836
1500 1816
1500 1811
1500 1812
1501 1806
1501 1809
1502 1809
1502 1503
1502 1763
1502 1848
1503 1849
1503 1807
1504 1505
1506 1507
1506 2140
1508 1510
1508 1509
1511 1513
1512 1513
1515 1857
1515 1808
1516 1517
1518 2180
1518 1519
1518 2179
1520 1521
1520 2182
1522 1524
1523 1528
1524 2168
1524 2469
1525 1528
1526 1527
1527 1529
1527 1530
1529 1530
1530 1592
1532 1535
1532 2469
1533 1534
1535 1536
1535 2470
1538 1539
1540 1545
1541 1543
1542 1544
1546 1547
1548 1549
1548 2265
1548 2264
1549 1862
1549 2339
1549 1858
1550 1831
1550 1829
1551 1722
1551 1552
1553 1652
1553 2214
1553 1651
1558 1708
1558 1561
1559 1562
1560 1702
1561 1562
1561 1563
1562 1563
1564 2128
1565 1572
1565 2135
1566 1569
1567 1573
1568 1569
1570 2128
1572 2135
1573 2467
1574 1575
1576 1586
1576 1599
1577 1587
1578 1585
1579 1599
1579 1597
1580 2297
1580 2125
1580 1951
1581 1598
1582 1590
1583 1597
1584 1592
1587 1599
1587 1596
1588 2392
1588 2393
1588 2388
1590 1602
1590 1601
1590 2396
1591 1598
1591 2395
1593 2386
1593 2388
1593 2385
1594 2450
1595 2099
1595 2463
1595 1598
1597 1600
1598 2396
1606 2280
1607 1619
1607 2294
1609 1623
1610 1617
1610 2301
1611 1945
1611 1621
1611 1944
1612 1622
1613 1618
1614 2527
1614 2526
1614 1624
1614 1621
1615 1617
1616 2138
1616 2407
1619 2291
1619 2292
1621 2347
1624 2437
1624 2344
1626 1630
1627 2435
1627 1629
1628 2434
1628 2435
1629 2431
1634 2402
1638 1641
1638 1908
1639 1640
1639 1642
1639 1646
1640 1641
1640 1914
1641 1908
1642 1645
1643 1912
1643 1910
1643 1909
1644 1857
1645 1912
1645 1913
1647 1648
1648 2371
1649 1653
1649 1655
1649 1656
1650 1657
1650 1658
1650 1652
1651 1653
1651 1654
1652 2213
1653 1654
1654 1718
1655 1656
1656 1657
1657 1658
1659 2441
1659 2243
1660 1661
1661 1663
1661 1662
1663 1665
1663 1664
1665 1667
1665 1666
1667 1668
1669 2246
1670 1671
1670 1686
1671 1685
1672 1676
1672 2460
1672 1680
1673 1679
1673 1681
1673 2246
1674 1710
1675 1677
1675 1676
1675 1679
1676 2460
1676 1680
1677 2460
1678 1689
1678 1692
1678 1688
1679 1680
1680 1682
1681 1683
1681 1682
1682 1684
1683 1684
1684 1685
1685 1686
1686 1688
1687 1689
1687 1688
1687 1691
1689 1698
1689 1691
1690 1696
1690 1697
1690 1700
1691 1699
1692 1693
1692 1698
1693 1697
1693 1696
1694 1695
1695 1696
1697 1698
1697 1700
1698 1699
1699 1700
1701 1702
1702 1703
1703 1704
1704 1705
1705 1706
1706 1707
1707 2356
1708 1709
1709 1709
1710 2374
1710 1711
1712 1714
1714 2113
1716 1717
1719 1940
1720 1721
1724 1725
1726 1730
1727 1728
1728 1730
1729 1749
1730 2192
1731 1732
1732 1734
1732 2310
1733 2109
1734 1953
1734 1735
1736 1738
1737 1738
1738 1739
1739 2304
1740 2072
1740 1741
1740 1742
1743 2534
1743 2537
1743 2295
1743 2536
1743 2532
1743 2290
1744 1744
1746 1747
1748 1749
1750 1752
1751 1752
1754 1755
1756 1757
1756 1759
1756 1758
1757 1758
1758 1759
1760 1762
1761 1762
1762 2308
1763 1810
1763 1807
1764 1765
1765 2551
1765 2528
1766 1769
1766 2551
1766 2532
1766 2552
1767 1770
1768 1769
1769 2531
1770 2531
1771 1841
1771 1859
1772 1773
1772 1834
1772 1874
1772 1906
1773 1904
1774 1841
1774 1813
1774 1777
1775 1777
1775 1816
1775 1812
1776 1812
1777 1778
1778 1779
1778 1815
1779 1780
1779 1822
1780 1859
1780 1821
1781 1787
1781 1842
1781 1819
1782 1788
1782 1802
1782 1783
1782 1821
1783 1822
1783 1784
1784 1802
1784 1823
1785 1845
1785 1820
1785 1802
1786 1819
1786 1787
1786 1789
1787 1788
1788 1789
1789 1821
1790 1868
1791 1811
1792 1820
1792 1845
1792 1846
1793 1873
1793 1799
1794 1797
1794 1836
1794 1815
1795 1817
1795 1835
1795 1796
1796 1801
1796 1827
1796 1839
1797 1827
1797 1803
1798 1825
1798 1839
1798 1799
1799 1818
1800 1838
1800 1801
1801 1828
1803 1828
1803 1823
1804 1805
1804 1806
1805 1864
1806 1810
1807 1855
1808 1862
1808 1864
1809 1810
1811 1854
1813 1814
1814 1841
1816 1853
1817 1850
1817 1835
1817 1839
1818 1847
1818 1825
1818 1837
1819 1859
1820 1871
1821 1822
1824 1839
1824 1825
1824 1838
1825 1847
1826 1836
1826 1827
1826 1835
1827 1828
1829 1831
1829 1842
1830 1831
1831 1843
1832 1833
1832 1834
1832 1844
1833 1846
1833 1834
1835 1851
1836 1852
1837 1838
1838 1847
1840 1843
1842 1845
1843 1844
1846 1871
1856 1862
1857 1858
1861 1917
1863 1865
1863 2339
1863 2247
1867 2336
1867 1870
1871 1872
1872 1897
1872 1899
1873 1878
1873 1883
1874 1875
1874 1892
1875 1899
1875 1876
1876 1893
1876 1894
1877 1878
1877 1881
1877 1879
1878 1884
1879 1884
1879 1898
1880 1898
1880 1881
1880 1885
1881 1882
1882 1889
1882 1885
1883 1897
1883 1896
1884 1896
1885 1888
1885 1894
1886 1891
1886 1887
1887 1890
1888 1889
1888 1893
1889 1892
1889 1891
1890 1891
1890 1892
1892 1893
1894 1895
1895 1898
1895 1896
1895 1899
1896 1897
1901 1903
1902 1903
1904 1906
1904 1905
1905 1906
1907 1908
1911 1912
1915 1916
1919 1920
1920 2517
1921 1925
1921 1922
1923 1924
1924 1925
1927 1928
1928 1929
1930 1937
1930 1938
1931 1934
1931 1938
1931 1933
1931 1936
1932 1939
1933 1935
1936 1937
1937 1943
1939 1941
1941 1943
1942 1943
1945 1946
1947 2146
1947 1959
1947 2100
1950 2300
1950 2276
1950 2400
1951 2015
1952 1954
1953 1954
1955 1956
1957 1958
1957 2101
1957 2138
1958 2100
1958 2136
1959 1960
1959 2100
1960 2101
1961 1962
1961 1984
1961 2184
1962 1983
1963 1964
1963 1980
1963 2184
1964 1965
1965 2026
1965 1966
1966 1971
1966 2207
1966 2208
1966 2118
1967 2209
1967 1970
1967 2208
1968 1969
1968 2209
1969 2184
1969 1984
1970 1972
1970 1971
1971 2208
1971 2207
1972 2211
1972 2058
1973 2061
1974 1975
1975 1976
1976 1977
1978 1979
1978 2063
1979 2194
1979 2053
1980 2123
1981 2124
1981 1982
1982 1983
1983 1984
1985 2142
1985 2145
1986 1987
1986 2103
1987 1989
1987 1988
1987 2102
1988 1990
1990 1991
1992 1993
1994 1996
1994 2056
1995 1996
1995 1997
1996 1997
1997 1998
1999 2004
1999 2000
2000 2002
2000 2001
2001 2007
2001 2014
2002 2003
2002 2006
2003 2005
2008 2021
2008 2016
2008 2009
2009 2015
2010 2011
2010 2012
2011 2013
2011 2018
2012 2013
2013 2017
2014 2017
2014 2021
2015 2020
2016 2017
2016 2020
2018 2019
2018 2020
2021 2071
2022 2023
2024 2028
2024 2025
2024 2027
2026 2029
2026 2030
2027 2028
2027 2034
2028 2033
2029 2030
2029 2031
2030 2032
2031 2032
2031 2033
2032 2034
2033 2034
2035 2037
2036 2037
2039 2040
2039 2271
2039 2141
2041 2044
2041 2042
2042 2043
2043 2044
2045 2046
2046 2048
2046 2047
2047 2048
2050 2051
2050 2249
2053 2054
2054 2055
2057 2058
2057 2060
2058 2059
2058 2061
2060 2061
2061 2062
2063 2064
2064 2394
2066 2218
2067 2068
2068 2069
2070 2122
2072 2073
2073 2358
2073 2074
2075 2076
2076 2079
2076 2077
2077 2078
2079 2081
2079 2080
2081 2082
2084 2085
2086 2134
2086 2132
2087 2088
2088 2090
2088 2089
2090 2091
2090 2134
2092 2395
2092 2442
2092 2098
2093 2094
2094 2095
2094 2096
2096 2097
2096 2396
2098 2445
2098 2443
2099 2396
2101 2138
2102 2134
2104 2105
2106 2108
2106 2109
2106 2107
2107 2108
2109 2310
2111 2112
2115 2116
2117 2279
2117 2277
2118 2119
2119 2120
2119 2208
2120 2209
2125 2126
2126 2383
2126 2127
2127 2128
2127 2465
2127 2463
2128 2129
2129 2467
2129 2130
2130 2133
2130 2132
2131 2133
2132 2133
2134 2395
2136 2137
2139 2140
2142 2143
2144 2145
2146 2147
2148 2149
2150 2150
2152 2153
2155 2156
2156 2270
2156 2157
2158 2160
2158 2159
2159 2160
2161 2188
2162 2183
2163 2165
2163 2166
2163 2175
2163 2164
2164 2166
2164 2176
2166 2175
2167 2168
2169 2186
2169 2173
2170 2173
2170 2172
2171 2172
2171 2191
2172 2173
2174 2175
2174 2178
2174 2180
2176 2186
2176 2177
2177 2178
2177 2183
2178 2179
2180 2182
2181 2182
2183 2188
2186 2187
2188 2189
2189 2190
2189 2191
2198 2199
2198 2200
2200 2201
2202 2203
2204 2205
2205 2206
2209 2210
2212 2213
2213 2214
2216 2217
2219 2220
2221 2222
2222 2224
2222 2223
2223 2226
2225 2226
2227 2228
2231 2235
2232 2233
2233 2235
2233 2456
2234 2235
2236 2237
2236 2453
2240 2241
2241 2242
2244 2245
2246 2374
2249 2250
2251 2255
2251 2252
2252 2273
2253 2275
2253 2274
2254 2274
2254 2255
2255 2273
2256 2273
2256 2257
2257 2258
2258 2259
2259 2275
2260 2261
2260 2263
2261 2263
2262 2263
2264 2265
2265 2339
2266 2267
2268 2269
2277 2278
2282 2283
2284 2285
2284 2296
2284 2286
2285 2287
2286 2289
2286 2287
2287 2288
2288 2289
2289 2295
2290 2295
2290 2533
2290 2291
2292 2533
2292 2294
2293 2294
2297 2298
2300 2335
2302 2303
2304 2306
2305 2306
2306 2307
2309 2310
2311 2312
2312 2314
2312 2331
2313 2314
2314 2316
2315 2316
2316 2330
2317 2318
2318 2331
2318 2332
2319 2324
2320 2321
2321 2324
2321 2325
2322 2323
2323 2334
2323 2324
2325 2331
2326 2327
2327 2328
2327 2334
2329 2330
2332 2333
2332 2334
2335 2335
2336 2337
2341 2342
2344 2346
2344 2345
2345 2346
2347 2527
2348 2349
2348 2354
2349 2352
2350 2351
2350 2353
2352 2353
2354 2355
2357 2359
2358 2359
2359 2361
2360 2361
2362 2363
2363 2368
2364 2365
2365 2366
2365 2367
2365 2368
2368 2370
2369 2370
2371 2372
2373 2374
2375 2376
2375 2379
2375 2380
2376 2377
2377 2378
2378 2380
2382 2383
2386 2389
2387 2388
2388 2389
2389 2393
2390 2392
2391 2392
2394 2494
2394 2403
2397 2398
2398 2399
2400 2401
2404 2405
2405 2406
2406 2409
2407 2409
2407 2411
2408 2409
2410 2411
2411 2413
2412 2413
2413 2415
2414 2415
2415 2430
2416 2430
2417 2420
2417 2419
2417 2430
2418 2419
2419 2420
2420 2425
2421 2429
2422 2423
2423 2429
2423 2427
2424 2425
2425 2427
2426 2427
2428 2429
2431 2432
2432 2433
2433 2434
2436 2437
2438 2439
2439 2441
2439 2440
2440 2440
2442 2444
2443 2445
2443 2444
2444 2445
2446 2452
2446 2447
2448 2449
2448 2451
2449 2451
2450 2452
2450 2451
2451 2452
2453 2456
2453 2454
2454 2455
2454 2456
2457 2458
2458 2459
2461 2462
2464 2465
2465 2466
2467 2468
2469 2470
2470 2471
2472 2475
2472 2473
2474 2475
2476 2478
2476 2477
2478 2480
2478 2479
2480 2482
2480 2481
2482 2496
2482 2483
2483 2484
2483 2485
2486 2488
2486 2487
2488 2492
2488 2489
2490 2492
2490 2491
2492 2493
2494 2495
2496 2497
2498 2499
2501 2502
2502 2503
2502 2515
2503 2504
2503 2511
2504 2505
2504 2507
2504 2506
2505 2515
2507 2508
2507 2510
2508 2509
2510 2516
2511 2512
2512 2514
2512 2513
2517 2518
2518 2524
2519 2521
2519 2523
2519 2520
2521 2522
2522 2523
2522 2524
2524 2525
2528 2529
2531 2532
2533 2536
2534 2535
2534 2536
2539 2540
2541 2546
2542 2544
2542 2543
2543 2545
2543 2546
2544 2545
2544 2548
2545 2548
2546 2547
2549 2550
2551 2552
2552 2553
