0 5
0 2460
1 3
1 652
2 2711
2 285
2 2037
3 52
3 1032
4 23
4 1680
5 1682
5 1029
6 1514
6 1513
6 1519
7 1495
7 1184
7 10
8 11
8 9
8 1501
9 1496
9 362
10 1268
10 1185
11 1503
11 1185
12 13
12 114
12 112
13 111
13 2460
14 1786
14 1324
14 15
14 596
15 588
15 1787
16 643
16 1795
16 677
16 235
17 626
17 632
17 619
18 1134
18 19
18 619
19 569
19 20
20 1243
20 1242
21 1595
21 664
21 1214
22 2723
22 801
22 33
22 49
23 1030
23 1680
24 2420
24 325
24 326
25 313
25 1859
25 1353
26 329
26 811
26 860
27 805
27 851
27 870
28 327
28 1943
28 33
29 1928
29 1925
29 2720
29 2721
30 2631
30 778
30 754
31 1484
31 402
31 1489
32 1490
33 1930
33 2724
34 245
34 1482
35 437
35 107
35 450
36 217
36 44
36 43
37 63
37 827
37 208
38 1391
38 103
38 102
38 1392
39 135
39 191
39 190
40 1750
40 329
40 832
40 199
41 42
41 322
41 1421
42 827
42 838
43 320
43 321
44 45
44 73
45 321
45 1743
46 1528
46 389
46 411
47 404
47 400
47 1758
48 1501
48 2692
48 1496
48 2691
49 817
49 327
50 51
50 259
50 1236
51 652
51 1214
52 1232
52 2038
53 1746
53 789
53 211
53 1274
54 55
54 61
54 814
55 1748
55 1945
56 821
56 58
56 57
56 197
57 818
57 199
58 1182
58 61
59 192
59 60
59 1182
60 315
60 316
61 802
61 316
62 101
62 1753
62 103
63 203
63 200
64 203
64 193
64 315
65 241
65 2466
65 2754
66 2322
66 1403
66 1405
67 1727
67 2374
67 97
67 180
68 100
68 2325
68 1705
68 1403
69 74
69 71
69 75
69 1412
70 1412
70 206
70 177
71 73
71 1415
72 1408
72 1415
72 204
73 75
74 2436
74 977
75 2436
76 2470
76 977
76 176
77 2660
77 2525
77 78
78 2707
78 229
79 2707
79 79
80 2212
80 2525
80 230
81 2029
81 2214
81 1271
82 83
82 2029
82 1019
83 84
83 85
84 1019
84 1002
85 1000
85 2024
86 1008
86 87
86 2663
86 992
87 998
87 989
88 228
88 2025
88 1023
89 1022
89 228
89 1015
90 1004
90 994
90 91
91 2654
91 220
91 2039
92 1014
92 930
92 1017
93 174
93 939
93 951
93 962
94 2647
94 157
94 2319
95 96
95 2147
95 2647
96 314
96 2376
97 98
97 2376
98 1867
98 99
99 100
99 180
100 1753
101 102
101 2321
102 1421
102 2389
103 150
103 1354
104 1354
104 187
104 191
105 806
105 812
105 2357
106 2353
106 2357
106 1874
106 276
107 108
107 435
108 450
108 109
109 323
109 454
110 2670
110 454
110 2664
111 242
111 287
112 2297
112 1692
113 1329
113 284
113 116
114 286
114 284
115 289
115 116
115 286
116 293
117 835
117 1584
117 118
117 1582
118 1581
118 2150
119 120
119 2152
119 2241
120 889
120 121
121 872
121 331
122 1358
122 2402
122 2462
123 879
123 873
123 253
124 2475
124 1850
124 781
125 2576
125 773
125 2726
126 129
126 128
126 1366
127 128
127 877
127 129
128 1568
129 130
130 857
130 131
131 756
131 2328
131 132
132 1757
132 1756
133 337
133 166
133 165
133 1757
134 191
134 135
134 313
135 136
136 1331
136 137
137 138
137 1346
138 313
138 1346
139 1352
139 1349
139 2316
139 1350
140 1352
140 1351
140 869
141 866
141 147
141 142
141 251
142 2096
142 2101
142 250
143 2104
143 249
143 144
143 2095
144 872
144 253
144 2247
145 834
145 146
145 869
146 1340
146 2148
147 156
147 834
148 1355
148 1340
148 149
149 150
149 1339
150 1341
150 1867
151 1750
151 1474
151 874
151 194
152 1332
152 1749
152 1330
153 2408
153 185
153 2778
154 904
154 331
154 2149
155 893
155 890
155 898
156 1361
156 161
157 2735
157 1951
158 2730
158 2729
158 2732
158 2731
159 2397
159 1037
159 2320
159 2362
160 1037
160 2380
160 2379
160 2731
160 2364
160 2461
161 1389
161 2099
161 2103
162 1952
162 1389
162 2317
163 164
163 186
163 2729
164 2105
164 2100
165 256
165 1373
166 1756
166 877
166 338
167 1588
167 2515
167 1589
167 1636
168 181
168 1634
168 2763
168 929
169 2768
169 181
169 171
170 2765
170 957
170 973
170 2764
171 934
171 938
172 1953
172 934
172 1954
173 1953
173 931
173 174
174 1751
175 1479
175 958
176 965
176 952
177 1475
177 871
178 1180
178 1778
178 207
179 973
179 1269
179 2605
180 2325
181 2736
182 2600
182 2463
182 2752
182 2601
183 1359
183 2285
183 2282
184 2285
184 2394
184 1712
184 1253
185 1358
185 319
186 2245
186 2247
186 319
187 188
187 1391
188 189
188 200
189 190
189 1477
189 195
190 1345
192 198
192 193
192 1309
193 200
194 195
194 2659
194 1345
195 1477
196 198
196 810
196 1309
197 795
197 2602
198 815
199 2602
201 800
201 1948
201 1945
201 202
202 203
202 208
204 862
204 2556
204 2346
205 2362
205 2281
205 314
206 1721
206 844
207 1778
207 843
208 847
209 787
209 798
209 875
210 211
210 800
210 819
211 212
211 214
212 793
212 213
213 214
213 813
214 799
214 789
215 216
215 320
215 799
216 2555
216 2559
217 2556
217 2559
218 793
218 219
218 1566
219 875
219 862
220 990
220 1480
221 224
221 222
221 223
222 223
222 1605
223 1482
224 225
224 990
224 1021
225 985
225 996
225 226
226 227
226 2635
227 1015
227 228
229 2708
229 2263
229 302
230 2219
230 2216
231 267
231 232
231 275
231 278
232 233
232 2631
234 1220
234 1760
234 1210
235 1834
235 673
235 1840
236 554
236 548
236 237
237 238
237 549
237 546
238 559
238 553
239 1028
239 686
239 261
240 756
240 782
241 2757
241 1357
242 2016
242 1691
243 245
243 1622
244 1480
246 1327
246 247
246 1988
247 1272
247 1986
248 1984
248 1985
248 1771
249 2597
249 2327
250 2313
250 1860
251 1860
251 318
252 2597
252 317
252 1388
252 1864
253 2327
253 254
254 879
254 837
255 256
255 318
255 257
255 258
256 317
256 1388
257 836
257 258
258 337
259 1233
260 630
260 1310
260 588
261 1228
261 683
262 1228
262 1800
262 726
262 743
263 264
263 1177
263 1202
264 1204
264 1176
265 737
265 271
265 750
266 716
266 730
266 745
267 716
267 741
267 279
268 276
268 1874
268 2298
268 2358
269 754
269 2146
269 2630
270 1206
270 747
270 734
271 274
271 1318
272 790
272 2298
272 817
273 279
273 278
273 737
274 722
274 745
274 277
275 2630
275 737
275 749
276 1874
276 2454
277 1215
277 739
278 737
279 716
280 744
280 728
280 731
281 1483
281 1801
281 1974
282 356
282 1027
283 285
284 285
286 2711
287 2460
288 294
288 289
288 1738
288 293
289 2713
289 2712
290 1987
290 291
290 2713
291 292
291 2000
292 312
292 311
292 1980
293 299
294 295
294 297
294 1736
295 296
295 1975
296 2637
296 298
297 299
297 298
298 299
300 307
300 301
300 311
301 2709
301 1997
301 2227
301 2211
302 2709
302 902
303 1740
303 1963
304 2712
304 305
304 1968
305 305
306 886
306 308
306 311
306 307
307 1997
308 1541
308 309
309 310
309 1537
310 311
310 1535
312 336
312 2001
314 2375
315 1949
316 1182
317 318
319 1356
320 789
321 1697
322 1392
322 827
323 2664
324 2418
324 641
324 325
325 2419
326 2416
326 641
327 794
328 1315
328 697
328 604
329 858
330 975
330 935
330 939
331 334
332 880
333 890
333 904
333 880
334 1356
335 1995
335 2005
335 1992
336 1982
336 1995
337 338
338 830
339 2121
339 2058
339 2145
340 1511
341 2118
341 374
341 379
342 372
342 366
342 1784
343 2058
343 2056
343 2059
344 359
344 346
344 353
344 376
345 354
345 1491
345 352
346 367
346 2073
347 371
347 354
347 1487
348 376
349 421
350 379
350 386
350 368
351 2698
351 528
351 378
351 357
352 385
352 1485
352 1492
353 1830
353 2694
354 386
354 385
355 384
355 1601
355 374
356 381
356 358
357 1783
357 380
358 383
358 380
359 1027
359 1025
360 386
360 420
360 421
361 2145
362 1502
362 1184
363 2694
363 538
363 377
364 370
364 385
364 2232
365 2121
365 384
365 2048
366 2107
366 1813
367 2070
367 2697
368 2049
368 2118
369 1557
369 1558
370 2107
370 1587
371 2049
371 2052
372 1825
372 382
373 2695
373 1523
373 441
374 384
375 2134
375 2142
375 2118
375 2119
376 2698
377 2693
377 2109
378 2697
378 1810
378 381
379 383
380 427
380 1808
380 419
381 2697
382 2696
382 510
383 1601
387 415
387 394
387 407
388 412
389 406
389 409
390 408
391 396
391 400
391 406
392 402
392 393
393 413
393 396
394 1828
394 398
394 1827
395 410
395 398
395 414
396 413
397 415
397 416
397 1804
398 412
399 412
399 417
399 414
400 413
401 406
401 404
401 411
402 1758
403 414
403 410
403 417
404 411
405 417
405 1261
407 1804
408 410
408 1827
409 1258
409 1259
410 1828
415 1489
416 1801
418 431
418 419
418 430
419 423
420 424
420 427
421 425
422 428
422 429
422 430
423 427
423 431
424 425
424 429
425 428
426 430
426 1781
426 428
429 431
432 446
432 443
432 445
432 436
433 520
433 441
433 442
434 451
434 439
434 438
435 1285
435 439
436 449
436 452
436 440
437 448
437 439
437 1336
440 443
440 2161
440 444
441 2689
442 1530
442 449
442 2689
443 444
443 447
444 1337
445 2689
445 449
446 1526
446 448
446 451
447 448
447 1336
448 451
450 1337
452 453
452 1522
452 524
453 2161
453 455
454 455
455 2161
456 1288
456 464
456 458
456 1280
457 1971
457 2421
457 458
457 2620
458 1281
459 1655
459 1887
459 1657
459 465
460 1873
460 796
460 1971
461 1655
461 464
461 1649
461 1652
461 2303
462 1650
462 2302
462 1273
462 1277
462 1873
463 2454
463 816
463 790
464 1658
464 891
464 2301
465 2003
465 1697
466 535
467 539
468 543
468 491
468 473
469 510
469 2699
469 534
470 526
470 531
470 475
471 535
472 532
472 494
472 1560
474 486
474 483
474 508
475 505
475 1938
476 514
476 2551
476 504
477 490
478 539
478 518
478 512
478 492
479 525
479 508
479 486
479 499
480 536
481 515
482 529
483 516
483 489
484 530
484 517
484 533
485 1493
485 537
485 1499
486 517
486 489
487 531
487 541
487 513
488 2700
488 512
488 511
489 491
489 495
490 541
490 515
491 533
492 1516
492 498
493 499
493 513
493 1564
493 523
494 498
494 1868
494 1307
495 536
495 502
496 513
496 2611
496 541
497 515
497 2611
497 1936
498 532
499 526
499 527
500 530
500 519
500 517
500 525
501 2156
502 509
502 506
503 517
504 2155
504 2158
505 526
505 527
506 1747
506 516
506 1338
507 2700
507 520
507 2106
508 527
509 1743
509 2158
510 1826
511 2690
511 522
512 522
514 2156
514 1747
516 536
518 2671
518 1335
518 1516
520 1530
521 535
521 529
521 1292
522 532
523 525
523 530
524 539
524 1530
528 2699
528 2696
529 2551
531 2622
533 543
537 542
538 1560
538 2106
539 540
540 1518
540 1335
542 1506
542 1507
543 1035
544 549
544 553
544 1785
545 559
545 557
545 556
546 561
546 1034
547 558
547 551
547 553
548 1787
548 682
549 554
550 1314
550 604
550 2668
551 552
551 559
552 562
552 557
553 560
554 1786
555 560
556 1314
556 1325
557 560
563 584
563 566
563 600
564 594
564 589
564 575
565 597
565 591
565 576
565 615
566 591
566 609
567 592
567 577
567 573
568 598
568 1324
568 606
569 622
569 586
570 614
570 584
570 603
571 605
571 1033
571 587
572 574
572 656
572 590
574 597
574 583
575 595
575 606
576 586
576 636
577 587
577 594
578 585
578 650
578 583
579 585
579 597
579 602
580 589
581 593
582 596
582 588
583 653
584 607
585 1033
586 590
587 615
587 598
589 614
590 656
591 610
592 606
592 608
593 595
593 603
594 599
595 606
598 1316
600 644
600 659
601 603
601 601
604 1323
605 1599
610 613
610 618
611 617
611 612
611 616
612 615
612 613
613 617
614 618
616 618
616 617
619 627
620 665
620 648
620 2154
621 1133
621 2653
621 627
622 636
622 625
623 668
623 661
623 643
624 1426
624 1686
624 634
625 655
625 626
626 628
627 1134
628 668
628 642
629 645
629 642
629 636
630 1842
630 637
631 667
631 2210
632 658
632 2653
633 660
634 1472
634 1684
635 662
637 659
637 668
638 639
638 647
638 1229
639 1688
639 1426
639 666
640 2154
641 2417
642 659
643 2548
646 658
646 2652
646 2653
648 2415
648 654
648 2153
649 2652
649 1038
649 1133
650 651
651 653
652 1243
653 660
654 1647
654 1645
656 660
657 1229
657 1439
657 1238
658 668
658 2549
662 1648
662 665
663 2414
663 2416
664 1244
664 1158
665 2154
666 2206
666 1687
667 2206
667 2162
669 671
669 1788
669 1789
670 715
670 1800
670 683
671 1326
671 684
672 1325
673 1792
673 681
673 1326
674 687
675 1788
675 1323
675 676
677 2474
677 685
678 1788
678 681
678 687
679 1220
679 726
679 686
680 681
683 1038
684 1325
684 1326
686 1845
687 1790
688 690
688 710
688 1321
688 707
689 713
689 696
689 701
690 709
690 1831
691 706
692 1207
692 712
692 714
693 1197
693 1227
693 744
693 733
694 712
694 696
694 1796
695 1227
695 706
695 738
696 1797
697 1321
697 700
698 707
699 1209
699 1798
699 1797
700 1320
700 1313
701 713
701 704
702 1315
702 1834
702 1831
703 705
703 710
703 706
704 1841
704 1840
707 711
707 713
708 1033
710 1320
710 711
711 712
711 713
714 1796
714 1798
715 2474
715 732
716 741
717 1317
717 734
717 724
718 1224
718 732
719 725
719 738
720 1312
720 730
720 1322
721 743
722 746
722 745
723 727
723 730
723 1205
724 729
724 1317
725 1216
726 735
727 728
731 733
731 734
732 1209
733 1313
735 744
735 1844
736 1758
736 1263
736 801
738 1207
739 1191
739 747
740 1194
740 747
740 1215
741 2628
742 2628
742 1766
742 2624
743 1197
748 749
749 1263
750 1311
750 2608
751 2632
751 767
751 766
752 1925
752 776
753 1369
753 769
753 764
754 2632
755 772
756 2475
756 1849
756 774
757 765
757 771
757 777
758 761
758 1367
758 770
759 777
760 1364
761 857
761 764
762 1367
762 2576
762 1362
763 1928
763 2146
763 1569
763 2630
764 768
765 766
765 772
766 2658
767 2479
767 2633
768 769
768 774
770 1369
770 1368
773 2726
773 1930
775 1929
775 1924
775 1364
776 2723
776 1263
777 1362
778 2624
778 2633
779 782
780 878
780 1851
781 1851
781 783
782 783
783 784
785 823
786 812
786 791
786 802
787 819
787 793
788 802
788 791
788 818
790 809
790 2299
791 806
792 804
792 816
792 2456
794 1941
794 822
795 821
795 810
796 885
796 801
797 814
797 802
797 1677
798 823
798 847
798 2351
799 813
800 823
803 1267
804 820
804 807
805 1941
805 809
806 816
807 824
807 818
808 812
808 1677
808 2353
809 822
810 815
811 851
811 2456
813 2555
814 1748
815 821
817 822
819 823
825 829
825 848
825 1578
826 1855
826 835
826 1574
828 1853
828 1852
828 1854
829 1577
829 1578
830 1856
830 840
831 856
831 860
831 1568
832 858
832 2160
832 874
833 865
834 876
835 863
836 1858
836 1333
837 867
837 872
838 843
838 849
839 853
839 873
839 845
839 1579
840 1858
840 1749
840 2160
841 871
841 1476
841 844
842 1853
842 864
842 859
843 1777
844 849
845 878
845 1570
846 1576
846 1572
846 1573
847 1777
848 1581
848 861
849 1705
850 887
850 861
850 2152
851 860
852 862
853 1577
853 854
854 1572
854 1571
855 867
855 879
855 861
856 858
856 877
857 1849
865 875
865 868
866 1351
866 876
867 2152
869 876
870 1567
870 1568
871 1710
873 1854
874 2159
878 1855
880 893
881 895
881 2113
881 2110
882 883
882 2626
882 2113
883 892
883 2116
884 1586
884 1585
884 1249
885 1262
885 891
886 2239
886 896
887 2150
887 2151
888 1249
888 1245
888 1251
889 2017
889 897
890 909
891 1318
892 1586
892 1584
893 2017
894 1582
894 1245
894 1247
895 1250
898 905
898 2239
899 2704
900 900
900 904
901 912
902 2710
902 1694
903 913
903 2706
903 2660
905 2240
905 909
906 915
907 2702
908 2706
909 921
910 913
910 2704
910 916
911 2703
912 2149
912 2779
913 2705
914 2343
915 1693
915 1695
916 917
916 2703
917 2437
917 2702
918 1694
918 2019
918 1693
919 2710
920 2222
920 2240
920 1997
922 2758
922 2748
922 2747
922 2756
923 2744
923 1600
923 926
924 925
924 926
924 1600
926 2748
927 940
927 941
927 938
928 2755
928 2760
928 2463
929 2744
929 2758
930 1751
930 1752
931 943
931 937
932 2295
932 941
932 2509
933 1752
933 940
933 941
934 936
935 936
935 944
936 943
937 944
937 939
938 2763
940 1954
942 1398
942 2736
942 945
943 944
945 1396
945 2765
946 949
946 976
946 979
947 955
947 953
947 983
948 957
948 975
948 972
949 974
949 958
950 980
951 2701
951 1479
952 965
952 963
953 963
953 978
954 980
954 962
954 970
955 982
955 983
956 965
956 2470
956 2471
957 2701
958 974
959 977
960 980
960 1479
960 970
961 967
961 968
961 979
962 2654
963 1563
964 979
964 968
964 971
966 975
966 972
966 969
967 983
967 982
968 971
971 978
972 981
973 982
974 976
976 978
984 1621
984 1696
984 1610
986 1011
987 988
987 1012
987 1014
989 992
990 1481
991 1017
993 1001
993 1009
993 997
994 1006
994 1021
995 1012
996 1021
996 1006
998 2025
998 2026
999 2663
999 1003
999 2041
1000 1008
1000 1002
1001 1007
1001 1016
1002 1003
1003 1008
1004 1022
1004 1018
1005 1957
1005 1016
1006 1015
1009 1011
1009 1013
1010 1011
1012 1020
1013 2509
1013 1017
1014 2039
1018 1023
1018 1022
1019 1957
1023 1024
1025 1026
1026 1550
1029 2037
1029 1266
1030 1574
1031 1032
1035 2614
1035 2613
1036 2780
1037 2461
1037 2402
1038 1046
1039 1042
1039 1041
1039 1040
1042 1044
1042 1043
1044 1045
1044 1047
1045 1047
1045 1046
1046 1048
1047 1048
1047 1049
1048 1050
1049 1050
1049 1051
1050 1056
1051 1056
1051 1055
1052 1053
1052 1070
1052 1154
1053 1054
1053 1070
1054 1078
1054 1057
1055 1061
1055 1060
1056 1061
1057 1058
1057 1081
1058 1059
1058 1084
1059 1062
1059 1085
1060 1066
1060 2780
1061 1066
1062 1063
1062 1086
1063 1064
1063 1087
1064 1065
1064 2777
1065 1067
1065 2776
1066 1073
1067 2775
1067 1068
1068 1069
1068 2774
1069 1072
1069 2773
1070 1076
1071 1083
1071 1080
1071 2780
1072 1074
1072 2772
1073 1083
1073 2780
1074 1077
1074 2771
1075 1076
1075 1089
1075 1163
1076 1078
1076 1089
1077 1079
1077 2770
1078 1081
1078 1093
1079 1091
1079 1080
1080 2661
1081 1084
1081 1095
1082 1090
1082 1094
1082 1096
1083 1107
1084 1098
1084 1085
1085 1086
1085 1100
1086 1087
1086 1103
1087 2777
1087 1105
1088 1096
1089 1093
1090 1096
1090 1097
1091 2770
1091 2661
1091 1117
1092 1231
1092 1176
1092 1168
1093 1095
1094 1104
1094 2661
1094 1097
1095 1098
1096 1102
1097 1099
1097 1106
1098 1100
1099 1102
1099 1109
1100 1103
1101 2661
1101 1104
1101 1118
1102 1107
1102 1111
1103 1105
1104 1120
1104 1106
1105 1108
1106 1121
1106 1109
1107 1123
1108 1110
1108 2777
1109 1122
1109 1111
1110 1112
1110 2776
1111 1124
1111 1125
1112 1113
1112 2775
1113 1114
1113 2774
1114 1115
1114 2773
1115 1116
1115 2772
1116 1117
1116 2771
1117 2770
1118 1119
1118 1178
1119 1126
1119 1120
1120 1127
1120 1121
1121 1128
1121 1122
1122 1129
1122 1124
1123 1132
1123 1125
1124 1130
1124 1125
1125 1131
1132 1202
1133 1135
1134 1136
1134 1135
1135 1137
1135 1136
1136 1140
1138 1139
1138 1146
1138 1144
1139 1141
1139 1147
1140 1143
1140 1142
1141 1148
1141 1149
1143 1145
1143 1149
1143 1151
1144 1146
1144 1152
1146 1147
1147 1148
1148 1149
1149 1150
1150 1154
1150 1155
1152 1156
1152 1153
1154 1163
1155 1164
1155 1162
1156 1158
1156 1157
1157 1159
1157 1161
1157 1158
1159 1160
1159 1171
1160 1162
1160 1166
1161 1171
1161 1170
1162 1164
1163 1164
1163 1165
1164 1165
1165 1168
1166 1173
1166 1168
1167 1169
1169 1172
1169 1170
1170 1171
1173 1174
1173 1175
1174 1175
1176 1177
1177 1178
1178 1179
1179 1179
1180 1407
1180 1475
1180 1476
1181 1416
1183 1513
1183 1508
1184 1500
1185 1504
1186 1272
1186 1328
1186 1187
1187 1986
1187 1188
1188 1993
1188 1767
1189 1993
1189 2248
1190 1213
1190 1211
1190 1196
1192 1764
1193 1208
1195 1198
1196 1227
1196 1197
1198 1215
1198 1221
1199 1212
1199 1208
1199 1200
1200 1226
1200 1761
1200 1759
1201 1228
1203 1223
1203 1210
1203 1762
1204 1234
1205 1210
1205 1764
1205 1220
1206 1206
1207 1216
1208 1212
1209 1225
1211 1224
1211 1213
1212 1222
1212 1219
1213 1217
1214 1244
1216 1225
1217 1225
1218 1219
1218 1762
1218 1222
1219 1766
1219 1763
1220 1761
1222 1226
1223 1763
1223 1764
1226 1760
1229 1239
1230 1237
1230 1232
1231 1597
1231 1234
1232 1233
1233 2038
1234 1594
1235 1238
1235 1241
1236 1594
1236 1597
1237 1239
1237 1240
1238 1422
1239 1241
1240 2420
1242 1244
1242 1243
1245 1247
1246 1252
1246 1248
1246 1251
1247 1252
1248 1252
1248 1683
1248 2018
1249 1250
1253 2394
1253 2378
1253 2634
1254 2402
1254 1255
1254 2378
1254 2400
1255 2296
1255 2778
1256 1258
1256 1257
1256 1261
1256 1260
1257 1587
1257 1525
1258 1259
1258 1261
1259 1260
1260 1527
1262 1265
1262 1267
1263 1754
1264 1267
1265 2608
1265 1754
1268 1497
1268 1495
1269 2646
1269 1270
1271 2020
1271 2030
1272 2238
1273 1876
1273 1660
1274 1279
1274 1748
1275 1661
1275 1877
1275 1666
1276 1299
1276 1292
1276 1278
1277 1873
1277 1875
1277 1874
1278 1291
1278 1744
1279 1886
1279 1678
1280 1291
1280 2616
1281 1293
1281 1303
1282 1284
1282 1296
1282 1297
1282 1294
1283 1302
1283 1296
1283 1287
1283 1294
1284 1290
1284 1286
1285 1338
1285 1478
1286 1294
1286 1290
1286 1298
1287 1300
1287 1293
1287 1302
1288 1300
1288 1744
1289 1292
1290 1298
1290 1745
1291 2615
1293 1295
1294 1301
1295 1303
1295 1302
1296 1302
1297 1303
1297 1299
1298 1301
1299 1745
1300 1301
1304 1305
1304 2164
1304 2418
1305 2034
1305 1306
1305 1559
1306 2164
1306 2163
1306 2210
1307 1507
1308 1633
1309 1477
1311 1311
1313 1319
1313 1320
1314 2669
1314 1323
1315 1321
1315 1323
1317 1319
1318 2619
1318 1319
1320 1321
1327 1988
1328 2020
1328 2238
1328 1996
1329 1996
1329 1977
1330 1347
1330 2159
1331 1473
1331 1347
1331 1345
1332 1352
1332 2316
1333 1351
1333 1749
1334 2670
1334 2667
1334 1520
1334 2678
1335 1520
1336 1337
1339 1340
1339 2147
1341 1862
1341 1342
1342 1343
1342 1354
1343 1344
1343 1353
1346 1348
1347 1348
1348 1349
1349 1350
1350 1355
1353 1862
1355 1859
1357 2439
1357 2396
1357 2465
1358 2728
1359 2757
1359 2284
1360 1361
1361 1390
1362 2572
1363 2568
1363 2566
1363 2567
1364 1365
1365 2563
1365 2562
1365 2567
1366 1367
1366 1567
1368 1370
1368 1369
1371 1378
1371 1373
1371 1380
1372 1376
1372 1372
1373 1378
1373 1382
1374 1379
1374 1383
1374 1377
1375 1381
1375 2384
1375 2388
1376 1377
1376 2328
1377 1383
1378 1382
1379 1380
1379 1381
1380 2387
1381 1383
1382 2388
1384 1385
1385 1387
1385 1386
1386 1387
1386 1388
1387 1387
1389 2643
1390 2390
1390 2643
1391 1392
1393 1402
1393 1395
1393 1394
1394 1402
1394 1401
1395 1399
1395 1400
1396 2322
1396 1399
1397 1399
1398 1712
1398 1400
1400 1401
1401 1402
1403 1404
1404 1406
1404 1405
1405 1406
1406 1712
1407 2648
1407 1410
1408 1778
1408 1409
1409 1410
1411 1412
1411 1418
1411 1415
1413 1416
1413 1414
1414 1419
1414 1418
1417 1418
1420 1421
1420 2389
1422 1423
1422 1424
1425 1428
1425 1436
1425 1432
1426 1433
1427 1428
1427 1432
1427 1433
1428 1430
1429 1431
1429 1434
1430 1431
1430 1436
1431 1435
1432 1433
1434 1435
1435 1436
1437 1443
1437 1441
1438 1440
1439 1442
1439 1441
1440 1442
1440 1441
1441 1443
1442 1466
1444 1467
1444 1463
1444 1457
1445 2162
1445 1451
1446 1467
1446 1447
1446 1453
1447 1459
1447 1454
1448 1462
1448 1461
1448 1458
1449 1462
1449 1461
1449 1456
1449 1464
1450 1456
1450 1462
1450 1455
1451 1472
1452 1453
1452 1467
1452 1463
1453 1684
1454 1459
1454 1457
1455 1465
1455 1458
1456 1460
1456 1465
1457 1459
1458 1466
1459 1467
1460 1464
1460 1465
1461 1464
1461 1685
1463 1472
1466 1469
1468 1471
1468 1470
1469 1470
1469 1471
1470 1686
1473 1474
1475 1476
1478 1641
1478 1869
1480 1481
1481 1482
1483 1802
1483 1489
1484 1488
1484 1492
1485 1491
1485 1488
1486 1487
1486 1802
1486 1803
1487 2127
1488 1492
1488 1489
1490 1974
1490 1802
1490 2127
1491 1803
1493 1505
1493 1504
1494 1498
1495 1519
1495 1500
1496 1501
1496 1502
1497 1504
1498 1503
1498 1501
1499 1506
1499 1503
1500 1509
1500 1502
1502 1511
1506 1633
1507 1633
1508 1509
1508 1512
1509 1510
1510 1512
1510 1511
1513 1519
1515 1520
1515 1521
1515 1517
1517 1521
1517 1518
1518 1522
1521 1522
1523 1524
1523 2689
1524 1529
1524 1526
1525 1527
1525 1529
1526 1528
1527 1528
1529 2695
1530 2700
1531 1533
1531 1536
1531 1540
1532 1538
1532 1535
1532 1542
1534 1536
1534 1538
1535 1542
1537 1540
1537 1542
1538 1539
1543 1551
1544 1546
1544 1558
1544 1552
1545 1546
1545 1548
1545 1552
1546 1552
1546 1548
1547 1554
1548 1556
1549 1555
1550 1558
1551 1555
1551 1554
1552 1555
1553 1555
1554 1557
1557 1830
1560 2691
1560 2690
1561 2363
1562 2363
1563 2646
1563 1564
1564 2613
1565 2345
1565 2349
1565 1566
1566 2348
1567 1943
1572 1577
1573 1573
1575 1576
1575 1575
1576 1578
1578 1581
1580 1582
1583 2243
1583 2151
1583 1584
1584 1585
1585 1586
1587 1888
1588 1634
1588 1590
1589 2650
1589 1593
1590 1591
1590 1593
1591 1593
1591 1592
1594 1597
1595 1597
1596 1599
1598 2416
1598 2420
1600 2742
1602 1606
1603 1606
1604 1609
1604 1608
1605 1609
1605 1610
1606 1607
1607 1611
1607 1610
1608 1612
1609 1613
1609 1612
1612 1614
1613 1614
1615 1623
1615 1616
1615 1625
1616 1624
1616 1617
1617 1626
1617 1618
1618 1627
1618 1619
1619 1696
1619 1628
1619 1629
1620 1621
1620 1620
1621 1622
1622 1630
1623 1624
1623 1632
1624 1626
1626 1627
1627 1628
1628 1629
1629 1630
1630 1631
1634 1637
1635 1636
1636 2295
1638 1765
1639 1640
1640 1642
1640 1644
1641 1765
1641 1642
1643 1643
1643 1644
1644 1765
1645 1646
1645 2034
1646 1648
1646 1647
1647 1648
1649 1651
1649 2302
1649 2305
1650 1653
1650 1659
1651 1653
1651 1652
1652 1654
1653 1656
1654 1655
1654 1657
1655 1658
1656 1659
1656 1657
1658 2003
1659 1660
1659 1887
1660 1881
1660 1880
1661 1663
1661 1662
1662 1665
1662 1878
1663 1672
1663 1878
1663 1666
1664 1879
1664 2354
1664 1674
1665 1669
1665 1880
1666 1667
1667 1668
1667 1670
1668 1671
1668 1879
1669 1673
1669 1878
1670 1886
1670 1672
1671 1674
1671 1676
1672 2356
1672 1673
1673 2355
1674 1676
1675 1882
1675 1678
1675 1880
1676 1677
1678 1679
1679 2359
1679 2360
1680 1681
1681 1682
1681 1683
1682 1683
1684 1685
1685 1686
1688 2651
1688 1689
1689 1689
1690 2253
1690 1692
1690 2251
1691 1692
1691 2251
1693 1695
1693 2297
1694 1695
1695 2710
1696 2022
1697 2003
1698 1707
1698 1718
1698 1731
1699 1701
1699 1723
1699 1731
1700 1732
1700 1715
1700 1721
1701 1723
1701 1720
1702 1728
1702 1730
1702 1703
1703 1729
1703 1711
1704 1731
1704 1717
1704 1718
1704 1723
1705 1715
1706 1711
1706 1724
1706 1722
1707 1709
1708 1709
1709 1718
1710 1714
1710 1721
1711 1716
1712 1727
1713 1723
1715 1726
1716 1729
1716 1719
1720 1728
1720 1729
1722 1726
1722 1725
1723 1732
1724 1728
1724 1725
1725 1732
1726 1732
1727 2377
1727 2324
1733 1739
1733 1742
1734 1738
1734 1736
1734 1737
1735 1737
1735 1741
1736 2469
1738 1739
1740 1969
1740 1968
1741 1741
1743 2617
1743 2614
1744 1745
1746 1881
1746 1885
1747 2423
1747 2422
1750 2659
1751 1752
1753 2321
1754 1755
1756 1757
1759 1846
1759 1761
1760 1761
1762 1763
1763 1766
1766 2633
1767 2638
1767 1768
1768 1769
1768 1775
1768 1975
1769 1770
1769 1984
1770 1775
1770 1772
1771 1773
1772 1774
1772 1773
1773 1774
1774 1776
1777 2352
1778 2350
1779 1780
1779 2548
1780 2549
1780 2550
1781 1782
1781 1783
1782 1784
1782 2237
1783 1784
1786 1787
1791 1792
1792 1794
1793 1795
1795 1842
1796 1797
1796 1798
1799 1800
1801 1974
1802 1803
1805 1808
1806 1809
1807 1810
1808 1809
1809 1810
1811 1812
1811 1813
1811 1815
1812 1815
1812 1816
1813 1816
1814 1819
1815 1819
1815 1818
1816 1818
1817 1820
1818 1820
1819 1821
1820 1821
1821 1822
1822 1823
1822 1904
1823 1920
1823 1824
1824 1825
1824 1920
1825 2695
1826 2478
1826 2476
1827 1828
1829 1830
1831 1833
1832 1842
1833 1843
1833 1835
1834 1836
1835 1836
1835 1838
1836 1837
1837 1838
1837 1839
1838 1843
1839 1840
1839 1841
1841 1843
1845 1846
1845 1847
1846 1848
1849 2268
1850 1852
1850 2332
1851 1852
1853 1854
1857 1858
1859 1861
1860 1863
1862 1865
1864 2309
1864 2313
1866 1867
1868 1871
1870 1871
1871 1872
1875 1877
1875 1876
1876 1877
1879 2354
1880 1883
1881 1883
1881 1887
1882 2355
1882 1884
1883 1885
1885 2360
1886 2356
1888 1889
1889 1890
1890 2457
1891 1893
1891 2458
1892 1904
1893 1894
1894 1896
1895 1898
1895 1899
1895 1900
1896 1897
1896 2459
1897 1898
1897 2459
1898 1900
1899 1901
1899 1905
1900 1901
1900 2459
1901 1902
1902 1903
1902 1910
1904 1906
1905 1907
1905 1908
1907 1909
1907 1915
1908 1911
1910 1922
1910 1923
1910 1913
1911 1916
1912 1915
1913 1919
1913 1916
1914 1918
1915 1918
1915 1916
1916 1917
1918 1920
1918 1922
1921 1922
1924 1933
1924 2722
1924 2720
1924 1928
1925 2719
1925 1928
1926 1927
1926 1931
1926 1934
1927 1929
1927 2726
1928 2720
1929 1931
1929 2575
1930 2725
1930 1935
1931 2573
1931 1933
1932 1934
1932 2574
1932 1933
1934 2725
1936 1938
1937 1938
1939 1940
1939 2620
1940 2619
1941 1942
1942 1944
1942 1943
1945 1946
1947 1948
1948 1949
1949 1950
1951 1952
1951 2390
1952 2364
1953 1954
1955 1956
1956 1957
1956 1958
1959 1962
1960 1961
1961 1962
1961 1964
1962 1963
1965 1966
1966 1967
1966 1968
1970 1973
1971 1972
1973 2421
1975 1987
1976 2248
1978 1994
1979 1981
1980 1991
1980 1999
1981 1982
1981 1994
1982 1999
1983 1994
1984 1987
1984 1992
1985 1992
1986 2249
1987 2000
1988 2238
1989 1991
1989 2011
1989 2006
1990 1996
1992 2002
1993 1998
1995 2000
1998 2249
1999 2005
2002 2005
2002 2013
2004 2008
2004 2010
2004 2009
2005 2011
2006 2007
2006 2010
2007 2715
2007 2033
2008 2012
2008 2011
2010 2033
2012 2013
2014 2297
2015 2227
2017 2242
2019 2253
2019 2023
2020 2027
2021 2024
2021 2029
2022 2635
2025 2032
2026 2031
2026 2028
2028 2031
2034 2035
2035 2036
2039 2040
2041 2042
2041 2044
2042 2046
2042 2047
2043 2044
2044 2045
2046 2046
2049 2050
2050 2052
2050 2135
2051 2135
2052 2139
2053 2054
2053 2056
2053 2059
2054 2055
2054 2126
2055 2056
2057 2131
2057 2139
2057 2141
2057 2129
2058 2143
2059 2143
2059 2141
2060 2068
2060 2066
2060 2063
2061 2072
2061 2061
2062 2070
2062 2063
2062 2068
2063 2064
2064 2065
2064 2070
2065 2072
2065 2067
2066 2067
2066 2069
2067 2071
2068 2069
2069 2071
2071 2073
2072 2073
2074 2095
2074 2092
2074 2075
2075 2076
2075 2100
2076 2091
2076 2092
2077 2078
2077 2087
2077 2306
2078 2082
2078 2081
2079 2080
2079 2093
2079 2102
2080 2081
2080 2085
2081 2087
2082 2102
2082 2083
2083 2306
2083 2089
2084 2094
2084 2093
2084 2085
2085 2086
2086 2092
2086 2087
2088 2091
2088 2306
2088 2089
2089 2090
2090 2098
2090 2097
2091 2097
2092 2094
2093 2096
2093 2101
2094 2104
2094 2095
2096 2099
2097 2100
2097 2105
2098 2099
2098 2103
2098 2102
2101 2315
2101 2310
2103 2105
2104 2315
2106 2690
2107 2230
2108 2691
2109 2691
2109 2692
2110 2110
2111 2117
2111 2112
2111 2116
2113 2115
2114 2115
2115 2117
2116 2117
2119 2120
2119 2121
2122 2123
2123 2124
2123 2125
2124 2128
2124 2129
2125 2128
2125 2127
2126 2128
2126 2129
2130 2140
2130 2133
2130 2144
2131 2140
2131 2132
2132 2138
2132 2139
2133 2142
2133 2144
2134 2136
2134 2135
2136 2137
2136 2138
2137 2140
2137 2142
2137 2138
2140 2141
2143 2144
2144 2145
2146 2632
2147 2148
2148 2647
2149 2340
2150 2151
2153 2417
2155 2157
2155 2432
2156 2157
2157 2158
2159 2160
2162 2163
2164 2204
2165 2177
2165 2180
2165 2179
2166 2205
2167 2169
2167 2168
2168 2170
2169 2171
2169 2170
2170 2172
2171 2173
2171 2172
2172 2174
2173 2175
2173 2174
2174 2176
2175 2177
2175 2176
2176 2178
2177 2178
2178 2179
2179 2181
2180 2182
2180 2181
2181 2183
2182 2184
2182 2183
2183 2185
2184 2186
2184 2185
2185 2187
2186 2188
2186 2187
2187 2189
2188 2190
2188 2189
2189 2191
2190 2192
2190 2191
2191 2193
2192 2194
2192 2193
2193 2197
2194 2196
2194 2195
2196 2198
2196 2197
2197 2199
2198 2200
2198 2199
2199 2201
2200 2202
2200 2201
2201 2203
2202 2204
2202 2203
2203 2205
2204 2205
2206 2207
2207 2208
2207 2209
2208 2208
2212 2532
2212 2213
2213 2213
2214 2532
2214 2215
2215 2258
2216 2220
2216 2217
2218 2220
2218 2259
2218 2219
2219 2266
2220 2258
2221 2223
2221 2708
2222 2226
2223 2224
2225 2226
2227 2228
2228 2228
2229 2230
2229 2229
2230 2237
2231 2232
2232 2234
2233 2234
2234 2236
2235 2236
2236 2237
2239 2240
2241 2242
2241 2244
2242 2244
2243 2626
2243 2244
2246 2247
2250 2251
2252 2253
2254 2255
2255 2260
2255 2261
2256 2261
2257 2262
2259 2260
2261 2262
2262 2263
2263 2266
2263 2264
2265 2266
2267 2272
2267 2268
2268 2269
2269 2270
2269 2271
2270 2271
2270 2272
2271 2272
2273 2329
2274 2275
2274 2329
2274 2382
2275 2277
2275 2278
2275 2280
2276 2382
2277 2382
2277 2326
2279 2330
2280 2330
2280 2727
2281 2362
2281 2367
2281 2366
2282 2752
2282 2283
2283 2283
2285 2287
2286 2289
2286 2290
2286 2288
2287 2289
2287 2288
2288 2289
2290 2291
2290 2396
2292 2295
2293 2294
2294 2702
2294 2464
2296 2714
2296 2464
2297 2711
2298 2445
2298 2299
2298 2300
2299 2300
2300 2358
2301 2305
2301 2303
2302 2304
2303 2304
2304 2305
2307 2316
2308 2310
2309 2310
2309 2311
2311 2312
2311 2313
2312 2314
2314 2315
2317 2318
2317 2732
2319 2320
2319 2362
2320 2735
2321 2322
2323 2324
2324 2325
2327 2727
2328 2329
2329 2330
2330 2331
2331 2475
2331 2727
2331 2332
2332 2727
2333 2335
2334 2337
2335 2337
2335 2336
2337 2338
2338 2339
2338 2340
2340 2341
2342 2343
2343 2705
2344 2634
2346 2348
2347 2560
2348 2560
2350 2352
2350 2351
2351 2352
2353 2354
2355 2356
2357 2358
2360 2361
2363 2364
2364 2365
2366 2367
2366 2394
2367 2368
2368 2734
2368 2397
2369 2370
2370 2371
2370 2372
2372 2373
2372 2374
2374 2375
2375 2376
2378 2634
2381 2461
2383 2386
2384 2386
2384 2387
2385 2386
2386 2388
2387 2586
2390 2391
2391 2392
2392 2393
2395 2660
2396 2757
2397 2401
2398 2399
2399 2400
2399 2401
2400 2734
2401 2734
2402 2403
2404 2778
2405 2778
2406 2779
2407 2779
2408 2779
2408 2410
2409 2410
2410 2411
2412 2651
2413 2651
2414 2415
2416 2417
2417 2418
2418 2419
2419 2651
2419 2420
2421 2716
2424 2427
2424 2426
2424 2433
2425 2433
2425 2429
2425 2434
2427 2428
2427 2429
2429 2430
2431 2432
2432 2433
2435 2436
2437 2465
2437 2464
2438 2634
2438 2439
2438 2714
2439 2714
2440 2452
2440 2450
2440 2448
2441 2442
2441 2453
2441 2452
2442 2443
2443 2453
2444 2449
2444 2445
2444 2450
2445 2447
2445 2446
2446 2447
2446 2449
2447 2448
2448 2449
2450 2451
2451 2452
2451 2453
2454 2455
2456 2553
2457 2458
2461 2735
2462 2728
2462 2730
2463 2750
2464 2465
2465 2714
2466 2760
2466 2753
2467 2468
2468 2469
2470 2471
2471 2603
2472 2563
2472 2568
2473 2474
2473 2473
2477 2478
2479 2479
2480 2482
2480 2486
2481 2482
2482 2483
2484 2486
2485 2486
2486 2635
2487 2488
2488 2505
2488 2500
2489 2491
2490 2491
2491 2492
2492 2494
2492 2508
2493 2495
2494 2495
2494 2497
2495 2508
2495 2496
2496 2497
2496 2499
2497 2498
2498 2499
2498 2500
2499 2501
2500 2502
2501 2502
2501 2504
2502 2503
2503 2504
2503 2505
2504 2509
2505 2506
2507 2508
2510 2511
2510 2512
2510 2514
2512 2513
2512 2515
2513 2515
2513 2514
2514 2519
2516 2517
2517 2518
2517 2546
2518 2519
2518 2547
2519 2520
2520 2521
2521 2522
2522 2547
2522 2524
2523 2547
2523 2524
2523 2542
2524 2525
2526 2527
2527 2529
2527 2531
2528 2529
2529 2530
2530 2544
2530 2533
2531 2532
2531 2544
2534 2542
2534 2536
2534 2537
2535 2538
2535 2536
2536 2537
2537 2538
2539 2540
2540 2541
2540 2542
2543 2546
2543 2545
2543 2544
2545 2546
2545 2547
2548 2549
2550 2550
2551 2552
2554 2555
2556 2557
2557 2561
2557 2558
2558 2559
2558 2561
2560 2561
2564 2567
2564 2566
2564 2565
2565 2575
2566 2569
2568 2571
2569 2577
2569 2570
2570 2571
2570 2572
2572 2577
2573 2574
2576 2580
2577 2578
2578 2579
2578 2583
2578 2582
2579 2580
2579 2581
2579 2582
2580 2582
2581 2583
2581 2585
2583 2584
2587 2588
2588 2595
2588 2594
2589 2591
2589 2595
2589 2597
2590 2591
2591 2592
2591 2594
2593 2594
2595 2596
2598 2600
2599 2750
2599 2746
2599 2755
2600 2750
2602 2659
2603 2605
2603 2606
2604 2605
2607 2610
2607 2609
2607 2608
2611 2612
2612 2613
2614 2618
2615 2617
2615 2616
2616 2618
2617 2618
2619 2620
2621 2622
2622 2623
2624 2629
2625 2629
2626 2627
2628 2629
2629 2631
2630 2631
2632 2633
2636 2637
2636 2641
2636 2638
2637 2638
2639 2639
2639 2641
2640 2641
2641 2642
2643 2644
2645 2646
2649 2650
2650 2754
2652 2653
2654 2657
2655 2656
2655 2657
2656 2657
2662 2663
2664 2665
2665 2670
2665 2666
2668 2669
2671 2674
2671 2673
2672 2675
2672 2678
2672 2674
2673 2674
2673 2675
2675 2687
2676 2677
2676 2681
2676 2680
2677 2679
2677 2682
2678 2688
2681 2683
2681 2682
2682 2684
2683 2685
2683 2684
2684 2686
2685 2687
2685 2686
2686 2688
2687 2688
2690 2700
2692 2693
2693 2694
2694 2695
2696 2699
2697 2698
2698 2699
2702 2703
2703 2704
2704 2705
2705 2706
2706 2707
2707 2708
2708 2709
2709 2710
2711 2713
2712 2713
2717 2718
2717 2719
2718 2719
2720 2722
2721 2722
2721 2723
2722 2724
2723 2724
2724 2725
2725 2726
2728 2733
2729 2732
2729 2733
2730 2733
2730 2731
2731 2732
2736 2739
2737 2740
2738 2739
2738 2742
2738 2740
2739 2740
2741 2742
2742 2743
2743 2745
2743 2744
2746 2749
2746 2747
2747 2751
2748 2751
2750 2751
2752 2753
2753 2757
2754 2755
2758 2759
2760 2761
2762 2763
2764 2767
2764 2768
2765 2766
2768 2769
2770 2771
2771 2772
2772 2773
2773 2774
2774 2775
2775 2776
2776 2777
