0 1500
0 1232
1 3196
1 263
1 1500
1 2583
1 735
2 628
2 852
2 1148
2 244
3 1472
3 4
3 1921
3 1990
4 1767
4 1575
5 38
5 87
5 6
5 804
6 8
6 1191
7 36
7 1191
7 28
8 695
8 9
9 693
9 1509
10 2592
11 1100
11 205
11 1101
12 55
12 631
12 53
13 2739
13 660
13 659
14 1029
14 212
14 213
15 1296
15 2408
15 2409
16 1803
16 1866
16 2575
16 3191
17 2623
17 336
17 2953
18 547
18 140
18 497
18 533
19 522
19 143
19 542
20 2131
20 2493
20 21
20 147
21 25
21 1099
21 147
22 151
22 3210
22 535
23 1241
23 3599
23 200
23 479
24 198
24 199
24 196
25 1099
25 1372
26 1017
26 2444
26 3459
27 987
27 2685
27 2687
28 1256
28 31
29 30
29 3576
29 3568
30 2677
30 3574
31 3562
31 1256
31 32
32 33
32 34
32 36
35 36
37 3741
37 3589
37 3723
38 3226
38 2543
39 40
39 3226
39 1861
40 2539
40 790
41 49
41 51
41 1878
42 44
42 45
42 3217
43 2646
43 47
43 93
44 95
44 93
45 1652
45 46
46 98
46 2675
47 2675
47 2650
48 49
48 449
48 2646
49 2650
50 2741
50 54
50 1114
51 3550
51 88
51 1238
52 1958
52 57
52 58
53 55
53 54
54 90
55 56
56 1957
56 446
57 3414
57 1957
58 208
58 63
59 62
59 326
59 2625
60 63
60 1024
60 61
61 62
61 1988
62 2472
63 1844
64 69
64 201
64 70
65 72
65 3442
65 68
66 69
66 71
66 223
66 67
67 224
67 1181
68 69
68 160
69 1311
70 73
70 2472
71 73
71 223
72 1181
72 2115
73 1988
74 77
74 79
74 3442
75 1119
75 79
75 1872
76 1872
76 1871
76 78
77 78
77 166
78 166
79 3457
80 83
80 84
80 1384
81 86
81 83
81 1608
82 1610
82 84
82 85
83 1031
84 1871
85 86
85 1607
86 805
87 1129
87 792
87 3229
88 1460
88 2745
88 631
89 2937
89 2936
89 1876
89 635
90 658
90 92
91 843
91 671
92 2633
92 2741
93 96
94 96
94 439
94 1515
95 381
95 96
97 99
97 98
97 2648
98 2648
99 100
99 2744
100 2977
100 455
100 1652
101 2977
101 102
101 2978
102 103
102 1971
103 2979
103 104
104 1355
104 2502
104 3015
105 1654
105 376
105 1641
105 1658
105 1660
106 107
106 130
106 129
106 3068
107 2873
107 126
108 3093
108 1592
108 1594
109 3408
109 2881
109 3405
110 2854
110 137
110 135
110 136
110 2882
111 2856
111 191
111 2632
112 2855
112 191
112 2861
113 2883
113 2857
113 126
113 404
113 2878
114 3689
114 697
114 131
115 3645
115 1454
115 1910
115 3236
116 117
116 1910
116 1911
117 2822
117 335
118 3104
118 1515
118 2048
118 2624
119 1696
119 445
119 365
119 120
120 121
120 2822
121 122
121 2822
122 335
122 367
123 1910
123 1692
123 1911
124 3099
124 1513
124 627
124 3097
125 1593
125 1592
125 3100
126 127
126 2878
127 128
127 404
128 129
128 405
129 382
130 2422
130 3068
130 2865
131 3691
131 3095
132 133
132 2031
132 191
132 1049
133 135
133 3410
133 134
134 357
134 3411
134 136
134 356
134 1047
135 2632
135 2853
136 137
137 354
138 2953
138 2623
138 381
139 572
139 533
139 532
140 142
140 547
141 143
141 142
141 523
142 504
143 536
144 873
144 522
144 2828
145 2448
145 2459
145 3544
146 151
146 149
146 1099
147 150
148 150
148 149
148 152
149 152
150 358
151 2123
152 2124
152 2123
153 1104
153 1243
153 1242
154 981
154 2132
154 993
155 2293
155 582
155 2294
156 1662
156 1445
156 2329
157 159
157 759
157 1511
158 159
159 350
160 1311
160 161
161 2013
161 1312
162 428
162 1312
162 163
163 1310
163 2020
164 1603
164 165
164 432
165 432
165 415
166 192
166 2019
167 2019
167 168
167 1308
168 2534
168 490
169 170
169 2533
169 1397
170 171
170 1599
171 1398
171 172
172 1273
172 2884
173 1591
173 1593
173 1595
174 887
174 175
174 3096
175 2865
175 176
176 177
176 361
176 190
177 3035
177 190
178 179
178 3742
178 3037
179 2712
179 3041
180 2505
180 190
180 2421
181 185
181 186
181 189
182 184
182 1248
182 1095
183 186
183 184
183 187
184 188
185 1097
185 1251
186 189
187 188
187 2712
188 1857
188 1855
189 535
192 1387
192 1871
192 901
193 388
193 2840
193 194
194 1608
194 3747
194 1031
195 2651
195 1571
195 1569
196 197
196 2514
197 2512
197 2544
198 3601
198 199
198 3209
199 2544
200 485
200 3600
200 3601
201 1315
201 1314
201 1311
202 426
202 428
202 1314
203 1106
203 1109
203 426
204 1468
204 1299
204 1109
205 1468
205 704
206 207
206 1024
206 1956
206 2743
207 2634
207 1114
208 2742
208 1958
209 214
209 1291
209 1288
210 213
210 2405
210 214
211 1932
211 1164
211 212
212 213
214 1288
215 222
215 2641
215 220
215 219
216 222
216 2436
216 2669
217 219
217 3098
217 3394
218 219
218 1513
218 3099
219 220
220 221
221 887
221 3394
221 2436
222 2668
223 1770
224 1778
224 225
225 1771
225 1470
226 3438
226 228
226 3449
227 1575
227 228
227 3438
228 230
228 1800
229 3136
229 256
229 3137
230 1842
230 1843
231 233
231 246
231 234
232 236
232 235
232 233
233 246
234 1559
234 1842
235 1843
235 236
236 1779
237 1779
237 2802
237 2801
238 239
238 2801
238 240
239 243
239 2802
240 242
240 1841
241 262
241 628
241 242
242 628
243 1115
243 1116
244 2805
244 2806
245 1116
245 2807
245 1115
245 2847
246 1546
247 2811
247 2809
247 1548
248 741
248 1840
248 1839
249 253
249 3234
249 250
250 251
250 3136
251 255
251 252
252 253
252 254
253 3134
254 3196
254 3134
255 259
255 256
256 257
257 3137
257 258
258 259
258 3109
259 1802
260 1169
260 1980
260 1979
260 1981
261 2500
261 2499
262 2096
262 1921
263 2498
263 678
263 2495
264 2471
264 267
264 2512
265 762
265 266
266 272
266 269
267 2636
267 3209
268 269
268 270
268 273
269 272
270 273
270 271
271 272
271 2470
273 3757
274 3752
274 275
274 3756
275 3751
275 276
276 3750
276 277
277 3753
277 278
278 1404
278 3754
279 2507
279 2532
279 1354
280 771
280 285
280 284
281 772
281 282
281 410
282 410
282 771
283 284
283 1134
283 772
284 772
285 771
285 1405
286 288
286 3374
286 1044
287 291
287 1619
287 288
287 1617
288 1617
289 1044
289 290
289 292
290 3278
290 291
291 3277
292 3278
292 3683
292 3666
293 2353
293 298
293 302
294 296
294 295
294 300
295 301
295 299
296 297
296 3243
297 298
297 3244
298 302
299 1226
299 2353
300 3326
300 301
300 3679
301 3678
301 3688
302 831
303 3324
303 3321
303 2383
304 3324
304 3332
304 343
305 1359
305 308
305 1358
306 1358
306 1355
306 1356
307 1357
307 309
307 1359
308 3021
308 1358
309 3025
309 1359
310 3220
310 1651
310 1654
311 1639
311 1637
311 1640
312 315
312 3002
312 466
312 1627
313 2090
313 2084
313 2092
314 656
314 655
314 646
315 2093
315 474
315 2084
316 1460
316 2968
316 2061
317 2864
317 2964
317 318
317 447
317 2965
318 891
318 2030
319 323
319 2030
319 1307
320 712
320 321
320 1307
320 2631
321 322
321 708
322 1117
322 324
323 2475
323 2631
324 327
324 325
325 326
325 327
326 2625
327 699
328 2862
328 697
328 2032
329 3627
329 2834
329 3617
329 1685
330 2411
330 1383
330 2412
331 2033
331 1795
331 2416
332 944
332 941
332 1457
333 2833
333 334
333 420
334 3095
334 1094
335 1911
336 3218
336 2465
337 367
337 366
337 494
337 1696
338 339
338 527
338 351
339 2621
339 2620
340 2621
340 1092
340 1183
340 1093
341 346
341 347
341 586
342 347
342 343
342 3332
343 344
344 723
344 345
345 346
345 348
346 348
347 586
348 2384
349 2616
349 2313
349 2307
349 759
350 1364
350 759
350 2616
351 493
351 352
352 508
352 353
353 368
353 493
354 3484
354 3102
354 357
355 492
355 356
355 1087
356 2867
357 3411
358 359
358 2124
359 2118
360 3041
360 3043
360 361
361 887
362 1507
362 2427
362 2702
362 2269
363 2326
363 2332
363 2196
363 2312
364 1512
364 3547
364 2196
365 3106
365 1697
366 2435
366 2465
367 514
368 1047
368 1050
368 1453
369 1375
369 373
369 374
370 374
370 1378
370 371
370 1376
371 1376
371 1374
372 1374
372 1377
372 373
373 1375
374 1378
375 1378
375 376
375 2071
376 2070
376 626
377 2070
377 2071
377 1846
378 1846
378 567
378 379
379 567
379 874
380 3216
380 553
380 551
381 2953
382 890
382 3067
382 886
382 383
383 1873
383 384
384 1263
384 1573
385 1573
385 1260
385 386
386 1259
386 387
387 1263
387 1514
388 1385
388 1874
388 1031
389 1386
389 1388
389 1385
390 882
390 884
390 1262
391 392
391 886
391 1597
392 406
392 885
393 3253
393 394
393 406
394 400
394 1265
395 409
395 403
395 399
396 397
396 491
396 407
397 398
397 489
398 408
398 407
399 3395
399 408
400 1391
400 401
401 1266
401 1390
402 934
402 935
402 1268
403 1267
403 934
404 1273
404 3253
405 406
405 1392
407 409
408 409
410 2838
411 2528
411 2836
411 2838
412 2503
412 1137
412 2526
413 417
413 3091
413 2859
413 2854
414 415
414 417
414 3733
415 416
416 417
416 2859
418 422
418 435
418 421
418 2831
419 434
419 437
419 433
420 2021
420 3694
421 2830
421 2859
421 2852
422 2021
422 436
423 1027
423 3718
423 1303
424 433
424 425
424 1027
425 427
425 426
427 428
427 429
429 431
429 430
430 433
430 432
430 2020
432 434
434 435
435 436
436 437
437 2021
438 1464
438 2050
438 1878
439 2050
439 449
439 2049
440 1238
440 448
440 1237
441 2053
441 445
441 2048
442 1237
442 443
442 3236
442 445
442 450
443 1317
443 2042
444 2044
444 2046
444 2054
444 2042
446 447
446 1466
447 2864
448 1462
448 2065
449 2646
450 3236
450 454
450 3645
451 880
451 452
451 2074
452 2990
452 460
452 2986
453 2039
453 2035
454 1687
455 2986
455 458
456 2074
456 459
456 457
457 881
457 2956
458 2992
458 2975
458 2974
459 2733
460 2074
460 2985
461 2958
461 1637
461 1740
462 471
462 463
463 464
464 473
464 465
465 777
465 1510
466 467
466 2080
467 468
467 2079
468 469
468 2077
470 2079
471 472
471 2080
472 472
473 473
474 475
474 2085
475 778
475 477
476 2093
476 687
476 636
476 477
478 3257
478 486
478 900
479 3596
479 488
480 3031
480 488
480 484
481 483
481 1254
481 2422
482 1254
483 3032
483 3031
483 484
484 2537
484 1254
485 487
485 486
486 487
487 488
488 1104
489 1875
489 1396
490 491
490 1395
491 936
492 1092
492 493
494 495
494 515
495 516
495 496
496 2467
496 497
497 504
498 515
498 499
498 514
499 509
499 508
499 500
500 529
500 527
501 502
501 527
501 528
502 503
503 1189
503 2131
504 524
505 524
505 515
505 506
506 518
506 519
506 2825
507 2825
507 512
507 511
508 514
509 510
509 526
510 525
510 511
511 531
512 517
512 513
513 2433
513 1190
516 2466
516 3218
518 2828
518 3543
520 521
521 522
521 523
523 524
528 3212
528 3214
529 530
529 3213
531 3213
531 3212
532 2466
532 2467
532 533
533 564
534 1184
534 2118
534 535
536 542
536 556
537 555
537 3221
538 3221
538 562
538 554
539 543
539 540
539 2866
540 541
540 571
542 543
543 544
545 571
546 555
547 3221
547 566
548 3222
548 554
548 550
549 2469
549 2725
549 2869
550 1450
550 2869
551 3222
551 552
552 557
552 558
553 1376
553 3222
554 2469
555 556
556 571
557 2447
557 561
558 562
558 559
559 560
559 561
560 565
560 568
561 2447
562 566
563 565
563 568
563 564
564 576
565 566
567 1452
567 569
568 576
569 570
569 576
572 573
572 575
573 3218
573 574
577 1002
577 871
577 1425
577 969
578 871
578 2166
578 2178
579 849
579 593
579 1180
579 2582
580 826
580 817
580 2219
581 848
581 1005
581 968
582 2305
582 2318
583 1437
583 1429
583 1431
584 1319
584 983
584 987
585 965
585 983
585 3045
586 796
587 863
587 1180
587 865
588 862
588 858
588 1967
588 1325
589 2819
589 2423
589 2582
590 1005
590 1003
590 796
591 1518
591 3531
591 860
592 1408
592 1521
592 921
592 1522
593 1408
593 974
594 1402
594 1399
594 1337
594 599
595 774
595 608
595 1341
595 1864
596 982
596 837
596 830
597 1619
597 1136
597 1405
597 2350
598 599
598 1399
598 774
599 1196
599 773
600 1863
600 931
600 1598
601 3387
601 602
601 3057
602 3388
602 856
603 919
603 614
603 613
604 2572
604 946
604 1406
605 984
605 2572
605 839
606 3245
606 612
606 1124
607 611
607 3404
607 3245
607 610
608 3388
608 1962
609 610
609 3273
609 614
610 611
611 1124
612 613
612 1124
613 614
615 617
615 2356
615 618
616 618
616 994
616 617
617 945
618 3404
619 3244
619 832
619 3243
620 1328
620 621
620 2120
621 1423
621 1892
621 1328
622 3055
622 899
622 3053
623 734
623 892
623 896
624 769
624 1960
624 893
625 1411
625 3059
625 3057
625 3061
627 3099
627 3101
628 1160
629 2864
629 630
629 2966
629 2062
631 2963
631 2967
632 2952
632 640
632 634
633 2934
633 2925
633 2933
634 1876
634 2025
634 2897
635 2901
635 2937
636 1255
636 638
637 638
637 3007
639 2026
639 644
639 651
640 2952
640 642
640 641
641 2083
641 644
642 643
642 645
643 876
643 656
644 2076
645 2076
645 646
646 648
647 648
647 2090
647 649
648 654
649 687
649 652
650 2076
650 651
650 652
651 2082
652 653
656 657
657 2089
657 3215
658 660
658 1959
659 661
659 660
662 2936
662 2735
662 2734
663 665
663 664
665 2962
666 784
666 3406
666 669
667 671
667 668
668 2946
668 3406
669 3406
670 2946
670 671
670 2947
672 673
672 843
673 1700
673 1701
674 675
674 1700
674 2674
675 1923
675 1233
675 685
676 3159
676 1233
676 677
676 3157
677 3158
677 3159
678 736
678 2097
679 756
679 680
679 1483
680 681
680 1903
681 1480
681 683
682 1926
682 1480
682 1698
683 684
683 1704
685 2899
685 1700
686 2900
687 2082
688 689
688 690
689 1710
689 758
690 2574
690 1717
690 758
691 1256
691 2844
691 1191
692 2593
693 2592
693 694
696 2031
696 697
696 1050
698 711
698 707
698 713
699 1458
699 701
700 705
700 707
700 702
701 711
701 2473
702 888
702 710
703 717
703 706
703 1304
704 713
704 709
705 710
705 1459
706 719
706 712
707 1458
708 1796
708 1459
709 713
709 888
710 719
711 2473
712 939
714 3673
714 3664
714 3670
715 1350
715 3664
715 1209
716 1305
716 937
716 3701
717 3720
717 1303
718 719
718 718
720 3257
720 721
720 2630
721 2630
721 2628
722 1574
722 2628
722 3603
723 1368
723 2584
724 2619
725 728
725 1368
726 727
726 1367
726 1370
727 728
727 1367
728 1368
729 986
729 999
729 3298
730 739
730 1230
730 767
731 2554
731 1495
731 2561
731 750
732 1827
732 763
732 1826
733 2780
733 744
734 3599
734 764
735 2095
735 1972
736 1111
736 2107
737 3146
737 1491
737 2550
738 757
738 767
738 765
738 2553
739 767
739 750
739 757
740 2470
740 1341
740 755
741 3193
741 1742
742 1490
742 768
742 3130
743 765
743 757
743 2555
743 3131
744 2777
745 933
745 3113
745 3123
746 2566
746 760
746 3135
747 3129
748 764
748 2470
748 762
749 1890
749 1476
749 1889
750 2779
750 2665
750 2554
751 2555
751 2561
751 1493
752 1829
752 1831
752 763
753 761
753 2577
753 2575
753 1802
754 1837
754 3168
754 1835
754 1824
755 769
755 764
756 758
756 2107
757 3147
760 768
760 3133
760 1493
761 1801
761 2578
762 1133
762 2510
763 1828
765 3129
765 2553
766 767
766 1230
766 2553
768 3132
769 892
770 1803
770 3590
770 2579
773 775
774 775
776 2106
776 3161
776 1880
779 3195
780 1170
780 1167
780 1500
781 2947
781 843
781 2937
782 1916
782 1167
782 3195
783 2005
784 2023
784 2007
785 3548
785 2002
785 1997
786 3159
786 3548
786 1165
787 1158
787 1112
787 1156
787 1161
788 3228
788 2540
788 3232
789 792
789 1030
790 3232
790 3230
791 3228
791 1352
791 792
793 1015
793 2588
794 2586
794 1342
794 1344
795 998
795 1000
795 802
796 801
796 1600
797 3380
797 3251
797 2819
798 2588
798 2587
798 801
799 1000
799 1342
799 2588
800 1580
800 1582
800 964
801 952
802 974
802 803
802 967
803 964
803 1000
804 1607
804 805
805 1607
805 2536
806 2227
806 822
806 2242
806 2247
807 828
807 2301
807 2208
808 829
808 2299
808 2306
809 829
809 827
809 2314
810 1364
810 1363
811 989
811 824
811 821
812 2207
812 816
812 2283
812 1360
813 2276
813 2299
814 822
814 821
814 2230
815 2254
815 2246
815 2250
816 2275
816 1445
817 2235
817 2230
818 2242
818 825
818 1447
819 2304
819 2306
819 2290
820 828
820 2273
820 1448
821 826
822 2230
823 848
823 2746
823 824
824 2184
824 2573
825 1179
825 2246
826 2746
827 2301
827 1361
828 2277
829 2324
830 835
830 833
831 2359
831 3327
832 945
832 3298
833 840
833 841
834 840
835 842
835 2572
836 3402
836 3305
836 3327
837 914
837 842
838 842
838 839
838 914
839 914
840 841
841 1335
844 845
844 2759
845 2763
846 3606
847 849
847 869
847 2423
848 961
849 865
850 2157
850 869
850 2161
851 2522
851 1276
851 1560
852 1281
852 854
853 1278
853 1276
853 1330
854 1330
854 1278
854 1277
855 2136
855 862
855 1409
856 1585
856 857
857 1965
857 2589
858 860
858 859
859 866
859 864
860 2146
861 1969
861 2146
861 1328
862 1585
863 1970
863 1584
864 1326
864 2139
865 868
867 1969
867 1329
867 973
868 973
868 869
869 2158
870 1010
870 2612
870 2613
871 1010
872 1244
873 2433
873 2866
874 875
874 2953
876 2073
876 2086
877 1235
877 3550
877 878
878 879
878 3000
879 881
879 880
880 1589
881 2087
882 883
882 1389
883 1390
883 1391
884 1597
884 885
885 1391
886 1264
886 1392
888 1302
889 3704
889 1304
889 3720
890 900
891 2416
891 2964
892 895
893 894
893 898
894 897
894 895
895 896
896 899
897 897
898 1412
898 3056
899 1412
900 3032
900 3257
901 906
901 902
902 903
902 906
903 905
903 904
904 907
904 905
905 906
907 1268
907 1266
908 917
908 922
908 918
909 913
909 929
909 911
910 1578
910 1504
910 914
910 916
912 915
912 920
913 926
913 914
915 925
916 923
916 918
917 1332
917 931
918 3392
918 3390
919 921
919 1504
920 1578
920 3390
921 928
922 923
922 932
923 927
924 1338
924 927
924 928
925 929
925 3392
926 930
926 3382
927 1338
928 1338
929 930
930 1402
931 1337
931 932
932 1522
933 2776
933 3119
934 936
935 936
935 2019
937 3714
937 2833
938 3701
938 3704
938 3714
939 943
939 942
940 1457
940 1456
940 1304
941 943
941 1456
942 1306
942 944
942 2860
943 944
945 2355
946 1008
946 954
947 992
948 991
949 950
949 1449
949 988
950 1012
950 965
951 1334
951 984
951 1331
952 3311
952 3304
953 969
953 2700
953 1002
954 3277
954 957
954 966
955 999
955 986
955 2356
955 3273
956 981
958 982
959 1013
959 2308
959 996
960 2116
960 2117
960 3494
960 2485
961 2159
961 963
962 1416
962 3045
962 3237
963 968
964 971
965 979
966 975
966 997
967 1143
967 1345
969 1001
970 2164
970 1006
970 980
971 3251
971 1582
972 2192
972 2189
972 2180
973 2591
974 1345
975 997
975 1009
976 1518
976 995
976 985
977 2586
978 2161
978 1018
978 2171
979 2130
979 1373
980 1018
980 2162
981 996
982 3382
983 1017
984 3245
985 2116
985 1007
986 3400
986 3272
987 3461
987 3242
988 2130
988 1372
989 1177
989 2227
990 2164
991 997
991 1008
992 1013
992 1012
993 1004
993 1422
994 1334
994 3297
995 1007
995 3062
996 1318
997 1009
998 998
999 2355
1002 2695
1002 2694
1002 2692
1003 1005
1003 3376
1004 1011
1004 1424
1005 1600
1006 2165
1006 2595
1007 1415
1008 1014
1009 1335
1010 2610
1010 3260
1011 1016
1011 1417
1011 1423
1012 2147
1012 1318
1013 1318
1015 2587
1017 2443
1018 2165
1019 1127
1019 2449
1020 2390
1020 1021
1020 1023
1021 2720
1021 1022
1022 1023
1022 2720
1023 2437
1024 2474
1024 1026
1025 1990
1025 1300
1025 1100
1026 1989
1026 1028
1027 1299
1028 1952
1028 1029
1029 1155
1029 1284
1031 1608
1032 1040
1032 1033
1032 1035
1032 1036
1033 1034
1033 1046
1034 3686
1034 1043
1035 1038
1035 1036
1036 3686
1037 2755
1037 2757
1037 1041
1038 1044
1038 1040
1039 1198
1039 2755
1039 1203
1039 2761
1040 1199
1041 1045
1041 2756
1042 1043
1042 1219
1042 1046
1043 1046
1045 3681
1045 2756
1047 1048
1048 1049
1048 3410
1049 1050
1050 1051
1051 1381
1051 2829
1052 3731
1052 2436
1052 2669
1053 1063
1053 1054
1053 1057
1054 1065
1054 2642
1054 2401
1055 2401
1055 1056
1055 2640
1055 3470
1056 2640
1056 1069
1056 1058
1057 1064
1057 3099
1057 3485
1058 3730
1058 1066
1058 2668
1059 3730
1059 1061
1059 1062
1060 3726
1060 1080
1060 3043
1061 3726
1062 1070
1062 1078
1063 1064
1063 1065
1064 1071
1065 1068
1066 1069
1066 1070
1067 1071
1067 3486
1067 3485
1068 1074
1068 3469
1069 1072
1070 1075
1071 1076
1072 1081
1072 3465
1073 2404
1073 3482
1073 3464
1074 1077
1074 3468
1075 1078
1075 1083
1076 1085
1076 1079
1077 1089
1077 1079
1078 1088
1078 1080
1079 1087
1080 3725
1081 1082
1081 3464
1082 1090
1082 1084
1083 1091
1083 1084
1084 3487
1085 3411
1085 1086
1085 3486
1086 1087
1086 2867
1087 1089
1088 1091
1088 3725
1089 2403
1090 3487
1090 2404
1091 1093
1091 3487
1092 3727
1093 3725
1095 1097
1095 1249
1096 1107
1096 1102
1096 1315
1097 1250
1098 3657
1098 1245
1098 1103
1098 2711
1100 1101
1101 3455
1102 1106
1102 1108
1103 3743
1103 3742
1104 2421
1104 2505
1104 3743
1105 1108
1106 1315
1108 1109
1110 2535
1111 2107
1111 1481
1111 1483
1112 1289
1112 1113
1112 1953
1113 2409
1113 1951
1114 1958
1115 2804
1115 2847
1116 1841
1117 3418
1117 2631
1118 1526
1118 1940
1118 1172
1119 1523
1119 3458
1120 1121
1121 1283
1121 2500
1121 1171
1122 1255
1123 2211
1123 2219
1123 2215
1125 2714
1125 1126
1125 1127
1126 1128
1126 2714
1127 1128
1128 2282
1129 1130
1131 1132
1131 1576
1131 2399
1132 1138
1132 2351
1133 2508
1133 3752
1134 1859
1134 1141
1134 1618
1135 1576
1135 2525
1135 1138
1136 1139
1136 1617
1137 2525
1139 3265
1139 2352
1140 1141
1140 2507
1140 1353
1142 3308
1142 3306
1142 1143
1143 3400
1144 1161
1144 1151
1144 1158
1144 1149
1145 1153
1146 1154
1147 2709
1147 1157
1147 1286
1147 2708
1148 2709
1148 1160
1149 1153
1149 2938
1150 1151
1151 1153
1152 1932
1152 1156
1152 1289
1154 1292
1154 1161
1154 1162
1155 1952
1155 1284
1156 1163
1157 1160
1157 2705
1157 2706
1158 1163
1158 1996
1159 1284
1159 1164
1159 1762
1160 1762
1161 2938
1163 1164
1164 1287
1165 1984
1165 1474
1166 1999
1166 1998
1166 1979
1167 1170
1168 2602
1168 2107
1168 1912
1169 1979
1169 1986
1170 1912
1172 1175
1172 1613
1173 1940
1173 1555
1173 1936
1174 2113
1174 1181
1174 1469
1175 1939
1175 1554
1176 1179
1176 2234
1176 1177
1177 2214
1177 1604
1178 1321
1178 2137
1178 1970
1179 1604
1180 1584
1182 2679
1182 2677
1182 3573
1183 2122
1183 1184
1184 2622
1185 1189
1186 1188
1187 1188
1188 1189
1188 1190
1190 2426
1192 1193
1192 3739
1193 1195
1194 1195
1195 3561
1196 1197
1196 1963
1198 3249
1198 1222
1198 3682
1199 1215
1200 1228
1200 1212
1200 1207
1200 1204
1201 1213
1201 1206
1201 1229
1201 1210
1202 1225
1202 1211
1202 3661
1203 1208
1203 3681
1203 3678
1204 1223
1205 1227
1205 1214
1205 2762
1206 1207
1206 1220
1207 2758
1207 1215
1208 3247
1208 3663
1208 2761
1210 1211
1210 1225
1210 2764
1211 1217
1211 1214
1212 1224
1212 1220
1213 1218
1213 1225
1214 1227
1216 1227
1216 2762
1218 1226
1219 2757
1219 3682
1219 3276
1220 1224
1221 2758
1222 2761
1222 3291
1222 3676
1223 1228
1224 1228
1230 1231
1231 1232
1232 1499
1233 1234
1235 3000
1235 3001
1236 1239
1236 3108
1236 1238
1237 1239
1239 1463
1240 1241
1240 1851
1240 1242
1241 1242
1243 2710
1244 1852
1244 1853
1244 1246
1245 1855
1245 1247
1246 1247
1246 2711
1247 1854
1248 1857
1248 1249
1249 1856
1250 1251
1250 1252
1250 1253
1251 1253
1252 1253
1252 3211
1255 3008
1257 2999
1257 1590
1257 1589
1258 1572
1258 1570
1258 1259
1259 1260
1260 1566
1261 1262
1261 1263
1261 1264
1262 1386
1264 1596
1265 3255
1265 1269
1266 1271
1267 1270
1267 3255
1268 1272
1269 1271
1269 1270
1270 1272
1271 1272
1273 3395
1274 1275
1275 1279
1275 1475
1276 2615
1277 1330
1277 2520
1277 1889
1278 1281
1278 1280
1279 1898
1279 1901
1279 1283
1280 1282
1280 2615
1281 1282
1282 1986
1283 1984
1285 1286
1285 1287
1286 2707
1288 1932
1289 1290
1290 2541
1291 2408
1291 2407
1291 2541
1292 1953
1292 1293
1294 1295
1295 1297
1295 2406
1296 1297
1296 1298
1297 1956
1299 1302
1300 2474
1300 1301
1302 1303
1304 1305
1305 3612
1305 1457
1306 1307
1306 2860
1308 1309
1308 2013
1309 1310
1309 2534
1310 2533
1312 1313
1313 1314
1316 1687
1316 2036
1316 2041
1317 2041
1317 1689
1318 1319
1319 1320
1319 2821
1321 1321
1322 1322
1322 1325
1323 1327
1324 1326
1325 1326
1327 2139
1327 2138
1328 1329
1329 2613
1333 1334
1335 1619
1336 1337
1339 1341
1340 3600
1342 1579
1343 1344
1344 1580
1345 3272
1346 1347
1347 3661
1347 3658
1348 3339
1348 3336
1348 3274
1349 3339
1349 3353
1349 3354
1351 1352
1353 1354
1353 3755
1354 3749
1354 2507
1355 2011
1355 1356
1356 1357
1357 1735
1360 2704
1360 2652
1360 1362
1361 1362
1361 1363
1361 1364
1364 2331
1365 1370
1365 2619
1366 3367
1366 1369
1366 3344
1367 3359
1369 3359
1369 3357
1370 2619
1371 2126
1371 3241
1371 3240
1372 1373
1373 3239
1374 1377
1377 1450
1379 1606
1380 2023
1380 2962
1380 2961
1381 2673
1381 3647
1382 3647
1382 1683
1382 3632
1382 2676
1383 2035
1383 2479
1384 1385
1384 1387
1386 1389
1387 1388
1388 1389
1389 1390
1392 1393
1394 1395
1395 1396
1396 1398
1397 1398
1397 2534
1399 1400
1401 1402
1403 2571
1404 3749
1404 2571
1405 1618
1407 1407
1407 1408
1409 3384
1409 1410
1411 3056
1411 1414
1412 1413
1415 3055
1415 2486
1416 2444
1416 2885
1417 3065
1417 1418
1418 1419
1418 1420
1419 1420
1419 1421
1420 1422
1421 1422
1421 3066
1423 1424
1423 3030
1424 1894
1425 2128
1425 2608
1426 2695
1426 1894
1426 2128
1427 1430
1428 1429
1429 1435
1430 2287
1430 2699
1431 2261
1431 2259
1432 1437
1432 2261
1432 1441
1433 1434
1433 2279
1433 2267
1433 2295
1434 2259
1434 2293
1435 2219
1435 2149
1436 2236
1436 2233
1436 1440
1437 1438
1438 1439
1438 1442
1439 1440
1439 1443
1440 1444
1441 2291
1441 1442
1441 2279
1442 1443
1443 1444
1444 1445
1446 1447
1447 2268
1450 1451
1452 2823
1452 2108
1453 1454
1453 1692
1454 2673
1455 1456
1458 1459
1460 2064
1461 2064
1461 2068
1461 2066
1462 2069
1462 2061
1462 2047
1463 1464
1465 2076
1467 1468
1469 1555
1469 1908
1470 3449
1470 1558
1471 1472
1472 1952
1473 1474
1474 1980
1477 2105
1477 3149
1477 1478
1479 1480
1481 3167
1481 1482
1482 1484
1482 1483
1485 1708
1486 2605
1486 2799
1486 1912
1487 3194
1487 2799
1488 1913
1488 1724
1488 1915
1489 1490
1490 3207
1491 2551
1491 3145
1492 2557
1492 2551
1492 3128
1493 2557
1494 1881
1494 2548
1494 2562
1495 3123
1495 1496
1496 3124
1496 2562
1497 1498
1497 2772
1497 2776
1499 2095
1501 2790
1501 2792
1502 1503
1503 1720
1503 1725
1504 1505
1505 1505
1506 1507
1506 2425
1506 2696
1506 1672
1507 2312
1508 1509
1509 2593
1510 2010
1510 3018
1512 2342
1512 2341
1513 1516
1514 1569
1514 2840
1515 2624
1516 3100
1516 1517
1517 3100
1517 3097
1517 1592
1518 2488
1519 3499
1519 3493
1519 3491
1520 2486
1520 3495
1520 2849
1521 3384
1521 1522
1523 1524
1523 1947
1524 1525
1524 1526
1525 1525
1526 1527
1527 1529
1527 1528
1528 1529
1530 3192
1530 1551
1530 1531
1531 1531
1532 3192
1532 1838
1532 1840
1533 1535
1533 1545
1533 1544
1534 1535
1534 3192
1536 1537
1537 1538
1538 1545
1539 1540
1540 1543
1540 1542
1541 1542
1542 1543
1543 1544
1544 1545
1546 1548
1546 1547
1547 3174
1547 1548
1549 1758
1549 1759
1549 1550
1550 3172
1550 3179
1551 1553
1551 3184
1551 1752
1552 3190
1552 3182
1552 1553
1553 3180
1554 1941
1554 1933
1555 1909
1556 1935
1556 1558
1556 1909
1557 1935
1557 1869
1557 1868
1558 1780
1559 1781
1559 1780
1560 1562
1560 1561
1562 1890
1562 1563
1564 1905
1564 1906
1564 1565
1566 1568
1566 1567
1568 3256
1568 1570
1569 2643
1570 2644
1571 2645
1571 2644
1571 2504
1572 2643
1572 2647
1573 1574
1574 3256
1575 1767
1576 2349
1576 2398
1577 1578
1580 1581
1582 3251
1583 1584
1585 1586
1587 2993
1588 1590
1589 3551
1590 2997
1591 2876
1591 1594
1593 1595
1594 2877
1595 3096
1596 1597
1599 2533
1599 1602
1600 2573
1601 1602
1601 2020
1601 2533
1602 1603
1603 2020
1604 2152
1605 2152
1606 2596
1608 2649
1609 1950
1609 1611
1609 2538
1610 2538
1610 1870
1611 1612
1611 2538
1613 1614
1613 1615
1615 1616
1615 1950
1618 1619
1620 1639
1620 1621
1620 2991
1621 1622
1621 1638
1621 1637
1622 1630
1622 1628
1623 1624
1623 3252
1623 1628
1624 1625
1624 2984
1625 1631
1625 1628
1626 1638
1626 1629
1626 2982
1627 2991
1627 3002
1629 1634
1629 1636
1630 1632
1630 1631
1631 1633
1632 1634
1632 1633
1633 1635
1634 1635
1635 1636
1636 2982
1637 2732
1638 2991
1639 1640
1640 2732
1641 1656
1641 1643
1642 1643
1642 1645
1642 2070
1643 1644
1644 1647
1644 1645
1645 1648
1646 1647
1646 1657
1646 1648
1647 1648
1649 1650
1649 1651
1652 1655
1653 1657
1653 2524
1653 2502
1653 1660
1653 1655
1653 1656
1654 1659
1654 1658
1654 1660
1655 2524
1656 1657
1657 1661
1657 2524
1661 3217
1661 2524
1662 1663
1662 2318
1663 1664
1663 1668
1664 1666
1664 1668
1665 1667
1665 1669
1666 1667
1666 1669
1667 1668
1670 2134
1670 1671
1670 1672
1671 1673
1671 1672
1674 3630
1674 3629
1674 2834
1674 1686
1675 3635
1675 1680
1675 3632
1676 1686
1676 3614
1676 3635
1677 3637
1677 1679
1677 3630
1678 1681
1679 3636
1679 1686
1680 1683
1680 1682
1681 1682
1681 3637
1682 3636
1683 1684
1684 3613
1684 3639
1685 3641
1685 3630
1685 2863
1687 1688
1688 1691
1688 1690
1689 1690
1689 1691
1690 1691
1692 1693
1693 1694
1694 1695
1696 1697
1697 2435
1698 1699
1698 1703
1701 2768
1701 1702
1704 1708
1704 1705
1705 1707
1705 1706
1706 1707
1708 1709
1710 1713
1710 1711
1711 1712
1712 1716
1713 1714
1714 1715
1717 1720
1717 1719
1717 1718
1720 1722
1721 1722
1722 1723
1724 1725
1726 1727
1726 1895
1727 1729
1728 1729
1729 1730
1731 2502
1731 1732
1732 1733
1734 3250
1734 3027
1735 3027
1735 3026
1736 3250
1737 2958
1737 2981
1737 1740
1738 3252
1738 1738
1739 1740
1739 3252
1741 1744
1741 1742
1741 2521
1742 2520
1743 2520
1743 3407
1743 2521
1744 2810
1744 1745
1744 1757
1745 1756
1745 2812
1746 1753
1746 1747
1746 1754
1747 1748
1747 2814
1748 1749
1748 1751
1749 1750
1749 2542
1750 2542
1750 3180
1751 1752
1751 2542
1752 2814
1753 1755
1753 2814
1754 1755
1754 1756
1755 1757
1756 1757
1757 2818
1758 3180
1758 1759
1759 2811
1760 1761
1760 2096
1761 2096
1761 1766
1762 1763
1763 1764
1763 1765
1764 1766
1764 1765
1765 1766
1767 1768
1767 3453
1768 3445
1768 1772
1768 3438
1769 1770
1769 1769
1769 1775
1770 3453
1771 1777
1771 3441
1771 3451
1772 1776
1772 3441
1773 3429
1773 3435
1773 1775
1774 3428
1774 3431
1774 3439
1775 3445
1776 3444
1776 3440
1777 3440
1777 3450
1778 3428
1778 3450
1779 1797
1780 1782
1781 1788
1781 1786
1782 1784
1782 1783
1784 1786
1784 1785
1786 1787
1789 1791
1789 1790
1789 1792
1790 1791
1790 3412
1791 1957
1792 1793
1792 2476
1793 3416
1793 3427
1793 3423
1794 3608
1794 1795
1797 1800
1797 1798
1798 1799
1798 1800
1801 1803
1801 1802
1803 2578
1803 1804
1804 1805
1804 3109
1805 1808
1805 1809
1806 1815
1806 1807
1806 1814
1807 1815
1807 3144
1808 1810
1809 1810
1809 1811
1810 1812
1811 1812
1811 1813
1812 1814
1813 1814
1813 1815
1816 1818
1816 1820
1816 1823
1817 1823
1817 3144
1817 1818
1818 1821
1819 3137
1819 1821
1819 1822
1820 1822
1820 1821
1822 1883
1823 3145
1824 1825
1824 1834
1824 1826
1825 1836
1825 1826
1826 1827
1827 1834
1827 1828
1828 1832
1828 1829
1829 1831
1830 1831
1830 1833
1830 3168
1831 1832
1832 1833
1832 1834
1833 1835
1834 1835
1836 1837
1836 3191
1837 1839
1838 3191
1838 1839
1839 1840
1841 2805
1842 1843
1844 2625
1844 3414
1845 2980
1845 3086
1845 3084
1846 1849
1847 1848
1847 3217
1848 1849
1849 1850
1853 1856
1853 1854
1854 1855
1854 1857
1856 1857
1858 2711
1859 2532
1859 1860
1862 1863
1863 1864
1864 1964
1865 1938
1866 1938
1866 1937
1866 1867
1867 1868
1867 1869
1868 1938
1869 1934
1869 1936
1870 1871
1870 1872
1876 1877
1876 2936
1878 1879
1881 3115
1881 3111
1882 3114
1882 3117
1882 3112
1883 1884
1883 2552
1884 3139
1884 3140
1885 2567
1885 3139
1885 3138
1886 3200
1886 1888
1887 3200
1887 3205
1887 3206
1888 3204
1889 3193
1889 2522
1890 1905
1891 3095
1891 2831
1891 3691
1892 1894
1892 1893
1895 1913
1895 1896
1897 1899
1898 1899
1900 1901
1901 1902
1904 1905
1906 2495
1906 1907
1908 1946
1908 1909
1913 1914
1916 1918
1916 1917
1918 1919
1918 2596
1920 1921
1922 1923
1923 2768
1924 1925
1925 2768
1925 1926
1926 1927
1927 1929
1927 1928
1929 1930
1929 1931
1933 1936
1933 1941
1933 1939
1935 1936
1939 1940
1941 3588
1942 1944
1942 1943
1942 3588
1943 2494
1943 1944
1944 1945
1944 2575
1947 1949
1947 1950
1948 1949
1949 1950
1953 1954
1955 2635
1956 2635
1960 3387
1960 1961
1961 1961
1965 3061
1965 1966
1967 2589
1967 1968
1969 1970
1972 3207
1972 1975
1973 1976
1973 1974
1973 3196
1974 1975
1974 1976
1975 1978
1976 1977
1977 1978
1977 3199
1978 3199
1980 3170
1981 1982
1981 1983
1984 1985
1986 1987
1988 3455
1990 1991
1991 1994
1991 1993
1992 1994
1994 1995
1996 1997
1999 2002
1999 2001
2000 2001
2001 2709
2002 3169
2003 3009
2004 3008
2005 2911
2005 2006
2007 2911
2007 2008
2008 2009
2008 2911
2010 2012
2010 3028
2011 2012
2011 3020
2012 3016
2013 2014
2014 2018
2014 2017
2015 2018
2016 2018
2019 3442
2022 2023
2024 2025
2025 2026
2026 2027
2028 3005
2029 2030
2031 2861
2031 3689
2032 3619
2032 3627
2033 2412
2033 2034
2034 2034
2036 2038
2036 2037
2037 2676
2037 2039
2039 2040
2042 2045
2042 2043
2046 2055
2046 2047
2047 2062
2048 2051
2049 2050
2049 2051
2051 2052
2055 2056
2055 2418
2055 2420
2057 2058
2058 2060
2058 2420
2059 2060
2060 2965
2061 2062
2063 2064
2065 2067
2065 2069
2066 2067
2068 2069
2068 2666
2070 2071
2072 2087
2072 2075
2072 2073
2073 2745
2078 2079
2080 2081
2082 3003
2084 3002
2087 2088
2090 2091
2093 2094
2097 2099
2097 2098
2098 3158
2098 2102
2099 2100
2099 2101
2100 2101
2100 2104
2101 2102
2102 2104
2103 2105
2104 2106
2105 2106
2108 2108
2109 2491
2109 3527
2109 3528
2109 2688
2110 2111
2110 3457
2111 2115
2112 3458
2112 2113
2112 2114
2113 2114
2114 2115
2116 2488
2117 3029
2117 3497
2119 2120
2120 2607
2121 3533
2123 2124
2125 2681
2125 3527
2125 3494
2125 3492
2125 2684
2126 2722
2126 2723
2127 3241
2127 3239
2127 3240
2128 2614
2129 2130
2129 2129
2131 2448
2132 2133
2132 2134
2133 2134
2133 3263
2135 2700
2135 2701
2135 2269
2137 2140
2137 2138
2138 2140
2139 2141
2140 2144
2141 2142
2141 2143
2145 2146
2148 2153
2148 2222
2148 2220
2149 2156
2150 2152
2151 2224
2151 2153
2151 2240
2151 2222
2152 2228
2153 2232
2153 2240
2154 2225
2154 2155
2154 2229
2155 2231
2155 2183
2156 2236
2157 2162
2157 2159
2158 2160
2158 2590
2159 2163
2160 2161
2160 2169
2161 2162
2162 2163
2163 2164
2165 2173
2166 2590
2166 2167
2167 2169
2167 2178
2168 2718
2168 2172
2168 2170
2169 2171
2170 2573
2170 2179
2171 2174
2172 2176
2172 2177
2173 2595
2173 2174
2174 2187
2175 2180
2177 2179
2177 2181
2178 2183
2179 2185
2180 2595
2180 2182
2181 2188
2181 2185
2183 2187
2184 2217
2184 2214
2185 2191
2186 2211
2187 2189
2188 2191
2188 2193
2189 2225
2190 2225
2191 2212
2192 2211
2192 2223
2193 2212
2193 2213
2194 2336
2194 2199
2194 2334
2195 2302
2195 2336
2195 2198
2196 2326
2197 2327
2197 2200
2197 2328
2198 2303
2198 3545
2199 2201
2199 2343
2201 2343
2201 2338
2202 2205
2202 2311
2202 2291
2203 2298
2203 2295
2203 2305
2204 2210
2206 2304
2206 2292
2207 2208
2209 2210
2209 2307
2209 2282
2209 2285
2210 2286
2210 2313
2212 2216
2213 2216
2213 2218
2214 2217
2216 2221
2217 2220
2218 2221
2218 2224
2220 2222
2221 2224
2226 2236
2227 2234
2229 2231
2232 2239
2232 2238
2234 2242
2235 2278
2235 2275
2237 2239
2238 2241
2238 2244
2239 2715
2239 2241
2240 2245
2241 2244
2243 2255
2244 2245
2245 2252
2246 2249
2247 2283
2247 2281
2248 2252
2249 2251
2249 2256
2250 2264
2250 2715
2251 2254
2251 2256
2252 2716
2252 2255
2253 2266
2253 2715
2253 2258
2254 2263
2255 2257
2256 2268
2257 2265
2257 2260
2258 2716
2258 2280
2259 2267
2261 2267
2262 2276
2262 2716
2262 2265
2263 2264
2263 2271
2264 2277
2264 2274
2265 2714
2265 2286
2268 2273
2269 2698
2269 2691
2270 2272
2272 2274
2272 2292
2273 2277
2274 2280
2275 2278
2278 2281
2279 2298
2280 2290
2281 2283
2282 2285
2284 2308
2285 2286
2287 2288
2287 2294
2288 2289
2288 2294
2290 2299
2291 2305
2291 2298
2293 2295
2296 2701
2297 2306
2300 2318
2301 2304
2302 2336
2302 2303
2303 2327
2307 2335
2308 2315
2309 2328
2310 2315
2312 2316
2313 2320
2315 2325
2316 2332
2316 2319
2317 2325
2319 2333
2319 2321
2321 2334
2321 2322
2323 2328
2324 2616
2324 2331
2325 2326
2327 3545
2329 2652
2330 2331
2332 2333
2333 2334
2337 3545
2338 2344
2338 2339
2339 2340
2339 3545
2340 3546
2340 3547
2342 2345
2342 2348
2343 2344
2344 2347
2345 2346
2349 2397
2349 2350
2350 2400
2350 2398
2351 2352
2351 2400
2353 2354
2354 2358
2354 2785
2355 2356
2356 2357
2358 2359
2358 2785
2359 2362
2360 2361
2360 2365
2360 2784
2361 2363
2361 2366
2362 2363
2362 3328
2363 2364
2364 3329
2364 2367
2365 2366
2365 2784
2366 2367
2367 2786
2368 3284
2368 3330
2368 3290
2369 3287
2369 3289
2369 3330
2370 3284
2371 2373
2372 3318
2372 2373
2372 3340
2373 2375
2374 3331
2374 2376
2374 3321
2376 2380
2376 2377
2377 2378
2377 2379
2381 2383
2382 2383
2384 2385
2385 2386
2386 2721
2386 2387
2387 2388
2387 2387
2388 2719
2388 2721
2389 2393
2389 2390
2389 2392
2390 2438
2391 2392
2392 2393
2393 2394
2394 2442
2394 2396
2395 2396
2396 2445
2397 2398
2397 2845
2398 2399
2399 2400
2401 3471
2401 2642
2402 2403
2402 3483
2402 3468
2403 3729
2404 3729
2408 2409
2410 2411
2411 3604
2412 2414
2413 2414
2414 2415
2416 2417
2419 2420
2421 3744
2422 3067
2423 2424
2425 2697
2425 2689
2426 2459
2426 2456
2427 2690
2427 2639
2428 2458
2429 2431
2430 3073
2431 3075
2431 3072
2432 3072
2432 2434
2432 2433
2435 2462
2437 2718
2437 2438
2438 2439
2439 2441
2440 2848
2440 2492
2440 2443
2440 2487
2441 2442
2442 2445
2443 3242
2444 2890
2445 2446
2446 2617
2446 2449
2447 3216
2448 3071
2449 2618
2450 3070
2450 3069
2450 3071
2451 2453
2451 2456
2451 3070
2452 2453
2453 2455
2454 2455
2455 2456
2457 2458
2458 2459
2460 2465
2461 2462
2462 2463
2464 2725
2466 2467
2468 2469
2471 2510
2471 2509
2472 2637
2473 2637
2474 2637
2475 2476
2475 3415
2476 3416
2477 2480
2478 2480
2479 2481
2479 3613
2480 2481
2481 2482
2482 2483
2483 2484
2485 2849
2485 2490
2486 2885
2488 3497
2489 2490
2489 3520
2489 3541
2490 3542
2491 3460
2491 3533
2492 3536
2492 3460
2494 2495
2494 2497
2496 2499
2498 2499
2498 2501
2503 2530
2504 2518
2504 2514
2504 3256
2505 2506
2505 2537
2506 2865
2506 2537
2508 2510
2508 2509
2509 2511
2511 2512
2511 2513
2512 2544
2513 2516
2513 2514
2514 2515
2516 2517
2516 2518
2517 2518
2517 2519
2519 2645
2519 2535
2520 2521
2521 2810
2522 2523
2527 2528
2528 2530
2529 2530
2531 2532
2535 2651
2535 2536
2536 3452
2539 2672
2539 2749
2540 2540
2545 2562
2545 2565
2545 2546
2546 2547
2546 2549
2547 2549
2547 2550
2548 3146
2548 2549
2550 2551
2552 2552
2554 3147
2555 3147
2555 3133
2556 2557
2557 2558
2558 2560
2558 3128
2559 3124
2559 3127
2559 2560
2560 2561
2563 2564
2564 2565
2564 3126
2565 3125
2566 3142
2566 3233
2567 3142
2567 3140
2568 3118
2568 3235
2568 3115
2569 2621
2570 2571
2575 3168
2576 2577
2576 2580
2576 2583
2577 2583
2578 2580
2579 2765
2579 3587
2580 3587
2581 2582
2581 2581
2585 2589
2586 2587
2590 2591
2591 2611
2592 2593
2594 3589
2594 3724
2594 3561
2596 3195
2596 2597
2598 2600
2598 2599
2599 2601
2600 2604
2600 2601
2601 2603
2602 2603
2602 2795
2603 2604
2606 2788
2606 3194
2607 2614
2607 2612
2608 2612
2608 2614
2609 2613
2609 2611
2609 2610
2610 2611
2617 2618
2623 2624
2626 2629
2627 2629
2628 2629
2629 2630
2632 2852
2633 2741
2633 2634
2634 2635
2638 2692
2638 2691
2638 2698
2639 2690
2639 2697
2640 2641
2641 2642
2643 2647
2644 2647
2645 2651
2646 2650
2648 2650
2648 2675
2649 3747
2649 3452
2651 2842
2653 2661
2654 2661
2655 2656
2656 2657
2656 2660
2656 2661
2658 2660
2659 2660
2661 2662
2662 2665
2662 2664
2663 2664
2664 2665
2667 3730
2667 2669
2667 2668
2668 2669
2670 2671
2671 2672
2673 3646
2676 3646
2677 2678
2679 3562
2679 2680
2681 2688
2681 2684
2682 2687
2682 2685
2682 2688
2683 2684
2683 2686
2683 3526
2685 2686
2686 3525
2687 3528
2689 2696
2689 2693
2690 2691
2692 2694
2693 2697
2693 2694
2695 2696
2698 2700
2699 2700
2699 2701
2703 2704
2708 2708
2710 3657
2711 3657
2712 2713
2713 2713
2717 2719
2717 2718
2717 2721
2719 2720
2722 2723
2722 3047
2723 3240
2723 3049
2724 2729
2724 2728
2724 2726
2724 2725
2726 3745
2727 2729
2729 2730
2731 2869
2732 2960
2732 2959
2733 2960
2735 2737
2735 2736
2735 2904
2737 2739
2737 2738
2739 2740
2742 2743
2745 3001
2746 2747
2748 2752
2748 2750
2748 2751
2749 2750
2752 2754
2752 2753
2755 3682
2755 3681
2756 2757
2758 2760
2759 2763
2759 3275
2760 3275
2760 3276
2763 3276
2765 2766
2766 2767
2767 2767
2769 2775
2769 2781
2769 3595
2770 2775
2770 2778
2770 2783
2771 2780
2771 2782
2772 2774
2772 2776
2772 3594
2773 3595
2773 2779
2773 3594
2774 2775
2774 3592
2777 2779
2777 2781
2778 2780
2778 2783
2781 2783
2782 3590
2782 3592
2784 2785
2786 3289
2786 3325
2787 2788
2788 2792
2789 2790
2791 2792
2793 2798
2793 2795
2794 2795
2796 2797
2797 2798
2798 2799
2800 2960
2800 2959
2800 2990
2801 2802
2802 2809
2803 2804
2803 3407
2803 2809
2804 2808
2805 2807
2806 2807
2806 2846
2808 2809
2810 2812
2811 2812
2813 2817
2813 2816
2813 2818
2814 2815
2815 2817
2815 2816
2816 2817
2817 2818
2819 2820
2823 3216
2823 2824
2825 2826
2826 2827
2827 2828
2829 3644
2829 3621
2830 2856
2830 2831
2831 2855
2832 3612
2833 3696
2834 3639
2835 2839
2836 2837
2836 2839
2837 2838
2837 2839
2840 2841
2841 3747
2841 2842
2842 3452
2843 2844
2844 3724
2846 2847
2846 3407
2848 2872
2848 2870
2849 2872
2850 2876
2850 2875
2850 2874
2851 3398
2851 2883
2851 3092
2852 2856
2852 2853
2853 2854
2853 2859
2854 2879
2855 3691
2855 2856
2857 2877
2857 2858
2857 3398
2858 2878
2858 2874
2858 2876
2860 3608
2861 3690
2862 3644
2862 3618
2863 3604
2867 3411
2868 3745
2870 2871
2870 3459
2871 2872
2871 3495
2873 2874
2873 2875
2875 3096
2876 2877
2877 3398
2879 2882
2879 3408
2879 3091
2880 2881
2881 2882
2883 3397
2885 3748
2886 3540
2887 3537
2888 3538
2889 3539
2890 3523
2890 3495
2891 2894
2891 2892
2891 2896
2893 2895
2893 2893
2894 3007
2894 3006
2895 2898
2895 2897
2897 3005
2898 2898
2899 2938
2899 2900
2900 2933
2901 2925
2901 2904
2902 2935
2902 2920
2902 2925
2903 2906
2904 2905
2905 2930
2905 2906
2905 2927
2906 2907
2906 2935
2908 2909
2909 3396
2909 2930
2909 2935
2910 3396
2912 2949
2912 2913
2912 2914
2913 2948
2913 2949
2915 2917
2915 2916
2915 2924
2916 2918
2916 2921
2917 2924
2917 2918
2918 2922
2919 2920
2919 2921
2920 2922
2921 2922
2923 2924
2926 2927
2926 2928
2926 2930
2927 2928
2928 2929
2931 2932
2931 2934
2931 3396
2933 2934
2939 2942
2939 2940
2939 2941
2939 2943
2942 2942
2943 3007
2943 3009
2944 2948
2944 2945
2944 2946
2947 2948
2949 2950
2951 2963
2952 2963
2954 2955
2955 2981
2955 2956
2956 2981
2957 2958
2959 3089
2959 3090
2964 2965
2966 2968
2966 2967
2967 2968
2969 2970
2970 2971
2970 2973
2971 2972
2971 2974
2974 3090
2975 2976
2975 2978
2977 2978
2980 3017
2980 3016
2982 2983
2986 2992
2987 2988
2988 2989
2988 2990
2988 2992
2993 2994
2993 2996
2994 2997
2994 2995
2997 2998
3000 3001
3004 3006
3005 3006
3008 3009
3010 3012
3011 3012
3012 3014
3013 3014
3013 3017
3013 3016
3014 3015
3015 3017
3018 3020
3018 3022
3019 3020
3020 3021
3021 3022
3021 3023
3024 3026
3025 3220
3025 3026
3027 3250
3029 3496
3029 3499
3031 3032
3032 3033
3034 3035
3035 3037
3036 3037
3038 3040
3039 3042
3040 3042
3040 3041
3042 3043
3044 3045
3046 3238
3047 3237
3047 3238
3048 3049
3049 3053
3050 3051
3051 3052
3051 3053
3054 3055
3056 3057
3058 3059
3059 3062
3060 3061
3062 3063
3064 3065
3065 3531
3066 3261
3066 3526
3067 3068
3070 3544
3071 3544
3072 3074
3073 3083
3073 3082
3074 3076
3074 3075
3075 3077
3076 3078
3076 3077
3077 3079
3078 3080
3078 3079
3079 3081
3080 3082
3080 3081
3081 3083
3082 3083
3084 3088
3084 3087
3085 3087
3085 3088
3085 3089
3086 3090
3086 3087
3088 3089
3091 3409
3092 3738
3092 3094
3093 3097
3093 3094
3093 3405
3094 3408
3094 3398
3096 3098
3098 3100
3101 3102
3103 3105
3103 3106
3103 3104
3104 3105
3105 3106
3107 3108
3107 3551
3109 3137
3110 3111
3111 3117
3112 3116
3112 3118
3113 3119
3113 3235
3114 3591
3114 3119
3115 3116
3116 3117
3118 3119
3120 3122
3121 3122
3122 3123
3124 3125
3125 3126
3126 3127
3127 3128
3129 3130
3130 3131
3131 3132
3132 3133
3134 3197
3135 3197
3135 3234
3135 3233
3136 3233
3138 3140
3138 3139
3141 3142
3143 3145
3143 3144
3143 3146
3148 3177
3148 3174
3148 3175
3149 3150
3150 3157
3151 3152
3152 3156
3152 3158
3153 3154
3153 3155
3155 3156
3156 3157
3160 3161
3161 3163
3162 3163
3163 3165
3164 3165
3165 3167
3166 3167
3168 3193
3170 3170
3171 3172
3172 3182
3173 3174
3176 3177
3177 3179
3178 3179
3181 3182
3183 3184
3184 3186
3185 3186
3186 3188
3187 3188
3188 3190
3189 3190
3194 3195
3197 3198
3198 3201
3198 3202
3199 3200
3201 3202
3201 3204
3202 3203
3203 3206
3203 3204
3206 3207
3208 3209
3210 3211
3212 3213
3219 3220
3223 3224
3224 3225
3224 3226
3227 3228
3227 3231
3227 3232
3229 3230
3229 3231
3230 3231
3233 3234
3237 3238
3238 3241
3239 3240
3242 3461
3243 3244
3243 3326
3244 3327
3246 3679
3246 3247
3248 3675
3248 3249
3253 3254
3254 3395
3254 3255
3258 3260
3259 3260
3261 3525
3262 3263
3263 3264
3265 3374
3265 3268
3266 3268
3267 3268
3268 3269
3269 3270
3269 3271
3272 3273
3274 3287
3274 3285
3275 3276
3277 3665
3278 3665
3278 3667
3279 3328
3279 3280
3280 3329
3281 3283
3282 3283
3283 3284
3286 3288
3287 3288
3288 3289
3290 3290
3291 3677
3291 3663
3291 3293
3292 3293
3293 3294
3294 3295
3295 3297
3296 3297
3298 3402
3299 3311
3299 3300
3300 3309
3301 3310
3301 3307
3301 3306
3302 3309
3302 3303
3302 3307
3303 3311
3303 3304
3304 3308
3305 3310
3305 3306
3307 3308
3309 3310
3309 3311
3312 3314
3313 3314
3314 3316
3315 3316
3316 3317
3317 3318
3317 3333
3317 3334
3318 3331
3319 3320
3320 3321
3320 3323
3320 3333
3322 3323
3323 3324
3323 3332
3325 3330
3325 3329
3326 3680
3327 3328
3328 3329
3330 3334
3331 3333
3334 3336
3335 3336
3335 3340
3335 3338
3336 3340
3337 3338
3338 3339
3341 3342
3342 3344
3342 3343
3344 3372
3345 3346
3346 3347
3346 3354
3346 3372
3347 3372
3347 3353
3348 3349
3349 3352
3349 3350
3350 3351
3350 3352
3352 3353
3353 3354
3355 3357
3355 3356
3356 3357
3358 3359
3360 3368
3360 3361
3361 3363
3362 3363
3363 3367
3364 3368
3365 3368
3365 3366
3366 3367
3369 3370
3369 3371
3370 3371
3371 3372
3373 3373
3373 3374
3375 3376
3376 3378
3377 3378
3378 3380
3379 3380
3381 3382
3383 3384
3385 3386
3386 3387
3386 3388
3389 3390
3391 3392
3393 3394
3397 3736
3397 3735
3399 3400
3401 3402
3403 3404
3403 3403
3408 3409
3409 3732
3412 3427
3412 3413
3413 3414
3413 3420
3415 3416
3415 3417
3415 3421
3418 3419
3418 3421
3419 3420
3419 3422
3420 3422
3421 3422
3423 3424
3423 3427
3424 3425
3424 3426
3428 3430
3429 3431
3429 3430
3430 3431
3432 3440
3432 3434
3432 3444
3432 3450
3433 3435
3433 3444
3433 3437
3434 3439
3434 3437
3435 3436
3436 3437
3436 3439
3440 3441
3441 3448
3443 3450
3444 3445
3445 3446
3447 3448
3448 3451
3449 3451
3453 3454
3455 3456
3457 3458
3459 3523
3460 3462
3461 3529
3462 3529
3462 3463
3464 3466
3465 3466
3465 3470
3466 3467
3467 3474
3467 3472
3467 3482
3468 3481
3469 3481
3469 3471
3470 3472
3471 3473
3472 3479
3473 3479
3473 3477
3474 3476
3474 3478
3475 3477
3475 3478
3475 3476
3476 3480
3477 3481
3477 3483
3478 3479
3480 3483
3480 3482
3484 3485
3484 3486
3488 3489
3488 3530
3488 3502
3489 3504
3489 3503
3490 3506
3490 3492
3490 3504
3491 3506
3491 3507
3491 3500
3492 3493
3493 3506
3494 3522
3496 3498
3496 3500
3496 3507
3497 3498
3498 3501
3499 3507
3500 3507
3500 3501
3501 3505
3502 3503
3502 3505
3503 3505
3503 3504
3505 3506
3508 3509
3508 3513
3508 3522
3510 3511
3511 3512
3511 3513
3513 3514
3514 3515
3514 3516
3516 3518
3516 3527
3517 3518
3518 3519
3520 3522
3520 3521
3523 3524
3525 3526
3528 3529
3531 3532
3533 3535
3534 3535
3535 3540
3535 3536
3536 3542
3537 3541
3537 3538
3538 3539
3539 3540
3541 3542
3548 3549
3550 3551
3552 3554
3552 3553
3552 3555
3553 3556
3553 3558
3554 3561
3554 3555
3555 3556
3556 3557
3557 3558
3557 3559
3558 3560
3559 3560
3562 3572
3563 3564
3563 3581
3563 3572
3564 3573
3564 3580
3565 3566
3565 3585
3565 3586
3566 3569
3566 3584
3567 3568
3567 3585
3567 3584
3568 3583
3569 3577
3569 3583
3570 3577
3570 3578
3570 3576
3571 3578
3571 3580
3571 3574
3572 3581
3573 3579
3573 3581
3574 3579
3574 3575
3575 3578
3575 3576
3576 3582
3577 3582
3579 3580
3582 3583
3583 3584
3587 3588
3589 3739
3589 3723
3590 3591
3591 3592
3592 3593
3594 3595
3596 3597
3596 3599
3597 3598
3597 3600
3601 3603
3602 3603
3605 3610
3606 3607
3607 3608
3609 3610
3610 3612
3610 3611
3613 3642
3614 3615
3614 3629
3615 3633
3615 3616
3616 3625
3616 3628
3617 3626
3617 3619
3617 3628
3617 3627
3618 3623
3618 3620
3619 3626
3619 3623
3620 3621
3620 3644
3621 3622
3621 3624
3622 3625
3622 3624
3623 3624
3624 3626
3625 3626
3628 3629
3630 3640
3631 3641
3632 3633
3633 3635
3634 3637
3635 3636
3636 3638
3637 3638
3638 3639
3640 3641
3640 3643
3645 3646
3646 3651
3647 3651
3648 3650
3649 3656
3649 3650
3649 3653
3650 3653
3651 3655
3652 3654
3653 3655
3653 3654
3654 3655
3658 3659
3658 3662
3660 3662
3661 3662
3663 3680
3664 3671
3664 3674
3665 3668
3666 3667
3666 3683
3666 3669
3667 3670
3667 3668
3668 3671
3669 3670
3669 3684
3669 3672
3670 3671
3672 3673
3672 3685
3672 3675
3673 3676
3673 3674
3674 3677
3675 3676
3675 3687
3676 3677
3678 3679
3678 3688
3679 3680
3681 3688
3682 3687
3683 3684
3684 3685
3685 3686
3685 3687
3689 3690
3690 3691
3692 3716
3692 3693
3692 3715
3694 3717
3694 3718
3695 3696
3695 3717
3695 3697
3696 3698
3697 3698
3697 3711
3698 3703
3699 3700
3699 3703
3699 3702
3700 3715
3700 3701
3702 3709
3702 3705
3703 3709
3704 3705
3705 3706
3706 3708
3706 3720
3707 3708
3708 3710
3709 3710
3710 3711
3711 3712
3712 3713
3712 3717
3714 3715
3718 3719
3721 3722
3721 3724
3721 3723
3727 3728
3728 3729
3732 3738
3732 3734
3733 3734
3733 3736
3734 3735
3734 3737
3735 3737
3735 3738
3736 3737
3739 3741
3740 3741
3742 3744
3743 3744
3746 3747
3749 3755
3750 3751
3750 3753
3751 3752
3753 3754
3754 3755
3756 3757
