0 45
0 46
1 1188
1 3
1 7
2 42
2 676
2 1188
3 7
3 1189
4 10
4 6
4 676
5 1686
5 1189
5 6
6 8
7 44
8 10
8 2056
8 9
9 6377
9 10
10 1886
11 6377
11 2058
11 2896
12 15
12 1741
12 2269
13 2269
13 14
13 2058
14 1739
14 674
15 2060
15 674
16 1714
16 683
16 2088
17 1976
17 2551
17 18
18 1048
18 1713
19 2094
19 21
19 57
20 3086
20 5003
20 3087
21 1488
21 2363
21 462
22 2095
22 1576
22 2892
23 2367
23 1575
23 2256
24 2370
24 2377
24 1719
25 6235
25 863
25 5001
25 6145
26 31
26 28
26 2067
27 2063
27 30
27 29
28 43
28 33
29 32
29 2062
30 33
30 2064
31 32
31 984
32 2061
33 1745
34 35
34 2222
35 1072
35 323
36 1074
36 625
36 37
37 1005
37 38
38 2219
38 39
39 2220
39 2219
40 1329
40 2270
40 1331
41 2067
41 658
41 43
42 2062
42 2061
43 2065
43 2067
44 48
44 47
45 47
45 46
46 49
47 48
48 1557
49 1557
49 1658
50 3129
50 125
50 5009
50 5011
51 328
51 105
51 4440
51 6130
52 122
52 1042
52 2097
53 2381
53 2388
53 4843
53 162
54 2387
54 2223
54 2390
55 2996
55 117
55 2977
56 2089
56 2088
56 2080
57 1740
57 2551
58 92
58 2280
58 2395
59 452
59 1773
59 6536
59 6452
60 239
60 5935
60 1756
61 5864
61 2064
61 2063
62 2236
62 2564
62 2895
63 2560
63 64
63 2561
63 2540
64 65
64 76
65 68
65 66
66 1737
66 68
67 76
67 6173
67 6623
68 1749
69 2473
69 2472
69 2566
69 715
69 1737
70 71
70 1504
70 2471
70 6417
71 4924
71 1504
72 6416
72 6417
72 6625
72 1504
73 74
73 3227
73 75
73 6174
74 3226
74 1748
75 6173
75 6088
76 2559
77 2136
77 2137
77 6693
78 1699
78 2120
78 2133
79 2136
79 3841
79 1608
79 4931
80 512
80 3861
80 90
81 512
81 88
81 327
82 118
82 3860
82 512
82 3861
83 2633
83 99
83 95
84 2632
84 513
84 86
85 86
86 425
86 417
87 88
87 512
87 417
88 418
88 156
89 95
89 6689
89 513
90 425
90 91
91 4438
91 2406
92 1583
92 2656
93 416
93 223
93 2191
94 416
94 2191
94 1709
95 98
95 2629
96 145
96 97
96 146
97 149
97 2189
98 147
98 415
99 2191
99 2192
100 2190
100 2194
100 3882
101 102
101 3868
101 178
102 332
102 150
103 3889
103 6518
103 1709
103 505
104 2413
104 1579
104 3865
105 129
105 2889
106 2983
106 117
106 1579
107 6131
107 2978
107 116
107 1743
108 4826
108 115
108 113
109 2875
109 4826
109 1507
109 2720
110 2187
110 1771
110 115
111 2718
111 4823
111 124
112 5011
112 5010
112 125
113 2978
113 114
114 119
114 2980
114 115
115 124
116 2979
116 2980
116 1744
117 2990
118 2413
118 126
119 120
119 4778
120 1744
120 2967
121 1042
121 1091
121 1722
122 1090
122 1089
123 1090
123 1089
123 2396
123 1826
124 4776
125 2886
126 2977
126 923
127 3860
127 4441
127 3862
127 4438
128 176
128 338
128 484
130 1207
130 3914
130 222
130 4103
131 3169
131 2640
131 2706
132 2700
132 3944
132 6650
132 6653
133 2715
133 2999
133 1829
134 174
134 336
134 6652
135 6650
135 6652
135 4840
136 1822
136 1643
136 4442
137 166
137 2636
137 4521
138 4846
138 4848
138 2637
138 4845
139 3168
139 3962
139 2696
140 6464
140 2256
140 1721
140 2373
141 4845
141 2262
141 2257
141 2261
142 191
142 481
142 511
143 514
143 148
143 468
144 514
144 149
144 468
145 468
145 6461
146 507
146 3889
147 148
147 415
147 481
148 481
149 514
150 3153
150 403
151 3152
151 3146
151 3151
152 424
152 3156
152 421
153 420
153 3875
153 5981
154 3870
154 1831
154 3156
155 5981
155 6141
155 6137
156 423
156 327
157 6608
157 3118
157 1833
158 191
158 189
158 159
159 2382
159 160
160 2387
160 2629
161 2382
161 2390
161 4844
162 2362
162 4421
162 4767
163 1712
163 220
163 2695
164 2252
164 2874
164 3956
164 3308
165 3956
165 1577
165 6008
166 2656
166 3940
167 3960
167 3964
167 3962
168 6618
168 174
168 3964
169 6617
169 2542
169 6618
170 2542
170 2541
170 171
171 1652
171 1651
172 1651
172 173
172 3168
173 2695
173 213
174 175
175 176
175 3002
176 3966
177 6460
177 3111
177 178
177 508
178 179
179 180
179 1873
180 1830
180 3110
181 182
181 184
181 3086
182 1830
182 183
183 3114
183 865
184 3087
184 861
185 3111
185 3114
185 2053
185 3115
186 2626
186 2624
186 2621
186 1970
187 2610
187 325
187 1828
188 2613
188 325
188 2626
189 6266
189 2381
190 1528
190 3112
190 2053
191 192
192 508
192 2611
193 5027
193 683
193 1723
194 3514
194 5027
194 6263
194 2918
195 1484
195 3516
195 3514
196 199
196 341
196 3555
197 3532
197 3530
197 2922
198 3550
198 3553
198 3545
199 2920
199 3511
200 3555
200 3553
200 470
201 3496
201 3492
201 3491
201 3493
202 3474
202 471
202 3509
203 2621
203 1832
203 1049
204 449
204 466
204 324
205 2556
205 206
205 5290
205 6326
206 1217
206 5288
207 3893
207 3927
207 3891
208 3895
208 3925
208 4041
209 4050
210 4052
210 3895
210 4050
211 2948
212 3902
212 4054
212 4058
213 3969
213 3971
214 3971
214 3973
214 3974
215 2443
215 3161
215 4067
215 3905
216 2660
216 4107
216 217
217 4080
217 286
218 3931
218 1720
218 6380
218 4080
219 1710
219 2942
219 2591
220 2944
220 1710
221 2693
221 4030
221 4029
222 4078
222 3912
223 415
223 2189
224 1609
224 1672
224 3336
225 231
225 226
225 229
226 234
226 231
227 228
227 233
227 234
228 232
228 230
229 1457
229 1517
230 1517
230 232
231 1674
232 1677
233 6014
233 234
235 3339
235 3346
235 3347
236 343
236 237
236 3578
237 1128
237 6436
237 6632
238 3141
238 3143
238 1130
239 1718
239 1717
239 1491
240 1701
240 714
240 1686
241 2125
241 1733
241 242
241 1734
242 2539
242 3835
243 6374
243 3835
243 244
244 245
244 736
245 699
245 3635
246 3679
246 700
246 3831
247 790
247 1767
247 4928
248 782
248 4926
248 4927
248 1767
249 803
249 1603
249 2141
250 830
250 251
250 1550
251 1548
251 1556
252 826
252 817
252 3369
253 3369
253 254
253 3368
254 1680
254 1679
255 629
255 257
255 1764
256 630
256 629
256 2057
257 2069
257 1968
258 2057
258 1537
258 1768
259 3406
259 3405
259 628
259 1537
259 626
260 626
260 261
260 1562
261 1563
261 313
262 627
262 3408
262 2239
263 1764
263 1518
263 1519
263 2069
264 265
264 3377
264 1519
265 266
265 4604
266 4992
266 3380
267 1441
267 4992
267 1781
268 1443
268 1441
268 3400
269 3396
269 1439
269 1430
270 3393
270 2858
270 3392
271 3340
271 1560
271 796
272 2285
272 3367
272 2304
273 1661
273 1659
273 3344
274 1197
274 3211
274 4238
275 3130
275 634
275 692
276 634
276 2876
276 2879
277 2878
277 6081
277 2877
278 442
278 279
278 6512
279 280
279 6512
280 3188
280 3192
281 3176
281 3184
281 3175
282 6135
282 419
282 4769
282 6122
283 1107
283 623
283 6123
284 659
284 1954
284 668
285 1048
285 1488
285 2094
286 4105
286 4107
287 6096
287 4728
287 539
288 568
288 1879
288 2519
289 1858
289 2457
289 2851
289 6645
290 1391
290 2851
290 5691
291 567
291 2463
291 5654
292 5713
292 2493
292 2465
293 2465
293 4719
293 5715
294 5474
294 4723
294 1344
295 2193
295 399
295 400
296 863
296 5003
296 6491
297 541
297 1071
297 298
298 553
298 299
299 523
299 300
300 5990
300 523
301 5990
301 302
301 554
302 5992
302 303
303 5158
303 4872
304 5160
304 5165
304 5163
305 774
305 4493
305 5200
306 307
306 4495
306 5198
307 783
307 5206
308 2445
308 312
308 475
309 3124
309 3127
309 3126
310 1538
310 311
310 628
311 314
311 1538
312 475
312 5246
313 314
313 627
314 2239
315 594
315 3276
315 1765
316 2068
316 3276
316 1763
317 2164
317 1792
317 2158
318 2158
318 2159
318 1117
319 320
319 1106
319 1116
320 1109
320 1108
321 2282
321 2159
322 2231
322 651
323 1073
324 2593
324 3171
324 2594
325 2617
326 6267
326 452
326 3560
327 923
328 329
328 1722
329 2407
329 2710
330 2194
330 6518
330 331
331 332
331 3868
332 3149
333 3361
333 334
333 797
334 796
334 3362
335 814
335 827
335 2278
336 3951
336 3960
337 1834
337 624
337 340
338 340
338 339
339 624
340 4830
341 2351
341 2176
342 6266
342 2169
342 1242
343 2449
343 2450
343 6436
344 2242
344 6450
344 6481
344 2243
345 2177
345 2091
345 2175
345 6199
346 347
346 2092
346 2525
347 1980
347 1508
348 369
348 2668
348 370
349 4027
349 4013
349 4032
350 3910
350 4030
350 4032
351 2268
351 3931
351 3929
352 2690
352 354
352 1058
353 1121
353 360
353 1650
354 1653
354 2865
355 4419
355 4133
355 362
356 4133
356 2863
356 2866
357 2861
357 4092
357 1653
358 4296
358 4306
358 359
359 4123
359 4125
360 1641
360 4417
361 1641
361 362
362 363
363 4314
363 4306
364 1649
364 2953
364 2955
365 2955
366 4382
366 6634
366 4384
367 614
367 4370
367 4369
368 2676
368 6628
368 4256
369 4292
369 2680
370 2672
370 2674
371 6628
371 4290
371 4284
372 374
372 373
372 375
373 374
373 4234
374 1204
374 4231
375 2674
375 4238
376 388
376 4252
376 377
377 4227
377 4233
377 4229
378 379
378 380
378 4318
379 6634
379 1637
380 4338
380 4349
381 4345
381 1123
381 382
382 384
382 4343
383 384
383 387
383 396
384 385
386 4240
388 4224
388 389
389 407
389 390
390 1198
390 3211
391 6033
391 1198
391 392
392 407
392 2508
393 6035
394 1241
394 1120
394 3213
395 980
395 4355
395 4349
397 1821
397 1823
397 3106
397 3107
398 3106
398 3116
398 3084
399 3089
399 401
400 3091
400 3092
401 3091
401 3089
402 3118
402 3871
402 404
403 3154
403 3146
404 1895
404 3870
404 406
405 3873
405 3880
405 3876
406 6608
406 6609
407 408
409 1886
409 2061
409 2449
410 2182
410 6376
410 2059
411 6149
411 2423
411 6148
412 683
412 2175
412 2090
412 6198
413 2924
413 1725
413 1773
414 2189
414 416
414 5063
416 5063
417 5064
418 3152
418 2451
418 424
419 5002
419 6235
420 421
420 422
421 422
422 423
423 6445
424 3151
425 513
426 492
426 431
426 448
427 2245
427 2478
427 4896
428 941
428 2244
428 4894
428 4893
429 2244
429 6049
429 4895
430 937
430 439
430 438
431 446
431 448
432 445
432 433
432 435
433 437
434 435
434 491
434 445
435 445
436 491
436 447
436 6050
437 438
438 439
439 6050
440 441
440 6050
440 3138
441 443
441 5012
442 444
442 6600
443 976
443 444
444 1034
445 446
446 964
447 448
447 491
449 2552
449 450
449 2593
450 2594
450 1715
451 452
451 6452
451 1724
453 1650
453 457
453 454
454 6046
454 458
455 1122
455 458
455 456
456 1271
456 457
457 1650
458 1122
459 2899
459 2568
459 2574
460 461
460 2254
460 462
461 1488
461 1716
462 2095
463 5296
463 4509
463 464
464 6280
464 6285
465 4519
465 5275
465 5277
465 5288
466 6232
466 467
467 5290
467 1191
469 6456
469 498
469 992
470 1487
470 6456
470 3459
470 3301
471 3476
471 474
472 1827
472 1832
472 473
473 3491
473 1820
474 1049
474 1827
475 1749
475 4501
476 4512
476 794
476 477
477 5292
477 4517
478 4517
478 4514
478 4516
479 5275
479 5271
479 5267
480 5269
480 489
480 2055
482 483
482 484
482 6410
483 485
483 1086
484 2959
485 486
485 6410
486 6462
486 1086
487 6354
487 6355
487 2331
488 2085
488 489
488 2331
489 4866
490 941
490 556
490 4893
493 987
493 503
493 6260
494 6458
494 1003
495 6458
495 496
495 6454
496 497
496 6332
497 6454
497 6332
498 6457
498 6454
499 989
499 6619
500 502
500 997
500 983
501 6404
501 6680
501 502
502 1004
502 1797
502 996
503 6399
503 6402
504 2228
504 2229
504 1003
505 507
505 6461
506 507
508 6461
508 3112
509 510
509 3100
509 3153
510 3154
510 1872
515 1689
515 1245
515 518
516 4932
516 1263
516 4930
517 518
517 3292
517 777
518 6261
519 1179
519 521
519 1689
520 521
521 2513
522 2516
522 2515
522 2513
523 1226
524 1497
524 2008
524 2007
525 1885
525 6376
525 1886
526 1395
526 6095
526 6096
527 528
527 6098
528 6100
529 1334
529 5534
529 564
529 5485
530 5458
530 5472
530 5460
531 5532
531 533
531 5536
532 1348
532 6079
532 5491
533 5470
533 5539
534 5470
534 5474
534 5472
535 5444
535 5448
535 4719
536 5446
536 2454
536 6620
537 6620
537 2805
537 538
538 5421
538 4725
539 1231
539 4734
540 965
540 3415
540 959
541 3415
541 6085
542 1052
542 2170
542 3139
543 2087
543 6059
543 974
544 546
544 2213
544 545
544 1887
545 550
545 1887
545 547
546 547
546 2170
547 548
548 556
548 549
549 551
549 1889
550 551
550 552
551 964
552 974
552 2217
553 554
553 962
554 555
555 556
555 1052
557 2087
557 972
558 560
558 576
558 1104
558 4855
559 4857
559 4855
559 560
560 563
561 5841
561 5827
561 563
562 5844
562 3290
562 5843
563 6023
564 566
564 6615
565 1380
565 5638
565 5637
566 5696
566 5652
566 5480
567 2490
567 5655
568 577
568 3174
569 572
569 3174
569 2658
570 571
570 4853
570 2484
571 2482
571 574
572 575
572 2860
573 5989
573 576
573 6524
574 5989
574 575
575 6437
575 6532
576 1190
576 1102
577 2652
577 6178
578 2651
578 2652
578 579
579 6180
579 6181
579 2489
580 2651
580 2487
580 6180
581 2481
581 2485
581 2482
581 6181
582 583
582 1105
582 2520
583 584
583 1852
584 1853
584 3310
585 3291
585 632
585 2522
586 955
586 3286
586 587
587 3291
587 1857
588 1398
588 953
588 2837
589 1856
589 954
589 955
590 593
590 1562
590 1563
591 3269
591 4876
591 3268
592 4702
592 1615
592 4696
593 1545
593 4874
594 2313
594 2303
595 596
595 599
595 3376
596 596
597 2303
597 599
597 2276
598 3374
598 2276
598 599
600 965
600 732
600 603
601 1018
601 602
601 732
602 731
602 2475
603 960
603 605
604 605
604 1018
605 966
606 3171
607 1795
607 1015
607 673
607 6356
608 1010
608 6356
608 609
609 1798
609 1799
610 611
610 1010
610 1798
611 612
611 6259
612 1795
612 6259
613 994
613 993
613 1005
614 4363
614 981
614 6634
615 1087
615 6409
616 631
616 618
616 619
617 620
617 619
617 921
619 4790
620 2505
620 2504
621 835
621 2505
621 2506
622 4994
622 6125
622 623
622 6126
623 679
625 1074
625 1072
626 628
627 2239
627 1563
629 1768
630 1763
630 1968
631 979
631 3298
632 6188
632 6190
633 3182
633 3180
634 691
635 6553
635 637
635 2168
636 2104
636 638
636 2103
637 4807
637 4806
638 4809
638 2166
639 645
639 640
640 641
640 643
642 2867
642 646
642 2250
643 653
644 1965
644 895
644 649
646 1786
646 650
647 2153
647 651
647 2154
648 927
648 2156
648 1070
649 652
649 1066
650 652
650 1786
651 2250
652 1882
653 6217
654 1070
654 2201
654 1068
655 1016
656 6419
656 1992
656 6205
656 2939
657 6018
657 664
657 6093
658 4715
658 2004
659 678
659 685
660 670
660 667
660 2066
661 1960
661 1962
661 1799
662 6020
662 675
662 677
663 1000
663 1955
663 669
664 1017
664 1012
665 2232
665 1016
666 671
666 987
666 1513
667 680
667 2940
668 6019
668 6020
669 6259
669 2232
670 1745
670 3587
671 1510
671 685
672 678
673 1955
673 1956
674 2060
675 677
675 682
676 1188
677 1953
678 1954
679 3063
679 6128
680 6419
681 1728
681 6592
681 3056
682 1863
682 3439
683 2353
683 2089
684 3451
684 1527
684 1526
685 6019
686 2629
687 2709
688 2003
689 4688
690 695
690 2248
690 696
691 692
691 697
691 4137
692 693
693 696
693 697
694 6691
695 948
695 6051
696 697
698 751
698 744
698 745
699 736
699 6288
700 2279
700 1766
701 2768
701 1486
701 1138
701 1141
702 739
702 2547
702 5303
703 728
703 719
703 705
704 732
705 4426
705 724
706 1811
706 1692
706 1694
707 3239
707 1815
707 1812
708 3619
708 3671
708 3669
709 3611
709 3614
709 929
710 3812
710 3811
710 3814
711 2527
711 6288
711 6681
712 723
712 2764
712 2768
713 4446
713 781
713 4449
714 2122
714 1690
715 6626
715 1737
716 4447
717 755
718 3676
718 3674
718 6319
719 1691
719 4422
720 1516
720 2240
720 6172
721 6684
721 751
721 2723
722 3667
722 930
722 762
724 2533
724 743
725 752
725 735
725 1140
726 2750
727 3734
728 4427
728 760
729 3607
729 2005
729 3609
730 3625
730 3627
730 3628
731 2748
731 2744
733 3610
733 3823
733 3821
733 3818
734 3611
734 757
734 3616
735 2321
735 4460
736 2530
737 2119
737 2117
737 1702
738 746
738 6262
738 3239
739 2456
739 1704
739 4479
740 6682
741 1486
741 3305
742 4468
742 747
742 4466
743 3240
743 746
744 3833
744 745
745 3792
746 760
747 2754
747 2321
748 2801
748 753
748 755
749 3829
749 3297
749 3831
750 2775
750 761
750 759
751 3783
752 1258
752 4454
753 2005
753 1292
754 2735
754 2741
754 2742
755 3801
756 2776
756 2279
756 2796
757 3737
757 928
758 1695
759 2773
759 1803
760 4428
761 769
761 1688
762 1732
762 2803
763 3692
763 3685
763 3687
764 6350
764 873
764 6345
764 3676
765 1286
765 928
765 6314
766 6484
766 6483
766 1694
766 2122
767 4446
767 4445
767 1969
768 1261
768 4477
768 1252
769 2766
769 2195
770 2547
771 5141
771 1222
771 5143
772 4590
772 2324
772 4588
773 779
773 5182
773 784
774 5195
774 1220
775 4594
776 784
777 5127
777 2650
778 2327
778 2328
778 4594
779 787
779 3214
780 4925
780 1472
780 821
781 2012
781 1868
782 4929
782 4525
783 5248
783 5254
784 5172
785 2650
785 1871
785 5176
786 1472
787 4489
787 4493
788 790
788 3047
788 3045
789 2468
789 3214
789 3124
790 2013
791 5260
792 5236
792 3127
792 5238
793 794
794 5294
795 3038
795 1463
795 3036
796 1560
797 814
797 1561
798 3321
798 815
798 813
799 6422
799 2315
799 1595
800 811
800 812
800 5029
801 1599
801 813
801 825
802 3044
802 6589
802 4577
803 831
803 2141
804 2788
804 4864
804 2790
805 2021
805 1536
805 4934
806 2139
806 831
806 1770
807 811
808 2792
808 4444
808 812
809 829
809 821
809 3006
810 820
810 4969
810 2013
811 1810
812 6028
813 2290
814 1561
815 3029
815 825
816 6589
816 4597
816 4596
817 3368
817 1555
818 828
818 5984
818 4527
819 3326
819 1498
819 5983
820 4443
820 6028
821 3044
822 3321
822 1498
822 1593
823 2788
823 2021
823 4444
824 3018
824 2139
824 2140
825 6423
826 1556
826 2278
827 2277
827 1560
828 1731
828 4528
829 2019
829 4971
830 1552
830 1555
831 2142
832 4747
832 4749
832 4750
833 4758
833 5351
833 6479
834 1239
834 1231
834 4736
835 2507
836 2448
836 5083
836 3221
837 3221
837 840
837 842
838 2027
838 4924
838 2448
839 3249
840 3222
840 2040
841 4430
841 4431
841 4434
842 3238
842 3246
843 5089
843 3218
843 5087
843 5091
844 851
844 5116
844 5081
845 3226
845 5120
845 5119
846 3224
846 3251
846 2045
847 3253
847 6359
847 3254
848 1747
848 850
848 3251
849 6361
849 3253
849 3216
850 2152
850 852
851 5083
851 5085
852 3235
852 5122
853 3235
854 3183
854 1025
855 4143
855 1325
855 856
856 2882
856 4203
856 2885
857 4167
857 4155
857 4163
858 861
858 859
858 862
859 1759
859 1780
860 1758
860 862
860 1780
861 865
862 3115
862 865
863 3088
864 866
864 1761
864 5005
866 867
866 1777
867 1777
867 3088
868 869
868 5907
868 1316
869 870
869 6567
870 1837
870 1496
871 935
871 873
871 872
872 6244
872 6345
873 6352
874 884
874 875
875 1864
875 876
876 878
876 1864
877 880
877 881
877 878
878 887
879 882
879 886
880 883
880 882
881 883
881 885
882 886
883 894
885 2235
886 890
887 2235
887 892
887 896
888 1964
889 892
889 891
891 893
892 895
893 895
893 1964
896 902
896 898
897 1790
897 2076
897 901
898 1790
898 901
899 1883
899 1840
899 1965
900 907
900 904
900 2076
900 2074
901 1790
902 2196
902 2274
903 912
904 906
904 1791
905 908
907 908
907 909
908 909
909 912
910 911
910 1791
910 914
911 913
911 1791
912 914
913 918
913 915
914 916
915 916
915 2199
916 917
917 2075
919 920
919 924
919 923
920 922
920 921
921 6370
922 925
924 926
925 926
928 931
929 3737
929 3736
930 3620
930 3669
931 3616
931 3619
932 1892
933 5043
933 934
934 5041
935 6598
935 6328
936 3612
937 2244
937 4893
938 6061
938 943
938 1503
938 6063
939 2185
939 3207
939 2186
940 6072
940 6061
940 6060
941 2476
942 2186
942 1500
942 3206
943 946
943 1503
944 5283
944 5286
944 947
945 6069
945 2887
945 6063
946 1502
948 2887
948 6691
949 5373
949 2827
949 6420
950 954
951 5371
951 5373
951 2824
952 5357
952 5365
952 5367
953 1399
953 2841
954 1934
955 6420
956 6176
956 6576
956 6328
957 968
958 959
959 3139
961 963
962 973
962 1071
963 975
964 972
965 6083
966 967
966 971
967 970
967 6083
968 6057
968 2054
969 975
972 976
974 2215
975 2054
976 2071
977 982
977 981
978 4355
979 4791
979 1088
980 4350
980 4351
981 6410
982 1088
983 997
983 1796
984 991
984 5887
985 1190
986 2227
986 6400
986 1893
987 6670
988 1002
988 2227
988 2228
989 2077
989 1004
990 6568
990 994
990 1005
991 5884
991 5886
992 998
992 1002
994 2151
995 5860
995 4715
995 2941
996 1007
996 6404
998 3054
998 1002
999 1006
1000 6665
1000 1796
1001 1006
1003 2202
1006 5884
1007 6679
1007 1788
1007 6403
1008 6255
1009 6663
1009 6666
1010 6255
1011 1792
1011 1798
1011 1013
1012 3048
1012 1017
1013 2230
1013 2870
1014 6571
1014 1957
1014 6659
1015 1957
1015 1956
1016 1789
1016 2234
1017 3050
1018 2474
1019 6234
1019 2556
1019 6055
1020 1079
1020 1078
1020 6238
1021 1039
1021 1022
1021 1037
1022 3184
1022 2048
1023 1038
1023 1037
1023 1024
1024 1038
1024 1041
1025 1026
1025 1027
1027 1041
1027 1030
1028 1031
1028 2071
1029 2071
1029 1030
1032 1033
1033 1035
1033 1034
1034 1035
1035 1036
1036 1037
1036 1041
1038 1039
1039 1040
1042 2097
1043 6286
1044 2541
1044 2443
1044 3166
1045 1046
1045 4930
1045 1698
1045 4932
1046 2218
1046 4931
1047 3266
1047 2218
1047 3292
1048 1715
1049 1571
1050 1051
1050 1054
1050 1055
1051 2213
1051 2216
1052 6085
1052 3139
1053 1054
1054 6083
1055 1056
1055 6082
1056 2212
1056 1057
1059 4558
1059 4567
1059 4574
1060 3040
1060 4553
1060 4572
1060 6589
1061 4550
1061 4544
1061 6576
1061 3024
1062 4555
1062 1468
1062 4550
1063 3010
1063 1064
1063 3007
1064 3009
1064 3007
1065 1469
1065 2317
1065 5311
1066 1067
1066 1867
1067 1068
1067 1069
1068 2200
1070 2275
1071 6085
1072 1073
1073 1074
1073 1075
1074 2271
1075 6443
1075 2271
1076 4497
1076 4498
1077 1078
1078 6233
1079 1080
1079 6280
1081 2970
1081 2986
1081 2998
1082 2985
1082 2986
1082 2968
1083 4770
1083 6213
1083 2998
1083 1084
1084 6215
1084 3129
1084 6210
1085 3129
1085 2972
1085 2971
1085 1836
1087 1088
1089 1091
1090 6516
1090 1825
1091 2096
1092 1093
1092 1454
1092 2302
1093 1094
1093 2302
1094 1680
1094 1096
1095 1096
1096 1547
1097 2296
1097 2300
1097 2306
1098 2309
1098 1099
1098 2288
1099 2307
1099 2286
1100 1101
1100 1456
1100 1525
1101 2297
1101 1660
1102 6323
1102 3311
1103 6531
1103 1104
1103 1875
1104 1105
1105 1851
1106 1113
1106 2163
1107 6184
1107 1108
1108 1111
1109 1112
1109 1110
1114 1115
1115 1116
1115 6569
1116 1117
1117 2160
1118 3418
1118 1509
1118 4842
1119 3418
1119 3425
1119 1509
1120 2508
1120 3132
1121 2690
1121 2686
1122 1270
1124 1133
1125 3577
1125 6630
1125 6435
1126 1300
1127 1133
1127 1307
1127 1136
1128 3576
1128 3143
1129 1304
1129 2937
1129 1306
1130 5920
1130 1304
1130 3576
1131 1756
1131 6635
1131 6636
1131 1307
1132 5872
1133 6353
1134 6631
1134 1301
1134 1135
1135 3577
1135 3578
1136 5870
1136 5864
1137 4454
1139 1142
1139 2475
1139 4455
1139 4448
1142 1257
1142 1259
1143 5173
1144 1161
1144 1151
1144 1147
1145 1150
1145 6010
1145 1154
1146 5313
1146 1449
1146 4617
1148 4603
1148 4606
1148 1450
1149 1150
1150 1151
1151 4638
1152 1153
1152 4636
1152 1156
1153 4619
1153 1449
1155 1161
1155 1436
1155 1437
1155 1431
1157 1158
1157 1172
1157 1161
1159 3380
1159 1165
1159 1564
1160 1169
1160 1176
1160 1177
1162 4640
1162 1565
1162 1178
1163 3395
1163 6166
1163 3394
1164 3394
1164 4657
1164 4655
1164 1426
1165 4640
1165 6485
1166 5315
1166 4636
1166 4638
1167 1421
1167 1170
1167 4667
1168 1781
1169 1170
1169 1176
1170 4673
1171 4652
1171 1175
1171 4658
1173 1420
1173 4667
1173 1176
1174 4666
1175 4666
1175 4669
1178 1566
1178 5315
1179 1183
1179 4906
1180 1184
1180 2512
1180 1187
1181 1183
1182 1185
1182 5149
1182 5152
1183 1186
1184 5154
1184 1185
1185 4906
1186 5129
1186 5135
1187 2511
1187 6573
1189 1701
1190 1878
1191 2248
1191 6264
1192 5804
1192 5855
1192 1196
1193 5812
1193 1385
1193 1390
1194 2147
1194 6554
1195 6560
1195 5809
1195 1196
1196 6564
1197 3213
1197 1198
1199 4616
1200 2102
1200 2099
1200 2113
1201 2100
1201 2106
1201 2109
1202 3982
1203 1271
1203 2952
1204 4239
1204 4230
1205 4131
1206 4023
1207 4019
1207 4021
1208 1267
1208 4161
1208 4157
1209 4191
1209 4195
1209 4193
1210 1211
1210 4153
1210 1213
1211 1705
1211 4142
1212 1213
1213 2072
1214 1215
1214 1266
1215 4141
1215 1325
1216 4141
1218 5292
1219 6305
1220 5197
1220 5199
1221 1222
1222 1223
1224 1225
1225 5165
1225 5167
1226 6572
1226 4714
1227 5412
1227 1233
1227 4747
1228 4738
1228 4743
1228 1234
1229 5329
1230 1237
1230 2825
1230 2833
1231 1240
1232 5410
1232 5416
1232 5419
1233 2813
1233 5410
1234 5389
1234 4740
1235 1401
1235 5335
1235 5359
1236 5351
1237 5323
1237 5320
1238 2805
1238 4726
1238 2810
1240 4732
1240 4733
1241 3130
1242 2169
1242 2617
1243 1244
1243 2610
1243 2169
1245 1246
1245 1689
1247 1486
1248 1250
1249 2771
1249 1700
1249 2773
1250 2771
1250 2770
1251 1252
1251 1253
1251 5300
1252 1700
1253 1255
1253 4488
1254 4484
1254 4483
1254 4488
1255 4486
1255 4488
1255 4478
1256 6329
1256 1298
1256 1258
1258 4455
1260 1262
1261 4475
1261 1262
1262 4473
1263 1283
1263 3266
1263 4930
1264 4950
1264 4948
1264 4940
1265 4946
1266 1267
1267 1325
1268 4225
1268 4235
1268 4224
1269 4304
1269 4123
1269 4127
1270 2952
1270 1649
1271 4074
1272 3902
1272 3988
1272 3905
1273 1785
1273 1274
1273 4811
1274 4813
1274 1275
1276 2112
1276 2114
1276 2238
1277 2114
1278 1279
1278 2044
1278 2042
1280 2527
1280 1281
1281 3634
1282 2528
1282 3632
1282 1690
1283 3295
1283 3602
1284 3295
1285 6352
1286 1287
1286 3671
1288 3625
1288 1289
1288 6309
1290 6313
1290 3659
1290 3661
1291 2006
1292 2006
1292 2803
1293 3728
1294 3730
1294 3734
1294 3724
1294 3759
1295 3743
1296 3706
1296 3708
1296 3704
1297 3712
1298 2726
1298 4449
1299 2730
1300 3576
1300 1303
1300 1301
1301 4435
1301 4436
1302 6630
1304 5920
1305 5896
1306 6449
1306 3563
1307 1308
1308 5891
1308 1310
1309 1310
1310 5923
1311 5924
1311 5883
1311 5927
1312 5927
1312 5933
1312 5929
1313 5937
1314 5944
1314 5966
1314 1320
1315 5939
1315 5941
1315 5874
1316 1318
1316 1317
1319 1322
1320 5964
1320 1322
1321 1322
1323 1324
1324 5911
1324 5913
1326 1716
1326 2568
1326 2569
1327 2587
1327 2581
1327 2259
1328 5857
1329 1330
1329 1331
1331 1332
1331 6079
1333 1334
1334 1340
1334 5489
1335 5526
1336 5513
1336 5515
1336 1338
1337 5501
1337 5512
1337 1340
1338 5499
1338 5503
1339 5507
1339 5505
1339 5490
1340 5493
1341 5490
1341 5530
1341 5513
1342 5427
1342 5428
1342 5432
1343 5430
1343 5429
1343 5442
1344 5438
1344 5448
1345 5547
1345 5549
1345 1352
1346 5566
1346 5543
1346 5555
1347 5563
1347 5541
1347 5561
1348 1349
1348 5605
1349 1355
1349 6079
1350 5570
1350 1351
1350 6077
1351 5568
1351 5565
1352 1353
1352 5546
1354 6271
1355 5584
1355 1356
1356 6272
1356 1357
1358 5760
1358 5768
1358 5611
1359 5770
1359 5774
1359 5772
1360 5782
1360 1368
1360 1366
1361 1366
1361 5614
1361 1364
1362 5761
1362 5762
1362 5612
1363 5607
1363 5641
1363 5762
1364 1365
1364 5049
1366 1367
1368 5780
1368 5781
1369 5761
1369 5753
1369 5763
1370 5738
1370 5740
1370 5741
1371 5745
1371 5732
1371 5744
1372 1374
1372 5641
1372 1380
1373 1374
1374 1375
1376 1377
1377 5478
1377 5476
1378 2330
1378 1379
1378 5481
1379 2493
1379 5484
1380 1485
1381 1383
1381 5058
1381 5626
1382 1384
1383 1485
1383 5624
1384 5058
1384 5785
1385 5629
1385 1386
1386 5055
1386 5784
1387 5622
1387 5629
1387 5624
1388 5853
1389 6564
1390 5816
1390 5810
1391 5669
1391 5667
1392 5689
1392 5687
1392 5688
1393 5393
1393 1394
1393 5395
1395 5406
1395 5421
1396 2334
1396 5400
1396 5402
1397 5406
1397 4728
1397 5396
1398 2845
1398 1402
1399 2844
1399 2843
1400 6421
1401 4762
1401 2817
1402 3287
1402 2846
1403 6038
1403 6042
1403 6037
1404 1415
1404 1628
1404 6040
1405 1414
1405 1626
1405 1630
1406 4695
1406 1624
1406 4704
1407 4688
1407 4691
1407 4704
1408 4709
1408 1410
1409 1628
1409 1630
1410 4702
1410 4700
1411 1412
1411 5316
1411 4710
1412 4700
1412 1623
1413 1619
1413 4712
1413 2319
1414 4689
1416 4691
1416 4692
1416 6044
1417 4708
1417 4690
1418 4673
1419 1420
1420 6113
1421 3393
1421 4664
1422 4646
1422 3385
1422 3395
1423 1424
1424 1425
1424 1428
1425 1427
1425 1426
1426 1429
1431 1435
1431 1434
1432 1434
1432 1818
1432 4687
1433 1434
1438 3382
1439 3382
1439 1443
1440 4642
1441 1753
1441 1783
1442 3381
1443 3381
1444 6010
1445 5013
1446 4617
1446 1447
1446 4618
1448 5314
1449 5314
1450 1453
1450 4602
1451 1452
1452 4614
1452 4612
1453 4610
1453 5313
1454 3275
1454 1765
1455 3355
1455 3358
1455 1559
1455 1672
1456 1663
1456 1678
1457 1678
1457 1517
1458 4979
1458 5998
1458 1460
1459 5998
1461 1462
1462 1464
1462 3036
1463 3034
1463 3027
1464 4527
1464 1465
1465 1466
1466 3034
1467 4564
1468 4556
1468 4560
1469 3014
1469 4577
1470 5305
1471 1472
1473 4850
1473 4583
1473 1474
1475 3045
1476 1477
1477 1479
1477 4592
1478 4592
1479 4588
1479 2327
1480 1482
1480 1481
1480 3543
1481 6204
1481 3519
1482 2903
1482 3542
1483 2926
1483 3557
1483 3556
1484 2917
1484 2912
1485 1838
1487 3498
1487 3493
1487 6087
1488 2225
1488 2094
1489 1492
1490 2357
1490 2356
1490 4767
1490 1740
1491 2934
1491 2929
1491 6331
1492 2709
1492 4848
1493 1494
1493 1495
1493 6587
1494 6583
1494 6579
1495 6565
1495 1793
1496 6565
1496 6566
1498 1499
1499 3325
1499 1592
1501 4918
1501 3205
1501 4920
1502 4918
1503 6060
1504 2115
1505 1507
1506 1507
1508 1874
1508 2899
1508 5028
1509 3417
1510 3432
1510 3436
1510 3433
1511 1706
1511 3425
1511 3429
1512 1706
1512 3427
1512 3420
1513 3427
1513 3426
1514 3056
1515 3099
1515 3094
1515 1821
1516 2116
1516 2027
1516 1871
1518 1519
1518 1522
1520 1521
1520 1522
1521 1523
1522 3273
1524 2009
1525 2297
1525 2294
1526 3457
1526 3447
1527 3455
1527 3454
1527 3457
1528 5007
1528 5006
1528 2624
1529 1533
1529 4989
1529 4934
1530 1532
1530 1535
1530 6036
1530 6161
1531 1535
1532 1533
1532 6160
1533 1535
1534 1535
1536 6158
1536 1816
1537 3271
1538 4881
1538 5316
1538 1614
1539 3407
1539 1540
1540 4881
1541 1544
1541 1542
1541 1543
1542 3271
1542 3407
1543 1544
1545 4876
1545 4878
1546 4879
1546 4876
1546 6335
1548 1549
1548 3313
1549 1550
1549 3412
1549 3331
1550 3412
1551 1554
1551 1553
1551 2873
1552 1553
1552 1554
1552 3412
1553 2873
1554 1555
1554 6622
1556 2277
1557 1667
1558 1659
1558 6656
1558 1667
1559 1658
1559 6655
1561 3347
1562 1563
1562 3404
1567 6108
1567 1970
1567 4768
1568 2607
1568 1975
1568 6109
1568 1976
1569 4768
1569 1570
1569 6226
1570 6226
1570 2607
1571 6080
1572 1578
1572 1574
1572 1575
1573 1576
1573 1578
1573 1577
1574 2891
1574 1575
1576 2891
1577 1578
1579 4439
1580 4442
1580 1581
1580 2281
1581 2281
1581 2644
1582 2644
1582 1583
1582 3849
1583 3849
1584 1585
1585 1588
1585 5059
1586 1587
1586 6086
1586 4766
1587 1590
1587 1588
1588 1589
1591 6535
1591 2242
1591 3562
1591 6536
1592 1593
1594 6156
1595 1770
1595 6156
1595 2142
1596 1597
1596 1598
1596 1600
1597 6423
1597 1600
1598 6175
1598 1599
1599 2315
1601 1602
1601 1603
1601 1664
1603 3329
1604 1605
1605 2318
1605 5984
1606 1808
1606 1809
1606 3840
1607 1809
1607 2130
1607 2129
1608 1698
1608 3840
1608 4933
1609 1613
1609 1611
1610 1611
1610 3338
1610 1682
1611 1612
1612 6601
1612 1613
1613 6601
1615 1621
1615 1619
1616 1617
1616 4699
1616 4696
1617 4710
1617 4699
1618 1620
1618 2319
1618 1621
1619 1620
1620 1621
1622 4713
1622 1622
1623 1625
1623 1624
1624 1625
1626 1627
1626 4712
1628 1629
1630 1631
1632 1633
1632 1647
1632 1638
1634 4393
1634 1641
1634 4390
1635 1639
1635 4390
1635 4388
1636 4402
1636 4385
1636 4415
1637 4385
1637 4405
1638 1644
1638 2441
1638 4073
1639 4386
1639 1645
1640 4395
1640 4393
1640 4391
1640 6048
1642 4397
1642 4387
1642 4389
1643 2097
1643 2401
1643 2397
1644 4074
1644 3898
1645 4400
1645 4402
1646 6047
1648 1649
1651 1654
1652 3978
1652 3163
1653 2865
1654 3976
1654 3978
1655 1671
1655 1669
1655 1656
1657 1676
1658 1667
1659 3363
1659 3345
1660 1663
1661 1674
1661 6654
1661 3364
1662 1674
1662 1669
1662 1673
1664 5983
1664 1670
1665 1665
1665 3356
1666 1676
1666 1666
1668 1669
1672 3356
1675 5983
1676 1677
1677 2007
1679 3373
1679 1765
1679 5978
1680 3373
1680 3371
1681 5974
1681 5972
1681 3337
1682 3337
1682 5976
1683 5974
1684 3337
1684 1685
1685 5972
1686 1701
1686 2056
1687 1695
1690 2336
1690 1701
1691 1891
1691 1693
1692 1694
1692 1812
1695 1704
1696 1700
1697 3837
1698 4933
1699 1702
1699 1735
1702 3839
1703 1704
1706 3419
1707 4842
1708 4443
1709 5062
1710 3934
1711 2258
1711 2261
1711 2263
1711 2260
1712 2694
1712 2266
1713 6225
1713 2355
1713 1714
1714 2237
1714 4849
1715 2204
1715 2203
1716 2897
1716 3306
1717 2934
1717 5879
1717 5935
1718 6595
1718 2930
1718 2937
1719 2386
1719 2385
1719 2224
1720 3932
1720 6381
1721 2256
1721 6464
1721 6004
1722 2400
1722 2404
1723 1752
1723 6099
1723 3517
1724 2933
1724 2932
1724 5979
1725 6097
1725 2349
1725 1752
1726 3783
1727 4842
1728 3077
1728 6471
1729 3053
1730 6654
1732 3613
1732 1892
1733 2124
1733 6678
1733 1750
1734 2126
1734 6675
1734 2127
1735 2120
1735 2137
1736 1890
1736 4422
1736 2532
1736 3839
1738 1740
1738 2551
1738 1975
1739 2058
1739 2896
1739 2179
1741 2083
1741 2084
1741 6357
1742 2967
1742 2970
1742 2974
1742 2989
1742 6599
1743 2993
1743 2979
1743 2983
1744 2982
1744 2984
1745 2065
1745 2064
1746 2121
1746 2536
1746 2123
1746 2122
1747 5105
1747 3224
1747 2152
1748 3228
1748 3226
1748 3227
1749 2473
1749 2561
1750 2123
1750 2121
1751 2882
1751 2885
1751 2878
1751 2881
1752 6204
1753 4644
1753 1754
1755 6638
1756 6638
1757 1779
1757 1774
1757 1758
1758 1776
1759 1760
1759 1776
1760 1761
1760 1779
1761 1774
1762 1868
1763 3134
1763 2068
1764 2069
1764 1768
1765 2276
1766 2780
1766 2777
1766 2784
1767 4929
1767 4928
1768 2057
1769 2140
1769 2138
1769 6422
1769 2139
1770 2142
1771 4823
1771 1772
1773 2352
1773 2350
1774 1779
1775 1778
1776 1779
1776 1780
1777 1778
1778 6235
1781 1782
1781 4991
1782 1783
1783 3381
1784 6247
1785 4811
1785 3604
1786 2867
1787 2231
1787 2869
1787 1789
1788 6403
1788 6402
1789 2868
1789 2232
1792 6570
1793 1794
1793 6660
1794 6403
1794 6661
1795 6665
1796 1797
1797 6658
1799 6251
1800 6602
1800 6604
1800 1804
1801 1801
1801 1815
1802 1816
1803 2796
1803 1804
1804 6605
1805 1810
1806 3593
1807 1814
1809 3260
1810 6025
1811 3240
1811 6484
1811 3239
1812 1813
1814 2042
1814 2040
1815 3244
1816 4969
1817 2777
1817 4963
1817 6602
1819 1829
1819 1822
1819 2428
1819 2435
1820 2601
1820 1827
1820 3487
1821 1823
1822 2431
1822 2430
1823 6621
1824 1833
1825 1826
1825 6515
1825 2224
1826 2211
1826 2223
1827 2604
1828 2615
1828 2614
1828 4421
1829 2437
1829 2436
1830 3102
1830 6094
1831 3092
1831 3117
1831 6621
1832 2604
1832 2602
1833 5002
1834 4076
1834 2720
1835 4076
1836 4786
1836 4782
1837 5960
1837 5958
1838 5618
1838 5053
1839 6076
1839 5878
1840 2196
1840 1842
1841 1842
1842 2197
1843 6221
1843 6219
1844 1845
1844 6178
1845 1850
1845 2171
1846 2171
1847 1848
1848 1879
1848 1849
1848 2658
1849 1850
1849 1879
1850 2659
1851 1852
1851 2519
1852 2659
1853 6501
1853 1911
1854 1906
1854 6504
1854 6501
1855 1937
1855 1896
1855 6510
1856 1937
1856 1936
1857 1859
1857 3291
1858 2847
1858 6690
1859 1860
1859 6690
1861 2454
1861 6276
1861 6596
1862 3441
1862 3440
1862 3442
1863 3440
1863 3441
1864 1865
1865 1964
1865 1963
1866 1867
1867 1965
1868 1870
1869 1870
1870 4526
1871 2468
1871 4905
1872 3100
1872 3094
1873 3099
1873 3100
1875 1877
1876 2860
1876 1878
1876 6633
1877 1878
1880 4809
1881 2234
1882 2234
1884 2301
1884 2305
1884 2287
1885 2056
1885 6483
1887 1888
1890 2127
1890 2134
1890 2126
1892 3620
1893 1894
1893 2202
1894 2229
1894 2227
1895 3880
1895 3874
1896 1897
1896 6508
1898 1927
1898 1932
1898 1931
1898 1924
1899 1933
1899 1907
1899 1931
1900 1940
1900 1913
1901 1930
1901 6413
1901 6506
1902 1918
1902 6500
1902 1924
1903 1936
1903 1905
1903 1904
1904 1905
1904 1937
1905 6509
1906 1945
1906 1928
1906 6502
1907 1945
1907 6503
1908 1934
1908 6507
1908 1909
1909 1935
1909 6507
1910 1944
1910 1943
1910 1935
1911 1912
1911 6502
1911 1938
1912 1939
1913 1939
1913 1938
1914 6505
1914 1947
1914 1940
1915 6506
1915 6413
1915 1947
1916 6506
1916 1929
1916 6495
1917 1918
1917 1941
1917 1942
1918 1921
1919 1943
1919 1926
1919 6507
1920 1921
1920 1925
1920 1926
1921 1922
1922 6496
1923 1924
1923 6496
1923 1925
1925 1927
1926 1927
1928 6504
1928 1944
1928 6509
1929 1930
1929 6499
1930 6500
1931 1932
1932 1933
1933 1943
1933 1946
1934 1941
1935 1936
1938 6503
1941 1942
1942 6498
1944 1946
1945 1946
1947 6505
1948 2530
1948 6291
1948 6289
1949 2459
1949 1951
1949 5693
1950 6690
1950 2457
1950 2459
1952 3454
1952 1953
1952 3442
1953 3455
1954 6592
1955 1956
1957 1960
1957 6356
1958 6672
1958 6571
1958 1960
1959 1962
1959 1961
1961 6667
1962 3445
1966 4942
1966 3293
1967 2549
1967 6494
1967 4952
1968 2068
1970 2619
1970 2600
1971 1978
1971 2600
1971 6207
1971 6227
1972 5061
1972 1978
1972 2902
1973 1974
1973 5059
1973 5061
1974 2237
1974 6225
1975 1976
1975 2609
1976 1977
1977 6208
1977 2607
1978 1979
1979 6224
1979 2608
1980 2355
1980 2203
1981 6416
1981 6624
1981 3225
1982 2448
1982 5126
1982 4924
1983 2119
1983 2241
1983 3839
1984 4062
1984 2545
1984 2544
1984 2543
1985 3581
1985 2494
1985 6405
1986 1999
1986 1995
1986 1993
1987 1993
1987 1990
1987 1991
1988 4981
1988 6514
1988 1989
1989 6408
1989 1997
1990 1991
1990 6103
1991 6514
1992 4981
1992 6103
1993 6674
1994 6674
1995 1996
1995 6372
1996 1998
1996 6418
1997 2066
1997 6269
1998 6269
1998 6372
1999 2001
1999 2000
2000 3579
2000 2001
2001 3581
2002 3582
2002 2497
2002 2004
2003 6373
2003 3585
2003 3586
2004 4721
2005 2006
2007 3326
2009 2010
2009 3273
2011 2142
2012 4929
2012 2013
2014 4979
2014 2318
2014 2138
2015 3133
2015 2016
2015 2019
2017 3133
2017 2018
2017 3022
2019 2020
2021 2022
2023 4965
2023 6132
2023 2024
2025 6132
2025 4987
2025 2026
2027 2447
2028 2447
2029 2447
2029 2116
2029 2030
2031 2032
2031 6088
2031 2557
2032 2033
2032 2035
2033 2036
2033 2034
2037 3223
2037 2045
2037 2044
2038 5117
2039 3227
2040 2041
2042 2043
2044 2045
2046 5109
2046 5107
2046 5115
2047 5115
2048 2052
2048 4222
2049 2050
2049 4219
2049 2051
2050 4220
2050 4222
2051 4220
2051 2052
2052 3186
2053 2597
2057 6110
2058 2059
2059 2423
2060 2082
2060 2895
2060 2179
2061 2062
2062 2063
2063 2064
2065 2066
2070 3130
2072 2073
2072 6600
2073 6600
2073 3138
2074 2076
2074 2075
2077 6694
2077 6680
2078 2079
2079 6057
2079 6059
2080 2081
2080 6148
2080 2269
2081 2093
2081 2083
2082 2564
2082 2084
2083 6432
2084 2361
2085 5992
2085 2086
2088 2089
2088 2093
2089 2090
2090 2422
2090 6148
2091 2422
2091 2092
2092 2178
2093 2178
2095 2893
2095 2894
2096 2403
2096 3853
2096 6685
2098 2101
2098 4797
2098 2102
2099 2109
2099 2101
2100 2103
2100 2105
2101 2102
2103 2104
2104 2105
2105 2111
2106 2108
2106 2107
2107 2110
2107 2108
2108 2109
2111 2238
2111 2113
2112 2113
2112 2238
2114 4813
2115 6416
2115 5126
2116 2241
2117 6693
2117 2118
2118 2119
2118 2240
2119 6172
2120 3255
2121 2122
2121 2537
2123 2538
2123 2124
2124 6677
2124 2125
2125 2126
2126 2532
2127 2132
2128 2129
2128 2132
2128 2133
2128 3257
2129 2130
2130 2500
2131 2132
2131 2534
2131 2500
2132 2134
2133 2134
2135 2534
2136 2137
2138 2140
2141 3018
2143 2144
2144 2148
2145 2146
2145 2149
2146 2151
2146 2147
2148 2149
2150 2151
2152 6361
2152 3235
2155 2156
2156 6217
2156 2157
2158 2161
2159 2162
2164 2165
2164 2872
2166 2167
2166 4807
2171 2172
2173 3377
2174 2175
2175 2421
2176 2177
2176 2421
2177 2421
2178 2354
2179 2180
2180 2895
2180 2562
2180 2896
2181 6088
2181 2557
2181 6173
2182 6088
2182 3227
2183 2184
2183 6070
2183 6071
2184 2185
2184 4919
2185 3205
2186 3207
2187 2875
2187 2188
2190 5064
2190 2453
2192 3882
2192 3159
2193 6491
2193 3082
2194 2628
2194 3159
2196 2197
2197 2198
2198 2199
2198 2200
2199 2200
2200 2201
2201 6221
2202 2226
2203 6152
2204 6104
2204 2360
2205 2206
2205 6104
2205 2207
2206 6155
2206 6105
2207 6154
2207 2225
2208 2209
2209 2255
2209 3137
2210 2417
2211 6688
2211 2424
2211 6182
2213 2214
2218 4930
2218 4931
2219 2220
2220 2251
2221 2222
2223 2224
2225 6107
2226 6567
2226 6566
2228 2229
2230 2870
2230 2231
2233 2867
2233 2869
2233 2868
2236 2562
2236 2563
2236 2540
2237 4766
2240 6172
2241 6172
2242 2340
2243 6480
2243 3144
2243 6102
2245 2246
2245 6049
2246 6049
2246 2247
2247 2248
2247 6264
2249 2250
2251 6365
2251 6366
2252 2257
2252 2255
2252 2417
2253 2260
2253 2704
2253 2262
2254 3308
2254 3307
2255 2874
2255 2258
2256 2375
2257 2258
2258 2259
2259 3137
2260 2261
2261 2262
2263 6197
2263 2265
2264 2694
2264 2265
2264 3954
2265 2266
2266 3935
2267 2592
2267 3934
2267 3935
2268 3932
2268 2592
2270 2941
2271 6440
2272 5631
2272 6279
2273 6279
2273 6365
2273 6368
2277 2278
2278 3370
2279 2783
2279 2782
2280 2642
2280 2425
2281 2427
2283 2284
2284 5015
2285 2296
2285 2306
2286 2289
2286 2294
2287 2300
2287 2306
2288 2295
2288 3364
2288 2305
2289 2307
2289 2292
2291 2308
2292 2294
2292 2297
2293 2316
2293 2311
2293 2304
2294 3365
2295 2298
2295 2309
2296 2304
2298 2301
2298 2305
2299 2308
2299 2302
2300 2301
2303 2314
2307 2309
2310 2316
2310 2311
2311 3367
2312 2315
2317 4973
2317 4975
2318 4975
2319 4713
2320 4456
2321 2322
2321 2756
2322 6330
2322 6329
2323 6347
2324 2325
2324 4587
2326 2327
2329 6479
2330 5480
2330 5485
2331 2332
2333 2334
2333 5403
2333 2335
2334 5423
2336 2528
2336 2537
2337 6202
2338 2341
2338 2344
2338 2346
2339 2341
2339 2342
2339 2340
2340 2347
2341 2342
2342 6202
2343 6240
2344 2346
2344 2345
2345 2348
2345 2347
2346 6240
2347 5019
2348 6229
2348 2349
2349 2350
2349 6228
2350 6536
2351 2353
2351 4766
2352 3523
2352 3524
2353 5027
2354 4849
2354 2526
2355 2526
2356 2363
2356 2378
2357 2379
2357 2609
2358 2379
2358 4421
2358 2614
2359 2360
2360 2594
2361 6358
2361 2553
2361 6357
2362 2378
2362 2388
2362 2376
2363 2893
2364 2893
2365 2366
2366 2375
2366 2367
2367 2368
2367 2892
2369 2370
2369 2377
2369 2372
2370 2371
2370 2373
2371 2385
2371 2374
2372 2373
2372 6464
2373 2374
2374 2376
2375 2376
2377 2636
2378 4767
2379 4767
2380 2381
2380 4421
2380 2615
2381 2383
2382 6465
2382 2391
2383 2392
2383 4843
2384 2393
2384 4843
2384 2388
2385 2395
2387 2391
2387 6182
2389 2390
2389 2395
2389 2394
2390 2391
2392 4844
2392 6465
2393 4844
2393 2394
2394 6465
2396 2398
2396 2399
2396 6685
2397 6516
2397 4442
2398 2399
2398 6685
2399 6182
2400 2402
2400 2407
2401 2431
2401 2402
2402 2407
2403 2404
2403 4437
2404 2415
2405 4437
2405 2415
2405 4441
2406 3853
2406 6183
2408 3855
2409 3856
2409 3860
2409 3861
2410 2411
2411 2412
2411 2414
2412 6130
2412 2992
2413 3866
2413 2991
2415 4440
2416 6130
2416 4440
2416 2994
2417 4845
2418 4845
2418 4847
2418 2630
2419 4846
2419 4848
2419 2635
2419 2634
2420 4846
2420 2637
2420 2636
2421 2422
2422 6149
2423 3145
2425 2427
2425 2426
2426 2427
2426 6515
2428 2437
2428 2431
2429 2890
2430 3847
2430 4442
2432 4828
2433 2875
2434 2875
2435 2436
2435 3847
2436 2715
2437 3000
2438 6618
2438 3967
2438 6617
2439 2543
2439 2545
2439 6616
2440 6618
2441 4074
2441 4075
2442 2543
2442 2546
2442 2544
2443 2546
2444 3899
2445 5250
2445 4513
2446 5826
2446 2852
2446 4912
2446 6052
2447 2448
2449 2450
2450 6098
2450 3578
2451 2452
2451 3152
2452 6144
2452 3150
2453 5064
2453 6144
2454 2455
2456 4468
2456 6330
2457 2458
2458 2459
2458 2460
2460 2461
2460 2462
2462 5716
2462 2524
2463 5716
2463 5661
2464 6478
2465 2466
2466 2467
2466 2524
2466 6478
2468 4905
2469 4897
2469 4898
2469 4903
2470 2471
2470 2472
2470 6434
2471 2472
2473 2567
2474 5014
2474 2475
2476 4894
2476 5018
2477 4895
2477 4894
2477 4896
2478 2479
2479 2480
2480 6354
2481 2482
2481 2486
2482 2483
2487 2488
2487 3174
2490 5652
2490 2491
2492 2493
2494 2502
2494 2498
2495 2499
2495 2503
2495 2496
2497 2498
2497 2502
2498 2502
2499 2501
2499 3846
2500 3846
2505 6539
2506 2507
2506 6539
2508 6031
2509 3784
2509 3785
2509 3789
2510 5154
2511 2511
2513 2515
2514 2515
2516 5994
2516 2517
2518 3220
2518 3222
2518 3221
2519 5986
2520 2522
2520 2521
2520 2859
2522 2523
2524 6479
2526 4849
2527 2528
2528 3634
2529 6681
2529 6682
2529 2722
2530 6375
2531 6375
2532 6677
2533 2538
2533 6677
2534 3846
2534 6675
2535 2537
2535 6291
2535 6678
2536 6484
2536 2538
2539 3838
2539 6675
2540 2560
2541 2543
2542 2543
2544 3884
2545 4063
2546 4067
2547 5303
2548 2776
2548 2794
2548 2549
2549 2550
2552 2553
2552 6150
2553 2593
2553 2555
2554 6325
2554 6231
2556 6236
2557 2558
2557 2559
2558 2560
2558 2562
2559 2560
2561 2563
2563 2564
2564 6303
2565 5026
2565 2566
2568 2570
2569 2570
2569 2571
2570 2572
2570 2574
2571 2572
2571 2573
2572 2575
2572 2579
2573 2575
2573 2576
2574 2579
2575 2577
2575 2582
2576 2577
2576 2578
2577 2580
2577 2585
2578 2580
2578 2581
2579 2582
2580 2583
2580 2586
2581 2583
2582 2585
2583 2584
2583 2587
2585 2586
2586 2587
2588 4923
2589 3133
2590 4971
2590 4925
2590 4927
2591 3933
2591 6397
2591 6381
2592 3933
2593 2594
2595 2624
2595 5006
2595 2627
2596 2622
2597 6080
2597 5007
2598 2623
2598 2599
2598 5007
2600 4768
2600 2620
2601 3489
2601 2606
2601 3462
2602 3490
2602 2620
2603 2604
2604 2605
2606 3497
2606 3491
2607 4768
2608 6227
2608 6208
2609 2619
2610 2615
2610 2616
2611 2613
2611 2618
2612 2618
2613 2627
2614 2625
2616 2617
2616 6266
2617 2618
2619 2625
2620 2621
2621 2622
2622 2623
2623 2624
2625 2626
2626 2627
2628 3149
2631 4847
2632 2633
2633 3882
2637 6464
2638 2639
2639 2641
2639 2640
2640 2709
2642 2643
2642 6515
2644 2645
2646 6653
2647 2707
2648 2707
2649 6651
2650 6015
2651 6180
2652 2654
2653 2654
2654 2655
2656 3949
2657 3949
2658 2659
2660 4111
2660 4110
2661 4110
2662 4113
2662 2664
2662 2666
2663 2665
2664 2665
2666 2668
2666 2667
2668 2669
2669 2669
2670 2672
2670 4270
2670 2671
2672 2673
2674 4266
2675 4268
2676 4258
2676 4264
2677 4264
2678 4252
2678 4258
2678 4262
2679 4260
2680 4304
2680 4300
2681 4302
2682 2684
2682 4115
2682 2683
2684 2864
2684 2685
2686 2689
2686 3918
2687 2688
2687 2691
2687 4013
2689 2691
2689 2690
2691 2692
2693 3912
2693 6396
2694 2695
2696 2697
2696 3169
2697 2698
2697 2699
2700 2706
2700 2701
2701 6241
2701 3953
2702 3954
2702 2704
2702 2703
2704 2705
2706 2707
2707 2708
2710 2712
2710 2711
2712 2713
2712 3000
2713 2714
2713 4834
2715 4836
2715 3001
2716 4819
2716 2718
2716 4821
2717 4820
2718 4824
2719 4824
2720 2721
2722 6684
2722 2722
2723 3605
2723 2724
2724 3647
2724 3646
2725 3801
2725 3769
2725 3809
2726 2730
2726 2728
2727 2728
2728 2729
2730 2731
2732 4460
2732 2746
2732 2733
2733 2734
2733 2743
2735 2748
2735 2739
2736 2737
2737 2739
2737 2738
2739 2740
2744 2745
2744 2746
2746 2747
2748 2749
2750 2752
2750 2751
2752 2754
2752 2753
2754 2755
2756 2758
2756 2757
2758 4456
2758 2759
2760 4464
2760 4462
2760 2761
2762 4462
2762 2764
2762 2763
2764 2765
2766 3305
2766 2767
2768 2769
2769 2769
2771 2772
2773 2774
2776 2783
2777 2778
2779 2780
2780 2782
2781 2782
2783 6494
2783 6492
2784 2785
2784 2786
2786 3679
2786 3681
2787 2789
2787 2788
2787 4864
2790 2791
2790 2792
2792 2793
2794 2795
2794 2798
2796 2797
2799 3803
2799 3804
2799 3808
2800 3802
2800 3803
2800 3767
2801 3802
2801 2802
2803 2804
2805 2808
2806 2841
2806 4764
2806 2807
2809 4726
2811 4743
2811 2812
2811 4741
2813 4745
2813 2814
2815 5333
2815 4760
2815 2816
2818 2820
2818 5367
2818 2819
2820 6421
2820 2821
2822 5355
2822 5357
2822 2823
2825 5318
2825 2826
2827 5377
2827 2828
2829 5381
2829 5318
2829 2830
2831 5381
2831 2832
2831 5379
2833 5320
2833 2834
2835 5359
2835 2839
2835 2836
2837 2839
2837 2838
2839 2840
2841 2842
2844 2845
2847 4908
2847 2848
2848 4911
2848 4910
2849 4911
2850 4909
2851 6645
2853 5387
2853 5383
2853 5385
2854 2855
2855 4681
2855 4679
2856 4686
2857 4685
2857 4679
2857 4678
2858 4677
2860 5986
2861 2862
2861 2866
2862 2864
2862 2863
2862 4097
2863 4135
2864 4135
2865 2866
2868 2869
2870 2871
2871 2872
2873 6622
2874 3137
2874 3307
2876 2884
2876 2879
2877 2878
2877 2880
2878 2881
2879 2885
2879 2883
2880 2881
2880 3198
2881 2883
2882 4146
2883 2884
2883 2885
2884 3198
2886 5009
2886 5008
2886 4773
2887 6691
2888 2889
2889 2890
2889 4830
2890 4828
2891 2892
2894 2894
2897 2898
2897 6107
2898 2900
2898 2901
2899 2900
2899 6197
2900 5028
2902 5061
2902 5059
2903 2922
2903 2904
2904 2908
2904 2905
2904 2907
2905 2906
2906 3520
2909 2915
2909 2911
2909 2917
2910 2912
2910 3556
2910 2911
2911 2912
2913 3543
2913 2914
2913 2915
2915 2916
2917 3518
2918 2919
2918 2920
2920 2921
2922 2923
2924 3528
2924 6097
2924 3524
2925 3538
2925 3556
2925 3523
2926 6147
2926 3558
2927 5915
2927 3560
2927 2928
2929 2930
2929 6466
2930 2931
2932 6466
2932 6535
2934 2935
2936 6635
2937 6635
2938 6205
2939 2940
2942 6415
2942 4003
2943 4001
2944 2947
2944 2945
2946 2947
2946 3990
2948 2949
2948 4060
2949 3999
2950 4054
2950 4052
2950 2951
2953 2957
2953 2963
2954 2957
2955 2956
2957 2958
2959 2965
2959 2960
2961 2965
2961 2963
2961 2962
2963 2964
2965 2966
2967 2969
2968 2969
2968 2996
2969 2989
2969 2988
2970 6599
2970 2985
2973 5009
2973 4771
2973 2976
2973 4772
2974 4774
2974 2975
2977 2997
2978 2992
2978 2980
2979 2990
2979 2982
2980 2984
2981 2984
2982 2988
2983 2990
2983 4439
2985 2986
2985 2989
2986 2987
2988 2995
2990 2995
2992 6131
2993 6131
2993 2994
2994 6129
2994 4439
2995 2996
2996 2997
2997 2998
2999 3002
2999 3000
3000 3003
3001 3002
3001 3967
3002 3003
3003 6616
3004 6651
3005 6692
3006 3016
3006 3008
3007 3008
3008 3009
3009 3012
3010 3011
3010 3016
3011 3012
3011 3015
3012 3013
3013 3014
3016 3017
3018 3019
3019 3020
3019 3021
3022 4973
3022 3023
3024 3027
3024 3025
3025 3026
3025 4531
3027 3028
3029 3039
3029 3038
3030 6576
3030 3039
3030 3035
3031 3033
3031 3032
3031 3036
3031 3037
3034 4551
3034 3036
3037 6423
3037 3038
3038 3039
3040 4571
3040 4553
3041 4536
3041 3043
3041 4553
3041 4555
3042 4547
3042 4541
3042 4536
3044 6589
3045 3046
3047 4850
3047 4578
3048 6471
3048 3049
3049 6468
3049 6467
3050 3052
3050 3051
3051 6016
3051 6189
3052 6468
3052 6647
3053 3073
3053 6468
3054 6647
3054 3055
3056 3057
3058 3062
3059 6127
3059 6093
3059 3063
3060 3061
3061 3062
3061 6473
3062 6127
3063 6126
3064 6469
3065 6469
3065 3066
3066 6126
3067 3070
3067 3068
3067 3071
3068 3069
3068 6477
3071 3072
3071 4994
3072 6646
3073 3075
3073 3074
3075 3077
3075 3076
3077 3078
3079 5004
3079 3081
3079 3085
3080 6424
3080 3084
3080 6425
3080 3082
3081 3086
3081 3116
3082 3117
3082 5004
3083 3117
3083 3106
3083 3084
3086 3087
3087 5005
3088 6145
3088 5005
3089 3871
3090 5045
3091 3093
3092 3093
3093 3870
3094 3147
3095 3096
3095 3098
3096 3097
3097 6621
3098 3147
3099 6426
3100 6426
3101 6094
3102 3105
3102 3116
3103 3104
3103 3105
3103 3110
3105 3109
3106 3109
3107 3109
3107 3110
3108 3109
3110 5065
3111 3112
3111 3113
3112 5006
3113 3114
3113 6094
3114 3115
3118 3123
3119 3123
3120 3122
3121 3122
3122 3123
3124 3125
3127 3128
3131 3132
3132 3213
3135 3405
3136 3406
3137 3306
3138 6051
3140 6016
3141 6101
3141 3570
3142 3143
3142 6101
3142 3144
3144 6436
3146 3155
3146 3150
3147 3155
3148 6426
3149 3150
3150 6144
3151 3152
3153 3154
3154 3155
3155 3156
3156 3878
3157 3879
3158 3883
3159 3160
3159 3883
3161 3163
3161 3162
3162 3163
3162 3164
3164 3166
3164 3165
3166 3167
3169 3170
3171 3172
3173 6692
3176 3178
3176 3180
3177 3178
3178 3179
3180 3181
3182 3183
3184 3185
3186 3187
3186 3192
3188 6081
3188 3190
3189 3196
3190 3196
3190 3191
3192 3194
3193 3194
3194 3195
3196 3197
3198 3202
3199 3200
3199 3202
3200 3203
3201 3203
3202 3203
3204 6069
3204 6072
3204 6070
3205 3206
3206 4920
3207 3208
3208 3210
3208 3209
3210 3210
3211 3212
3214 3215
3216 3218
3216 3219
3217 3218
3217 3219
3217 5093
3220 3237
3220 3236
3221 3238
3222 3236
3222 3223
3223 5117
3223 3224
3224 5111
3225 6174
3225 3226
3226 3234
3228 3232
3228 3229
3229 3230
3229 3231
3232 5122
3232 3233
3234 5123
3234 5122
3234 3235
3236 3249
3238 4432
3238 3247
3239 3247
3240 3241
3242 3244
3242 3246
3242 3243
3244 3245
3246 3247
3247 3248
3249 3250
3251 3252
3253 5126
3255 3842
3255 3257
3256 3842
3257 3843
3258 3261
3258 3843
3258 3265
3259 3260
3260 3264
3260 3262
3261 3263
3261 3262
3262 3841
3264 3265
3266 3293
3267 3269
3268 3268
3269 3270
3271 3272
3273 4882
3274 3275
3274 4886
3274 4888
3275 4600
3276 3278
3277 3278
3278 3279
3280 5978
3281 3282
3281 3579
3281 3586
3283 3586
3284 3585
3285 6103
3285 6100
3285 6205
3286 3287
3288 4908
3288 6188
3288 6186
3289 5833
3289 4912
3289 6186
3292 3293
3294 3602
3294 3295
3294 3600
3296 3819
3296 3594
3296 3829
3297 3594
3297 3599
3298 4786
3298 3299
3300 3492
3300 6086
3300 6087
3301 6534
3301 6087
3302 3487
3302 3303
3302 3484
3303 3489
3303 3486
3303 3304
3306 3307
3307 3308
3308 3309
3311 3312
3311 5988
3313 3331
3313 3329
3314 3315
3314 3316
3314 3319
3317 6422
3317 3319
3317 3318
3319 3320
3321 3322
3322 3323
3322 3324
3326 3327
3328 3412
3329 3330
3331 3332
3333 3351
3333 6655
3333 3361
3334 3351
3334 3335
3334 3336
3336 3339
3338 3346
3339 6601
3340 3349
3340 3341
3340 3343
3341 3342
3341 3343
3342 3344
3342 3349
3343 3345
3344 3345
3347 3348
3349 3367
3350 3363
3351 6657
3351 3360
3352 3360
3353 3358
3354 3355
3355 3356
3356 3357
3358 6657
3359 3362
3360 3361
3361 3362
3362 6656
3363 6654
3364 3365
3365 3366
3368 3369
3368 6622
3369 3370
3370 5978
3372 3373
3374 3375
3375 5976
3377 4616
3377 3378
3379 3380
3380 4991
3381 3382
3382 6169
3383 6169
3383 3390
3383 6165
3384 3392
3384 3385
3384 6133
3385 3386
3386 3388
3386 6133
3386 6165
3387 3389
3387 3388
3387 4650
3388 4648
3389 6371
3389 4662
3390 6166
3390 6168
3390 6588
3391 3392
3391 4661
3391 6133
3392 4663
3393 4671
3393 4663
3394 3395
3396 3398
3396 3397
3398 6168
3398 3399
3401 4993
3402 4993
3403 3404
3404 3405
3406 3407
3406 4881
3408 3409
3409 3410
3410 3411
3413 3414
3414 3414
3414 3415
3416 3435
3416 3434
3416 3437
3417 6670
3417 3435
3418 4842
3419 3420
3419 3421
3420 3422
3421 3422
3421 3423
3422 3430
3423 3424
3423 3425
3424 3432
3424 3430
3427 3428
3430 3431
3432 3436
3433 3437
3433 3438
3434 3439
3434 3438
3435 3436
3436 3437
3438 3439
3440 6670
3441 3442
3443 3451
3443 3444
3443 3445
3445 3446
3446 3448
3446 3447
3447 3448
3448 3449
3450 3451
3451 3452
3453 3454
3454 3455
3455 3456
3457 3458
3459 3501
3459 3460
3460 3461
3460 6456
3463 3486
3464 3470
3464 3496
3464 3465
3465 3468
3465 3497
3465 3466
3467 3472
3467 3470
3467 3468
3468 3478
3468 3469
3470 6092
3471 6092
3472 3474
3472 6090
3473 6090
3474 6091
3475 6091
3476 3482
3476 3477
3478 3480
3478 3479
3480 3486
3480 3481
3482 3484
3482 3483
3484 3485
3487 3489
3488 3489
3490 3491
3490 3492
3492 3493
3493 3494
3494 3495
3494 3498
3495 3496
3495 6092
3496 3497
3498 6089
3499 3500
3500 6087
3500 3555
3500 6086
3501 3503
3501 6089
3502 6089
3503 3505
3503 3504
3505 3507
3505 3506
3507 3509
3507 3508
3509 3510
3511 3550
3511 3512
3512 6263
3512 3513
3514 3515
3515 6263
3515 3516
3516 6147
3517 3519
3517 3518
3518 5027
3519 6204
3520 6204
3520 6097
3521 3522
3522 3524
3522 3523
3522 3527
3525 3530
3525 3528
3525 3527
3526 3527
3528 3529
3530 3531
3532 3534
3532 3533
3534 3540
3534 3535
3536 3538
3536 3540
3536 3537
3538 3539
3540 3541
3543 3544
3545 3558
3545 3546
3546 3548
3546 3559
3547 3548
3548 3549
3550 6147
3550 3552
3551 3552
3552 3553
3553 3554
3556 6147
3557 6267
3557 3558
3560 3561
3562 3566
3562 6466
3563 3567
3563 3564
3564 3565
3564 3566
3566 6203
3567 3569
3567 6102
3568 3569
3568 6102
3568 3573
3569 3570
3570 3571
3571 3573
3571 6101
3571 3575
3572 3575
3573 3574
3574 3575
3574 6363
3575 6101
3576 6632
3577 6632
3579 3580
3580 3581
3580 3583
3582 3585
3582 3583
3583 3584
3587 3588
3587 3589
3590 3812
3590 3610
3590 3815
3591 3823
3591 3593
3591 3592
3593 3775
3594 3595
3596 3599
3596 3597
3597 3598
3598 3600
3598 3599
3600 3601
3602 3603
3605 3607
3605 3606
3607 3608
3610 3771
3611 3612
3612 3613
3613 3614
3614 3615
3616 6351
3617 6348
3618 3619
3619 3620
3620 3621
3622 6313
3623 6312
3623 3661
3623 6309
3624 6312
3625 3626
3628 3629
3628 3630
3630 3631
3630 3632
3632 3633
3634 6310
3635 3833
3635 3637
3636 3641
3637 3639
3637 3638
3639 3640
3639 3641
3641 3643
3642 3643
3643 3644
3645 3671
3647 3648
3647 3649
3649 3650
3649 6313
3651 3652
3651 3653
3651 3659
3653 3657
3653 3654
3655 3663
3655 3657
3655 3656
3657 3658
3659 3660
3661 3662
3663 3665
3663 3664
3665 3666
3665 3667
3667 3668
3669 3670
3672 6317
3672 6315
3672 3673
3674 6348
3674 6317
3675 6348
3676 3677
3677 3678
3677 6350
3677 6348
3679 3680
3681 3682
3681 3683
3683 3684
3683 3685
3685 3686
3687 3689
3687 3688
3689 3691
3689 3690
3692 3696
3692 3693
3693 3694
3693 3695
3696 3697
3696 3698
3698 3700
3698 3699
3700 3702
3700 3701
3702 3703
3702 3704
3704 3705
3706 3714
3706 3707
3708 3710
3708 3709
3710 3712
3710 3711
3712 3713
3714 3716
3714 3715
3716 3718
3716 3717
3718 3720
3718 3719
3720 3722
3720 3721
3722 3724
3722 3723
3724 3725
3726 3730
3726 3732
3726 3727
3728 3732
3728 3729
3730 3731
3732 3733
3734 3735
3737 3738
3739 3757
3739 3741
3739 3740
3741 3755
3741 3742
3743 3749
3743 3744
3744 3745
3744 3748
3745 3746
3745 3747
3749 3753
3749 3755
3750 3751
3751 3752
3751 3753
3753 3754
3755 3756
3757 3759
3757 3758
3759 3760
3761 3808
3762 3808
3763 3807
3764 3807
3765 3806
3766 3803
3768 3802
3770 3801
3772 3815
3773 3816
3774 3816
3776 3790
3777 3791
3778 3791
3779 3787
3780 3784
3781 3786
3782 3786
3783 3785
3784 3787
3785 3786
3787 3788
3789 3790
3789 3797
3790 3791
3792 3799
3792 3793
3792 3794
3795 3797
3795 3799
3795 3796
3797 3798
3799 3800
3804 3806
3804 3805
3806 3807
3809 3810
3809 3821
3812 3813
3815 3817
3816 3817
3817 3818
3818 3819
3819 3820
3821 3822
3823 3824
3824 3827
3824 3826
3825 3827
3827 3828
3829 3830
3831 3832
3833 3834
3835 3836
3837 3838
3840 3841
3840 4923
3841 3842
3842 3843
3843 3844
3845 3846
3847 3848
3849 3851
3850 3851
3851 3852
3853 6687
3854 3855
3855 3857
3856 3857
3856 3859
3857 3858
3857 4438
3860 3863
3862 3865
3862 3863
3863 3866
3863 3864
3865 3866
3866 3867
3868 6517
3868 3869
3871 3872
3873 3874
3875 6609
3875 3876
3876 3877
3877 3878
3877 3879
3878 3879
3880 3881
3882 3883
3884 3904
3884 4067
3885 5913
3885 5915
3885 3887
3886 3887
3887 3888
3888 3888
3889 5062
3890 4007
3890 4005
3890 3891
3891 3892
3893 4043
3893 3894
3895 4045
3895 3901
3896 3897
3896 4048
3896 4045
3898 3899
3898 4072
3899 3900
3899 3904
3900 3901
3902 3903
3904 4068
3905 4068
3906 4068
3907 4036
3907 3921
3907 3908
3908 3909
3908 4035
3910 4034
3910 3911
3912 3913
3914 4086
3914 3915
3916 3917
3916 3918
3916 3919
3918 3919
3919 3920
3921 4034
3921 3923
3922 3923
3923 3924
3925 4038
3925 3926
3927 3928
3928 4040
3929 3930
3929 3931
3931 3932
3932 3933
3933 3934
3934 3935
3936 3938
3936 3937
3936 3942
3938 3940
3938 3939
3938 3948
3940 3941
3942 3943
3942 3946
3944 3946
3944 3945
3946 3947
3949 3950
3951 3958
3951 3953
3952 3953
3954 3955
3956 3957
3958 6653
3958 3959
3960 3961
3962 3963
3964 3965
3966 6617
3966 3967
3967 3968
3969 3990
3969 3970
3971 3972
3974 3975
3974 3976
3976 3977
3978 3979
3980 3984
3980 3982
3980 3981
3982 3983
3984 3986
3984 3985
3986 3988
3986 3987
3988 3989
3990 3994
3991 3993
3992 3993
3993 3996
3994 3996
3994 3995
3996 3997
3998 3999
3999 4000
4001 4003
4001 4002
4003 4004
4005 6415
4005 4006
4007 4009
4007 4008
4009 4029
4009 4010
4011 4015
4011 4017
4011 4012
4013 4014
4015 4027
4015 4016
4017 4025
4017 4018
4019 4025
4019 4020
4021 4023
4021 4022
4023 4024
4025 4026
4027 4028
4029 4030
4030 4031
4032 4033
4036 4038
4036 4037
4038 4039
4041 4042
4041 4043
4043 4044
4045 4046
4047 4048
4048 4049
4050 4051
4052 4053
4054 4055
4056 4058
4056 4060
4056 4057
4058 4059
4060 4061
4062 4063
4062 4069
4063 4070
4063 4064
4064 4065
4064 4066
4067 4068
4069 4072
4069 4070
4070 4073
4070 4071
4072 4073
4073 6201
4076 4077
4078 6380
4078 4079
4079 4079
4080 4081
4081 4084
4081 4083
4082 4084
4084 4085
4086 4094
4086 4088
4087 4088
4088 4089
4090 4092
4090 4094
4090 4091
4092 4093
4094 4095
4096 4099
4097 4101
4097 4098
4099 4100
4099 4101
4101 4102
4103 4105
4103 4104
4105 4106
4107 4108
4109 4110
4111 4113
4111 4112
4113 4114
4115 4121
4115 4116
4116 4117
4116 4118
4119 4125
4119 4121
4119 4120
4121 4122
4123 4124
4125 4126
4127 4129
4127 4128
4129 4130
4129 4131
4131 4132
4133 4134
4135 4136
4137 4139
4137 4138
4140 4197
4140 4199
4140 4196
4141 4142
4142 4217
4143 4173
4143 4144
4144 4145
4144 4150
4145 4150
4145 4148
4146 4148
4146 4201
4147 4183
4147 4201
4147 4148
4149 4181
4149 4185
4149 4152
4150 4152
4151 4165
4151 4197
4151 4152
4153 4154
4153 4161
4155 4156
4155 4159
4157 4158
4157 4159
4159 4160
4161 4162
4163 4165
4163 4164
4165 4166
4167 4168
4167 4169
4169 4171
4169 4170
4171 4172
4171 4173
4173 4174
4175 4179
4175 4183
4175 4176
4176 4178
4176 4177
4179 4180
4179 4181
4181 4182
4183 4184
4185 4187
4185 4186
4187 4189
4187 4188
4189 4191
4189 4190
4191 4192
4193 4199
4193 4194
4197 4198
4199 4200
4201 4202
4203 4205
4203 4204
4205 4207
4205 4206
4207 4209
4207 4208
4209 4210
4209 4211
4211 4212
4211 4213
4213 4214
4213 4215
4215 4216
4215 4217
4217 4218
4220 4221
4222 4223
4224 4225
4225 4236
4225 4229
4226 4236
4227 4232
4227 4228
4228 4229
4228 4236
4230 4237
4230 4232
4230 4231
4231 4233
4232 4233
4235 4239
4235 4236
4238 4239
4240 4246
4240 4241
4242 4244
4242 4243
4242 4248
4244 4254
4244 4250
4245 4250
4246 4248
4246 4247
4248 4249
4250 4251
4252 4253
4254 4255
4254 4256
4256 4257
4258 4259
4260 4262
4260 4261
4262 4263
4264 4265
4266 4267
4266 4268
4268 4269
4270 4272
4270 4271
4272 4274
4272 4273
4274 4278
4274 4275
4276 4278
4276 4282
4276 4277
4278 4279
4280 4282
4280 4281
4280 4284
4282 4283
4284 4285
4286 4290
4286 4288
4286 4287
4288 4292
4288 4289
4290 4291
4292 4293
4294 4325
4294 4296
4294 4295
4296 4297
4298 4302
4298 4299
4298 4300
4300 4301
4302 4303
4304 4305
4306 4308
4307 4310
4308 4309
4308 4310
4310 4311
4312 4318
4312 4316
4312 4313
4314 4316
4314 4315
4316 4317
4318 4319
4320 4321
4321 4327
4321 4325
4321 4323
4322 4323
4323 4324
4325 4326
4327 6627
4327 4328
4329 4331
4329 4333
4329 4330
4331 4335
4331 4332
4333 6627
4333 4334
4335 4341
4335 4336
4337 4343
4337 4339
4337 4338
4338 4347
4339 4341
4339 4340
4341 4342
4343 4344
4345 4347
4345 4346
4347 4348
4349 6629
4351 4352
4351 4353
4353 4354
4353 4357
4355 4356
4357 4359
4357 4365
4358 4359
4359 4360
4361 4367
4361 4363
4361 4362
4363 4364
4365 4367
4365 4366
4367 4368
4370 4371
4370 4372
4372 4378
4372 4373
4374 4376
4374 4380
4374 4375
4376 4377
4376 4378
4378 4379
4380 4382
4380 4381
4382 4383
4385 4416
4386 4400
4386 4387
4387 4388
4388 4391
4388 4389
4389 4392
4390 4391
4391 4392
4392 4395
4393 4394
4395 4396
4397 4404
4397 4398
4398 4401
4398 4399
4399 4409
4399 4403
4400 4409
4401 4408
4401 4403
4402 4411
4403 4407
4403 4413
4404 4405
4404 4408
4405 4406
4406 4407
4406 4408
4406 4416
4407 4415
4409 4410
4411 4413
4411 4412
4413 4414
4415 4416
4417 4418
4417 4419
4419 4420
4422 4423
4423 4425
4423 4424
4428 4430
4428 4429
4430 4431
4431 4432
4432 4433
4435 6435
4435 4436
4436 6631
4437 4438
4439 4441
4440 4441
4443 4444
4445 4447
4445 4446
4447 4448
4448 4452
4449 4450
4450 4452
4450 4451
4452 4453
4454 4455
4456 4458
4457 4458
4458 4459
4460 4461
4462 4463
4464 4466
4464 4465
4466 4467
4468 4469
4470 5301
4471 4479
4471 4472
4471 5302
4473 4474
4473 5301
4475 5302
4475 4476
4479 4481
4480 4481
4481 4482
4484 4486
4484 4485
4486 4487
4489 4491
4489 4490
4491 5168
4491 4492
4493 4494
4495 4497
4495 4496
4498 4498
4499 5252
4499 5258
4499 4500
4501 4503
4501 4502
4503 4505
4503 4504
4505 4506
4505 5296
4506 4507
4506 4508
4509 4511
4509 4510
4511 5294
4511 6283
4514 4519
4514 4515
4517 4518
4519 4520
4521 4522
4521 4523
4523 4524
4523 4846
4525 4526
4527 4528
4528 4529
4530 4551
4531 4534
4531 4532
4533 4534
4534 4545
4535 4550
4535 4542
4535 4555
4536 4537
4536 4542
4537 4538
4537 4539
4537 4540
4539 4547
4539 4548
4541 4544
4541 4542
4542 4543
4544 4545
4545 4546
4545 4548
4547 4548
4548 4549
4550 6575
4551 4552
4553 4575
4554 4556
4554 4555
4554 4575
4554 4557
4556 4558
4558 4566
4559 4566
4560 4565
4560 4562
4561 4565
4562 4564
4562 4563
4564 4565
4565 4566
4566 4567
4567 4577
4567 4569
4568 4571
4568 4574
4568 4569
4569 4572
4569 4570
4571 4572
4572 4573
4574 4575
4575 4576
4579 4585
4579 4580
4579 4583
4581 4585
4581 4590
4581 4582
4583 4584
4585 4586
4588 4589
4590 4591
4592 4593
4594 6327
4595 6327
4597 6176
4597 4598
4599 4600
4600 4601
4604 4605
4604 4606
4606 4607
4608 4610
4608 4612
4608 4609
4610 4611
4612 4613
4615 4616
4617 4618
4618 4619
4619 4620
4620 4624
4620 4621
4622 4624
4622 4623
4622 4626
4624 4625
4626 4628
4626 4627
4628 4630
4628 4629
4630 4631
4630 4632
4632 4634
4632 4633
4634 5013
4634 4635
4636 4637
4638 4639
4640 4641
4642 4644
4642 4643
4644 4645
4646 4664
4646 4658
4647 4654
4647 4652
4647 4658
4648 4650
4648 4651
4649 4651
4650 4651
4652 4653
4653 4654
4653 4656
4654 4657
4655 4656
4655 6113
4656 4657
4659 4660
4660 4677
4660 4661
4661 6075
4662 6133
4662 6075
4663 4664
4664 4665
4666 4668
4667 4668
4668 4669
4670 4674
4671 4674
4671 4672
4673 4674
4675 4677
4675 4685
4675 6074
4676 4677
4679 4680
4681 4686
4681 4683
4682 4683
4683 4684
4685 4686
4688 4703
4688 4705
4689 4706
4690 4691
4692 4708
4692 4707
4693 4707
4694 4695
4694 4709
4696 4697
4696 4700
4697 4698
4697 4699
4700 4701
4702 4705
4703 4706
4703 4705
4704 4705
4706 4707
4707 4708
4710 4711
4712 4713
4714 6572
4714 6573
4715 4716
4716 4717
4716 4718
4719 4720
4721 4723
4721 4722
4723 4724
4726 4727
4728 4729
4730 5391
4730 5393
4730 4731
4734 4735
4734 5387
4736 4737
4736 4738
4738 4739
4741 4745
4741 4742
4743 4744
4745 4746
4747 4748
4750 4752
4750 4751
4752 4753
4752 4756
4754 5333
4754 5320
4754 5331
4755 5331
4756 4757
4756 4758
4758 4759
4760 4762
4760 4761
4762 4763
4764 5355
4764 4765
4769 4997
4769 4995
4771 4773
4771 6599
4773 4774
4774 5008
4774 4775
4776 4778
4776 4777
4778 4779
4780 4781
4780 4784
4780 4788
4782 4784
4782 4783
4784 4785
4786 4787
4789 4790
4790 6538
4791 4799
4791 4792
4793 4794
4793 4803
4793 4799
4794 4795
4794 4796
4797 4803
4797 4798
4799 4801
4800 4801
4801 4802
4803 4804
4804 4805
4804 6551
4807 4808
4809 4810
4811 4812
4813 4814
4815 4816
4816 5011
4816 4818
4817 4818
4818 4819
4819 5010
4820 4821
4820 6462
4821 4822
4823 5643
4824 4825
4826 4827
4828 4830
4828 4831
4829 4831
4831 4832
4833 4834
4834 4835
4836 4840
4836 4838
4837 4838
4838 4839
4840 4841
4843 4844
4847 4848
4850 4851
4852 6520
4854 6523
4855 4856
4857 6440
4857 4858
4858 6644
4859 4860
4860 6641
4860 6642
4861 5820
4861 4862
4861 6643
4862 4863
4863 4914
4863 6054
4864 4865
4866 6355
4866 4868
4867 4868
4868 4869
4870 4872
4870 5184
4870 4871
4872 4873
4874 4877
4874 6339
4875 6338
4875 4877
4875 4921
4877 4878
4878 4879
4879 4921
4880 6337
4882 4886
4882 4883
4884 4889
4885 4887
4886 4887
4887 4888
4888 4891
4889 4890
4889 4891
4891 4892
4895 4896
4897 4905
4897 4901
4898 4903
4898 4900
4899 4900
4900 4901
4901 4902
4903 4904
4906 4907
4908 4909
4909 4910
4910 4911
4911 5693
4912 5825
4913 5824
4914 5846
4914 4915
4915 6274
4915 5824
4916 5824
4916 4917
4916 5852
4917 5822
4917 5821
4918 6051
4919 4919
4920 6073
4921 4922
4923 4933
4924 6434
4925 4926
4925 4927
4926 4928
4932 4933
4934 4935
4936 4942
4936 4940
4936 4937
4937 4938
4937 4939
4940 4941
4942 4943
4944 4948
4944 4946
4944 4945
4946 4947
4948 4949
4950 4951
4950 4952
4952 4953
4954 4955
4954 4956
4954 6132
4957 4959
4957 4962
4957 4983
4958 4983
4959 4965
4959 4960
4960 4961
4960 4962
4962 4963
4963 4967
4964 4967
4965 4966
4967 4968
4969 4970
4971 4972
4973 4974
4975 4976
4976 4977
4976 4978
4979 4980
4981 4982
4983 4984
4984 4985
4984 6606
4985 4986
4985 6607
4987 4989
4987 4988
4989 4990
4991 4992
4992 4993
4994 5024
4995 4996
4995 6134
4995 4999
4996 6140
4996 6137
4997 4998
4997 6122
4998 6139
4998 4999
4999 6140
5000 6447
5000 6141
5000 6143
5001 5045
5001 5002
5002 6135
5003 5005
5003 5004
5008 5010
5013 5016
5014 5015
5014 5016
5016 5017
5019 6594
5019 6593
5020 5146
5020 5135
5020 5145
5021 5022
5021 5146
5021 5157
5023 5024
5024 5025
5028 6197
5029 5032
5029 5035
5030 5035
5030 5034
5030 5031
5032 5037
5032 5033
5035 5036
5037 5039
5037 5038
5039 5041
5039 5040
5041 5042
5043 6598
5043 5044
5046 5066
5046 5808
5046 5855
5046 6560
5047 6563
5048 5614
5048 5616
5048 5049
5049 5050
5050 5620
5050 5052
5051 5620
5054 5691
5055 5853
5055 6022
5056 6022
5057 5785
5058 5630
5060 6230
5062 5063
5066 5067
5066 6021
5068 5069
5069 5071
5069 5070
5071 5073
5071 5072
5073 5081
5073 5075
5074 5079
5075 5077
5075 5076
5077 5079
5077 5078
5079 5080
5081 5082
5083 5084
5085 5087
5085 5086
5087 5088
5089 5095
5089 5090
5091 5093
5091 5092
5093 5094
5095 5097
5095 5096
5097 5101
5097 5098
5099 5101
5099 5100
5099 5103
5101 5102
5103 5105
5103 5104
5105 5106
5107 5108
5107 5113
5109 5116
5109 5110
5111 5113
5111 5112
5113 5114
5115 5116
5117 5118
5120 5124
5120 5121
5124 5125
5124 6359
5127 5143
5127 5128
5129 5137
5129 5133
5130 5131
5131 5133
5131 5132
5133 5134
5135 5136
5137 5141
5137 5138
5138 5139
5138 5140
5141 5142
5143 5144
5146 5147
5148 5149
5149 5150
5151 5152
5152 5153
5154 5155
5156 5157
5157 5158
5158 5163
5159 5160
5159 5168
5159 5162
5160 5161
5163 5164
5165 5166
5168 5169
5169 5170
5169 5171
5172 5173
5172 5175
5173 5174
5176 5178
5176 5177
5178 5180
5178 5179
5180 5182
5180 5181
5182 5183
5184 5186
5184 5185
5186 5188
5186 5187
5188 5190
5188 5189
5190 5195
5190 5191
5192 5193
5193 5199
5193 5194
5195 5196
5198 5200
5198 5199
5200 5201
5202 5208
5202 5204
5202 5210
5203 5212
5204 5206
5204 5205
5206 5207
5208 5214
5208 5209
5210 5212
5210 5211
5212 5213
5214 5216
5214 5215
5216 5218
5216 5217
5218 5219
5218 5220
5220 5221
5220 5222
5222 5224
5222 5223
5224 5225
5224 5226
5226 5228
5226 5227
5228 5230
5228 5229
5230 5232
5230 5231
5232 5234
5232 5233
5234 5235
5234 5236
5236 5237
5238 5242
5238 5240
5239 5240
5240 5241
5242 5243
5242 5244
5244 5245
5244 5246
5246 5247
5248 5250
5248 5249
5250 5251
5252 5253
5252 5254
5254 5255
5256 5258
5256 5260
5256 5257
5258 5259
5260 5261
5262 5263
5262 5267
5262 5265
5264 5265
5265 5266
5267 5268
5269 5273
5269 5270
5271 5273
5271 5272
5273 5274
5275 5276
5277 5279
5277 5278
5279 5281
5279 5280
5281 5282
5281 5283
5283 5284
5285 5286
5286 5287
5288 5289
5290 5291
5292 5293
5294 5295
5296 5298
5297 5298
5298 5299
5301 5302
5303 5304
5305 5309
5305 5306
5307 5311
5307 5309
5307 5308
5309 5310
5311 5312
5313 5314
5314 5315
5316 5317
5318 5319
5321 5327
5321 5329
5321 5322
5323 5325
5323 5324
5325 5327
5325 5326
5327 5328
5329 5330
5331 5332
5333 5334
5335 5337
5335 5336
5337 5339
5337 5338
5339 5341
5339 5340
5341 5343
5341 5342
5343 5347
5343 5352
5344 5345
5345 5347
5345 5346
5347 5348
5349 5352
5349 5351
5349 5350
5352 5353
5352 5354
5355 5356
5357 5358
5359 5360
5361 5363
5361 5369
5361 5362
5363 5364
5363 5365
5365 5366
5367 5368
5369 5375
5369 5370
5371 5375
5371 5372
5373 5374
5375 5376
5377 5378
5377 5385
5379 5383
5379 5380
5381 5382
5383 5384
5385 5386
5387 5388
5389 5391
5389 5390
5391 5392
5393 5394
5396 5398
5396 5397
5398 5400
5398 5399
5400 5401
5403 5408
5403 5404
5405 5408
5406 5407
5408 5409
5410 5411
5412 5414
5412 5413
5415 5416
5416 5417
5418 5419
5419 5420
5421 5422
5424 5430
5424 5434
5424 5425
5424 5426
5430 5431
5432 5434
5432 5433
5434 5435
5436 5440
5436 5437
5436 5438
5438 5439
5440 5442
5440 5441
5442 5443
5444 5446
5444 5445
5446 5447
5448 5449
5450 5468
5450 5451
5450 5452
5452 5454
5452 5453
5454 5455
5454 5456
5456 5461
5456 5457
5458 5459
5458 5461
5461 5462
5462 5463
5462 5464
5465 5468
5465 5537
5465 5466
5465 5467
5468 5469
5470 5471
5472 5473
5474 5475
5476 5484
5476 5477
5478 5481
5478 5482
5478 5479
5480 5481
5482 5484
5482 5483
5485 5486
5486 5488
5486 5487
5490 5534
5491 5495
5491 5492
5493 5495
5493 5494
5495 5496
5496 5497
5496 5498
5499 5501
5499 5500
5501 5502
5503 5505
5503 5504
5505 5506
5507 5509
5507 5508
5509 5512
5509 5510
5511 5512
5513 5514
5515 5517
5515 5516
5517 5519
5517 5518
5519 5523
5519 5520
5521 5528
5521 5523
5521 5522
5523 5524
5523 5525
5526 5528
5526 5527
5528 5529
5530 5532
5530 5531
5532 5533
5534 5535
5537 5539
5537 5538
5539 5540
5542 5568
5542 5566
5542 5543
5543 5559
5544 5574
5544 5578
5544 5545
5545 5549
5545 5551
5546 5576
5546 5580
5547 5557
5547 5548
5549 5550
5551 5553
5551 5552
5553 5555
5553 5554
5555 5556
5557 5561
5557 5558
5559 5563
5559 5560
5561 5562
5563 5564
5566 5567
5568 5569
5570 5571
5570 5572
5572 5573
5572 5574
5574 5575
5576 5578
5576 5577
5578 5579
5580 5582
5580 5581
5582 5584
5582 5583
5584 5589
5585 5586
5585 5591
5585 5588
5586 5587
5586 5604
5587 5589
5587 5588
5588 5589
5590 5591
5591 5592
5593 5604
5594 5599
5595 5596
5595 5599
5595 5602
5597 5598
5597 5600
5597 5601
5599 5600
5600 5602
5600 5601
5601 5604
5602 5603
5605 5607
5605 5610
5606 5610
5607 5608
5608 5609
5608 5610
5612 5760
5612 5613
5614 5615
5616 5618
5616 5617
5618 5619
5620 5621
5622 5623
5622 6277
5623 5623
5624 5625
5626 5628
5626 5627
5629 5630
5630 5784
5631 5632
5631 6277
5632 5633
5632 5634
5634 5810
5634 6277
5635 5816
5635 6564
5635 5636
5637 5639
5637 5640
5638 6615
5638 5639
5639 6278
5639 5640
5640 6277
5641 5642
5644 5650
5644 5648
5644 5645
5646 5648
5646 5647
5646 5655
5648 5649
5649 5650
5649 5651
5650 5703
5652 5653
5655 5656
5657 5661
5657 5717
5657 5659
5658 5717
5659 5660
5659 5667
5661 5665
5662 5663
5663 5664
5663 5665
5665 5666
5667 5668
5669 5671
5669 5670
5671 5673
5671 5672
5673 5675
5673 5674
5675 5676
5675 5679
5677 5679
5677 5689
5677 5678
5679 5685
5680 5683
5681 5683
5681 5682
5681 5685
5683 5684
5685 5686
5689 5690
5691 5692
5693 6053
5694 6053
5694 6645
5694 5695
5695 6052
5695 5696
5696 5697
5697 5700
5697 5698
5698 5699
5698 5702
5698 5700
5700 5701
5703 5704
5703 5705
5705 5707
5705 5706
5707 5709
5707 5708
5709 5710
5709 5711
5711 5713
5711 5712
5713 5714
5716 5717
5718 5756
5718 5758
5718 5719
5719 5776
5719 5778
5720 5721
5720 5722
5720 6270
5722 5724
5722 5723
5724 5726
5724 5725
5726 5728
5726 5727
5728 5730
5728 5729
5730 5778
5730 5731
5732 5736
5732 5767
5733 5736
5733 5734
5733 5735
5736 5737
5738 5739
5738 5767
5742 5747
5742 5766
5742 5745
5743 5766
5745 5746
5747 5748
5747 5749
5749 5758
5749 5750
5751 5753
5751 5756
5751 5752
5753 5754
5755 5763
5756 5764
5757 5764
5758 5765
5759 5765
5760 5761
5762 5763
5763 5764
5764 5765
5765 5766
5766 5767
5768 5769
5768 6333
5770 6333
5770 5771
5772 5782
5772 5773
5774 5776
5774 5775
5776 5777
5778 5779
5782 5783
5784 5785
5786 5796
5786 5800
5786 5787
5787 5788
5788 5814
5789 5790
5790 5791
5790 5792
5792 5793
5792 5794
5794 5795
5794 5796
5796 5797
5798 5799
5798 5802
5798 5800
5800 5801
5802 5804
5802 5803
5804 5854
5805 5806
5806 5854
5806 5807
5809 6561
5809 6554
5810 5811
5812 5813
5812 5814
5814 5815
5816 5817
5818 6277
5818 5822
5818 5819
5820 6639
5820 6054
5821 6639
5821 6640
5822 5823
5824 6054
5825 6274
5827 5830
5827 5833
5828 5831
5829 5841
5829 5839
5829 5830
5830 5831
5831 5832
5833 5834
5835 5837
5835 5850
5835 5836
5837 5839
5837 5838
5839 5840
5841 5842
5844 5850
5844 5845
5846 5848
5846 5847
5848 6023
5848 5849
5850 5851
5853 5854
5854 5855
5856 6022
5857 5889
5857 5858
5859 5860
5860 5862
5861 5862
5862 5863
5864 5865
5866 5872
5866 5870
5866 5868
5867 5868
5868 5869
5870 5871
5872 5873
5874 5946
5874 5875
5875 5968
5875 5966
5876 5877
5876 5970
5876 6565
5877 6273
5877 5878
5879 5929
5879 5880
5881 5882
5881 5979
5881 6331
5883 5926
5883 5952
5884 5885
5887 5889
5887 5888
5889 5890
5891 5891
5892 5918
5892 5902
5892 5893
5894 5902
5894 5900
5894 5895
5896 5900
5896 5897
5897 5898
5897 5899
5900 5904
5901 5904
5902 5903
5904 5905
5906 5921
5906 5917
5906 5918
5907 5909
5907 5908
5909 5911
5909 5910
5911 5912
5913 5914
5915 5916
5918 5919
5920 5921
5921 5922
5924 5925
5924 5939
5927 5928
5929 5930
5931 5933
5931 5937
5931 5932
5933 5934
5935 5936
5935 6638
5937 5938
5939 5940
5942 5944
5942 5946
5942 5943
5944 5945
5946 5947
5948 5950
5948 5952
5948 5949
5950 5956
5950 5951
5952 5954
5953 5954
5954 5955
5956 5958
5956 5957
5958 5959
5960 5962
5960 5961
5962 5964
5962 5963
5964 5965
5966 5967
5968 5970
5968 5969
5970 5971
5972 5975
5973 5975
5974 5975
5976 5977
5979 5980
5981 6136
5982 6136
5984 5985
5986 5987
5988 6520
5988 5989
5990 5991
5992 5993
5994 5995
5994 6574
5995 6572
5995 5996
5996 6574
5996 5997
5998 6002
5999 6000
6000 6002
6000 6001
6002 6003
6004 6006
6004 6005
6006 6008
6006 6007
6008 6009
6010 6012
6011 6012
6012 6013
6016 6017
6016 6189
6019 6020
6023 6024
6026 6028
6027 6028
6029 6030
6029 6031
6030 6031
6032 6033
6033 6035
6034 6035
6038 6040
6038 6039
6040 6041
6042 6044
6042 6043
6043 6044
6043 6045
6046 6047
6046 6048
6047 6048
6052 6053
6055 6233
6055 6286
6056 6057
6058 6059
6060 6061
6062 6063
6064 6066
6065 6066
6066 6068
6067 6068
6068 6069
6070 6071
6071 6072
6075 6121
6076 6272
6076 6078
6077 6271
6077 6270
6081 6453
6084 6267
6089 6091
6090 6092
6090 6091
6093 6475
6095 6405
6095 6096
6099 6228
6099 6198
6104 6105
6105 6106
6107 6154
6108 6109
6111 6117
6111 6119
6111 6112
6113 6116
6114 6115
6114 6116
6114 6120
6115 6119
6115 6116
6117 6118
6119 6590
6122 6123
6123 6124
6124 6125
6126 6127
6129 6130
6129 6131
6134 6135
6134 6136
6137 6138
6138 6138
6140 6533
6140 6143
6141 6142
6141 6143
6145 6146
6148 6149
6150 6152
6150 6357
6150 6429
6151 6431
6151 6152
6151 6429
6152 6432
6153 6431
6154 6155
6154 6411
6155 6412
6156 6157
6158 6160
6158 6161
6159 6160
6160 6161
6161 6162
6162 6164
6162 6163
6165 6166
6166 6167
6168 6169
6169 6170
6171 6230
6173 6174
6174 6623
6176 6177
6178 6179
6180 6181
6183 6686
6185 6455
6186 6187
6188 6192
6189 6474
6190 6192
6190 6193
6191 6193
6192 6193
6194 6594
6195 6593
6196 6198
6199 6594
6199 6200
6202 6240
6203 6379
6203 6595
6206 6207
6207 6230
6208 6224
6209 6210
6210 6211
6210 6215
6212 6213
6213 6215
6213 6214
6215 6216
6217 6223
6218 6219
6219 6220
6220 6221
6220 6222
6224 6225
6226 6227
6228 6229
6229 6593
6231 6236
6232 6326
6232 6325
6233 6234
6234 6238
6236 6237
6237 6239
6237 6238
6241 6242
6241 6243
6244 6346
6244 6245
6246 6251
6246 6252
6246 6254
6246 6247
6247 6248
6248 6252
6248 6249
6249 6251
6249 6250
6252 6253
6255 6257
6256 6257
6257 6258
6264 6265
6268 6270
6269 6418
6271 6272
6275 6405
6275 6406
6275 6407
6276 6406
6276 6407
6280 6281
6282 6283
6283 6284
6286 6287
6288 6290
6289 6290
6291 6292
6293 6303
6293 6294
6293 6295
6295 6296
6295 6297
6297 6298
6297 6299
6299 6301
6299 6300
6301 6307
6301 6302
6303 6304
6305 6307
6305 6306
6307 6308
6309 6310
6310 6312
6310 6311
6312 6313
6314 6349
6314 6315
6315 6316
6317 6318
6319 6320
6319 6321
6321 6322
6321 6352
6323 6443
6323 6324
6325 6326
6327 6328
6329 6330
6331 6379
6332 6455
6332 6463
6333 6334
6335 6336
6335 6341
6337 6342
6337 6339
6338 6340
6338 6339
6340 6343
6340 6342
6341 6525
6341 6526
6342 6527
6343 6526
6343 6344
6344 6525
6344 6527
6344 6528
6345 6346
6346 6347
6347 6350
6354 6355
6359 6360
6361 6362
6364 6531
6365 6366
6366 6367
6368 6558
6368 6556
6369 6556
6372 6373
6373 6418
6374 6375
6374 6678
6376 6377
6378 6379
6380 6394
6381 6395
6382 6383
6382 6384
6382 6387
6383 6385
6383 6384
6384 6392
6385 6386
6385 6387
6386 6391
6386 6395
6387 6396
6388 6390
6388 6394
6388 6391
6389 6390
6389 6392
6389 6394
6390 6393
6390 6394
6391 6393
6392 6393
6395 6396
6398 6400
6399 6400
6399 6403
6401 6402
6404 6679
6406 6407
6409 6462
6409 6410
6413 6505
6414 6415
6417 6626
6420 6421
6422 6423
6427 6428
6428 6430
6428 6429
6431 6432
6433 6434
6435 6632
6438 6439
6438 6438
6439 6441
6439 6442
6440 6441
6441 6442
6442 6443
6444 6445
6445 6447
6446 6447
6448 6449
6449 6595
6450 6451
6450 6537
6452 6535
6459 6461
6469 6477
6469 6473
6470 6471
6471 6472
6473 6474
6474 6475
6476 6477
6477 6646
6478 6620
6482 6483
6486 6490
6487 6488
6488 6490
6488 6491
6489 6490
6493 6494
6497 6498
6498 6499
6499 6500
6501 6502
6502 6503
6504 6510
6509 6510
6511 6512
6513 6514
6515 6516
6519 6520
6521 6524
6522 6523
6523 6524
6525 6526
6527 6528
6528 6529
6530 6531
6535 6536
6538 6539
6540 6545
6540 6552
6540 6546
6541 6543
6541 6552
6541 6542
6542 6543
6543 6548
6544 6547
6544 6548
6545 6553
6546 6549
6546 6551
6546 6552
6547 6549
6547 6550
6548 6549
6549 6550
6550 6551
6555 6556
6557 6559
6558 6559
6560 6563
6562 6563
6566 6567
6568 6568
6571 6659
6573 6574
6577 6579
6578 6579
6580 6582
6581 6582
6582 6584
6583 6584
6585 6587
6586 6587
6591 6592
6597 6598
6602 6603
6608 6613
6609 6610
6610 6613
6610 6611
6611 6613
6611 6612
6614 6615
6616 6617
6623 6624
6624 6625
6625 6626
6627 6628
6630 6631
6636 6638
6636 6637
6639 6640
6640 6641
6641 6643
6642 6643
6642 6644
6647 6648
6649 6650
6650 6651
6651 6652
6655 6657
6655 6656
6659 6669
6662 6663
6663 6672
6664 6665
6666 6668
6667 6668
6671 6672
6673 6674
6676 6678
6679 6680
6681 6682
6683 6684
6692 6693
