0 83
0 215
0 216
0 214
1 219
1 87
1 230
2 230
2 228
3 4
4 17
5 8
6 7
6 9
6 22
7 8
7 11
8 15
10 23
10 12
12 13
14 15
15 248
16 17
17 18
18 19
18 22
19 25
19 20
20 23
20 21
23 24
26 249
26 244
26 245
27 224
27 28
27 229
27 228
28 220
28 36
29 45
30 31
30 37
30 34
31 32
31 34
32 33
32 38
33 35
33 38
34 35
35 40
36 42
36 160
37 39
37 41
38 40
39 40
39 41
41 42
42 49
43 47
44 47
45 48
45 46
46 50
46 51
47 48
49 160
49 50
50 160
52 65
52 136
52 58
53 188
53 183
53 111
54 82
54 91
54 115
55 63
55 119
55 64
56 98
56 145
56 153
57 180
57 79
57 58
57 80
58 222
58 221
59 155
59 60
60 117
60 177
61 95
61 102
61 94
61 150
62 66
62 140
62 141
63 65
63 92
64 92
64 66
65 93
65 150
66 94
66 85
67 175
67 176
68 71
69 70
69 72
69 114
71 73
71 274
72 271
72 73
72 273
73 74
74 75
74 277
75 76
76 77
77 264
77 276
78 116
78 231
78 233
79 183
79 86
81 136
81 137
81 91
82 159
82 155
82 115
83 218
83 213
83 217
84 98
84 103
84 95
84 146
85 95
85 148
85 149
87 231
87 240
87 213
88 245
88 247
88 246
89 91
89 156
89 123
90 239
90 116
92 93
93 151
94 151
96 147
96 152
96 148
96 141
97 184
97 180
97 102
98 147
98 105
99 104
99 188
99 100
99 190
100 108
100 106
100 111
101 108
102 103
103 104
103 105
104 106
105 212
105 210
106 212
106 208
107 202
108 114
109 191
110 112
110 154
110 126
111 114
112 121
112 113
113 114
113 145
115 156
117 178
118 140
118 130
118 134
119 140
119 139
120 141
122 159
122 135
122 244
123 157
123 124
124 133
124 128
125 127
125 304
126 127
128 167
129 130
130 133
131 133
132 133
134 137
134 138
135 136
135 247
136 137
137 139
139 140
142 210
142 144
142 143
143 208
143 194
144 202
144 145
146 149
146 147
148 149
150 151
152 154
152 153
153 154
155 158
156 158
157 166
157 158
158 159
161 162
161 165
161 163
162 173
162 164
163 164
163 166
164 166
167 174
168 172
168 437
169 172
169 375
169 171
170 304
170 171
170 303
171 368
172 369
173 174
175 176
176 177
177 178
179 180
181 182
182 187
182 185
183 187
184 190
184 185
185 186
186 189
186 190
187 189
188 189
191 198
191 192
192 193
192 194
194 198
195 196
195 197
195 199
196 201
196 197
197 199
198 199
200 201
201 202
203 205
203 209
203 211
204 209
204 207
204 211
205 208
205 206
206 209
206 212
206 207
207 210
209 211
213 218
214 215
214 219
215 220
215 216
216 221
217 218
217 222
218 223
219 220
220 221
222 223
223 247
224 225
224 229
224 228
225 226
225 233
225 232
226 233
226 227
226 232
229 230
231 232
234 240
235 240
235 238
235 237
236 238
236 239
236 241
237 251
237 252
238 241
239 242
241 242
242 243
243 252
244 246
245 246
248 249
248 250
249 250
250 251
251 252
253 288
253 255
253 289
254 288
254 256
254 255
255 257
256 258
256 291
257 258
257 259
258 260
258 259
259 261
261 262
261 287
263 264
264 265
265 266
265 307
266 290
266 306
267 289
267 288
267 306
268 292
268 291
268 269
269 293
269 292
270 293
272 273
273 275
277 280
277 278
279 280
280 281
281 283
281 282
284 285
284 305
284 286
285 310
285 286
286 287
287 309
289 308
290 306
290 291
292 293
294 323
294 297
294 354
295 297
295 296
296 297
296 298
298 348
298 315
299 348
299 324
299 349
300 301
300 506
300 508
301 508
301 302
302 312
302 452
303 312
303 313
306 308
307 308
307 309
308 309
310 322
310 329
311 312
313 315
313 314
315 316
316 364
316 317
317 345
317 318
319 325
319 327
319 320
321 322
322 325
323 328
323 326
324 340
326 327
330 355
330 339
330 360
331 335
332 333
332 334
334 343
335 342
335 343
336 361
337 359
338 339
339 343
341 363
344 345
345 363
346 356
346 362
346 363
347 348
350 353
351 352
352 353
352 354
353 354
357 362
358 359
359 360
360 361
361 362
365 374
365 370
366 372
366 373
367 369
369 465
370 445
370 374
371 374
371 375
372 373
372 449
373 374
376 409
376 381
376 429
377 395
377 393
377 390
378 400
378 401
378 399
379 380
379 407
379 381
381 431
382 494
382 477
382 385
383 481
383 475
384 429
385 503
385 484
386 388
387 473
387 388
389 394
389 393
389 396
390 398
390 391
391 398
391 400
392 400
392 399
392 394
393 434
394 399
395 428
395 403
396 397
396 398
400 403
401 402
401 467
403 404
404 405
404 433
405 407
405 406
407 408
409 411
409 410
412 428
412 427
413 417
414 415
415 416
415 417
416 440
416 418
417 424
419 420
419 424
419 423
420 421
420 427
422 423
423 424
425 426
426 427
429 430
432 433
433 435
436 437
437 441
438 442
439 440
439 442
439 441
440 443
441 442
444 452
444 462
444 454
445 447
445 446
446 451
446 450
447 448
448 449
448 451
449 450
451 452
453 497
453 500
453 501
453 475
454 455
454 461
455 456
455 461
455 462
456 458
456 459
457 458
458 461
458 464
459 462
459 463
460 461
463 464
463 470
464 466
466 467
468 471
468 469
468 470
470 505
472 473
473 494
474 475
475 476
476 481
476 478
477 503
477 478
478 503
479 494
480 481
482 483
483 502
483 493
484 496
484 500
485 486
486 502
486 499
487 488
488 491
488 490
489 490
490 491
491 492
492 498
492 493
493 500
495 496
496 500
499 501
499 502
501 506
504 505
505 506
507 508
