0 1842
0 1845
0 3102
0 199
1 2
1 122
1 224
1 2333
2 3908
2 225
3 3904
3 236
3 3908
4 228
4 239
4 198
5 1663
5 1185
5 1275
6 2743
6 2742
6 2520
6 2731
7 951
7 42
7 46
8 1957
8 2509
8 1958
8 2510
9 2405
9 1755
9 1751
9 1757
9 2186
10 51
10 786
10 53
11 1954
11 2186
11 2185
12 448
12 949
12 2514
13 31
13 462
13 959
14 22
14 378
14 2113
15 54
15 754
15 73
16 2551
16 3598
16 888
16 840
17 2151
17 2155
17 44
18 215
18 75
18 2108
19 4076
19 34
19 2523
20 1723
20 680
20 1627
21 458
21 449
21 2774
22 37
22 2111
23 33
23 2513
23 448
24 2037
24 2709
24 2422
25 995
25 50
25 2216
26 48
26 41
26 481
27 2120
27 2117
27 998
28 1528
28 1529
28 32
29 2517
29 1575
29 679
30 3747
30 3745
30 2706
30 3852
31 889
31 3598
32 72
32 1263
33 2774
33 762
34 4068
34 4075
35 74
35 60
36 3024
36 2516
36 458
37 75
37 2110
38 378
38 2117
38 2261
39 2714
39 602
39 2705
40 768
40 1521
40 1626
41 204
41 950
42 61
42 1528
43 1673
43 3648
43 1746
44 788
44 679
45 4141
45 1513
45 754
45 1518
46 61
46 54
47 1755
47 1709
47 2735
48 73
48 712
49 2716
49 1568
49 1571
50 2215
50 2137
51 1592
51 1692
52 682
52 53
52 1592
52 738
53 713
53 778
54 754
55 3649
55 3016
55 2521
56 1998
56 773
56 1665
57 1460
57 1461
57 486
58 487
58 59
58 1453
59 4277
59 2768
60 996
61 62
62 71
62 448
63 3326
63 3725
63 996
63 994
64 2734
64 442
64 3024
65 477
65 482
65 476
66 67
66 4143
66 69
67 2042
67 3705
67 2041
68 2590
68 2629
69 2057
69 2058
70 2739
70 2496
70 441
71 72
71 1522
72 1253
73 712
74 2137
74 3458
75 2107
76 2947
76 2924
76 81
77 256
77 84
77 1146
78 1146
78 2483
78 968
79 2946
79 2923
79 2922
80 96
80 85
80 2700
81 2948
81 2725
82 85
82 96
82 91
82 147
83 2483
83 94
83 84
84 93
84 85
85 92
86 150
86 91
86 88
86 2926
87 2946
87 89
87 94
88 2948
88 92
88 89
89 2947
89 93
90 2925
90 2926
90 153
90 2928
91 92
91 145
92 93
93 94
94 4223
95 3142
95 3138
95 1064
95 257
96 115
96 1289
97 4222
97 227
97 3142
98 1064
98 99
98 227
99 1431
99 1064
99 1424
100 1158
100 2482
100 1289
101 1377
101 2776
101 1966
102 112
102 183
102 2464
102 176
103 2634
103 2639
103 111
104 2431
104 105
104 2776
105 1966
105 4293
106 4293
106 136
106 2464
107 4294
107 2431
107 2465
108 2466
108 2334
108 109
109 110
109 2639
110 2468
110 2469
111 112
111 2468
112 4009
112 4294
113 1039
113 2644
113 2473
114 2301
114 3561
114 3904
115 2930
115 147
115 157
116 128
116 246
116 1837
117 156
118 223
118 181
118 124
118 263
119 2438
119 992
119 234
120 276
120 2486
120 2487
121 154
121 225
121 122
122 143
122 123
123 148
123 2331
124 155
124 182
124 4237
125 4237
125 184
125 134
125 260
126 3493
126 127
126 3141
127 2931
127 3862
128 1180
128 1182
129 173
129 1931
129 165
129 133
130 4056
130 3486
130 3487
130 4050
131 138
131 132
131 3488
131 4056
132 133
132 1177
132 3986
133 162
133 1932
134 262
134 185
134 1176
135 140
135 153
135 1931
135 171
136 1176
136 183
137 4053
137 2933
137 2932
137 3926
138 147
138 3926
138 139
139 145
139 140
139 1177
140 1932
140 150
141 154
141 225
141 158
141 3103
142 3366
142 3367
142 3365
142 3370
143 144
143 2853
143 154
144 146
144 3987
144 149
145 150
145 147
146 3370
146 3364
146 154
148 3105
148 2853
148 2852
149 2852
149 152
149 162
150 2927
151 3104
151 226
151 169
151 3105
152 2679
152 3714
152 172
153 2929
153 2927
155 269
155 260
155 263
156 158
156 225
157 2482
157 2931
158 1417
158 1418
159 3490
159 3369
159 3366
159 3489
160 3362
160 3360
160 3359
160 3361
161 3986
161 3988
161 163
161 3987
162 2678
162 3988
163 3488
163 3362
163 3364
164 3492
164 3371
164 4034
164 3491
165 2680
165 174
166 174
166 180
166 178
167 176
167 171
167 2929
168 221
168 2438
168 232
169 172
169 179
169 170
170 226
170 175
170 221
171 177
171 1930
172 174
172 180
173 178
173 1930
173 174
175 242
175 179
175 181
176 177
176 2669
177 1929
177 183
178 185
178 1929
179 182
179 180
180 184
181 182
181 2631
182 4236
183 1928
184 4236
184 185
185 1928
186 1978
186 1979
186 2489
187 4232
187 1478
187 4166
188 1481
188 1483
188 1480
189 3763
189 3772
189 3065
189 3771
190 1403
190 1891
190 1486
191 591
191 1891
191 647
192 914
192 928
192 3678
193 613
193 459
193 612
194 1054
194 610
194 1053
195 609
195 2408
195 601
196 3641
196 1141
196 1975
197 1418
197 1151
197 3150
198 1846
198 1847
199 1288
199 991
200 2321
200 2323
200 3374
200 3377
201 1844
201 223
201 246
202 243
202 203
202 1840
202 233
203 2829
203 2817
204 205
205 1455
206 2235
206 4140
206 2234
207 208
207 212
207 2236
208 2232
208 2230
209 210
209 2233
209 2235
210 211
210 2238
211 212
211 2239
212 2237
213 590
213 2350
213 2237
214 2261
214 215
214 2109
215 997
216 3618
216 454
216 453
217 218
217 2692
217 2511
218 2110
218 2111
219 2330
219 226
219 220
220 221
220 229
220 2470
221 250
222 267
222 263
222 223
222 1182
223 2677
224 2332
224 236
224 3096
226 2471
226 3711
227 4223
228 1845
228 1166
228 239
229 231
229 230
230 231
230 1845
231 2438
231 3097
232 234
232 241
233 241
233 234
235 237
235 236
235 3561
237 2437
237 1847
238 1174
238 239
238 2229
239 1172
239 1173
239 1168
240 3378
240 3376
240 247
240 2323
241 249
242 247
242 2677
242 250
243 1179
243 3376
244 2316
244 245
244 1179
245 3375
245 1843
246 1843
247 2324
248 2677
248 2322
248 3373
249 250
249 3378
251 993
251 4006
251 252
251 4008
252 1163
252 1164
253 597
253 2104
253 254
254 3308
254 2752
255 2803
255 1114
255 3307
256 2700
256 4234
257 2474
257 258
258 3534
258 3536
259 2301
259 259
260 262
260 268
261 285
261 4021
261 1196
262 1201
262 3972
263 270
264 270
264 1271
264 273
264 1192
265 1357
265 1353
265 1180
266 1199
266 1201
266 268
267 273
267 1345
267 270
268 269
268 305
269 304
269 270
271 286
271 2945
271 1264
272 1264
272 1376
272 305
273 1350
273 1190
274 1397
274 2489
274 1981
275 1102
275 280
275 2484
276 4024
276 1276
277 1348
277 1527
277 1374
277 1356
278 411
278 1352
278 1360
279 1189
279 1186
279 1187
280 281
280 1102
281 4026
281 4230
282 4230
282 2738
282 2502
283 284
283 2499
283 2738
284 1387
284 1381
285 1274
285 1195
286 4019
286 1196
287 4019
287 1397
287 1396
287 1395
288 2494
288 1982
288 1985
289 3993
289 2490
289 1980
289 290
290 1433
290 1980
291 1991
291 2293
291 300
291 2130
292 1433
292 2667
292 2129
292 2293
293 3477
293 1390
293 1142
294 1205
294 2130
294 2503
294 575
295 428
295 3962
295 1434
296 1997
296 297
296 303
297 978
297 1996
298 3460
298 2506
298 978
299 4182
299 4176
299 2132
299 2503
300 302
300 301
300 1204
301 2129
301 1989
302 1994
302 1995
303 1991
303 1994
304 1272
304 1193
304 305
305 4021
306 1348
306 1186
306 1184
306 410
307 2973
308 2640
308 2641
308 2642
309 316
309 2641
309 322
310 331
310 1342
310 329
311 1652
311 312
311 332
312 2473
312 2671
312 2644
313 317
313 1652
313 323
314 317
314 322
314 323
315 317
315 318
315 321
316 1145
316 2671
318 319
318 1145
320 321
321 322
323 2305
324 395
324 392
324 325
325 392
325 326
325 1942
326 333
326 392
326 2305
327 1942
327 333
327 328
328 329
328 332
329 330
330 331
330 1942
331 1340
332 333
334 338
334 2642
334 1641
335 1011
335 1638
335 1639
336 352
336 348
337 338
338 1331
339 945
339 1659
339 1662
340 1897
340 945
340 1332
341 344
341 345
341 1334
342 345
343 344
344 1897
345 346
346 350
346 1336
347 350
347 351
347 348
348 1339
348 4274
349 350
352 1337
353 790
353 1339
353 2746
354 792
354 1109
354 360
355 962
355 4112
355 1119
355 2255
356 358
356 2297
356 2433
357 358
357 1106
357 2436
358 361
359 360
359 361
359 1106
360 367
361 362
362 4229
362 363
363 1110
363 365
364 366
364 365
364 1110
365 1110
366 1118
366 372
368 369
369 963
369 814
370 1125
370 371
370 2139
371 372
371 373
372 373
372 3597
373 973
374 375
375 1120
375 1121
376 1123
376 1121
376 1124
377 1124
378 2701
379 1645
379 2257
379 382
379 2512
380 1004
380 1005
380 2305
381 1014
381 1004
381 1015
382 1013
382 383
383 1936
384 385
384 1440
384 565
384 1439
385 386
385 387
386 1826
386 1438
387 1443
387 388
388 1446
388 398
388 2627
389 390
389 2625
389 1831
390 1833
390 1941
391 2310
391 1415
391 1439
391 399
392 2305
392 2504
393 571
393 1144
393 1420
394 396
394 1340
394 2657
395 1340
395 2658
396 2136
396 2656
397 1144
397 402
397 573
397 574
398 400
398 1005
399 571
399 2311
400 403
400 1436
400 2504
401 403
401 402
401 1420
401 2657
402 2312
402 2315
403 2658
403 1437
404 1653
404 2512
404 2696
405 2697
405 2121
405 1653
406 408
406 2511
406 2114
407 2116
407 2118
407 2701
408 2697
408 2119
409 1378
409 1381
409 1380
410 1349
410 1190
411 1356
411 1351
412 1368
412 1364
412 1184
413 424
413 420
413 414
413 419
414 419
414 1537
415 424
415 1364
415 416
416 422
416 1740
417 422
417 423
417 1728
418 419
418 1728
418 420
420 423
421 422
421 423
421 424
425 1800
425 1439
425 565
426 433
426 430
426 3023
426 427
427 428
427 573
428 575
428 3964
429 4081
429 4079
429 1784
429 434
430 1143
430 434
430 431
431 573
431 569
432 433
432 3604
432 3023
433 434
433 1799
434 435
435 572
435 1415
435 1800
436 1775
436 437
436 1785
437 438
437 439
438 1836
438 1835
439 440
439 1786
440 440
441 2740
441 2516
442 2515
442 2734
442 2740
443 2497
443 1773
443 444
444 1785
444 445
445 1834
445 1785
446 2244
446 1798
446 1782
447 1258
447 2515
447 2514
449 458
449 1772
450 451
450 1716
450 3008
451 1705
451 1717
452 453
452 2675
452 1808
452 1705
453 1808
454 1766
454 1707
455 456
455 1768
455 1706
456 3008
456 1783
457 1689
457 730
457 3009
459 625
459 626
460 866
460 865
460 4272
461 958
461 956
461 3833
461 1091
462 1092
462 867
463 2038
463 833
463 2422
463 953
464 1490
464 734
464 2586
465 2227
465 2580
465 2579
465 2225
466 2782
466 3789
466 3289
466 2781
467 2460
467 3252
467 2386
468 2366
468 2376
468 2368
469 498
470 3485
470 641
470 2362
471 640
472 639
472 2240
472 500
473 475
473 2202
473 985
474 475
474 2041
474 2986
475 3706
476 1488
476 3707
476 1487
477 3703
477 3707
478 2065
478 2050
478 2063
479 2064
479 2058
479 2067
480 2059
480 2058
480 2064
481 482
481 2630
482 712
483 2617
483 3197
483 1621
484 2607
484 1471
484 981
485 1464
485 2088
485 486
486 2768
487 488
487 4275
489 2615
489 2617
489 490
490 492
490 2091
491 1464
491 1467
491 2599
492 2608
493 1473
493 3197
493 494
494 2616
495 3476
495 2188
495 496
496 2226
496 2190
496 3476
497 554
497 1138
498 499
498 640
499 2371
499 3482
500 3258
500 3256
501 2372
501 3682
501 505
502 2542
502 2379
502 506
503 2303
504 1854
505 2373
505 2378
506 1854
506 2542
507 638
507 3681
507 508
509 512
509 511
509 510
510 3065
510 511
511 513
512 916
512 919
514 515
515 2344
515 916
516 2528
517 2093
517 2528
518 2341
518 2344
518 1052
519 2339
519 2337
519 2342
520 2341
520 2338
520 2339
520 2340
520 2343
521 3731
521 524
521 1052
522 3645
522 2560
522 3728
523 3645
523 2335
523 2336
524 3641
524 2560
525 1066
525 1065
525 2335
526 1878
526 530
526 3048
527 528
527 3206
527 1066
528 530
528 529
530 546
531 2534
531 3628
531 550
532 533
533 534
533 2533
534 2703
534 2535
535 538
536 2703
537 2299
537 2300
537 2539
537 2537
538 2703
538 2300
538 542
539 2538
539 2536
539 542
540 2538
540 545
540 543
541 543
541 542
541 2538
543 544
544 545
544 3220
545 546
546 3221
546 3206
547 556
547 3967
547 1103
548 549
548 3139
548 3967
549 3958
549 3960
550 551
550 2099
551 558
551 2532
552 553
552 555
552 557
553 2404
553 1088
554 2100
554 3026
555 1924
555 1921
555 2988
556 1924
556 1090
557 557
558 564
558 1139
558 563
559 1139
559 564
559 2098
560 564
561 563
561 1139
561 2098
562 563
565 566
567 1797
567 1829
567 1831
568 2304
568 2682
568 3618
568 3661
569 570
569 1144
570 571
570 572
570 1143
572 1143
574 575
574 1205
576 1999
576 733
576 577
577 1220
577 1952
577 2000
578 1215
578 579
578 1219
579 583
579 580
579 1248
580 582
580 1952
581 1216
581 1217
581 584
581 1211
582 583
582 584
583 1216
584 1228
584 585
585 587
585 586
586 1235
586 1225
587 1233
587 1221
588 2247
588 2676
588 1955
589 2187
589 1933
589 3585
590 2363
590 2367
591 954
591 649
592 666
592 658
592 1410
593 648
593 2583
593 2582
594 1543
594 1253
594 1254
595 2892
595 1259
595 948
595 1252
596 807
596 597
596 903
597 803
598 795
599 1099
599 1001
599 795
600 2561
600 2562
600 2937
601 2408
601 2407
602 2705
602 3852
603 604
603 603
604 3741
604 3740
605 1632
605 3745
605 1634
606 608
607 608
608 3222
608 3223
609 3638
609 2563
610 616
610 1056
611 612
612 2410
612 1056
614 2757
614 2565
614 2564
615 2564
615 2755
616 2758
616 617
617 2410
617 621
618 2567
618 624
618 619
619 2410
619 2567
620 630
621 3494
621 2566
622 623
622 2565
624 633
624 934
625 934
625 626
626 627
627 628
627 920
628 628
629 630
630 1949
630 3494
631 632
631 2418
631 2414
633 2414
633 2567
634 1029
634 2418
634 3496
635 2570
636 1949
637 4171
638 3292
638 4169
639 2362
639 2371
639 2783
640 3485
641 3485
641 2364
642 3482
643 3457
644 2957
645 833
646 953
647 4245
647 2761
648 954
648 2569
649 2545
649 1945
650 1409
650 911
650 906
651 653
651 1406
651 2546
652 653
652 2545
652 2546
653 907
654 657
654 1410
654 954
655 657
656 657
658 665
658 660
659 663
660 663
660 668
661 798
662 664
662 798
662 669
663 664
664 668
667 668
669 926
669 922
670 706
670 1683
670 688
671 770
671 782
671 751
672 787
672 785
672 721
673 689
674 713
674 1718
674 709
675 750
675 1575
675 735
676 680
676 757
677 1669
677 718
677 3652
678 710
678 741
678 1677
679 783
681 728
682 722
682 713
682 731
683 744
683 693
683 741
683 690
684 1520
684 1521
684 780
685 1513
685 697
685 2213
686 1688
686 748
686 698
687 1505
687 717
687 689
688 2000
688 1686
689 758
689 743
690 1680
690 759
690 692
691 695
691 761
692 693
692 718
693 706
693 702
694 1679
695 703
696 731
696 740
696 3194
697 2211
697 2212
698 1694
698 756
699 4070
699 762
699 746
700 771
701 2849
701 2851
701 2157
702 769
702 1667
703 771
703 752
704 731
705 780
705 768
705 789
706 775
707 779
707 723
708 724
708 774
708 716
709 786
709 1719
710 1701
710 756
711 777
711 721
713 786
714 1564
714 1559
714 1563
715 767
715 781
715 1585
716 770
716 782
718 1670
719 1592
719 738
719 2524
720 3668
720 2518
720 765
721 1561
722 1133
722 1718
723 1999
724 765
724 4221
725 2718
725 3593
725 2161
725 3594
726 789
727 774
727 729
727 4218
728 758
728 1559
729 770
729 751
730 1686
730 764
731 738
732 1242
732 4069
732 1238
733 1666
733 779
734 745
734 2904
735 763
735 1576
736 1505
736 784
736 1504
737 787
737 785
737 777
738 3451
739 781
739 4162
739 1678
740 2728
740 776
741 775
742 789
743 2194
743 2195
744 756
744 4163
746 4104
746 762
746 2513
747 1563
747 763
747 1565
748 1702
748 1682
749 2849
750 2726
750 1571
750 1573
751 770
753 2906
755 786
757 4218
757 2228
758 2906
759 1679
759 1676
760 780
761 1583
761 1564
761 2519
762 4103
763 2741
764 1690
764 1683
765 774
766 1578
767 771
767 1583
768 1521
769 779
769 1675
772 3594
772 2836
772 2160
773 2994
773 2995
775 1701
776 1132
776 2742
777 787
781 3450
781 2524
782 3667
783 2585
783 2519
784 2193
784 4175
785 2716
790 793
790 2435
791 1969
791 1968
791 794
792 3077
792 1969
793 1760
793 794
793 1759
794 2555
795 797
796 2570
796 1029
796 1026
796 1028
798 799
799 944
799 1026
800 940
800 972
800 941
800 806
801 807
801 804
801 803
802 4113
802 3463
802 2256
803 1001
804 805
804 4197
805 808
805 817
806 810
806 809
806 2427
807 900
807 904
809 4206
809 4207
811 812
811 977
811 2477
812 2479
812 976
813 1946
813 942
814 4116
814 4119
815 1593
815 3476
815 2520
816 3673
816 1030
816 1593
817 818
817 940
819 844
819 2860
819 1095
819 1097
820 824
820 843
820 828
821 846
822 825
822 3734
822 839
823 842
823 852
823 2935
824 830
824 4133
826 826
826 840
827 1947
827 841
827 1948
828 857
828 4131
829 853
829 860
829 858
831 2935
831 2037
831 2396
832 4129
832 855
832 4127
833 872
834 2747
834 850
834 970
835 4120
835 4119
835 4133
836 846
837 867
837 845
837 854
838 850
838 4118
838 4117
840 851
842 2936
842 844
842 845
844 2984
844 2934
844 845
846 855
847 856
847 850
847 1947
848 4118
848 855
848 859
849 2040
849 2934
849 2936
852 896
852 854
854 877
856 858
856 860
857 4123
857 4122
858 2295
859 4129
859 4132
860 3007
861 4135
862 1060
862 3761
862 1421
863 905
863 864
863 1945
865 905
865 2543
866 955
866 1060
867 2421
868 887
868 873
868 2552
869 2551
869 884
870 884
871 875
871 892
871 873
872 2711
872 2039
873 894
874 3012
874 895
874 955
876 895
877 890
877 879
878 883
879 885
879 893
880 891
881 890
882 1063
882 888
882 956
883 895
883 888
884 897
886 2421
887 2419
890 898
891 971
891 963
899 4238
899 903
900 972
900 4208
901 904
902 2428
902 904
902 4216
905 910
906 908
906 1412
907 911
907 909
910 912
910 1412
911 1406
913 915
913 937
913 1398
914 2761
914 1398
914 935
916 918
917 919
919 3031
920 3010
920 936
921 937
922 933
922 930
923 933
923 2581
923 926
924 926
925 1398
925 937
925 936
927 932
927 934
927 938
928 931
928 3010
929 936
930 944
930 2582
933 2581
939 940
941 1946
941 4116
942 943
944 2581
945 1332
946 2895
946 947
946 949
947 948
947 949
948 1249
948 2896
950 951
950 952
951 952
952 1473
953 2747
954 1408
955 2419
956 957
959 1094
959 1092
960 961
961 2868
961 2862
962 4110
962 3860
963 4113
964 974
965 973
966 975
967 968
968 3144
969 3902
970 2944
970 2941
971 4109
971 2253
971 4114
972 4207
972 4199
973 975
974 2558
974 4110
975 2558
976 2643
976 2479
977 2477
977 2432
978 3018
978 4182
979 1469
979 2601
979 980
981 2601
981 1620
982 1471
982 2090
982 1472
983 985
984 1618
985 1618
986 990
986 2437
986 3094
987 2472
987 1278
987 1165
988 990
988 3093
988 2472
989 3315
990 3315
991 992
991 1287
992 3102
993 1277
993 2821
994 2589
994 3326
994 3724
994 3725
995 996
995 3725
997 999
997 2109
998 2117
998 2115
998 2261
999 2109
999 2106
1000 2714
1000 2702
1000 3847
1000 3846
1001 1137
1002 1005
1003 1004
1006 2412
1006 1014
1006 1024
1007 1020
1008 2685
1008 1015
1008 1023
1008 2686
1009 1012
1010 2685
1010 1019
1010 2769
1011 1651
1011 1017
1012 1013
1012 1016
1013 2412
1014 1021
1015 1022
1018 1019
1019 2683
1020 2686
1020 2683
1025 1099
1026 1027
1029 2395
1031 2954
1031 3684
1031 2247
1032 1034
1032 1036
1032 1033
1033 2620
1033 2621
1034 1037
1034 1954
1035 1036
1036 1038
1039 1040
1039 3878
1039 1297
1040 1041
1040 1300
1040 1307
1041 1424
1041 1309
1042 1599
1042 1131
1042 1043
1043 1044
1043 1600
1044 1602
1044 1604
1045 1046
1045 1602
1045 1048
1046 1132
1046 1134
1047 1611
1047 1610
1047 1049
1047 1606
1048 1919
1048 1606
1049 1608
1049 3076
1050 2292
1050 2409
1050 1955
1050 2693
1051 3633
1052 1055
1052 2340
1053 3633
1053 3638
1055 1056
1055 3559
1057 3684
1057 4155
1057 2249
1058 3022
1058 3019
1058 1898
1059 4159
1059 2105
1059 3019
1060 1061
1061 4189
1061 3012
1062 2450
1062 2442
1062 2749
1063 3012
1063 2749
1066 3217
1067 2589
1067 4280
1067 4281
1068 2628
1068 2592
1068 2595
1069 2630
1069 2043
1069 2629
1070 1076
1071 1078
1071 1075
1071 1077
1072 1074
1073 1074
1074 1076
1075 1078
1075 1081
1076 1079
1077 2531
1077 2095
1078 1083
1079 1081
1079 1082
1079 2833
1080 2094
1080 2095
1080 2532
1081 1083
1083 1085
1083 3013
1084 2096
1085 1087
1085 1086
1089 1090
1090 3026
1091 1092
1091 1094
1093 1094
1095 2001
1095 1096
1096 2002
1096 1097
1097 1098
1098 3708
1098 2002
1099 1100
1101 2476
1101 2744
1101 2475
1102 2487
1103 1866
1103 1104
1104 3588
1104 1856
1105 2877
1105 2860
1105 2556
1106 2745
1107 1972
1108 2855
1108 2393
1108 2392
1109 1111
1109 1972
1111 4112
1111 2555
1112 1113
1113 1116
1113 2298
1114 1115
1114 1129
1115 1129
1115 3313
1116 1117
1116 1118
1117 3313
1117 2800
1118 2800
1119 1120
1119 4105
1120 2138
1121 1122
1123 1124
1123 2141
1125 2143
1125 1126
1127 2143
1128 1129
1130 1131
1131 1132
1133 3194
1133 3191
1134 1918
1134 1893
1135 2284
1135 3622
1135 2378
1136 2284
1138 2532
1140 2559
1141 2937
1141 3634
1142 3023
1142 1547
1145 1652
1146 1147
1148 1318
1148 3876
1148 1330
1148 1629
1149 1150
1149 3317
1149 3151
1150 2835
1150 1151
1151 1152
1151 1154
1152 1153
1152 1157
1153 1155
1153 1157
1154 1156
1154 1157
1158 1159
1158 3885
1160 1161
1161 1294
1161 3319
1162 3319
1165 1842
1165 1167
1166 1168
1166 1842
1167 1169
1167 1168
1167 1173
1168 1170
1171 1173
1173 1174
1174 2472
1175 1202
1176 1928
1177 1932
1178 4004
1179 4004
1180 1181
1181 1346
1181 1358
1181 1182
1183 1345
1183 1344
1183 1363
1184 1355
1185 1538
1185 1187
1185 1369
1186 1188
1187 1663
1188 1189
1188 1191
1189 1266
1190 1191
1191 1192
1192 1266
1193 1268
1193 1274
1194 1396
1194 4026
1194 4023
1195 4023
1195 1196
1197 3981
1197 1198
1197 2779
1197 2778
1198 1200
1198 2495
1199 3975
1199 1376
1200 3970
1200 2778
1201 3974
1202 3971
1202 3973
1203 2780
1203 1988
1203 3980
1203 2996
1204 2996
1204 1989
1205 2665
1205 2663
1206 2660
1206 2655
1206 2134
1207 1208
1207 1228
1207 1214
1208 1209
1208 1232
1210 4285
1211 1212
1211 4285
1212 1227
1212 4283
1212 1214
1213 4283
1214 1227
1214 1230
1215 1216
1215 1217
1215 1219
1217 1219
1218 1219
1220 4145
1220 1239
1221 4287
1221 4154
1222 1952
1222 4154
1223 1225
1224 1225
1225 1226
1226 1237
1226 1953
1227 1230
1228 1229
1230 1235
1231 1233
1232 1234
1232 1235
1233 1237
1236 1237
1238 4074
1238 4068
1239 1240
1239 4153
1241 1244
1241 1243
1241 2525
1242 4070
1242 4073
1244 1245
1244 1247
1246 3000
1246 2997
1246 2774
1249 1251
1250 1252
1251 1258
1252 2900
1253 1254
1254 1255
1255 2892
1255 2881
1256 1258
1257 2884
1259 1261
1259 2775
1260 1261
1261 2775
1262 2496
1262 2775
1262 1541
1263 1535
1263 1536
1264 3977
1265 1268
1266 1371
1267 1268
1267 1371
1267 1270
1269 1270
1270 1271
1271 1272
1272 1273
1274 4024
1275 1354
1275 1276
1275 2430
1275 2485
1276 1663
1277 1278
1277 1279
1278 1283
1280 1288
1280 1287
1280 1281
1281 1283
1281 1282
1283 1284
1285 1838
1285 1287
1285 1849
1286 1849
1288 1841
1289 1290
1291 4234
1291 3457
1291 1292
1292 1293
1292 4292
1293 1294
1293 4291
1294 1295
1296 3457
1297 1430
1297 1298
1298 1302
1299 1300
1300 1301
1302 1303
1303 1306
1303 1426
1304 1307
1305 2481
1307 2481
1308 1311
1309 1429
1309 1427
1310 1312
1311 1312
1311 2481
1312 1313
1314 3573
1314 2648
1314 3187
1315 3573
1315 1316
1315 3538
1316 1629
1316 1318
1317 1318
1317 1319
1317 3538
1319 1320
1319 1327
1320 3578
1320 3577
1321 3578
1321 1322
1321 3576
1321 1325
1322 1324
1322 1323
1323 3576
1323 1324
1324 1325
1325 1326
1325 3576
1326 1329
1326 3581
1327 1328
1327 1330
1328 1328
1329 3581
1329 1330
1330 3576
1331 1332
1331 1662
1333 1334
1334 1335
1337 1655
1337 1661
1338 1339
1341 1342
1342 1343
1344 1353
1344 1372
1345 1372
1346 1353
1346 1372
1347 1348
1348 1349
1349 1350
1349 1351
1350 1352
1350 1363
1351 1373
1351 1352
1352 1361
1353 1362
1355 1375
1355 1374
1356 1359
1357 1360
1357 1362
1360 1361
1361 1362
1362 1363
1364 1366
1365 1366
1366 1368
1367 1726
1368 1369
1369 1726
1370 1371
1374 1727
1376 3976
1377 3982
1377 3460
1377 1988
1379 1380
1379 3357
1381 1383
1382 1383
1383 1384
1385 1389
1386 1387
1387 2502
1388 1389
1389 1391
1390 1391
1390 1393
1391 1392
1392 1395
1392 1397
1393 1394
1393 1979
1394 1979
1394 3997
1394 1978
1395 1396
1399 1400
1400 1402
1400 1401
1402 1886
1402 1484
1404 1405
1405 1406
1405 1407
1407 1409
1407 1408
1408 1409
1409 1414
1410 1411
1411 1411
1412 1413
1415 1416
1417 3489
1417 3943
1417 3942
1418 3945
1418 3944
1419 1437
1419 1420
1419 2311
1422 2744
1422 2432
1422 2672
1423 1424
1425 1426
1426 1427
1427 1428
1430 1630
1430 1431
1431 2480
1432 2667
1432 1435
1432 3965
1432 3964
1433 3966
1434 3722
1434 3961
1435 3722
1435 3720
1436 1437
1436 2310
1438 2501
1438 1816
1438 1824
1440 1442
1440 1441
1442 1443
1442 1444
1443 1445
1447 1448
1447 3188
1448 2475
1449 1450
1450 1451
1451 3459
1451 3458
1452 2216
1452 1454
1452 1455
1453 2766
1453 1456
1454 1457
1454 1455
1456 1459
1456 1460
1458 1459
1459 1460
1462 2088
1463 1464
1465 1466
1466 1467
1466 2217
1467 1469
1468 1469
1470 1471
1473 1474
1474 1475
1474 1549
1476 3674
1476 1483
1476 3032
1477 1480
1478 1480
1478 1479
1481 1481
1482 1483
1484 3676
1484 1485
1486 1886
1486 1887
1487 1487
1488 1489
1488 2205
1490 1493
1490 1491
1491 2588
1491 1492
1492 1494
1492 1495
1493 1497
1493 1495
1494 4173
1494 1500
1495 1498
1495 1496
1496 1497
1496 2192
1497 1501
1498 1499
1498 1500
1500 1502
1501 1503
1501 2191
1505 1506
1507 1510
1508 1509
1509 1512
1509 4141
1510 1513
1510 1511
1514 4165
1514 4141
1514 2214
1515 1517
1516 1517
1517 1518
1518 1520
1519 1520
1522 1523
1522 2895
1523 1524
1523 2895
1524 1526
1524 1525
1527 1745
1527 1732
1528 1529
1529 1530
1530 1532
1530 1533
1531 3234
1531 3233
1531 1533
1532 3605
1532 1534
1533 3235
1534 3238
1534 3239
1534 3241
1535 1738
1535 3615
1536 1537
1536 2429
1537 1727
1539 2739
1539 2497
1539 3090
1540 1542
1541 4243
1541 1546
1542 4243
1542 1545
1543 2484
1543 1547
1544 1545
1545 4244
1546 4244
1546 1547
1548 1550
1549 1550
1549 1554
1550 2619
1550 1552
1551 1553
1552 1553
1552 1554
1553 1555
1554 1555
1555 1556
1557 3672
1558 3671
1558 1626
1558 1627
1559 1564
1560 1579
1561 1562
1561 1563
1566 1570
1567 1570
1568 1569
1568 1723
1570 1571
1572 1573
1572 1581
1572 1574
1573 1580
1575 1580
1576 2585
1577 1578
1578 2517
1579 2730
1579 3450
1580 1582
1583 1584
1585 1586
1585 1587
1587 1590
1587 1588
1588 1589
1588 2717
1591 3718
1592 2737
1593 1594
1594 1598
1594 1595
1595 1596
1595 1597
1601 1602
1603 1604
1604 1605
1606 1607
1607 1608
1607 1609
1608 1613
1611 1612
1611 1613
1613 1614
1615 3003
1615 1616
1617 1619
1617 2073
1617 2080
1618 2986
1619 2993
1619 2042
1622 2602
1622 2603
1622 1623
1624 1626
1625 1627
1628 1629
1630 3876
1630 2477
1631 3250
1631 2441
1631 3794
1631 3761
1632 2122
1632 2126
1633 1634
1634 2125
1635 2510
1635 1636
1635 3569
1637 3122
1637 3120
1637 3119
1638 2770
1638 3122
1639 1662
1639 1659
1640 1641
1640 2695
1640 2770
1641 2695
1642 1643
1642 1958
1642 3661
1644 2416
1645 1646
1645 1648
1647 1649
1648 1649
1648 2416
1649 1651
1650 1651
1653 1658
1654 1656
1654 2308
1654 1660
1655 1657
1655 1660
1656 1657
1659 1661
1660 1661
1664 3613
1665 1675
1665 1666
1666 1998
1667 1670
1667 1668
1669 1670
1669 1673
1671 3014
1671 1672
1672 1673
1674 1675
1678 1679
1678 3652
1680 1681
1680 4162
1683 1684
1684 1685
1684 1686
1687 1691
1687 1688
1688 1695
1689 1698
1689 1703
1690 1691
1690 1702
1692 1719
1692 1693
1693 2736
1693 1699
1694 2736
1694 1700
1695 1698
1695 1697
1696 1698
1699 1708
1699 2735
1700 1709
1700 1703
1700 1713
1701 1702
1703 1704
1705 1808
1706 1707
1706 1765
1706 2675
1707 1765
1707 2675
1709 3343
1710 3341
1710 1711
1710 3339
1711 1712
1711 3338
1712 1715
1712 3337
1713 1714
1713 3344
1714 1716
1714 3345
1715 1717
1715 1960
1716 3346
1717 1807
1718 3718
1719 1720
1720 2405
1720 2163
1721 3546
1721 2164
1721 3548
1721 3547
1722 1723
1724 1726
1725 1726
1727 1728
1729 1730
1730 1733
1730 1731
1731 1734
1731 1732
1732 1734
1733 1735
1734 1735
1735 1736
1737 1738
1738 1742
1739 1742
1741 1743
1742 1743
1743 1745
1744 1745
1746 4097
1746 3648
1746 2720
1747 1753
1747 2406
1747 1757
1747 1748
1748 1754
1748 2406
1749 1750
1750 1755
1750 1751
1751 2406
1752 1756
1754 3336
1754 1802
1756 1757
1756 1961
1758 1759
1759 1760
1760 2555
1761 1763
1761 1762
1762 1764
1763 2048
1763 2049
1764 2053
1764 2054
1765 1767
1768 1769
1768 1789
1769 2501
1769 2668
1770 3347
1770 3348
1770 1771
1771 4079
1771 1800
1772 3009
1772 1774
1773 1777
1773 2498
1774 3709
1774 1776
1775 1779
1775 1778
1777 1778
1777 2498
1778 1779
1779 1780
1780 1792
1780 1782
1781 2498
1781 1782
1781 2244
1783 1791
1783 1788
1784 1798
1784 4080
1786 1792
1786 1787
1787 1795
1787 4092
1788 4092
1788 4078
1788 2668
1789 1817
1789 1790
1790 1809
1790 1811
1792 1795
1793 1797
1793 1794
1793 3618
1795 4095
1795 1796
1797 1811
1798 4082
1799 4081
1799 4082
1800 3347
1801 1803
1801 1802
1801 3335
1802 1804
1803 1805
1803 3335
1803 2682
1803 1804
1804 1805
1805 1967
1806 1808
1806 1962
1806 1963
1807 1963
1807 1960
1808 3335
1810 1813
1811 1813
1812 1817
1813 1815
1814 1820
1817 1823
1818 1831
1819 1820
1820 1824
1821 1823
1822 2304
1822 1829
1822 1830
1823 1825
1824 1826
1825 1828
1825 1827
1826 1828
1828 1833
1829 1830
1830 1832
1833 2627
1837 4033
1837 2316
1838 1839
1838 1852
1843 1844
1844 3377
1845 1846
1846 3096
1847 2229
1848 1852
1849 1851
1850 1851
1851 1852
1853 1854
1855 1858
1856 1857
1856 1860
1858 1859
1858 1860
1860 2350
1861 1934
1861 1862
1861 1925
1862 1935
1862 1863
1863 1866
1863 1935
1864 1934
1864 2149
1864 1865
1865 1935
1865 1866
1867 3220
1868 3220
1869 1872
1870 1871
1871 1872
1871 1874
1872 1873
1873 1875
1873 1874
1874 1876
1875 1878
1875 1876
1876 4232
1877 1878
1879 3231
1879 2442
1879 3232
1880 1881
1881 1884
1881 1887
1882 3062
1882 3773
1882 3771
1883 3790
1883 2781
1883 3252
1884 1888
1884 3773
1885 1886
1887 1888
1887 2544
1888 2544
1889 1890
1890 1891
1890 1927
1892 1893
1892 1912
1892 1895
1892 2622
1893 1894
1893 2623
1896 1897
1899 3022
1899 2692
1899 1957
1900 2264
1901 2266
1902 2264
1902 1907
1902 2269
1902 1903
1903 2276
1903 2266
1903 2273
1904 2954
1904 2955
1904 1911
1905 2280
1905 2271
1905 2273
1905 2275
1906 1937
1906 2277
1906 2954
1907 2276
1907 2279
1908 2958
1909 2280
1909 2283
1909 2279
1910 2526
1910 1921
1910 1911
1911 1923
1912 3191
1912 1913
1913 1914
1913 1917
1914 1915
1915 1916
1916 2991
1916 1918
1917 4227
1917 2991
1918 1919
1919 3547
1920 1921
1922 1923
1923 2187
1924 3583
1925 3583
1925 1926
1926 2527
1926 1934
1928 1929
1929 1930
1930 1931
1931 1932
1934 1935
1936 3655
1937 1938
1937 2282
1939 1940
1939 2282
1939 2283
1943 1944
1944 1945
1944 2544
1946 1947
1949 1950
1951 4145
1954 2620
1955 1956
1956 1959
1956 2676
1957 2687
1957 1958
1957 2682
1959 2681
1959 2682
1960 1962
1962 1963
1964 1965
1965 2363
1965 4220
1966 3983
1969 1970
1971 1972
1973 4185
1973 2106
1973 3624
1974 2286
1974 2289
1974 2285
1975 3640
1975 2937
1975 2562
1976 2645
1976 2652
1976 2670
1977 2652
1978 2488
1979 3998
1980 3479
1980 2488
1981 2489
1981 2491
1982 3994
1982 2491
1982 1985
1983 2493
1983 1986
1983 2492
1984 3992
1984 2780
1984 1986
1984 2492
1985 3995
1985 2493
1986 3991
1986 2780
1987 2779
1987 3666
1987 2495
1988 2777
1988 3981
1989 2127
1990 4059
1990 1993
1990 1992
1991 1997
1992 4060
1992 1993
1993 1994
1995 1996
1997 2132
1998 4153
1999 2000
2001 2002
2001 2980
2003 2391
2003 2877
2004 2006
2004 2005
2004 2980
2005 2392
2005 2391
2007 2008
2007 2013
2007 2017
2008 2938
2008 2011
2009 2855
2009 2857
2009 2940
2009 2012
2010 2021
2011 2016
2011 2022
2012 2024
2012 2940
2012 2015
2013 2014
2013 2940
2014 2017
2014 2015
2015 2018
2015 2939
2016 2028
2016 2032
2017 2938
2018 2024
2018 2027
2019 2556
2019 2023
2019 2393
2020 2939
2020 2027
2020 2026
2021 2031
2021 2025
2022 2028
2022 2026
2022 2938
2023 2854
2023 2855
2024 2025
2025 2031
2026 2030
2026 2029
2027 2030
2028 2032
2028 2029
2029 2035
2029 2033
2030 2035
2031 2854
2032 2033
2033 2035
2034 2857
2034 2036
2036 2394
2037 2396
2038 2422
2038 2396
2038 2040
2040 2941
2040 2396
2041 2073
2042 2985
2043 3474
2043 2630
2044 2054
2044 2046
2044 2055
2045 3702
2045 2060
2045 2047
2046 2057
2046 2056
2047 2060
2047 2048
2048 2061
2049 2063
2049 2050
2050 2052
2051 2062
2051 3702
2051 3704
2052 2065
2052 2053
2053 2066
2054 2055
2055 2068
2055 2056
2056 2069
2056 2057
2057 2067
2058 2059
2059 2064
2060 2061
2061 2062
2062 2063
2065 2066
2066 2068
2067 2069
2068 2069
2070 2074
2071 2077
2071 2081
2071 2073
2072 2078
2074 2078
2074 2077
2075 2079
2076 2079
2077 2081
2078 2083
2078 2082
2079 2083
2080 2993
2080 2985
2081 2084
2082 2083
2082 2084
2083 2086
2084 2085
2085 2086
2085 2087
2086 2087
2087 2986
2088 2089
2091 2616
2091 2092
2093 2530
2095 2096
2096 4192
2097 2098
2100 2404
2100 2402
2101 3533
2101 3535
2101 2102
2102 2103
2102 2104
2104 3138
2105 2108
2105 2107
2106 2112
2107 2108
2109 2112
2110 2111
2111 2113
2112 2115
2113 2114
2113 2511
2114 2116
2114 2701
2115 2120
2116 2119
2116 3743
2117 2118
2118 2120
2119 3743
2120 2702
2121 3321
2121 2512
2123 2124
2123 2126
2123 3689
2125 2126
2125 3001
2127 2129
2127 2128
2129 2293
2130 2132
2131 4179
2131 3565
2131 2506
2131 2765
2133 2136
2133 2656
2133 2655
2133 2319
2134 2319
2134 2661
2135 2314
2135 2663
2135 2662
2136 2320
2137 3459
2138 2138
2139 2140
2139 2142
2143 2148
2144 2146
2145 2146
2146 2148
2147 2148
2149 2150
2149 2527
2151 2153
2151 2152
2154 2157
2155 2717
2155 3593
2156 2158
2156 2157
2156 2841
2157 2159
2160 2161
2160 2850
2161 2719
2161 3015
2162 2222
2163 2990
2163 2176
2164 2990
2164 2166
2165 2179
2166 2175
2166 2169
2167 2168
2168 2170
2168 2169
2169 2173
2170 2176
2170 2171
2171 2172
2171 2181
2172 2173
2172 2182
2173 2175
2173 2177
2174 2176
2175 2177
2177 2178
2178 2180
2178 2183
2179 2405
2179 2186
2180 3546
2180 2690
2184 2185
2185 2690
2187 3497
2188 2189
2188 2190
2189 2750
2189 2751
2190 2751
2193 2194
2193 2195
2194 2195
2196 2197
2196 2588
2197 2199
2198 2203
2199 2201
2200 2202
2202 2203
2203 2204
2204 2290
2204 4174
2204 4172
2206 2208
2207 2209
2208 2209
2208 2210
2209 2211
2210 2211
2210 2213
2210 2212
2212 2213
2214 4164
2215 2216
2215 2629
2215 3459
2216 3723
2217 2217
2218 3452
2219 2222
2220 2222
2221 2224
2222 2224
2223 2224
2224 2579
2225 2580
2226 3003
2227 2260
2227 2571
2229 2437
2230 3950
2230 2231
2231 3949
2231 2232
2232 2233
2233 2234
2234 3952
2234 2235
2235 3951
2236 3956
2236 2237
2236 2350
2237 3955
2238 2240
2238 2783
2238 2239
2239 3957
2239 2240
2241 2242
2241 2243
2243 2244
2245 3620
2246 2247
2248 2249
2249 2250
2250 4159
2250 2251
2252 2253
2253 4107
2254 2255
2254 4107
2256 4114
2256 2424
2257 3354
2257 3569
2258 3354
2259 3321
2262 2269
2263 2264
2265 2267
2266 2267
2267 2273
2268 2272
2269 2274
2270 2271
2271 2272
2272 2275
2273 2278
2275 2277
2275 2281
2276 2278
2277 2282
2278 2279
2280 2281
2281 2283
2284 2285
2285 4185
2286 2288
2286 2287
2287 2287
2290 4175
2290 4173
2291 2292
2292 3619
2293 3963
2294 2296
2294 3700
2294 3695
2295 2296
2295 3686
2296 3687
2299 3958
2299 3630
2301 3902
2302 2303
2303 2542
2304 3655
2306 2307
2307 2309
2307 2308
2308 2696
2310 2311
2312 2662
2312 2624
2313 2316
2314 2661
2314 2660
2315 2318
2315 2317
2318 2656
2318 2319
2320 2653
2320 2655
2321 4254
2321 4255
2321 3373
2322 4261
2322 2324
2323 4257
2323 4258
2324 4259
2325 4249
2325 2327
2325 2326
2326 4253
2326 2328
2327 4248
2327 2328
2328 4256
2329 2470
2329 3372
2329 2332
2330 2470
2330 3372
2330 3711
2331 3712
2331 2471
2332 2333
2333 3372
2334 2653
2334 2466
2335 2336
2336 3647
2338 2339
2340 2341
2341 2343
2343 2344
2345 2347
2346 2347
2347 2349
2348 2349
2349 2353
2351 2352
2352 2353
2352 2354
2353 2355
2354 2355
2354 2357
2355 2358
2356 2363
2357 2358
2357 2360
2358 2361
2359 2360
2360 2361
2361 2362
2364 4041
2364 3483
2364 2541
2365 2368
2367 2369
2367 3682
2368 2541
2369 2372
2369 2377
2370 2376
2371 3259
2371 4224
2372 2377
2372 2373
2373 2374
2373 2379
2374 2378
2374 2379
2375 2383
2376 2383
2377 2542
2380 4225
2380 2382
2380 3485
2381 2385
2382 2389
2382 2387
2383 2385
2384 2386
2385 2386
2387 2389
2387 2388
2387 4225
2388 3254
2388 2390
2388 4224
2389 3252
2390 2781
2390 3840
2392 2393
2397 2398
2398 3471
2398 2399
2399 2400
2399 2402
2401 2402
2403 2404
2408 2562
2411 2414
2412 2413
2415 2418
2416 2417
2420 2421
2423 2424
2423 2425
2423 3463
2424 4209
2425 2426
2425 2427
2426 4209
2426 4211
2426 4212
2427 2428
2428 4215
2428 4217
2429 2484
2429 2430
2430 2485
2431 2465
2432 2744
2433 2553
2433 2436
2434 2554
2435 2745
2435 3082
2436 2554
2439 3062
2439 3063
2439 3064
2439 3061
2440 3063
2440 2441
2440 3792
2441 3793
2442 2443
2442 3757
2442 3779
2443 2445
2443 3836
2444 3264
2444 3755
2444 3269
2444 3268
2445 3837
2445 2447
2446 3815
2446 3817
2446 3820
2446 3802
2447 2450
2447 3838
2448 3799
2448 3273
2448 3512
2449 3820
2449 3823
2449 3803
2449 3814
2450 3810
2451 3813
2451 3804
2451 3823
2451 3826
2452 3826
2452 3827
2452 3805
2452 3810
2453 3843
2453 3517
2453 3507
2454 3829
2454 3827
2454 3831
2455 3506
2455 3517
2455 3516
2456 2707
2456 3272
2456 3278
2456 3752
2457 3508
2457 2459
2457 3506
2458 3831
2458 3833
2458 3832
2460 3791
2460 3061
2460 3766
2461 3790
2461 3794
2461 3791
2461 2463
2462 3796
2462 3303
2462 3776
2463 3291
2463 3789
2464 4294
2465 2633
2466 2467
2467 2469
2467 2670
2468 2639
2468 3112
2469 2670
2471 3711
2473 2650
2474 2644
2474 2671
2475 2476
2476 3188
2478 2672
2478 2923
2478 2643
2479 2480
2480 2953
2482 3886
2485 2486
2486 2487
2488 2490
2490 2492
2491 2493
2494 3979
2494 2945
2495 3969
2496 3333
2497 3592
2499 4190
2499 3357
2500 4077
2500 4078
2500 4095
2501 3347
2502 2738
2503 2505
2504 2658
2505 2665
2505 3664
2505 2507
2506 4180
2507 3665
2507 2508
2508 4184
2508 3565
2509 2510
2509 3351
2513 4062
2514 2734
2515 3333
2516 2740
2516 2739
2517 2584
2519 4186
2520 2731
2521 3649
2521 4098
2521 2724
2522 2724
2522 2722
2522 4066
2523 4066
2523 4067
2524 2737
2524 3450
2525 4153
2525 4148
2526 3620
2526 2988
2527 3467
2528 2529
2529 2530
2529 2531
2530 2531
2533 2534
2533 2535
2534 2535
2537 2703
2537 3626
2539 4193
2539 3219
2540 3219
2541 4040
2543 3249
2543 3064
2545 2546
2547 2549
2548 2967
2548 2966
2549 2640
2549 2550
2550 2978
2550 2969
2553 2746
2553 2554
2556 2959
2557 3858
2558 3858
2559 3635
2559 3634
2560 3644
2563 3637
2563 3636
2563 2757
2565 2566
2566 2755
2568 2569
2568 3679
2568 4247
2569 3679
2570 3498
2571 2572
2571 3455
2572 3456
2572 3452
2572 2575
2573 2574
2573 2576
2573 3452
2573 3454
2574 2576
2574 3454
2576 3454
2577 3005
2577 2578
2578 2579
2580 2750
2582 2761
2587 2588
2589 4278
2590 2592
2590 2591
2592 2593
2594 2595
2595 2596
2596 3473
2596 2597
2598 2599
2598 2598
2599 2602
2600 2601
2602 2605
2603 2605
2603 2604
2605 2608
2606 2607
2607 2611
2608 2609
2610 2611
2611 2613
2612 2613
2613 2615
2614 2615
2617 2618
2620 2693
2626 2627
2631 2632
2631 2677
2632 2632
2633 2765
2633 2637
2634 2636
2634 2635
2635 2637
2635 2636
2636 4183
2637 2638
2638 2765
2638 4183
2640 2641
2640 2642
2643 2672
2644 2671
2645 3187
2645 2646
2646 3189
2646 2652
2647 2651
2648 2650
2648 2649
2649 2651
2649 3189
2650 2651
2653 2654
2654 2655
2654 2659
2656 2657
2657 2658
2660 2661
2662 2663
2664 2665
2665 2666
2667 3963
2668 4094
2669 3184
2669 3153
2669 3154
2673 3113
2674 3110
2674 3111
2674 3108
2676 2687
2678 2679
2678 2680
2679 2680
2683 2684
2684 2686
2684 2685
2687 2688
2689 2691
2690 2691
2691 2989
2692 3351
2693 2694
2695 2769
2696 3124
2697 2698
2699 2807
2700 2807
2702 3742
2704 3740
2704 3748
2704 3855
2705 3741
2705 3851
2706 3851
2706 3748
2707 3472
2707 2708
2707 3271
2708 3693
2708 3734
2709 3690
2709 3691
2710 3694
2710 2712
2710 3691
2710 3693
2711 3739
2711 3738
2712 2713
2712 3738
2712 3690
2713 3692
2713 3739
2714 3744
2715 3744
2715 4096
2715 3225
2716 2726
2717 2718
2718 2719
2719 3014
2720 2721
2720 2723
2721 2722
2721 3648
2722 4067
2723 2724
2723 3649
2725 2951
2725 2925
2726 2727
2728 2772
2728 2729
2729 2772
2729 2743
2729 2771
2730 2732
2730 2772
2731 2773
2732 2733
2732 2771
2732 2772
2733 2771
2733 3382
2735 2736
2736 2737
2737 4163
2741 4186
2742 2743
2743 2773
2745 2746
2747 2748
2749 3758
2750 2751
2752 2753
2752 2754
2753 2754
2753 2799
2754 2763
2755 2758
2756 2757
2758 2759
2760 2760
2760 2761
2762 2763
2763 2799
2764 2799
2766 2766
2767 2768
2769 2770
2771 3380
2773 3380
2774 4072
2776 3460
2777 3018
2777 3460
2777 2996
2778 3982
2778 3983
2779 3980
2779 3984
2780 2996
2780 3984
2782 3253
2782 3840
2783 3951
2784 2796
2784 2787
2784 2788
2785 2790
2785 2789
2785 2791
2786 2793
2786 2790
2786 2789
2787 2795
2787 2798
2787 2797
2788 2796
2788 2792
2789 2793
2790 2794
2790 2791
2791 2792
2792 2794
2793 3115
2793 3117
2794 3116
2794 3117
2795 3115
2795 3118
2795 2797
2796 3116
2796 3118
2797 2798
2798 2951
2800 2801
2801 3595
2801 3349
2801 2804
2802 3349
2803 3308
2803 2804
2804 2805
2805 2806
2805 3596
2807 2814
2807 2809
2808 2809
2808 2814
2808 2811
2809 2813
2809 2816
2810 2811
2811 2812
2814 2816
2815 2816
2817 2818
2817 2823
2818 2829
2818 2828
2819 2823
2819 2821
2819 4006
2820 2825
2821 4000
2822 2824
2823 4001
2824 2827
2824 4001
2825 2827
2825 4000
2826 2827
2829 4003
2830 2831
2830 4003
2830 2832
2831 4289
2831 4290
2834 3700
2836 2846
2836 2851
2837 2998
2837 2845
2837 2838
2838 2999
2838 2844
2839 2841
2839 2999
2839 2998
2840 2844
2841 2843
2842 2845
2842 4187
2842 2998
2843 2999
2843 2844
2845 3670
2846 4187
2846 2847
2848 2849
2850 2851
2850 3015
2852 2853
2854 2855
2856 2859
2857 2859
2858 2859
2860 2983
2861 2867
2861 2865
2861 2983
2862 2869
2862 2865
2862 2866
2862 2984
2863 2874
2863 2875
2863 2870
2864 2876
2864 2867
2864 2874
2865 2866
2866 2867
2868 2873
2868 2872
2869 2870
2869 2871
2870 2871
2871 2873
2872 2875
2872 2873
2874 2875
2877 2879
2878 2880
2878 2879
2881 2884
2881 2887
2882 2888
2882 2883
2882 2884
2883 2887
2883 2888
2884 2886
2885 2886
2886 2887
2888 2889
2890 2893
2890 2894
2891 2893
2892 2894
2893 2894
2896 2897
2897 2898
2898 2899
2899 2900
2901 2902
2901 2911
2901 2913
2903 2904
2904 2919
2904 2920
2905 2916
2905 2918
2905 2919
2906 2907
2907 2916
2907 2909
2908 2909
2908 2910
2911 2912
2911 2914
2914 2917
2914 2915
2916 2917
2917 2918
2918 2920
2919 2920
2921 3461
2922 3461
2922 2924
2923 2953
2923 3461
2924 2952
2925 2949
2925 3996
2926 2927
2926 2949
2928 2929
2928 3996
2928 3153
2930 2932
2930 3871
2930 3870
2931 3887
2931 3886
2932 3869
2932 3868
2933 3487
2933 3873
2933 3872
2934 2984
2934 2936
2935 3874
2935 2936
2937 3639
2938 2939
2941 2943
2942 2943
2943 3007
2944 2944
2945 3978
2946 2947
2946 2953
2947 2948
2948 2949
2950 2951
2950 3996
2950 3185
2951 2952
2952 3461
2952 3114
2955 2958
2955 2957
2956 2957
2958 4158
2960 2963
2960 2961
2961 2969
2962 2965
2962 2963
2964 2967
2964 2965
2966 2970
2966 2968
2967 2970
2969 2971
2970 2971
2971 2972
2973 2978
2973 2974
2974 2976
2974 2975
2975 2976
2975 2977
2976 2977
2978 2979
2980 2981
2982 2983
2983 2984
2985 2993
2987 2988
2987 2989
2987 3070
2989 3073
2990 4227
2991 3548
2992 3787
2992 3284
2992 3274
2992 3289
2994 4075
2994 2995
2994 2997
2995 3648
2995 4076
2997 4074
2997 3000
2998 2999
3000 4073
3000 4072
3001 3469
3001 3465
3002 3468
3002 3466
3002 3470
3003 3004
3006 3007
3008 3009
3010 3011
3014 3016
3015 3016
3017 3018
3019 3020
3020 3021
3020 3022
3024 3025
3026 3028
3027 3028
3028 3029
3030 3036
3030 3041
3030 3056
3031 3046
3031 3037
3032 3034
3032 3035
3033 3052
3033 3037
3033 3039
3034 3036
3034 3050
3035 3044
3035 3036
3037 3038
3039 3042
3039 3040
3041 3054
3041 3042
3042 3050
3043 3055
3044 3045
3044 3056
3046 3048
3046 3058
3047 3051
3048 3049
3050 3051
3051 3058
3052 3054
3052 3053
3054 3055
3055 3056
3057 3058
3059 3772
3059 3674
3059 3060
3060 3060
3061 3768
3061 3767
3062 3770
3062 3769
3063 3775
3063 3774
3064 3769
3064 3774
3065 3066
3067 3068
3067 3076
3067 3071
3067 3070
3068 3069
3068 3071
3070 3074
3071 3072
3074 3075
3074 3076
3077 3082
3077 3083
3078 3079
3078 3083
3078 3084
3079 3080
3079 3085
3080 3085
3080 3081
3081 3082
3081 3084
3083 3084
3085 3089
3086 3089
3087 3089
3088 3089
3090 3091
3090 3590
3091 3092
3091 3591
3095 3096
3097 3098
3098 3100
3099 3101
3099 3100
3101 3102
3103 3939
3103 3938
3103 3368
3104 3714
3104 3106
3105 3107
3106 3107
3108 3108
3109 3110
3110 3113
3110 3111
3111 3112
3112 3113
3115 3462
3116 3462
3117 3462
3118 3462
3121 3122
3122 3123
3124 3133
3124 3125
3125 3135
3125 3126
3125 3134
3126 3129
3126 3128
3127 3134
3127 3132
3127 3130
3128 3129
3128 3130
3129 4242
3129 3131
3130 3131
3131 3135
3132 4273
3132 3133
3133 3134
3134 3135
3135 3136
3137 3138
3140 3884
3141 3884
3141 3492
3142 3143
3143 3145
3143 3144
3144 4222
3146 3152
3146 3150
3146 3369
3147 3149
3147 3893
3147 3152
3148 3893
3149 3318
3149 3151
3149 3317
3150 3151
3151 3152
3153 3185
3154 4010
3154 4009
3155 3156
3155 3185
3155 3157
3157 3158
3157 3159
3159 3160
3159 3161
3161 3162
3161 3163
3163 3184
3163 3164
3164 3165
3164 3166
3166 3167
3166 4010
3168 3169
3169 3183
3169 4010
3170 3171
3171 3185
3171 3173
3172 3173
3173 3175
3174 3175
3175 3177
3176 3177
3177 3179
3178 3179
3179 3184
3180 3181
3181 3184
3181 3183
3182 3183
3186 3187
3187 3188
3189 3190
3191 3193
3192 3193
3193 3195
3194 3195
3195 3196
3196 3196
3197 3198
3199 3207
3199 3201
3199 3204
3200 3201
3201 3202
3203 3205
3204 3205
3206 3207
3207 3208
3208 3209
3208 3218
3209 3213
3209 3217
3210 3216
3210 3210
3210 3214
3211 3216
3211 3217
3211 3212
3215 3216
3219 3220
3222 3694
3222 3223
3223 3224
3226 3227
3226 3230
3226 3228
3227 3228
3227 3742
3228 3229
3231 3264
3231 3782
3231 3780
3232 3783
3232 3779
3232 3287
3233 3234
3235 3238
3235 3237
3236 3246
3236 3247
3236 3248
3237 3239
3237 3238
3239 3240
3240 3242
3240 3241
3241 3243
3242 3244
3242 3243
3243 3245
3244 3246
3244 3245
3245 3247
3246 3247
3250 3776
3250 3795
3251 3795
3251 3251
3253 3256
3253 3839
3253 3841
3254 3839
3254 3255
3255 3256
3255 3257
3258 3259
3258 3261
3259 3260
3260 3261
3262 3796
3262 3291
3262 3304
3263 3266
3263 3270
3263 3265
3264 3781
3264 3801
3265 3499
3265 3267
3266 3787
3266 3274
3266 3500
3267 3781
3267 3270
3268 3274
3268 3503
3268 3270
3269 3800
3269 3512
3269 3503
3271 3746
3271 3856
3272 3273
3272 3281
3272 3753
3273 3283
3273 3754
3274 3504
3275 3504
3275 3276
3275 3284
3276 3283
3276 3282
3277 3842
3277 3280
3277 3278
3278 3746
3278 3279
3279 3281
3279 3280
3280 3282
3281 3283
3281 3282
3283 3503
3284 3504
3285 3501
3285 3286
3285 3782
3286 3288
3286 3783
3287 3784
3287 3531
3288 4226
3288 3784
3289 3788
3290 4226
3290 3788
3290 3291
3290 3502
3292 4166
3292 3293
3293 3294
3293 3295
3293 3301
3295 3296
3295 3301
3296 3297
3296 3299
3297 3299
3297 3298
3298 3300
3298 3299
3301 3302
3303 3306
3303 3531
3304 4226
3304 3305
3304 3306
3307 3309
3307 3310
3307 3312
3308 3309
3309 3535
3309 3311
3311 3311
3313 3314
3314 4204
3314 4203
3315 3568
3316 3317
3318 3893
3318 3890
3319 3320
3321 3322
3323 4043
3323 4045
3323 4044
3324 3484
3324 4037
3324 4045
3325 3458
3327 3878
3328 4062
3328 3329
3328 3331
3329 3330
3329 4071
3332 4069
3333 3334
3340 3341
3341 3343
3342 3343
3348 4079
3348 4086
3349 3350
3351 3352
3352 3353
3352 3354
3355 3356
3356 3358
3356 3357
3359 3922
3359 3921
3359 3486
3360 3363
3360 3924
3360 3923
3361 3882
3361 3881
3361 4034
3362 3933
3362 3932
3363 3365
3363 3929
3363 3928
3364 4011
3364 4016
3365 3931
3365 3930
3366 3914
3366 3913
3367 3368
3367 3935
3367 3934
3368 3937
3368 3936
3369 3896
3369 3891
3370 3941
3370 3940
3371 3916
3371 3915
3371 3890
3372 3712
3373 4260
3373 4255
3374 4266
3374 4250
3374 3375
3375 4267
3375 4250
3376 4251
3376 4252
3377 4250
3377 4255
3378 4147
3379 3386
3379 3387
3379 3381
3380 3381
3381 3386
3382 3385
3382 3383
3383 3384
3383 3385
3384 3410
3384 3391
3385 3386
3387 3390
3387 3423
3388 3425
3388 3423
3388 3389
3389 3391
3389 3419
3391 3432
3392 3397
3392 3434
3392 3433
3393 3395
3393 3394
3393 3433
3394 3395
3394 3435
3395 3396
3396 3396
3397 3436
3397 3443
3398 3399
3398 3443
3398 3438
3400 3401
3400 3437
3400 3439
3402 3412
3402 3405
3402 3409
3403 3414
3403 3404
3403 3406
3404 3446
3404 3407
3405 3411
3405 3406
3406 3413
3407 3415
3407 3408
3408 3447
3408 3409
3409 3410
3410 3433
3416 3429
3416 3420
3416 3421
3417 3420
3417 3421
3417 3431
3418 3430
3418 3419
3418 3420
3419 3430
3421 3431
3422 3423
3424 3425
3425 3426
3426 3427
3426 3448
3427 3429
3427 3449
3428 3429
3430 3431
3436 3444
3436 3439
3437 3440
3437 3438
3438 3441
3439 3445
3442 3443
3452 3453
3458 3459
3463 3464
3469 3470
3472 3855
3472 3692
3473 4144
3473 3474
3474 3475
3477 3962
3477 3480
3478 3997
3478 3480
3478 3479
3479 3966
3480 3997
3481 3482
3484 4041
3484 4049
3486 3920
3486 3919
3487 3989
3487 3990
3488 4012
3488 4013
3489 3910
3489 3909
3490 3491
3490 3912
3490 3911
3491 3918
3491 3917
3492 3889
3492 3888
3493 4050
3493 3880
3493 3879
3494 3495
3497 3497
3499 3501
3499 3500
3500 3785
3501 3502
3502 3785
3503 3504
3505 3732
3506 3732
3507 3799
3507 3844
3508 3805
3508 3509
3509 3516
3509 3510
3509 3804
3510 3803
3510 3511
3510 3843
3511 3844
3511 3798
3511 3802
3512 3798
3513 3514
3514 3515
3514 3516
3517 3525
3518 3530
3518 3521
3518 3528
3519 3530
3520 3521
3521 3523
3522 3523
3523 3525
3524 3525
3526 3528
3527 3528
3529 3530
3531 3758
3532 3759
3533 3536
3533 3535
3534 3535
3534 3536
3537 3539
3537 3542
3537 3577
3538 3542
3539 3543
3539 3540
3540 3541
3540 3579
3541 3580
3541 3545
3542 3544
3543 3575
3543 3574
3544 3575
3544 3574
3546 3547
3548 3549
3550 3551
3550 3552
3550 3565
3552 4183
3552 3553
3554 3556
3555 3556
3556 3559
3556 3557
3558 3559
3559 3560
3561 3564
3562 3564
3563 3564
3566 3568
3567 3568
3569 3570
3570 3571
3570 3572
3573 3574
3577 3579
3578 3579
3581 3582
3583 3584
3585 3588
3585 3586
3586 3587
3586 3589
3587 3588
3593 3594
3598 3600
3599 3602
3600 3602
3600 3603
3601 3602
3605 3613
3605 3606
3606 3612
3606 3611
3607 3616
3607 3608
3607 3614
3608 3609
3608 3616
3608 3617
3609 3610
3609 3614
3610 3611
3611 3617
3612 3616
3612 3617
3613 3615
3614 3615
3620 3621
3622 3624
3622 3623
3624 3625
3626 3627
3626 3629
3627 3629
3627 3628
3628 3630
3629 3630
3631 3636
3632 3637
3633 3640
3634 3639
3634 3641
3635 4188
3635 3639
3637 3638
3640 3641
3642 3644
3643 3644
3645 3646
3648 4099
3650 3653
3651 3653
3652 3653
3654 3657
3654 3659
3654 3660
3655 3657
3656 3657
3658 3661
3658 3660
3658 3659
3659 3660
3662 4178
3662 4176
3662 3663
3666 3978
3666 3969
3666 3979
3667 4221
3667 3669
3668 4221
3668 3669
3669 3670
3670 4187
3671 4136
3671 3672
3672 4136
3674 3675
3676 3763
3676 3713
3677 3713
3679 4245
3680 4140
3680 3681
3682 3683
3684 4161
3685 3689
3688 3689
3690 3691
3690 3737
3691 3749
3692 3693
3692 3750
3693 3751
3694 3749
3694 3751
3695 3699
3695 3696
3696 3698
3696 3697
3700 3701
3702 4142
3703 3704
3703 3706
3704 4142
3705 3706
3705 4142
3707 4172
3710 3713
3711 3712
3714 3717
3715 3716
3716 3717
3718 3719
3720 3721
3720 3965
3720 3961
3721 3722
3721 3961
3723 3724
3724 3725
3726 3729
3727 3730
3727 3728
3727 3729
3728 3731
3729 3730
3730 3731
3732 3733
3733 3754
3733 3799
3734 3751
3734 3752
3735 3749
3736 3737
3737 3738
3738 3739
3739 3750
3740 3848
3740 3854
3741 3846
3741 3850
3742 3743
3742 3846
3744 3853
3744 3847
3745 3853
3745 3849
3746 3857
3747 3849
3747 3748
3747 3856
3748 3848
3750 3854
3752 3753
3753 3754
3755 3817
3755 3756
3755 3797
3756 3818
3756 3801
3757 3836
3757 3780
3758 3759
3758 3779
3759 3778
3760 3776
3760 3761
3760 3778
3761 3774
3762 3771
3762 3763
3762 3773
3764 3771
3764 3772
3764 3770
3765 3766
3766 3767
3767 3770
3768 3791
3768 3775
3769 3773
3775 3792
3776 3777
3777 3796
3777 3795
3780 3801
3781 3782
3782 3783
3783 3784
3785 3786
3786 3788
3786 3787
3788 3789
3789 3790
3790 3791
3792 3793
3793 3794
3794 3795
3797 3816
3797 3800
3798 3845
3798 3800
3799 3845
3802 3819
3802 3816
3803 3824
3803 3819
3804 3825
3804 3824
3805 3828
3805 3825
3806 3834
3807 3835
3808 3829
3808 3832
3808 3831
3809 3827
3809 3810
3809 3829
3810 3811
3811 3838
3811 3812
3812 3826
3812 3813
3813 3838
3813 3822
3814 3821
3814 3822
3814 3837
3815 3836
3815 3818
3815 3821
3816 3817
3817 3818
3819 3820
3820 3821
3822 3823
3823 3824
3825 3826
3827 3828
3828 3830
3829 3832
3830 3834
3830 3831
3832 3835
3833 3835
3833 3834
3836 3837
3837 3838
3839 3840
3842 3849
3842 3857
3843 3844
3844 3845
3847 4185
3848 3850
3850 3851
3851 3852
3852 3853
3854 3855
3855 3856
3856 3857
3858 4111
3859 3860
3860 4111
3861 3887
3862 3863
3862 3864
3862 4053
3863 4054
3863 3879
3864 3887
3864 4055
3865 3870
3866 3871
3867 3925
3868 3870
3868 4055
3869 3871
3869 3925
3872 3990
3872 4054
3873 3989
3873 3927
3875 3876
3876 3878
3877 3878
3879 4052
3880 4051
3880 3889
3881 4036
3881 3921
3882 4035
3882 3923
3883 3915
3884 3888
3884 3886
3888 3915
3889 4036
3890 3916
3891 3911
3891 3894
3892 3894
3893 3894
3895 3896
3896 3909
3897 3944
3898 3945
3899 3945
3900 3907
3901 3902
3902 3903
3903 3904
3903 3907
3904 3905
3906 3907
3907 3908
3909 3942
3910 3943
3910 3914
3911 3917
3912 3918
3912 3913
3913 3930
3914 3934
3916 3917
3918 4035
3919 3921
3919 4051
3920 3922
3920 4057
3922 3932
3923 3928
3924 3929
3924 3933
3925 3926
3926 3927
3927 4058
3928 3930
3929 3931
3931 3940
3932 4012
3933 4011
3934 3936
3935 3937
3935 3941
3936 3938
3937 3939
3938 3943
3939 3941
3940 4011
3942 3944
3946 3956
3947 3950
3948 3949
3949 3952
3950 3956
3951 4140
3952 4140
3953 3955
3954 3957
3955 3957
3958 3960
3959 3960
3961 3962
3963 3964
3965 3966
3967 3968
3969 3977
3969 3970
3970 3976
3970 3973
3971 3974
3971 3985
3971 3973
3972 4293
3972 3985
3973 3975
3974 3975
3974 3985
3975 3976
3976 3977
3977 3978
3978 3979
3979 3995
3980 3981
3980 3984
3981 3982
3982 3983
3983 3985
3984 3991
3986 4013
3986 3988
3987 4016
3987 4015
3988 4015
3989 4058
3990 4052
3991 3995
3999 4000
4000 4001
4001 4002
4003 4004
4005 4006
4006 4007
4009 4010
4012 4057
4013 4017
4014 4015
4016 4018
4019 4020
4021 4022
4023 4025
4024 4029
4025 4029
4025 4027
4026 4031
4027 4031
4027 4028
4028 4030
4028 4029
4030 4032
4030 4031
4034 4036
4034 4035
4037 4048
4037 4047
4038 4047
4039 4046
4040 4041
4040 4046
4040 4043
4042 4043
4043 4045
4046 4047
4050 4052
4050 4051
4053 4055
4053 4054
4056 4058
4056 4057
4061 4062
4062 4104
4063 4098
4064 4097
4065 4097
4066 4100
4066 4067
4067 4099
4068 4102
4068 4101
4069 4102
4069 4071
4070 4071
4071 4104
4072 4103
4073 4074
4073 4103
4074 4101
4075 4076
4075 4101
4076 4099
4077 4089
4077 4088
4077 4080
4078 4094
4078 4093
4080 4087
4080 4086
4081 4082
4083 4084
4084 4095
4084 4088
4085 4087
4086 4089
4087 4088
4089 4094
4090 4091
4091 4095
4091 4093
4092 4093
4098 4100
4100 4102
4105 4238
4105 4106
4107 4108
4110 4111
4111 4112
4113 4114
4115 4116
4117 4119
4117 4118
4121 4122
4122 4133
4123 4125
4123 4124
4125 4127
4125 4126
4126 4130
4126 4131
4127 4130
4128 4129
4128 4130
4128 4134
4131 4134
4132 4135
4132 4134
4134 4135
4136 4137
4137 4138
4137 4139
4140 4195
4143 4144
4145 4146
4147 4251
4148 4150
4148 4149
4149 4151
4149 4150
4150 4152
4151 4152
4155 4157
4155 4156
4159 4160
4162 4163
4165 4165
4166 4168
4167 4170
4168 4170
4168 4169
4169 4171
4170 4171
4172 4174
4173 4175
4174 4175
4176 4177
4177 4181
4177 4182
4178 4179
4178 4181
4179 4180
4180 4181
4188 4191
4190 4190
4194 4195
4195 4196
4197 4199
4197 4198
4199 4200
4201 4203
4201 4202
4202 4204
4203 4204
4205 4206
4206 4217
4207 4208
4208 4216
4209 4210
4212 4213
4212 4215
4214 4215
4216 4217
4218 4219
4222 4223
4224 4225
4227 4228
4230 4231
4232 4233
4234 4235
4236 4237
4238 4240
4239 4240
4240 4241
4241 4241
4243 4244
4245 4246
4249 4260
4249 4254
4252 4258
4252 4271
4253 4257
4253 4254
4256 4259
4256 4257
4258 4262
4259 4261
4260 4261
4262 4264
4262 4266
4263 4269
4263 4265
4263 4268
4263 4270
4264 4269
4264 4270
4264 4268
4265 4271
4265 4267
4266 4267
4267 4268
4268 4269
4269 4270
4270 4271
4273 4274
4275 4276
4276 4277
4277 4278
4278 4279
4280 4280
4282 4283
4284 4284
4284 4285
4286 4287
4287 4288
