0 630
0 389
0 1124
1 404
1 582
2 449
2 124
2 853
3 406
3 1429
3 282
4 23
4 21
4 88
5 22
5 23
5 397
6 399
6 582
6 1429
7 390
7 392
7 371
8 1070
8 11
8 394
9 636
9 634
10 634
10 195
10 636
11 391
11 371
12 518
12 1360
12 634
13 174
13 170
13 1177
14 499
14 1526
14 175
15 643
15 1301
15 2080
16 1083
16 623
16 391
17 385
17 18
17 623
18 371
18 279
19 278
19 279
19 621
20 1074
20 394
20 277
21 629
21 398
22 390
22 392
23 395
24 2242
24 471
24 1711
25 2039
25 2242
25 1721
26 2037
26 671
26 1718
26 669
27 667
27 34
27 670
28 2020
28 936
28 1289
29 1346
29 1837
30 1044
30 39
30 1941
31 937
31 908
31 49
31 907
32 347
32 1854
32 36
33 35
33 910
33 36
34 910
34 1854
35 362
35 670
36 674
37 679
37 364
37 362
38 1941
38 48
38 98
38 137
39 1047
39 42
39 1048
40 1786
40 905
40 2198
40 2013
41 138
41 66
41 2203
42 2203
42 43
44 45
44 1600
44 1049
44 679
45 673
45 1047
46 672
46 51
46 347
47 676
48 49
48 50
49 2014
50 2006
50 2005
51 939
51 2189
52 1603
52 138
52 65
53 1603
53 1590
53 823
53 1400
54 55
54 1378
54 1376
55 349
55 1379
56 1375
56 57
56 1379
57 58
57 1387
58 63
58 62
59 60
59 70
59 80
59 721
60 61
60 1370
61 1406
61 1405
62 1406
62 2027
63 881
63 880
64 1403
64 1392
64 1371
65 885
65 250
66 858
66 859
66 860
67 717
67 68
67 1788
68 1788
68 1791
69 1791
69 364
69 1462
70 1797
70 1798
70 1806
71 1798
71 1800
71 153
72 948
72 1800
72 200
73 74
73 948
73 947
74 2049
74 956
75 641
75 186
75 1062
75 855
75 952
76 77
76 79
76 78
77 242
77 243
77 258
78 79
78 1382
79 1390
80 1381
80 1064
81 1071
81 1399
81 1066
82 1450
82 1071
82 1072
83 283
83 284
83 370
83 1072
84 286
84 1086
84 370
85 1242
85 1088
85 1094
86 206
86 1242
86 1096
87 88
87 1122
87 204
88 628
89 287
89 280
89 1452
90 1082
90 1271
90 1275
91 455
91 782
91 600
91 260
92 600
92 599
92 2249
93 94
93 996
93 452
94 458
94 729
95 458
95 462
95 466
96 462
96 815
96 258
97 125
97 885
97 254
98 1986
98 1028
99 1028
99 218
99 100
99 927
100 101
100 874
101 1197
101 317
102 904
102 1197
102 103
103 104
103 1994
104 128
104 2202
104 1992
105 109
105 232
105 111
105 151
106 1927
106 110
106 892
107 912
107 1926
107 989
107 1987
108 912
108 1194
108 1195
108 914
108 913
109 1922
109 1927
110 1914
110 1929
111 918
111 112
112 134
112 113
113 114
113 892
113 1933
114 1587
114 1586
115 1911
115 1573
115 2003
116 902
116 1565
116 1566
117 662
117 915
117 1208
117 916
118 1679
118 119
118 1199
119 1413
119 995
120 1199
120 1550
120 1200
121 682
121 1687
121 1679
122 1677
122 1676
122 228
122 1670
123 980
123 226
123 1709
123 935
124 851
124 1691
124 592
124 853
125 981
125 980
126 1892
126 1859
126 884
127 686
127 687
127 1892
128 884
128 1874
129 1010
129 927
129 130
130 2005
130 1014
131 1011
131 1008
131 1010
132 2194
132 1005
132 2195
132 1004
133 1539
133 1784
133 1786
134 135
134 2195
135 922
135 924
136 925
136 146
136 923
137 1985
137 231
138 1939
139 1726
139 1728
139 1730
139 346
140 508
140 1730
140 1657
140 1479
141 1457
141 1660
141 342
142 1622
142 1628
142 1655
143 1643
143 930
143 1642
144 1664
144 1634
144 1840
145 1839
145 513
145 1053
145 1663
146 147
146 923
147 150
147 929
147 1850
148 1846
148 1852
148 1844
149 917
149 1853
149 1852
150 151
150 917
151 917
152 2051
152 1064
152 958
153 199
153 1064
154 700
154 986
154 235
155 2151
155 156
155 2112
156 2117
156 697
157 692
157 999
157 2117
158 998
159 160
159 499
159 1526
160 1524
160 203
161 572
161 2215
161 1224
162 163
162 1158
162 527
163 180
163 569
164 1114
164 165
164 1120
165 1446
165 1120
166 312
166 167
166 1446
167 168
167 578
168 979
168 578
169 638
169 1304
169 1325
170 173
170 1177
171 651
171 1175
171 1176
172 216
172 1055
172 1056
173 1313
173 651
174 175
174 1523
175 1523
176 2057
176 184
176 181
177 2077
177 1067
177 537
178 962
178 538
178 963
179 1162
179 538
179 500
180 1162
180 550
181 185
181 182
182 187
182 183
183 184
183 196
184 194
185 216
185 187
185 2064
186 188
186 642
187 188
187 1319
188 1054
189 632
189 586
189 1307
190 1219
190 1825
190 1220
191 946
191 944
191 193
192 952
192 198
192 951
193 2237
193 944
194 196
194 2080
194 1065
195 1300
195 197
196 2046
196 1301
197 854
197 1300
198 945
198 950
199 2047
199 2051
200 984
200 201
201 1805
201 202
202 1831
202 635
203 2052
203 216
204 207
204 206
205 625
205 280
205 207
206 625
207 628
208 704
208 209
209 210
210 211
210 2125
211 705
212 654
212 2087
212 653
213 214
213 237
215 882
215 358
215 1050
217 1465
217 666
217 660
217 667
218 219
218 873
219 220
219 1024
219 325
220 1026
220 1037
220 230
221 1614
221 1037
221 1033
221 1612
222 1949
222 885
222 875
223 1957
223 1952
223 875
224 1968
224 1982
224 1955
225 1960
225 1972
225 1959
226 933
226 935
227 935
227 932
227 1960
228 229
228 933
229 932
229 1984
230 1611
230 934
231 934
231 1132
232 723
232 587
233 698
233 358
233 701
234 1002
234 2164
234 2154
234 1000
235 2107
235 1003
235 2158
236 655
236 238
237 238
238 2094
239 254
239 983
239 982
240 253
240 241
240 1389
241 247
241 246
241 242
242 245
243 448
243 274
244 448
244 443
244 460
245 246
245 828
246 828
248 826
248 1389
248 249
249 254
249 250
250 940
251 1937
251 982
251 252
252 815
252 981
253 983
253 255
255 256
255 983
256 680
256 828
257 259
257 258
257 680
258 834
260 644
260 273
261 1226
261 293
261 272
262 264
262 263
262 1226
263 1384
263 1380
264 265
264 274
265 460
265 274
266 886
266 443
266 456
267 268
267 886
267 269
268 335
268 595
269 273
269 887
270 271
271 887
271 460
272 644
272 459
273 644
274 275
276 1074
276 621
276 1075
277 1073
277 1074
278 1077
278 393
279 622
280 1096
280 793
281 1227
281 282
281 1429
281 629
282 629
283 1075
283 1076
284 285
284 1081
284 286
286 287
286 288
287 1082
289 888
289 295
289 1393
290 291
290 454
290 888
292 446
293 294
293 445
296 623
296 297
296 1083
297 298
297 505
298 976
298 505
299 300
299 627
299 306
300 1418
300 627
301 302
301 1433
301 579
302 578
302 579
303 579
303 304
303 979
304 1527
304 979
305 1527
305 1436
306 626
306 978
307 977
307 624
307 308
308 309
308 976
309 490
309 976
310 978
310 1110
310 1114
311 1183
311 1119
311 1117
312 1174
312 313
312 1183
313 314
313 580
315 316
315 1026
316 1015
316 325
316 323
317 1201
317 919
317 1552
318 1200
318 1546
318 919
319 321
319 1016
319 1967
320 1967
320 322
320 1015
321 1542
321 1543
322 323
322 1542
323 1558
323 1541
324 1019
324 1016
324 1017
325 906
326 1561
326 1562
326 327
327 1197
327 1584
327 1007
328 1007
328 927
328 1006
329 1683
329 1687
329 1680
330 1017
330 1683
330 1962
331 452
331 597
331 997
332 757
332 337
332 753
332 598
333 754
333 756
333 598
334 755
334 1261
334 407
335 596
335 595
336 997
336 596
336 599
337 338
337 2213
338 1500
338 1493
339 1507
339 1511
339 761
340 774
340 2216
340 769
341 784
341 376
341 610
342 343
342 1657
343 1659
343 476
344 930
344 345
345 1834
346 1784
346 926
347 908
348 907
348 939
348 1044
349 1594
349 350
350 351
350 2028
351 2021
351 2025
352 1042
352 1594
352 1591
352 1597
353 679
354 699
354 2161
355 2153
355 911
355 986
356 986
356 2150
356 856
356 987
356 911
357 2166
357 2173
357 2161
358 361
359 360
359 998
359 999
362 363
363 677
363 2033
364 2021
364 2024
365 366
365 1460
365 1483
366 367
366 1792
367 714
367 1473
368 369
369 1078
369 370
372 379
372 609
372 374
373 782
373 1185
373 379
374 791
374 1188
375 378
375 376
375 797
376 795
377 799
377 612
377 378
378 800
379 606
380 2255
380 781
380 455
380 775
381 1052
381 722
382 1202
382 605
382 611
383 399
383 602
383 605
384 1497
384 601
384 602
385 2222
385 1444
386 408
386 1121
386 1124
387 388
387 408
387 1105
388 1125
388 1126
389 1124
389 390
391 622
393 394
393 395
395 396
396 398
397 398
397 631
399 792
399 582
400 401
400 402
401 792
401 403
402 1432
404 407
404 461
405 2224
405 1125
405 2226
406 628
406 1202
407 581
408 1126
409 878
409 420
409 418
410 433
411 417
411 431
411 801
412 804
412 418
412 431
413 415
413 425
413 803
414 416
414 1267
414 435
415 438
415 804
416 434
416 424
417 421
417 432
418 806
419 423
420 800
420 615
421 425
421 437
422 434
423 429
423 1264
424 427
424 433
425 801
426 430
426 441
426 434
428 439
428 646
428 645
429 1277
429 1265
431 803
432 614
432 437
433 436
435 645
435 647
437 617
437 1522
438 810
438 806
439 799
439 646
440 1264
442 457
442 448
442 443
444 459
444 1184
444 454
445 446
445 459
446 454
447 453
447 451
447 775
447 772
449 461
449 592
450 834
450 457
451 772
451 455
452 996
453 772
453 1489
456 457
456 458
461 593
462 464
463 832
463 594
463 833
464 466
464 467
465 467
465 466
465 832
467 833
468 1468
468 1476
468 483
468 678
469 1478
469 1470
469 1716
469 1467
470 1735
471 479
471 477
472 1618
472 1660
472 476
473 1733
473 2248
473 1714
474 1616
474 481
474 478
475 476
475 1648
475 1617
477 480
477 483
478 929
478 481
479 1475
479 480
480 482
481 1656
482 2248
482 1456
483 1454
484 960
484 2077
484 2074
485 502
486 495
486 504
486 487
486 966
488 1441
488 498
488 2082
489 2072
489 492
489 1447
490 504
490 497
491 500
492 2071
492 1422
492 497
493 1223
493 566
493 959
493 1222
494 975
494 1142
494 624
495 496
495 967
496 969
496 501
497 506
498 2074
498 1437
499 1056
500 502
501 971
501 973
502 969
503 1067
504 1422
505 627
506 1434
506 1080
507 1308
507 518
507 511
508 1457
508 1731
509 1342
509 516
509 1337
510 2043
510 1314
510 514
510 1320
511 1320
511 512
512 520
512 516
513 1342
513 1361
514 1320
514 516
515 1358
515 1361
515 1351
517 1314
517 2040
517 2041
518 1362
519 1717
519 1482
519 1471
519 1661
520 1311
520 1329
521 1164
521 551
521 522
522 1191
522 1748
523 1155
523 2214
523 534
524 536
524 1754
524 575
525 555
525 862
525 566
526 1166
526 584
526 543
527 1133
527 1155
527 1776
528 1762
528 1146
528 1145
529 650
529 1743
529 549
529 529
530 539
530 556
530 532
531 569
531 1774
531 1138
532 1147
532 1168
532 562
533 1171
533 1172
533 552
534 567
534 1223
535 1148
535 1179
535 568
536 1147
536 546
536 1768
537 1781
537 557
538 1152
539 565
539 553
540 542
540 1766
540 1179
541 1140
541 1139
541 564
542 553
542 568
543 1170
543 547
544 545
544 1767
544 1765
545 1770
545 1755
545 1768
546 1767
546 556
547 1170
547 1171
547 563
548 1182
548 1173
548 1181
549 1137
549 1761
549 1139
550 1100
550 570
551 560
551 577
552 1171
552 560
553 574
554 1173
554 561
554 563
555 864
555 1777
556 1766
557 1778
557 2052
558 1781
558 1149
558 959
559 1763
559 1145
559 1138
560 584
560 585
561 574
561 563
562 573
562 1147
563 565
564 1771
564 1136
565 574
565 1169
566 1178
567 1736
567 864
568 1180
569 1138
570 1145
570 1146
571 1762
571 1148
571 1179
571 1765
572 1158
572 1156
573 575
573 1166
574 1182
575 1753
575 584
576 962
576 960
576 1150
577 1164
577 1165
580 1174
581 1202
581 601
583 1865
583 893
583 662
586 1213
586 652
586 1326
587 725
587 722
588 591
589 590
589 725
589 591
590 591
592 594
592 593
593 733
593 594
595 996
596 599
597 1492
597 997
598 753
600 2212
601 783
601 792
602 605
603 608
603 604
603 1497
604 2258
604 607
604 785
606 609
606 787
606 795
607 608
607 1269
607 796
608 611
609 797
609 791
610 612
610 794
611 1269
612 796
613 614
613 616
614 617
615 805
615 807
616 617
618 619
618 1270
618 811
619 812
619 1273
620 1076
620 1077
620 1078
621 622
624 977
625 1096
626 978
626 977
630 631
632 1346
632 1360
633 1831
633 1810
633 1808
635 943
635 942
636 1324
637 639
637 943
637 945
638 941
638 2044
639 944
639 946
640 950
640 855
640 955
641 855
641 957
641 642
642 957
643 1068
643 1066
645 1269
646 647
647 1268
648 1325
648 649
648 1310
649 1308
649 1326
650 1133
650 1310
651 1304
652 1316
652 1310
654 2091
655 2091
656 1288
656 657
656 660
657 659
657 658
658 1728
658 659
659 664
660 664
661 913
661 1865
661 988
662 663
663 915
663 2201
664 665
665 1296
665 666
666 668
666 1734
667 668
668 669
669 671
670 671
672 674
672 673
673 675
674 675
675 676
676 679
677 678
677 2032
678 1466
678 2031
680 982
681 1982
681 1972
681 1970
682 1678
682 842
683 687
683 993
683 684
684 1861
684 685
685 686
685 995
686 995
687 994
688 1862
688 1861
688 1860
689 690
689 1860
690 841
691 2095
691 695
692 693
692 2086
693 2115
693 694
694 2089
694 696
695 696
696 2102
697 2115
697 2112
698 702
698 2179
699 2164
700 2120
700 2151
701 702
701 723
702 703
703 726
703 727
704 2135
704 707
705 706
705 2120
706 2128
706 2126
707 708
707 2134
708 709
708 2134
709 2150
710 721
710 1060
710 717
711 711
711 712
712 1392
712 713
714 715
714 716
715 718
715 716
716 719
717 719
719 1787
720 720
720 721
722 723
722 725
723 724
724 1209
724 1206
726 1203
726 727
727 1203
728 734
728 736
728 732
729 735
729 751
730 731
731 732
731 737
732 733
733 737
736 2239
736 739
737 738
738 739
738 755
739 740
740 743
740 741
740 2218
741 2217
741 745
742 748
742 744
742 749
743 745
743 744
744 746
744 747
745 751
745 2218
746 748
746 751
748 749
748 752
749 750
749 754
751 753
752 753
752 754
755 756
756 1260
757 2240
757 1493
758 1262
758 1263
758 760
758 1501
759 762
759 760
759 761
759 1496
760 767
761 763
762 764
762 763
762 767
763 765
764 766
764 765
765 2250
766 768
766 2250
767 768
768 769
770 773
770 771
771 779
771 2252
773 774
773 776
773 778
774 775
774 778
775 1493
776 777
777 780
778 781
779 2252
779 2257
780 2257
780 781
782 1186
782 787
783 1497
783 785
783 1499
784 2253
784 790
784 789
785 786
786 2259
786 1499
787 790
788 1188
788 1186
788 791
788 1187
789 2259
789 794
790 795
791 1271
793 1533
793 2221
794 796
794 2258
795 797
796 799
797 800
798 801
799 802
800 802
801 803
802 809
802 814
803 804
804 806
805 811
805 807
805 878
806 810
807 809
807 812
808 814
809 813
810 878
810 811
811 812
812 813
813 814
815 820
816 817
817 823
817 819
818 819
818 825
818 826
819 824
820 822
820 821
823 829
823 824
824 831
824 825
825 830
825 826
826 827
832 833
835 836
835 839
836 837
836 840
837 1882
837 1889
838 1888
838 1886
838 1887
839 840
839 841
840 993
841 1862
842 843
842 845
843 844
843 845
844 1129
844 1674
845 847
846 1130
847 850
847 849
848 1705
848 849
848 1703
849 851
851 852
854 954
854 953
855 955
856 988
856 992
856 987
857 1856
857 858
857 1048
858 859
859 860
860 1039
861 862
862 863
862 865
864 865
865 866
867 1399
867 1381
867 868
869 2236
870 2235
871 2236
872 2235
873 906
873 928
874 928
874 1009
875 1963
876 916
876 1870
876 877
879 1434
879 1079
879 1080
880 881
880 1404
881 1403
883 1878
883 1863
883 1881
884 1877
886 887
888 889
889 890
890 891
892 1914
893 894
893 896
894 898
894 895
895 897
895 914
896 2201
896 2200
896 898
897 898
897 899
898 899
899 2200
900 2200
900 1992
901 1989
901 1588
901 902
902 1997
903 1583
903 1564
903 1582
905 1214
905 1217
906 928
906 1559
907 908
909 910
911 1209
912 989
913 991
913 914
915 916
917 1842
918 921
918 920
919 1547
920 921
920 922
921 923
922 924
924 925
925 1784
926 1216
926 1215
929 1844
930 1629
931 1035
931 1945
931 1948
931 1943
932 1959
933 1670
934 1036
936 2014
936 1293
937 1854
937 1291
938 939
941 1219
941 1312
942 943
942 945
943 944
946 949
947 984
947 948
949 953
949 951
950 952
951 954
952 954
953 954
955 956
956 957
958 2045
958 1306
959 1783
960 2075
961 1151
961 1152
962 2073
963 964
963 2073
964 1189
964 1428
965 966
966 967
967 1189
968 969
970 971
971 972
973 974
973 1142
980 981
984 985
985 985
986 1043
987 1204
988 1205
988 1204
989 1194
990 1194
990 991
990 1209
991 1204
993 994
994 1887
998 999
1000 2095
1000 1001
1001 1002
1001 1003
1002 2157
1003 2157
1004 1537
1004 1536
1005 1006
1005 1536
1005 1539
1006 1008
1007 1536
1008 1010
1009 1556
1009 1558
1011 1013
1011 1012
1012 1013
1012 2013
1013 1014
1014 2009
1015 1965
1016 1964
1017 1020
1018 1965
1018 1977
1018 1966
1019 1021
1019 1964
1020 1021
1020 1963
1021 1022
1021 1963
1023 1027
1023 1030
1023 1033
1024 1029
1024 1946
1024 1947
1025 1946
1025 1034
1025 1031
1026 1027
1027 1030
1028 1944
1029 1945
1029 1948
1030 1033
1031 1948
1031 1946
1032 1943
1034 1035
1034 1036
1035 1036
1037 1038
1039 1040
1040 1041
1041 1042
1041 1592
1042 1602
1044 1046
1045 1046
1046 1855
1047 1049
1048 1857
1049 1857
1050 1051
1051 1535
1052 1535
1053 1837
1053 1838
1055 1176
1055 1056
1057 1058
1057 1059
1057 2025
1058 1059
1058 2026
1059 1060
1060 1370
1061 1062
1062 1063
1065 2059
1065 2057
1066 1068
1067 2059
1068 1069
1069 1070
1069 1079
1070 1079
1071 1073
1072 1073
1075 1076
1077 1078
1080 1083
1081 1081
1082 1369
1084 1089
1085 2220
1085 1369
1086 1087
1086 1089
1087 1245
1087 1090
1088 1090
1088 1245
1089 1091
1090 1094
1091 1099
1091 1092
1092 1099
1092 1093
1093 1102
1093 1106
1094 1095
1095 1098
1095 1101
1097 1105
1097 2226
1097 1104
1098 1101
1098 1103
1099 1102
1100 1111
1100 1109
1101 1107
1102 1106
1103 1107
1103 1108
1104 1105
1104 1121
1106 1113
1107 1112
1108 1112
1108 1115
1109 1111
1109 1110
1110 1114
1111 1117
1112 1118
1113 1115
1113 1116
1115 1118
1116 1423
1116 1123
1116 1453
1117 1119
1118 1122
1119 1120
1121 2228
1122 1123
1123 1453
1125 1128
1126 1127
1129 1130
1131 1132
1132 1939
1133 1134
1135 1136
1136 1137
1137 1773
1139 1757
1140 1769
1140 1759
1141 1761
1141 1753
1141 1749
1141 1750
1142 1144
1143 1756
1143 1751
1143 1758
1146 1148
1149 1154
1149 1153
1150 1151
1150 1152
1153 1154
1153 1221
1153 1156
1154 1156
1155 2214
1157 1161
1158 2261
1159 1160
1160 1161
1160 1163
1161 1162
1164 1165
1166 1167
1167 1168
1167 1169
1168 1169
1169 1170
1173 1174
1175 1177
1175 1176
1178 1779
1178 1524
1180 1181
1180 1182
1181 1183
1185 1186
1185 1188
1186 1187
1187 1393
1187 1377
1189 1190
1191 1191
1192 1193
1193 1896
1193 1194
1195 1897
1195 1991
1195 1990
1196 1357
1196 1338
1196 1359
1197 1201
1198 1200
1198 1201
1198 1199
1203 1206
1204 1209
1205 1210
1206 1895
1207 1212
1207 1865
1207 1208
1208 1864
1208 1212
1210 1211
1211 1869
1211 1867
1212 1867
1212 1864
1214 1215
1214 1217
1215 1216
1216 1218
1217 1218
1218 1282
1219 1220
1220 1318
1221 1222
1221 2215
1222 1223
1224 2215
1224 2214
1225 1226
1227 1521
1227 1419
1228 1229
1228 1240
1229 1241
1230 1235
1230 1231
1230 1518
1231 1519
1231 1233
1232 1520
1232 1521
1232 1519
1233 1234
1233 1520
1234 1236
1234 1235
1235 1237
1236 1238
1236 1237
1237 1239
1238 1240
1238 1239
1239 1241
1240 1241
1242 1243
1243 1247
1243 1252
1244 1257
1244 1258
1244 1245
1246 1251
1246 1255
1246 1254
1246 1250
1247 1249
1247 1248
1248 1249
1248 1250
1249 1251
1249 1252
1250 1251
1251 1253
1252 1253
1253 1254
1254 1256
1255 1257
1255 1256
1256 1258
1257 1258
1259 1261
1260 1262
1260 1261
1262 1263
1263 1513
1264 1265
1265 1273
1266 1267
1267 1277
1269 1533
1271 1431
1272 1273
1273 1522
1274 1522
1274 1431
1274 1275
1275 1431
1276 1277
1278 2016
1278 1279
1278 2198
1279 1280
1279 1283
1279 1285
1280 1281
1280 1285
1280 1284
1281 1282
1281 1287
1281 1285
1282 2197
1283 1284
1283 1289
1284 1287
1286 1287
1287 1288
1288 2197
1289 2016
1290 1291
1291 1293
1292 2020
1293 2020
1294 1722
1295 1722
1295 1734
1295 1296
1296 1727
1297 1729
1297 1726
1297 1298
1298 1720
1298 1725
1299 1720
1299 1729
1299 1721
1300 1301
1302 1313
1302 2236
1302 1309
1302 1523
1303 1309
1303 1316
1303 1323
1304 1305
1305 1312
1305 1330
1306 1319
1306 2046
1307 1308
1309 1313
1311 1351
1311 1321
1312 1328
1314 2043
1315 1325
1315 1327
1315 1323
1316 1331
1317 1327
1318 2237
1318 1328
1319 2046
1321 1363
1321 1343
1322 1328
1323 1327
1326 2205
1329 1348
1329 1337
1332 1345
1332 1340
1332 1361
1333 1339
1334 1365
1335 1336
1335 1344
1335 1362
1336 1367
1336 1347
1337 1365
1338 1359
1338 1346
1339 1358
1339 1350
1340 1355
1340 1345
1341 1368
1341 1365
1341 1349
1342 2043
1344 1366
1345 1368
1348 1351
1348 1355
1352 1354
1352 1356
1352 1357
1353 1362
1353 1354
1353 1364
1354 1358
1355 1368
1356 1359
1356 1357
1357 1360
1364 1366
1367 1367
1369 1401
1370 1407
1371 1380
1371 1405
1372 1380
1373 1400
1373 1397
1373 1390
1374 1401
1376 1402
1376 1388
1378 1590
1378 1402
1379 1394
1381 1386
1382 1400
1382 1389
1383 1399
1385 1407
1385 1396
1387 1388
1387 1404
1388 1397
1390 1404
1390 1398
1391 1401
1392 1398
1393 1395
1394 1396
1394 1593
1397 1402
1398 1403
1405 1406
1406 1407
1407 2025
1408 1411
1408 1413
1408 1415
1409 1416
1409 1410
1410 1415
1410 1416
1412 1417
1413 1414
1414 1417
1415 1417
1418 1433
1418 1446
1419 1425
1419 1448
1419 1424
1420 1451
1420 1443
1420 1447
1421 1439
1421 2072
1421 1435
1421 1445
1422 1440
1423 1426
1426 1453
1427 1435
1428 1440
1428 2066
1430 1441
1430 1438
1433 1444
1434 2084
1435 2078
1437 2081
1437 2082
1439 1443
1439 1447
1440 2069
1442 1443
1442 1451
1442 2084
1444 2232
1449 1452
1449 2221
1451 2084
1454 2243
1454 1480
1455 1472
1455 1486
1455 1471
1456 1480
1456 2247
1457 1657
1458 1735
1458 1474
1458 1713
1458 1481
1459 1467
1459 2184
1459 1477
1460 1462
1460 1461
1461 1463
1461 2185
1462 2187
1464 1720
1464 1719
1464 1725
1466 2024
1466 2030
1467 1483
1468 2187
1468 2029
1469 2184
1470 1735
1470 1474
1470 1477
1471 1479
1472 1484
1472 1486
1474 1478
1474 1712
1475 1732
1475 1710
1476 2245
1476 1481
1477 1735
1478 1733
1479 1484
1479 1721
1480 2244
1481 2183
1482 2193
1482 1486
1482 1485
1483 1794
1484 1731
1485 1731
1485 2192
1487 2185
1488 1495
1489 1493
1489 1514
1490 1511
1491 1503
1491 1498
1491 1506
1492 1502
1492 1503
1494 1517
1494 1516
1494 1501
1495 1507
1495 1515
1496 1510
1499 1505
1500 1511
1500 2213
1501 2213
1502 1504
1502 1508
1503 2240
1505 1513
1507 2216
1509 1516
1512 1516
1518 1521
1518 1519
1519 1520
1523 2234
1524 1525
1525 2234
1525 1526
1527 1529
1528 1529
1529 1530
1530 1532
1530 1531
1533 1534
1537 1584
1537 1583
1538 1539
1540 1545
1540 1542
1540 1544
1541 1545
1541 1552
1543 1550
1543 1544
1544 1548
1545 1547
1546 1548
1546 1547
1548 1549
1550 1551
1552 1553
1553 1555
1553 1556
1554 1555
1554 1556
1557 1558
1560 1561
1561 1563
1562 1567
1562 1568
1563 1565
1563 1564
1564 1576
1564 1585
1565 1567
1566 1568
1566 1995
1567 1568
1569 1570
1570 1995
1570 1994
1571 1572
1572 1999
1572 1997
1573 1574
1573 1578
1575 1576
1576 1580
1577 1578
1578 1580
1579 1580
1581 1582
1582 1586
1583 1584
1586 1587
1587 2194
1589 1590
1594 1595
1596 1597
1597 1598
1599 1600
1600 1602
1601 1602
1603 1604
1605 1608
1606 1607
1606 1613
1608 1609
1609 1611
1610 1611
1613 1614
1614 1949
1615 1658
1615 1656
1615 1659
1616 1648
1616 1658
1617 1648
1617 1619
1618 1622
1618 1626
1619 1623
1619 1624
1620 1621
1620 1625
1620 1624
1621 1626
1621 1622
1623 1626
1623 1624
1627 1628
1627 1629
1628 1631
1628 1662
1630 1631
1631 1643
1632 1634
1632 1642
1632 1636
1633 1639
1634 1841
1635 1636
1636 1638
1637 1638
1638 1643
1639 1841
1639 1640
1641 1642
1644 1655
1644 1653
1644 1645
1645 1649
1645 1653
1646 1647
1647 1654
1647 1649
1649 1651
1650 1651
1651 1853
1652 1653
1654 1655
1654 1834
1656 1657
1658 1659
1660 2191
1661 2041
1661 2190
1663 1665
1664 1666
1664 1665
1665 1666
1666 1839
1667 1668
1668 1709
1668 1707
1669 1670
1671 1674
1671 1676
1671 1672
1673 1674
1675 1676
1677 1678
1679 1680
1680 1681
1682 1683
1682 1684
1682 1979
1682 1981
1684 1686
1684 1688
1685 1686
1686 1979
1687 1688
1688 1689
1690 1691
1691 1693
1692 1693
1693 1694
1694 1695
1694 1700
1695 1696
1695 1699
1696 1697
1696 1698
1699 1700
1699 1701
1700 1703
1702 1703
1704 1705
1705 1707
1706 1707
1708 1709
1710 1717
1710 1711
1711 1717
1712 2247
1712 1713
1712 2246
1713 2244
1713 2245
1714 1715
1714 1733
1714 1732
1717 2242
1718 1724
1718 1734
1719 1724
1719 1721
1722 1723
1723 1726
1723 1727
1724 1725
1725 1734
1727 1728
1729 1730
1732 1820
1736 1740
1736 1737
1736 1738
1739 1740
1740 1776
1741 1776
1742 1743
1743 1746
1743 1744
1745 1746
1746 1748
1747 1748
1750 1756
1750 1757
1751 1759
1751 1757
1752 1753
1753 1754
1754 1758
1754 1769
1755 1769
1755 1768
1756 1757
1756 1758
1758 1759
1760 1761
1762 1764
1763 1770
1763 1764
1764 1765
1766 1767
1769 1772
1770 1772
1771 1774
1771 1772
1774 1775
1778 1779
1778 1783
1779 1780
1779 1783
1781 1782
1785 1786
1788 1789
1789 1790
1789 2022
1790 2022
1790 1791
1793 1794
1794 1812
1795 1796
1796 1797
1798 1799
1799 1799
1800 1801
1801 1803
1801 1802
1804 1805
1805 1807
1809 1810
1810 1812
1810 1811
1812 1813
1813 1814
1813 1815
1815 1817
1815 1819
1816 1817
1817 1819
1818 1819
1820 1825
1820 1826
1821 1823
1822 1827
1823 1827
1823 1824
1823 1826
1824 1826
1824 1825
1826 1827
1828 1829
1829 1830
1829 1833
1830 1831
1830 1832
1834 1835
1836 1837
1838 1839
1838 1838
1840 1841
1843 1845
1843 1843
1844 1845
1844 1851
1845 1846
1846 1848
1847 1847
1847 1848
1848 1850
1849 1849
1849 1850
1851 1853
1851 1852
1856 1858
1856 1857
1860 1861
1863 1882
1864 1866
1866 1868
1866 1867
1867 1868
1868 1869
1870 1878
1870 1871
1871 1872
1871 1875
1872 1874
1872 1875
1872 1876
1873 1874
1873 1875
1873 2202
1874 1877
1876 1877
1876 1881
1878 1879
1880 1881
1882 1883
1883 1884
1883 1885
1884 1893
1884 1885
1885 1893
1886 1889
1886 1888
1887 1888
1889 1890
1891 1892
1893 1894
1896 1896
1898 1902
1898 1923
1898 1899
1899 1900
1899 1987
1901 1902
1902 1904
1902 1903
1904 1929
1904 1907
1905 1906
1905 1910
1905 1912
1907 1910
1907 1908
1909 1910
1911 1936
1911 1912
1912 1913
1914 1915
1915 1916
1915 1931
1916 1931
1916 1917
1918 1933
1918 1919
1918 1936
1919 1921
1919 1934
1920 1921
1921 1931
1923 1926
1923 1924
1924 1925
1924 1926
1927 1928
1928 1929
1928 1930
1932 1933
1935 1936
1938 1939
1940 1941
1942 1943
1943 1944
1944 1945
1949 1950
1951 1952
1952 1954
1953 1954
1954 1962
1956 1957
1957 1968
1958 1959
1959 1960
1961 1962
1964 1973
1965 1978
1966 1967
1966 1973
1968 1969
1970 1970
1971 1972
1973 1974
1974 1975
1975 1976
1979 1981
1980 1981
1982 1983
1987 1989
1988 1989
1992 1993
1994 1995
1996 1997
1998 2003
1998 2001
1998 1999
1999 2000
2002 2003
2004 2005
2006 2007
2006 2008
2009 2010
2009 2011
2012 2013
2014 2015
2016 2017
2017 2018
2017 2019
2021 2022
2023 2024
2029 2030
2034 2035
2035 2036
2035 2038
2036 2037
2036 2038
2037 2039
2038 2039
2041 2042
2045 2048
2047 2048
2047 2049
2048 2049
2050 2051
2052 2053
2053 2054
2053 2065
2054 2065
2054 2062
2055 2058
2055 2062
2055 2056
2056 2058
2056 2063
2057 2063
2058 2059
2058 2060
2061 2062
2063 2064
2064 2065
2067 2070
2068 2069
2069 2071
2070 2071
2070 2072
2073 2075
2074 2075
2076 2077
2079 2080
2081 2082
2081 2083
2085 2086
2087 2089
2087 2090
2088 2089
2090 2090
2091 2092
2093 2094
2094 2096
2095 2096
2096 2100
2097 2098
2097 2100
2097 2101
2099 2100
2102 2104
2102 2103
2104 2107
2104 2106
2105 2106
2106 2111
2107 2108
2108 2109
2108 2110
2112 2113
2113 2113
2114 2115
2116 2117
2116 2118
2116 2119
2120 2121
2122 2124
2122 2131
2122 2123
2123 2125
2123 2124
2124 2125
2126 2131
2126 2127
2127 2128
2127 2129
2128 2132
2129 2130
2129 2131
2130 2133
2132 2134
2132 2133
2135 2139
2135 2136
2136 2137
2136 2148
2137 2138
2137 2140
2138 2139
2141 2142
2141 2144
2141 2146
2143 2144
2144 2148
2144 2145
2147 2148
2149 2150
2151 2152
2153 2154
2153 2160
2154 2155
2156 2157
2159 2160
2160 2161
2162 2163
2163 2164
2163 2165
2166 2179
2166 2176
2167 2168
2168 2174
2168 2169
2169 2171
2169 2172
2170 2171
2171 2173
2175 2176
2176 2177
2178 2181
2179 2181
2180 2181
2182 2183
2183 2184
2185 2186
2187 2188
2190 2191
2190 2193
2191 2192
2192 2193
2194 2195
2196 2197
2198 2199
2201 2202
2203 2204
2205 2207
2205 2206
2206 2207
2206 2208
2207 2209
2208 2209
2210 2212
2211 2212
2216 2250
2218 2219
2220 2221
2222 2224
2222 2223
2224 2225
2226 2227
2227 2227
2229 2230
2229 2232
2230 2231
2232 2233
2234 2235
2235 2236
2237 2238
2240 2241
2243 2245
2243 2244
2247 2248
2251 2260
2251 2252
2251 2259
2253 2255
2253 2256
2254 2256
2255 2256
2256 2257
2258 2259
