0 1
0 184
0 99
1 37
1 97
2 710
2 2706
2 3004
3 376
3 4
3 715
4 93
4 96
5 94
5 707
5 93
6 2319
6 7
6 10
7 8
7 10
8 1247
8 9
9 90
9 2892
10 92
11 1453
11 1222
11 1454
12 73
12 743
12 1222
13 74
13 73
13 1223
14 15
14 74
14 1224
15 16
15 742
16 134
16 742
17 745
17 741
17 1227
18 741
18 744
18 1496
19 1228
19 1497
19 138
20 1230
20 1228
20 1231
21 1229
21 107
21 106
22 380
22 23
22 24
23 25
23 179
24 181
24 179
25 167
25 166
26 27
26 2727
26 128
27 2728
27 28
28 893
28 29
29 32
29 372
29 3109
30 3109
30 31
30 3108
31 707
31 1079
32 33
32 35
33 36
33 3106
34 668
34 1407
34 3105
35 1425
35 1461
36 2723
36 514
36 51
37 2323
37 97
38 876
38 2719
38 45
39 2723
39 114
39 1200
40 896
40 2913
40 812
41 2915
41 115
41 42
41 896
42 43
42 115
43 2713
43 2322
44 45
44 2715
44 876
44 2713
45 898
46 47
46 2769
46 2719
47 729
47 879
48 345
48 343
48 2717
48 2720
49 50
49 345
49 338
50 1423
50 51
51 3016
52 683
52 172
52 692
52 161
53 1360
53 1302
53 1361
54 1303
54 396
54 55
55 386
55 56
56 598
56 57
57 58
57 2912
58 388
58 2912
59 60
59 105
59 1232
60 337
60 103
61 1233
61 63
61 103
62 105
62 104
62 482
63 104
63 1233
64 65
64 1737
64 1640
65 66
66 1725
67 892
67 513
67 1073
68 100
68 2976
68 891
69 101
69 2984
69 100
70 1220
70 71
70 101
71 1221
71 1220
72 2278
72 1455
72 1445
73 1223
74 1224
75 2656
75 1592
75 1595
76 2972
76 2970
76 2974
77 867
77 2882
77 591
78 79
78 867
78 2948
79 868
79 1472
80 106
80 145
80 1230
81 1140
81 144
81 1146
82 1505
82 83
82 141
83 1403
83 1399
84 246
84 426
84 249
85 2082
85 2080
85 1636
86 2789
86 2394
86 447
87 440
87 88
87 441
88 224
89 878
90 91
90 2891
91 92
91 722
92 3032
93 96
94 1246
94 707
95 96
95 1245
95 1246
97 98
98 2950
98 1244
99 1243
99 1244
100 891
101 481
102 891
102 1221
102 2975
103 337
104 482
105 1232
106 1230
107 1231
107 1229
108 109
108 1471
108 111
109 862
109 1471
110 3062
110 862
110 1472
111 131
111 863
112 382
112 705
112 703
112 1242
113 1434
113 1176
113 1060
114 358
114 3017
115 360
116 358
116 668
116 3010
117 210
117 219
117 218
118 363
118 806
118 360
119 210
119 221
119 219
119 872
120 220
120 121
120 123
121 161
121 156
122 3073
122 1248
122 676
123 221
123 126
124 222
124 1169
124 872
125 871
126 683
126 871
127 375
127 1480
127 1481
128 372
128 714
129 2581
129 2579
129 1356
130 602
130 2298
130 1329
130 202
131 2408
131 863
132 1952
132 415
132 2877
133 227
133 1930
133 231
133 1491
134 1227
134 1914
135 432
136 1796
136 253
136 1807
137 1237
137 1106
137 739
138 1237
138 1238
139 275
139 277
139 2414
140 248
140 1093
140 283
141 270
141 287
142 1139
142 1124
142 1137
143 1115
143 1133
143 1776
144 311
144 1500
145 1500
145 1499
145 1138
146 174
146 178
146 177
147 151
147 1405
147 2680
148 2680
148 150
148 3099
149 2406
149 2731
149 151
150 2681
150 155
151 152
152 159
152 155
153 2681
153 157
153 154
154 158
154 211
154 209
155 157
155 159
156 207
156 674
157 211
158 674
158 160
159 164
159 2721
160 165
160 162
161 162
162 168
163 2406
163 167
163 1077
163 2721
164 2840
164 2722
165 166
165 2840
166 170
167 2722
168 169
168 172
169 171
169 170
170 174
172 176
172 174
173 692
173 701
173 693
173 175
176 180
176 1456
178 181
178 179
181 377
182 183
182 2876
182 2952
183 185
183 1250
184 189
184 2876
185 2988
185 1249
186 1249
186 187
187 188
188 2989
188 189
189 2726
190 192
190 2989
190 2875
191 2726
191 192
191 2874
192 2874
193 3019
193 806
193 807
193 679
194 2709
194 195
194 3006
194 2707
195 2708
195 691
195 1442
196 691
196 694
196 1446
197 696
197 198
197 2707
198 2708
198 699
199 1321
199 399
199 396
200 1343
200 2244
200 501
201 202
201 413
201 2554
201 1323
202 1329
202 600
203 205
203 2429
203 2428
204 205
204 1443
204 2963
204 206
205 208
206 2684
206 209
207 667
207 218
207 2429
208 671
208 2429
209 671
209 2681
210 220
211 2840
212 2427
212 2428
212 667
213 2428
214 216
215 218
215 667
215 2427
216 217
216 2677
218 2677
219 2873
220 221
222 1168
222 687
223 1168
224 444
225 2747
225 420
225 2655
226 1328
226 1981
226 1224
227 1236
227 1938
227 1835
228 1155
228 234
228 229
229 1328
229 235
230 1930
230 1551
230 1835
231 1933
231 236
231 1934
232 1933
232 233
232 237
233 234
233 1936
233 238
234 235
234 1225
235 1914
235 239
236 1926
236 237
236 1491
237 1923
237 238
238 1924
238 1225
239 1920
239 1225
240 1523
240 241
240 1925
240 1490
241 242
241 1923
242 1226
242 1922
243 1226
243 849
243 1913
244 253
245 1498
246 262
246 250
247 262
249 1508
249 1510
251 1156
251 263
251 431
252 264
252 1780
252 260
253 1504
254 269
255 279
256 266
256 1083
256 1508
257 1109
257 1111
257 1103
258 277
259 278
260 270
260 264
261 1777
261 271
261 1778
262 1753
263 1101
263 1098
264 1395
265 1083
265 1087
265 1509
266 1510
266 267
267 288
267 1510
268 1101
268 273
268 1781
269 1395
269 275
270 276
271 282
271 284
272 1106
272 1111
272 439
274 1098
274 280
274 1095
275 276
276 1395
277 278
278 279
279 1093
280 1107
280 281
281 439
281 1108
283 1092
283 1091
284 1092
284 295
284 1397
285 289
285 1107
285 1141
286 288
287 298
287 2415
288 305
289 1095
289 1142
290 1141
290 1108
290 1106
291 297
291 1400
291 300
292 305
293 1509
294 1505
295 296
295 1114
296 1133
296 1126
297 314
297 1509
298 1127
298 308
299 301
299 1127
299 313
300 335
300 1752
301 2413
301 319
302 303
303 304
303 310
303 1505
305 306
305 1161
307 314
308 817
308 317
309 310
309 315
309 1763
310 315
311 1144
311 1143
312 1768
312 1129
312 316
313 319
313 817
314 325
315 328
316 1769
316 1126
317 326
317 328
318 1752
318 737
318 335
319 320
319 329
320 331
320 323
321 1131
321 1119
321 322
322 1769
322 1130
323 324
323 1128
323 332
324 1129
324 327
326 329
326 330
327 1130
327 1765
328 1113
329 331
330 1113
330 1749
331 332
332 336
333 1122
333 334
333 1118
334 1765
334 1158
335 736
335 1748
336 1747
336 1749
337 1160
338 1433
338 1432
339 2437
339 344
339 2440
340 341
340 1448
340 342
341 594
341 595
342 343
342 595
343 1061
344 731
344 347
345 1430
345 1448
346 348
346 2673
346 2992
347 1460
347 2839
348 349
348 1475
349 818
349 352
350 3078
350 3018
350 1430
351 897
351 1426
351 354
352 2728
352 1474
353 354
353 730
353 3018
354 1451
355 2798
355 2839
355 2730
356 3016
356 3018
356 3078
357 812
357 1450
357 3076
358 359
359 3011
359 3012
360 364
361 3075
361 362
361 1437
362 3076
362 669
363 669
363 3022
364 365
364 366
364 597
365 807
365 3020
367 1521
367 369
367 853
368 1477
368 1476
368 1486
369 2961
369 2795
370 3009
370 3071
370 1248
371 2950
371 2709
371 3020
372 374
373 698
373 704
374 706
374 3109
375 705
375 1167
375 2694
376 715
376 710
377 2254
377 1409
378 2796
378 2837
378 2961
379 2691
379 1483
379 381
380 2318
380 704
382 384
382 383
383 391
383 390
384 1361
384 389
385 1360
385 2262
385 2264
387 390
387 2693
387 720
387 2694
389 1363
389 391
390 391
391 394
392 395
392 2270
392 1360
393 2253
393 2284
393 1365
394 1303
394 1363
394 2500
395 1373
395 2272
396 1320
397 2510
397 1295
397 2494
397 1300
398 2470
398 401
398 2486
399 405
399 1335
400 2471
400 499
400 1359
400 2518
401 2515
401 499
402 403
402 2484
402 2461
402 2530
403 1201
403 1210
404 1371
404 2463
404 2534
405 2622
405 2244
406 1319
406 1341
406 2251
406 1304
407 2622
407 2800
407 840
408 1304
408 2249
408 2501
409 1327
409 2504
409 1299
410 414
411 1326
411 1327
411 413
412 1330
412 1305
412 2249
413 1332
414 2314
414 2896
415 843
415 2797
416 2058
416 418
416 1206
417 1999
417 2014
417 2060
418 1205
418 2651
419 1488
419 491
419 2402
419 502
420 1958
420 1992
421 424
421 423
421 1811
422 1811
422 428
422 424
423 425
423 1105
424 1792
426 476
426 1081
427 1524
428 429
428 1156
429 430
429 1792
430 1102
430 431
431 435
432 1796
432 1524
433 1103
433 434
433 1102
434 436
434 1102
435 436
435 437
436 437
437 1104
438 1754
439 1104
441 2923
441 2395
442 1538
442 443
442 827
443 2861
443 826
444 445
444 820
445 1537
445 2868
445 631
446 833
447 448
447 1536
448 2206
448 833
449 451
449 832
449 2820
450 451
450 1377
450 452
451 1836
451 1381
451 454
452 1379
452 1377
452 453
453 1375
453 1374
454 1384
454 458
455 1383
455 1384
455 456
456 1380
456 1382
456 1385
457 2221
457 2219
457 2847
458 1378
458 1383
459 2192
459 1838
459 2191
460 2200
460 2190
460 2188
461 2224
462 2198
462 1389
462 2189
463 1847
463 1844
463 1867
464 1844
464 465
464 800
465 1863
465 1392
466 1912
466 1863
466 803
467 1877
467 1873
467 2187
468 1873
468 470
468 1869
469 1888
469 805
469 1892
470 2112
470 2183
471 473
472 474
472 3097
472 473
473 475
475 1758
475 476
476 1506
477 1506
478 479
478 1567
479 1568
479 1565
480 1568
480 1571
480 663
481 1171
481 2984
482 484
483 1709
483 1513
483 1708
485 1709
485 738
485 486
486 1745
486 636
487 1514
487 1739
487 488
488 637
488 1721
489 1660
489 1657
489 1639
489 1722
490 1653
490 1661
490 1654
491 2644
491 2065
492 504
492 2401
492 507
493 498
493 2072
493 2618
494 2630
494 2632
494 2307
495 2476
495 1364
495 1365
496 499
496 2480
496 2471
497 505
497 1485
497 2631
497 501
498 2641
498 2402
499 2517
500 503
500 1351
500 2580
500 2577
501 1340
502 2642
502 2643
503 2564
503 1325
504 2070
504 2310
506 2573
506 1154
506 1338
507 2618
507 2401
507 2071
508 2632
508 2296
508 2293
509 2629
509 2309
509 2401
510 2614
510 2607
510 2296
511 2616
511 2305
511 2307
512 513
513 1423
514 893
514 1422
515 760
515 2895
515 971
516 760
516 517
516 2738
517 520
517 518
518 625
518 520
519 520
521 1187
521 536
521 1064
522 1196
522 1197
522 1219
522 1066
523 1414
523 908
524 1198
524 1194
524 533
524 1424
525 526
525 527
525 1219
526 1217
526 529
527 1219
527 528
528 530
528 1191
529 531
529 1217
530 3079
530 532
531 532
531 1218
532 1218
533 1178
533 2751
533 1193
534 535
534 2751
534 1177
536 1194
536 537
537 537
538 1191
538 1178
538 539
539 3080
539 3079
540 541
540 780
540 543
540 788
542 543
542 544
542 788
542 778
543 1211
543 789
544 789
544 769
544 548
545 1211
545 789
545 550
546 554
547 559
548 1410
548 2671
549 1419
549 557
549 2981
550 552
550 568
551 895
551 1031
551 556
551 1412
552 2671
552 569
553 2671
553 894
553 560
554 559
554 557
555 994
555 991
555 1031
556 558
556 561
557 564
558 565
558 566
559 2978
560 569
560 565
561 1009
561 1008
561 991
562 563
562 2977
562 2978
563 564
563 2978
564 1220
564 2980
565 567
566 1009
566 1033
567 1016
567 2441
568 2970
568 2672
569 2672
570 3053
570 3052
570 3051
571 864
571 571
572 864
572 3052
572 1181
573 579
573 574
575 577
575 583
576 579
576 3053
576 2883
577 578
577 1467
578 580
579 586
580 581
580 582
581 584
581 3037
583 585
583 2659
585 588
585 587
586 1468
586 2922
587 588
587 753
588 754
589 2886
589 2658
589 1469
590 591
590 2885
590 2418
591 2417
592 593
592 771
592 1416
593 1419
593 1068
593 1177
595 1447
596 1447
597 2323
597 2324
599 2553
599 2556
599 1324
600 2553
600 601
601 1325
601 2575
602 2575
602 2576
603 2576
603 2592
603 2577
604 2594
604 2592
604 2888
605 1393
606 2417
606 930
606 607
607 979
607 2990
608 961
608 960
608 963
609 809
609 915
609 960
610 809
610 924
610 931
611 924
611 932
611 912
612 924
613 1043
613 869
613 1044
614 1042
614 2725
614 1043
615 1473
615 869
616 617
616 1463
616 1057
617 618
617 619
618 762
618 2903
619 620
619 762
620 3066
620 2756
621 2759
621 1059
621 622
622 889
622 888
623 887
623 624
623 1465
624 626
624 890
625 1473
625 927
626 627
626 962
627 3085
627 3087
628 1634
628 1515
628 629
629 631
629 630
632 638
632 1518
632 1519
633 634
634 1519
635 1705
636 1703
636 1653
637 1659
637 1528
638 850
638 1626
639 640
639 1659
639 1657
640 1655
640 1662
641 642
641 1654
641 643
642 1662
642 1637
643 1642
643 1557
643 1650
644 1691
644 1694
644 1690
645 1637
645 1642
645 1644
646 1552
646 1602
646 1641
647 1593
648 649
648 1591
648 2527
648 1588
649 2526
649 1592
650 1166
650 2520
650 652
651 1166
652 653
652 1579
653 654
653 1577
654 656
654 655
655 1564
655 657
656 657
656 658
657 659
660 1531
661 662
661 664
661 1564
662 1547
662 1571
663 1569
663 1571
664 665
664 1149
666 2963
666 2894
666 2893
668 672
669 1440
669 2920
670 1438
670 675
670 3074
671 674
672 678
672 1441
673 675
673 1439
673 3022
675 3024
676 677
677 3024
678 680
678 682
679 3005
679 3021
680 684
680 3069
680 685
681 3009
681 3023
681 694
682 686
682 1080
683 687
684 689
684 3071
685 689
685 686
686 707
687 688
688 693
688 692
689 808
690 3007
690 3008
690 1170
691 1442
693 697
694 695
695 1170
695 3004
695 3007
696 2711
696 699
697 701
697 702
698 2318
699 1446
700 702
701 703
702 703
705 711
706 709
708 713
708 808
708 710
709 718
711 720
711 719
712 721
713 717
713 715
716 718
718 2319
719 720
719 1242
721 2318
721 1247
722 2278
722 2891
723 725
724 892
724 2670
724 725
725 893
726 1615
726 1516
726 1612
727 1614
727 1608
727 1611
728 1606
728 1608
728 1605
729 1436
729 1435
730 3030
730 1450
731 732
731 995
732 2829
732 1262
733 3061
733 2829
733 2736
734 735
734 3061
734 2799
735 3040
735 2841
736 737
736 1714
737 1715
737 1718
738 1720
738 1715
739 1238
739 1817
740 744
740 745
740 2407
741 1227
742 743
743 1222
744 1817
745 2407
746 2833
746 2832
747 748
747 3059
747 2430
748 2330
748 3059
748 2955
749 2903
749 2330
749 750
749 2666
750 2404
750 2901
751 2845
751 2842
752 2793
752 2844
752 2964
753 758
753 1468
754 2884
754 755
755 756
755 2884
756 2885
756 757
757 758
757 2885
758 1468
759 760
761 910
761 2818
761 1217
762 2821
763 1026
763 769
763 781
764 1026
764 906
764 765
765 766
765 1028
766 2668
766 1286
767 1029
767 907
767 2782
767 994
768 769
768 1412
768 1411
769 777
770 1051
770 777
770 773
771 1218
771 2905
772 787
772 779
772 3103
773 787
773 1052
774 775
774 783
774 784
775 1050
775 2676
776 906
776 781
776 905
777 778
777 781
778 786
779 3102
779 788
780 2905
780 3102
781 966
782 783
782 966
782 784
783 1052
784 965
784 785
785 905
785 1050
786 788
786 787
790 986
790 1464
790 925
791 949
791 1214
791 951
791 986
792 1213
792 1212
792 794
793 1215
793 988
793 1212
794 795
794 1214
795 1214
795 1216
796 1216
796 971
796 1215
797 2571
797 2298
797 2573
798 2570
799 1836
799 2856
799 2314
800 1864
800 2854
801 802
801 1857
801 1859
802 803
802 1860
803 1861
804 1889
804 1883
804 1392
805 1886
805 1865
806 807
808 1170
809 810
811 934
811 951
811 950
812 2321
813 881
813 814
813 2321
815 1278
815 1289
815 901
816 1371
816 2535
816 2534
817 1127
818 893
818 819
820 1538
820 821
822 2868
823 825
823 2861
823 824
827 828
827 829
829 830
829 2395
831 832
831 2792
831 2790
832 833
834 1600
834 1602
834 1544
835 2054
835 843
835 1495
836 2045
836 2043
836 2051
837 838
837 2047
837 2041
838 2836
838 3095
839 3095
839 2801
839 2836
840 842
840 2625
841 2628
841 2623
841 2633
842 2626
842 2623
843 1950
844 845
844 1954
845 1960
846 847
847 848
847 1815
848 1790
848 1814
849 1917
849 1813
850 1526
850 1165
851 1165
851 2815
851 2807
852 1679
854 855
854 2822
854 2821
855 856
855 858
856 857
856 1062
857 1063
857 2742
857 2743
859 861
859 860
859 2776
861 956
861 2660
862 1472
863 3063
864 865
866 1179
866 2947
866 3041
867 1179
869 870
871 872
873 2451
873 875
873 2768
874 1539
874 883
874 1540
875 877
875 2719
876 877
876 884
877 878
878 1540
878 2451
879 1061
879 2717
880 1451
880 1426
880 1435
880 2717
881 881
882 884
882 2324
882 885
882 2322
883 884
883 885
884 2322
886 2538
886 2589
886 1455
887 888
887 890
888 889
889 890
892 2729
894 1410
894 895
895 1411
896 2320
897 2712
897 2715
898 2715
898 1436
899 900
899 1046
899 1275
900 901
900 904
901 902
902 999
902 2657
903 1278
903 1271
903 2662
904 2657
904 1048
905 1048
906 1046
907 1027
907 1028
908 909
909 909
910 2675
910 1415
911 1071
911 2675
911 2904
913 941
913 949
913 915
913 946
914 3046
914 939
914 2457
915 937
916 2738
916 920
916 925
917 918
918 920
918 919
920 921
922 923
923 1071
923 2739
925 1213
926 927
927 932
928 932
929 932
930 2456
930 961
931 958
931 959
931 960
933 934
933 933
934 935
935 935
936 937
937 938
939 941
939 940
941 942
942 944
942 948
943 944
944 945
946 984
946 980
947 984
949 950
950 951
952 953
953 954
953 961
954 958
954 959
955 959
956 1063
956 2667
957 958
961 2453
964 3091
964 3081
966 1051
967 2447
967 2672
967 968
968 969
968 1039
970 973
971 972
972 977
972 973
973 974
973 978
974 976
975 976
980 981
980 983
981 3034
981 982
984 985
986 987
989 990
990 1394
990 2778
991 1004
992 1004
992 1008
992 993
993 2452
993 2448
994 1003
995 1484
995 2985
996 1268
996 1273
996 1270
997 998
998 999
998 1559
999 1558
1000 1266
1000 1001
1000 1268
1002 1004
1003 2782
1003 2780
1005 1008
1005 2452
1005 2450
1006 1007
1006 1032
1006 1012
1007 1014
1007 2781
1008 1011
1009 1010
1010 1032
1010 1011
1011 2781
1012 1016
1012 1033
1013 2674
1013 1014
1013 2781
1014 1047
1014 1015
1015 1016
1015 2669
1017 1281
1017 1019
1017 1020
1018 3060
1018 1275
1018 1279
1018 1046
1019 1020
1019 1261
1020 1021
1021 1022
1021 1281
1022 1023
1023 1024
1024 2782
1024 2783
1025 1026
1027 1031
1027 1028
1029 1030
1029 1286
1032 1033
1034 1035
1035 1037
1035 2444
1036 1037
1037 2443
1038 1039
1039 1040
1040 2443
1040 2441
1041 1042
1042 1043
1044 1045
1044 2990
1047 2444
1047 2442
1048 1049
1049 1050
1049 2657
1051 1052
1053 1054
1054 1055
1054 1057
1056 1463
1056 2954
1056 1462
1057 1058
1060 2769
1060 1061
1062 2660
1062 1063
1064 1065
1064 2819
1066 1415
1066 1069
1067 1069
1069 1148
1070 2737
1070 2822
1070 1147
1071 1414
1072 1073
1073 2976
1074 1431
1074 1076
1074 1075
1078 2686
1078 2727
1078 2893
1081 1761
1081 1082
1083 1085
1084 1085
1085 1086
1087 1089
1087 1088
1089 1090
1089 2405
1091 1779
1091 1092
1093 1094
1095 1099
1096 1784
1096 1156
1096 1398
1097 1098
1097 1099
1097 1101
1099 1100
1103 1110
1104 1110
1105 1786
1107 1108
1109 1786
1109 1787
1110 1111
1112 1718
1113 1750
1114 1125
1114 2416
1115 1134
1115 1116
1116 1117
1116 1121
1117 1771
1117 1123
1118 1771
1118 1146
1119 1766
1119 1120
1120 1131
1120 1121
1120 1132
1121 1123
1122 1766
1122 1132
1123 1132
1124 1776
1124 1140
1125 1767
1125 1128
1126 1767
1126 1770
1128 1768
1129 1130
1131 1134
1133 1135
1134 1135
1135 1770
1136 1397
1136 1776
1136 1139
1137 1503
1137 1144
1138 1143
1138 1142
1139 1775
1140 1771
1141 1142
1143 1145
1144 1145
1145 1503
1146 1499
1147 1148
1147 2741
1148 2741
1149 1541
1150 1234
1150 1204
1150 1151
1151 2574
1151 1152
1152 1204
1152 2890
1153 2639
1153 1234
1153 1154
1154 1234
1155 1931
1155 1936
1157 1158
1158 1160
1159 1160
1161 1680
1161 1681
1162 1706
1162 1695
1162 1652
1163 1682
1163 1668
1163 1511
1164 1703
1165 2809
1166 1582
1167 1168
1167 1486
1171 1172
1172 1173
1173 1176
1173 1174
1175 1176
1177 1178
1179 2946
1179 2947
1180 2946
1180 2925
1180 2924
1181 1182
1181 1471
1182 2940
1182 2939
1183 1184
1183 1185
1183 1186
1186 2819
1187 3091
1187 1188
1189 1191
1189 1192
1189 1190
1191 3079
1193 1458
1194 1195
1195 3089
1195 1197
1196 1198
1196 1197
1198 1199
1201 1202
1201 2482
1201 2470
1202 2568
1202 2545
1203 1204
1203 1203
1205 2065
1205 2064
1206 2068
1206 1207
1207 1208
1207 2072
1208 2070
1208 1209
1209 2310
1209 2058
1210 1367
1210 2568
1211 1416
1212 1213
1215 1216
1221 2974
1223 2655
1225 1919
1226 1921
1228 1231
1229 1232
1233 1725
1235 1291
1235 1236
1235 1935
1236 1934
1237 1238
1239 1598
1239 1600
1239 1597
1240 1562
1240 1598
1240 1596
1241 1242
1243 2706
1243 1244
1245 2319
1245 1246
1247 2892
1248 3072
1249 2876
1250 1251
1250 2951
1251 1253
1251 2951
1252 1256
1252 1254
1252 1255
1253 1254
1253 2952
1254 1257
1255 1256
1255 1258
1256 1257
1257 1258
1258 1259
1259 2875
1259 2874
1260 1261
1260 1267
1260 1269
1261 1263
1262 1394
1262 1263
1263 1264
1264 1269
1264 1266
1265 1267
1265 1274
1265 3060
1266 1394
1267 1273
1268 1271
1269 1270
1270 1282
1271 1272
1272 1284
1272 1273
1274 1275
1274 1276
1276 2661
1276 1288
1277 1289
1277 2661
1277 1529
1278 1558
1279 2668
1279 1287
1280 2661
1281 3060
1283 1285
1283 1284
1285 1529
1286 1287
1287 2668
1289 1290
1291 1931
1291 1292
1293 1303
1294 2508
1294 2506
1294 1298
1295 2508
1295 2505
1295 1314
1296 1297
1296 2502
1296 2501
1297 2506
1297 2504
1298 1299
1298 2505
1299 1311
1300 2490
1300 1312
1301 2490
1301 1302
1301 2494
1302 1362
1303 1317
1304 2499
1305 2248
1305 2289
1306 1308
1306 1309
1306 1327
1307 1308
1307 1311
1307 2516
1307 1358
1308 2550
1309 2558
1309 1326
1310 2511
1310 1311
1310 2505
1310 1313
1312 1314
1312 2491
1313 1359
1313 2516
1314 1315
1315 1316
1315 2502
1316 1317
1316 2500
1317 2499
1317 1318
1318 1320
1318 1319
1319 2499
1320 2245
1320 1341
1321 2245
1321 2244
1322 1329
1322 2636
1322 2635
1323 2635
1323 1330
1324 2554
1324 1326
1325 2555
1327 1332
1328 1966
1329 2292
1330 2634
1331 2501
1331 1332
1331 2504
1333 1335
1334 1335
1336 2642
1336 2649
1336 2641
1337 1338
1337 2649
1337 2299
1338 2640
1339 2598
1339 2289
1339 2597
1340 2295
1340 2597
1341 1342
1342 1343
1342 2245
1343 2246
1344 1349
1344 2587
1344 2591
1345 1346
1345 2584
1345 1351
1346 2582
1346 1351
1346 2580
1347 2539
1347 1348
1347 2585
1348 1349
1348 2588
1349 2586
1350 2586
1350 2582
1350 2587
1351 1352
1353 2581
1353 2580
1353 2582
1354 1358
1354 2514
1354 2516
1355 2550
1355 2552
1355 1358
1356 2551
1356 1357
1357 2552
1357 2548
1358 2543
1359 2517
1361 1362
1362 1363
1364 1366
1364 2482
1364 2470
1365 1366
1366 2484
1366 2458
1367 2531
1367 2528
1368 2528
1368 2544
1368 2545
1369 2544
1369 2546
1369 2566
1370 2541
1371 2541
1372 1409
1373 2471
1373 2496
1374 1375
1374 2847
1375 1376
1375 2217
1377 2213
1378 1379
1378 2195
1379 2857
1380 1381
1380 1384
1381 1382
1382 1385
1383 2192
1385 1853
1386 1910
1386 1861
1386 1387
1387 2856
1387 2080
1388 1885
1388 1837
1388 1880
1389 1880
1389 1390
1389 1878
1390 2185
1390 2858
1390 2859
1391 1869
1391 1865
1391 1392
1393 2454
1393 2329
1393 2455
1396 1774
1397 1774
1398 1498
1398 1784
1399 1403
1399 1400
1400 1401
1401 1402
1401 2405
1402 2405
1402 1404
1403 1404
1404 1807
1406 1407
1407 3108
1408 2469
1408 2463
1408 2258
1409 2258
1410 1411
1411 1412
1413 1414
1415 2739
1416 1420
1417 2818
1417 2676
1417 3103
1418 1419
1420 1420
1421 1422
1422 1423
1424 1424
1425 1461
1426 2716
1426 1451
1427 3077
1428 1429
1429 1430
1429 3077
1431 1432
1434 2763
1434 2687
1435 2717
1435 2716
1436 2716
1437 3014
1437 1438
1438 3015
1439 3015
1439 1440
1440 3014
1441 3072
1441 3069
1442 3005
1443 2684
1443 2731
1444 1445
1445 1452
1446 2705
1447 1448
1449 1450
1452 1455
1452 1453
1453 1454
1454 1455
1454 2589
1457 1458
1459 1460
1460 2673
1463 2953
1464 1465
1465 2403
1466 1470
1466 2454
1466 2418
1474 1475
1474 2963
1475 2425
1476 1487
1476 2838
1477 2423
1477 2424
1478 2798
1478 2423
1478 2873
1479 1487
1479 2691
1479 1480
1480 2692
1481 2692
1481 2695
1482 2699
1482 2823
1482 2794
1483 2912
1483 2823
1484 2780
1484 2777
1485 2626
1485 2628
1486 3100
1487 2824
1488 2068
1488 1489
1490 1821
1490 1813
1491 1928
1492 1939
1492 1549
1492 1495
1493 1947
1494 1809
1494 1952
1494 1941
1495 1949
1496 1497
1498 1788
1499 1500
1501 1502
1502 1749
1502 1750
1503 1772
1506 1760
1507 1508
1511 1697
1511 1699
1512 1667
1512 1666
1512 1646
1513 1701
1513 1716
1514 1733
1514 1731
1516 1622
1516 1611
1516 1623
1517 1630
1518 1634
1518 1630
1520 2125
1520 2163
1520 2124
1521 2960
1521 2851
1522 1977
1522 1961
1522 1962
1523 1929
1523 1551
1523 1823
1524 1794
1525 1679
1525 1526
1525 1678
1526 1552
1527 1721
1528 1661
1528 1721
1530 2878
1530 2421
1530 2843
1531 1569
1531 1548
1532 1533
1532 1547
1534 2343
1534 2334
1534 2378
1535 2334
1535 2331
1535 2333
1536 2331
1536 2393
1537 2397
1537 2872
1538 2867
1541 1546
1542 1544
1543 1545
1544 1545
1545 1546
1548 1566
1548 1570
1549 1947
1549 1942
1550 1835
1550 1937
1550 1939
1551 1827
1552 1553
1553 1554
1553 1641
1554 1644
1554 1555
1555 1556
1555 1646
1556 1557
1556 1647
1557 1648
1558 1559
1559 3067
1560 1590
1561 2656
1562 2523
1562 1563
1564 1574
1568 1569
1572 1573
1573 1584
1573 1586
1574 1590
1574 1575
1575 1576
1575 1577
1577 2527
1578 1579
1578 2525
1578 1588
1579 1580
1580 1581
1580 1587
1582 1583
1582 2521
1584 2521
1584 1585
1588 1589
1590 2526
1591 1592
1591 1593
1593 1594
1597 1597
1598 1599
1600 1601
1602 1603
1604 1606
1606 1607
1608 1609
1610 1611
1612 1613
1612 1614
1614 1615
1615 1616
1617 1622
1617 1619
1617 1618
1619 1626
1619 1620
1621 1625
1622 1625
1623 1625
1623 1624
1626 1628
1627 1628
1628 1629
1630 1632
1631 1632
1632 1633
1634 2399
1635 1636
1636 1758
1637 1638
1638 1655
1638 1658
1639 1658
1639 1723
1640 1724
1640 1723
1641 1644
1642 1643
1645 1646
1647 1666
1647 1648
1648 1673
1649 1673
1649 1671
1649 1650
1650 1651
1651 1652
1651 1663
1652 1671
1653 1663
1654 1663
1655 1656
1656 1657
1656 1658
1659 1660
1660 1727
1661 1662
1664 1669
1664 1672
1664 1674
1665 1666
1665 1672
1665 1670
1667 1676
1667 1670
1668 1676
1668 1669
1669 1670
1671 1674
1672 1675
1673 1675
1674 1675
1676 1677
1679 1689
1680 1687
1680 1682
1681 1692
1681 1687
1682 1683
1683 1684
1683 1685
1686 1694
1687 1688
1690 1691
1690 1692
1691 1692
1693 1694
1695 1697
1695 1696
1697 1698
1700 1701
1700 1716
1700 1702
1701 1707
1703 1704
1705 1708
1705 1706
1706 1707
1707 1708
1709 1710
1710 1711
1710 1713
1712 1713
1713 1714
1714 1715
1716 1717
1718 1719
1722 1729
1722 1737
1722 1723
1725 1726
1727 1733
1727 1736
1728 1729
1728 1735
1728 1730
1729 1730
1730 1734
1731 1734
1731 1732
1732 1733
1732 1736
1734 1735
1735 1736
1737 1738
1739 1741
1739 1743
1740 1744
1741 1745
1741 1742
1742 1743
1742 1746
1743 1744
1744 1746
1745 1746
1750 1751
1752 1763
1754 1761
1754 1756
1755 1756
1756 1757
1758 1759
1761 1762
1763 1764
1765 1766
1767 1768
1769 1770
1772 1773
1772 1775
1774 1775
1781 1794
1781 1782
1782 1788
1782 1783
1784 1785
1788 1791
1789 1791
1790 1814
1790 1791
1792 1793
1794 1795
1796 1797
1797 1798
1797 1799
1800 3097
1800 1806
1800 1802
1801 3098
1801 1802
1802 1804
1803 1804
1804 1805
1807 3098
1808 3097
1809 1810
1809 2896
1811 1814
1812 1813
1815 1833
1815 1816
1817 1819
1818 1819
1819 1820
1821 1823
1821 1822
1823 1825
1824 1825
1825 1826
1827 1828
1827 1830
1829 1830
1830 1831
1832 1833
1833 1834
1836 2315
1837 2191
1837 1838
1838 1842
1839 1847
1839 2853
1839 1840
1840 1885
1840 1841
1842 2853
1842 1843
1844 1845
1845 1846
1845 1851
1846 1852
1846 2854
1847 1849
1848 2852
1848 2853
1848 1856
1849 1850
1849 1851
1851 1852
1852 2852
1853 1855
1853 1856
1854 2852
1854 1856
1854 1855
1855 2855
1857 1858
1857 1864
1859 2855
1859 2856
1861 1862
1863 1864
1865 1866
1867 2860
1867 1871
1868 1869
1868 1871
1868 1870
1870 1876
1870 2860
1871 1872
1873 1874
1874 1876
1874 1875
1876 1877
1877 1878
1878 1879
1880 1881
1881 2191
1881 1882
1883 1895
1883 1884
1885 2860
1886 1889
1886 1892
1887 2107
1887 1893
1887 1888
1888 2112
1889 1890
1890 1891
1890 2111
1891 1893
1891 1892
1893 1894
1894 1895
1894 2110
1895 1912
1896 2117
1896 1897
1896 2106
1897 2114
1897 2123
1898 1899
1898 1904
1898 1905
1899 2123
1899 1901
1900 1901
1900 2123
1900 1906
1901 1903
1902 1904
1902 1905
1902 1903
1903 1904
1905 2106
1906 2129
1906 2131
1907 2131
1907 2133
1907 2134
1908 2129
1908 2133
1908 2141
1909 2124
1910 2085
1910 1911
1911 2097
1911 1912
1913 1920
1913 1915
1914 1915
1915 1916
1917 2407
1917 1918
1919 1921
1919 1920
1921 1922
1922 1924
1923 1924
1923 1927
1925 1926
1925 1927
1926 1928
1926 1927
1928 1929
1929 1930
1931 1932
1933 1935
1934 1935
1935 1936
1937 1938
1939 1940
1941 1944
1941 1946
1942 1944
1942 1943
1944 1945
1947 1948
1950 2056
1950 1951
1952 1953
1954 2042
1954 1955
1956 1957
1956 1963
1956 1980
1958 1981
1958 1959
1960 1963
1960 1961
1961 2032
1962 1963
1962 1976
1964 1965
1964 1966
1964 1979
1965 1980
1965 1983
1966 1967
1968 2005
1968 2003
1968 1970
1969 2004
1969 1977
1969 2005
1970 1991
1970 1975
1971 1973
1971 1991
1971 1982
1972 1973
1973 1974
1974 1985
1974 1978
1975 1978
1975 1976
1976 1977
1978 1979
1979 1983
1980 1983
1981 1982
1982 1984
1986 1988
1986 2003
1986 1994
1987 1990
1987 1997
1987 1988
1988 1989
1989 1996
1989 1995
1990 1992
1990 1995
1991 1994
1992 1993
1994 1995
1997 1998
1997 2007
1998 2062
1998 2001
1999 2062
1999 2021
2000 2021
2000 2001
2000 2022
2001 2008
2002 2008
2003 2006
2004 2031
2004 2006
2005 2006
2007 2008
2007 2013
2009 2013
2010 2011
2010 2013
2010 2012
2014 2025
2014 2020
2015 2052
2015 2017
2015 2039
2016 2027
2016 2029
2016 2039
2017 2018
2017 2020
2018 2019
2018 2804
2020 2021
2023 2031
2023 2029
2023 2024
2025 2026
2025 2059
2026 2804
2026 2053
2027 2034
2027 2028
2027 2036
2029 2030
2031 2032
2032 2033
2033 2045
2033 2036
2034 2038
2034 2035
2035 2036
2035 2037
2038 2047
2038 2039
2040 2054
2040 2042
2040 2041
2041 2056
2042 2043
2043 2044
2045 2049
2046 2049
2047 2048
2049 2050
2053 2800
2053 2059
2053 2801
2054 2055
2056 2057
2058 2834
2059 2835
2059 2834
2060 2651
2060 2061
2062 2063
2065 2066
2066 2747
2066 2067
2068 2069
2070 2071
2071 2072
2073 2085
2073 2074
2073 2087
2075 2087
2075 2089
2075 2076
2077 2078
2077 2095
2077 2079
2078 2103
2078 2101
2080 2081
2083 2104
2083 2084
2083 2101
2085 2086
2087 2088
2089 2092
2089 2093
2090 2091
2091 2093
2091 2092
2092 2095
2093 2094
2095 2096
2097 2098
2097 2104
2099 2103
2100 2103
2101 2102
2104 2105
2106 2108
2107 2118
2107 2108
2108 2109
2112 2113
2114 2118
2114 2115
2115 2121
2115 2116
2118 2119
2120 2183
2120 2122
2120 2121
2121 2122
2122 2163
2124 2141
2125 2164
2125 2126
2126 2127
2126 2174
2127 2172
2127 2128
2128 2164
2128 2145
2129 2130
2131 2132
2132 2133
2132 2135
2136 2168
2137 2138
2137 2139
2137 2167
2138 2140
2138 2139
2139 2168
2141 2167
2142 2169
2142 2172
2142 2143
2144 2145
2145 2147
2146 2148
2147 2148
2147 2176
2147 2178
2148 2181
2149 2161
2149 2187
2149 2158
2150 2151
2150 2859
2150 2231
2152 2858
2152 2156
2152 2153
2152 2202
2153 2154
2153 2229
2154 2227
2154 2205
2155 2199
2155 2224
2155 2223
2156 2859
2156 2157
2158 2231
2158 2160
2159 2185
2159 2187
2159 2160
2160 2859
2161 2232
2161 2238
2162 2240
2162 2179
2162 2239
2163 2179
2164 2178
2165 2166
2166 2178
2166 2181
2167 2171
2168 2169
2169 2170
2172 2173
2175 2176
2176 2177
2179 2180
2181 2182
2183 2184
2185 2186
2188 2857
2188 2195
2189 2190
2189 2194
2190 2198
2192 2193
2195 2196
2197 2203
2197 2198
2197 2858
2199 2221
2199 2857
2200 2203
2200 2201
2202 2203
2202 2205
2204 2205
2206 2208
2206 2207
2208 2212
2208 2209
2209 2210
2209 2211
2212 2213
2212 2214
2213 2214
2214 2215
2216 2847
2217 2219
2217 2218
2219 2220
2221 2222
2223 2227
2223 2226
2224 2226
2225 2226
2227 2228
2230 2234
2231 2234
2232 2236
2232 2233
2234 2235
2237 2243
2238 2240
2238 2242
2240 2241
2241 2242
2241 2243
2242 2243
2246 2290
2246 2247
2248 2290
2248 2250
2249 2250
2250 2251
2251 2252
2253 2488
2253 2259
2254 2262
2254 2257
2255 2488
2255 2256
2255 2274
2257 2259
2257 2285
2258 2280
2259 2261
2260 2285
2260 2261
2260 2286
2261 2282
2262 2263
2264 2265
2264 2266
2266 2267
2266 2268
2268 2270
2268 2269
2270 2271
2272 2276
2272 2273
2274 2276
2274 2275
2276 2277
2278 2279
2280 2286
2280 2283
2281 2283
2282 2283
2282 2284
2284 2462
2285 2288
2286 2287
2289 2596
2290 2291
2293 2294
2293 2604
2294 2599
2294 2295
2295 2302
2296 2604
2297 2610
2297 2612
2297 2606
2298 2638
2299 2609
2299 2638
2300 2301
2300 2602
2300 2600
2301 2609
2301 2608
2302 2598
2302 2599
2303 2304
2303 2628
2303 2309
2304 2629
2304 2627
2305 2614
2305 2306
2306 2307
2306 2632
2307 2308
2308 2630
2308 2627
2309 2633
2310 2311
2311 2624
2311 2633
2312 2313
2313 2314
2313 2316
2316 2820
2317 2789
2320 2321
2320 2712
2323 2324
2325 3037
2325 3104
2325 2326
2326 3035
2326 2327
2327 2328
2328 2329
2329 2886
2330 2902
2330 2956
2331 2332
2334 2335
2336 2338
2337 2339
2337 2355
2337 2341
2338 2345
2338 2339
2339 2340
2340 2343
2340 2342
2341 2380
2341 2343
2344 2346
2346 2347
2346 2377
2347 2348
2347 2360
2348 2349
2348 2362
2350 2353
2350 2355
2350 2352
2351 2353
2353 2354
2355 2356
2356 2357
2356 2358
2359 2366
2360 2361
2360 2376
2361 2375
2361 2376
2362 2366
2362 2363
2363 2376
2363 2364
2364 2381
2364 2367
2365 2371
2365 2381
2365 2374
2366 2367
2367 2368
2369 2370
2369 2371
2369 2372
2370 2371
2370 2373
2377 2378
2377 2379
2378 2387
2381 2385
2382 2383
2383 2385
2383 2384
2385 2386
2387 2388
2387 2394
2388 2390
2388 2393
2389 2390
2390 2392
2391 2392
2392 2393
2394 2923
2395 2396
2398 2399
2399 2400
2402 2642
2403 2404
2403 2653
2406 2685
2408 3001
2408 3047
2409 2413
2409 2410
2409 2415
2410 2415
2410 2414
2411 2414
2411 2412
2411 2416
2412 2416
2412 2413
2417 2418
2419 2420
2420 2421
2420 2964
2422 2879
2422 2765
2422 2764
2423 2424
2424 3100
2425 2683
2425 2730
2426 2427
2426 2683
2430 2431
2431 2779
2431 2993
2432 2438
2433 2452
2433 2438
2433 2434
2434 2435
2434 2450
2435 2437
2435 2436
2437 2438
2439 2440
2440 3064
2441 2669
2442 2669
2442 2443
2444 2910
2445 2446
2445 2674
2445 2447
2446 2992
2446 2673
2447 2992
2449 2450
2451 2718
2454 2455
2455 2456
2456 3044
2458 2459
2458 2460
2459 2462
2459 2468
2460 2461
2460 2487
2461 2467
2462 2469
2463 2465
2464 2465
2465 2466
2467 2534
2467 2487
2468 2469
2468 2487
2472 2473
2472 2478
2472 2474
2474 2476
2474 2475
2476 2477
2478 2480
2478 2479
2480 2481
2482 2483
2484 2485
2488 2489
2490 2492
2491 2493
2491 2500
2494 2497
2495 2518
2495 2496
2495 2510
2496 2497
2497 2498
2502 2503
2505 2510
2506 2507
2508 2509
2512 2513
2512 2517
2512 2514
2514 2515
2515 2543
2518 2519
2521 2522
2523 2656
2523 2524
2526 2527
2528 2529
2528 2568
2530 2531
2530 2535
2531 2532
2532 2535
2532 2536
2533 2537
2535 2536
2536 2537
2537 2538
2538 2588
2539 2588
2539 2540
2541 2542
2543 2548
2544 2566
2545 2546
2546 2548
2546 2547
2549 2562
2549 2560
2549 2550
2551 2562
2551 2552
2553 2554
2555 2556
2555 2569
2556 2557
2558 2559
2558 2560
2560 2561
2562 2565
2563 2565
2564 2579
2564 2565
2566 2567
2567 2585
2567 2581
2570 2571
2570 2572
2571 2572
2572 2574
2573 2574
2574 2595
2575 2576
2577 2578
2579 2580
2583 2584
2584 2587
2585 2586
2589 2590
2590 2887
2590 2890
2591 2888
2591 2887
2592 2593
2595 2595
2597 2598
2599 2600
2600 2601
2602 2603
2602 2605
2604 2605
2605 2606
2606 2607
2606 2608
2607 2612
2608 2610
2609 2638
2610 2611
2612 2613
2614 2615
2615 2620
2615 2616
2616 2629
2617 2618
2617 2620
2617 2619
2620 2621
2622 2625
2623 2624
2624 2835
2625 2626
2627 2631
2630 2631
2634 2636
2634 2635
2636 2637
2639 2648
2639 2640
2640 2647
2641 2642
2643 2644
2643 2645
2644 2646
2645 2646
2645 2650
2646 2648
2647 2650
2647 2648
2649 2650
2651 2652
2654 2655
2658 3093
2658 2659
2659 2881
2660 2664
2662 3067
2662 2663
2663 3055
2663 3067
2664 2665
2664 2666
2665 2903
2665 2666
2666 2956
2667 3055
2667 2743
2674 2911
2675 2676
2677 2678
2679 2682
2680 3099
2682 2731
2682 2894
2684 3099
2687 2766
2687 2769
2688 2770
2688 2718
2688 2767
2689 2690
2689 2770
2690 2761
2690 2762
2691 2823
2691 2692
2694 2695
2695 2696
2697 2837
2697 2800
2697 2698
2699 2700
2699 2702
2700 2701
2700 2837
2701 2827
2701 2794
2701 2795
2702 2703
2702 2704
2705 2706
2705 3004
2707 2708
2707 2710
2709 2710
2710 2711
2711 2950
2712 2713
2713 2714
2715 2716
2718 2768
2721 2722
2723 2724
2724 3105
2724 3106
2726 2989
2727 2728
2730 2839
2732 2736
2732 2733
2732 2798
2733 2735
2733 2838
2734 2735
2735 2838
2736 2824
2737 2739
2737 2743
2738 3088
2740 2741
2744 2748
2745 2748
2746 2747
2748 2750
2749 2750
2750 2751
2752 2753
2752 2756
2753 2754
2755 2755
2755 2756
2757 2758
2758 2759
2758 3101
2759 3066
2760 2761
2761 2764
2762 2765
2762 2764
2762 2763
2763 2765
2766 2770
2766 2767
2767 2768
2771 2907
2771 2772
2771 2909
2771 2958
2772 2880
2772 2773
2773 2774
2773 2832
2774 2993
2774 2779
2775 2993
2775 2776
2777 2783
2777 2985
2778 2907
2778 2829
2779 2833
2779 2959
2783 2985
2784 2786
2784 2923
2785 2786
2786 2788
2787 2788
2788 2790
2789 2790
2791 2792
2792 2949
2793 2846
2793 2845
2794 2828
2795 3057
2796 2961
2796 2962
2797 2897
2797 2836
2797 2960
2799 2830
2799 2803
2801 2804
2802 2960
2802 2803
2805 2814
2806 2814
2806 2811
2806 2808
2807 2809
2807 2808
2808 2815
2809 2813
2810 2811
2811 2813
2812 2813
2814 2815
2816 2817
2816 2999
2817 3000
2818 2994
2821 2822
2824 2828
2825 2830
2825 2826
2825 3056
2826 2827
2826 2831
2827 2828
2830 3061
2832 2833
2834 2835
2841 2842
2843 2965
2843 2898
2844 2878
2845 2846
2846 2964
2848 3057
2848 2960
2849 2851
2850 2851
2854 2855
2861 2862
2862 2864
2862 2866
2863 2864
2864 2865
2868 2869
2869 2870
2869 2871
2873 3100
2875 2988
2880 3058
2881 3035
2881 2886
2884 3093
2887 2889
2888 2889
2889 2890
2891 2892
2893 2894
2896 2898
2897 2899
2898 2899
2900 2901
2901 2902
2905 2906
2907 2908
2908 3068
2909 3068
2909 3055
2910 2911
2913 2921
2913 2916
2914 2921
2915 2918
2915 2916
2916 2917
2918 2920
2918 2919
2920 2921
2924 2925
2924 2927
2925 2926
2926 2928
2926 2927
2927 2929
2928 2930
2928 2929
2929 2944
2930 2931
2930 2944
2931 2933
2931 2932
2932 2944
2932 2934
2933 2935
2933 2934
2934 2936
2935 2937
2935 2936
2936 2938
2937 2938
2937 2939
2938 2940
2939 2940
2941 2943
2942 2943
2943 2944
2945 2946
2947 3042
2948 3042
2948 3041
2949 2965
2951 2952
2955 2956
2955 3059
2957 3040
2957 2958
2958 3038
2965 2966
2966 2986
2967 2969
2968 2969
2969 2970
2971 2972
2972 2975
2973 2974
2975 2976
2979 2981
2979 2982
2979 2980
2980 2982
2981 2982
2983 2984
2987 2988
2990 2991
2994 2995
2994 2996
2995 2996
2995 2997
2996 2998
2997 3000
2997 2998
2998 2999
2999 3000
3001 3002
3001 3054
3002 3003
3002 3050
3003 3049
3003 3048
3005 3006
3006 3019
3007 3008
3008 3009
3010 3011
3010 3025
3011 3027
3012 3013
3012 3029
3014 3015
3016 3017
3017 3030
3019 3020
3021 3022
3021 3023
3023 3024
3025 3026
3025 3073
3026 3074
3026 3027
3027 3028
3028 3029
3028 3075
3029 3030
3031 3032
3032 3033
3035 3037
3036 3104
3038 3039
3038 3040
3041 3042
3043 3045
3044 3046
3044 3045
3045 3046
3052 3053
3062 3063
3065 3066
3069 3070
3070 3072
3070 3071
3073 3074
3075 3076
3077 3078
3081 3083
3081 3089
3082 3083
3082 3089
3082 3085
3083 3084
3083 3090
3084 3086
3084 3085
3085 3087
3086 3087
3086 3088
3087 3088
3090 3090
3092 3093
3094 3095
3096 3097
3102 3103
3105 3106
3107 3108
