0 608
0 4019
0 2644
1 851
1 640
1 2644
2 1025
2 661
2 754
3 3685
3 661
3 1025
3 2002
4 3685
4 1186
4 339
4 3180
4 340
5 755
5 745
5 1672
6 16
6 45
7 8
7 45
7 936
8 843
8 20
9 1137
9 549
9 133
10 1311
10 937
10 1173
11 3428
11 19
11 1311
12 992
12 623
12 2476
13 619
13 623
13 621
14 600
14 621
14 928
15 4181
15 3528
16 18
16 1120
17 76
17 18
17 23
18 368
19 20
19 77
20 818
21 818
21 2592
21 819
22 23
22 937
22 549
23 1181
24 1179
24 1181
24 2591
25 1171
25 4439
25 1893
26 2797
27 116
27 4437
27 1310
28 869
28 4689
28 30
28 2656
29 926
29 2027
29 1993
30 4688
30 1198
30 582
31 789
31 798
31 1171
31 258
32 805
32 3865
32 768
33 2104
33 3870
33 81
34 544
34 81
34 5230
35 36
35 42
35 612
36 625
36 37
37 38
37 624
38 614
38 71
39 616
39 2030
39 71
40 617
40 610
40 2030
41 42
41 443
41 610
42 613
43 603
43 604
43 3457
43 2697
44 3860
44 3862
44 4093
44 2851
45 935
46 47
46 49
46 4251
47 2892
47 2628
48 67
48 202
48 60
49 2902
49 2904
50 51
50 4037
50 4038
51 4042
51 4036
51 4035
52 53
52 4034
52 54
53 2005
54 4041
54 4035
55 4057
55 3788
56 5262
56 57
56 4117
57 603
57 5263
58 342
58 239
58 1991
58 3461
58 1195
59 356
59 384
59 448
59 262
60 2007
60 2700
60 2006
61 62
61 2006
61 2625
62 5263
62 2700
62 2625
63 4116
63 65
63 604
64 2697
64 2698
64 4115
64 4116
65 4115
65 199
66 2860
66 3516
66 199
67 2861
67 2860
68 1663
68 3466
68 614
69 2432
69 1328
69 72
70 4130
70 76
70 955
70 1328
71 615
72 3464
72 1663
73 615
73 2600
73 848
73 1438
74 1230
74 4081
74 4091
75 3455
75 2584
75 3486
77 2583
78 664
78 1884
78 1878
79 2863
80 806
80 1375
80 83
80 740
81 806
82 740
82 738
82 1049
83 1060
83 807
84 92
84 854
84 89
85 3435
86 3435
86 387
86 1375
87 1036
87 404
87 88
87 89
88 349
88 2458
88 2000
89 741
90 547
90 602
90 2026
91 1988
91 2618
91 1985
92 1319
92 4678
92 802
92 4679
93 577
93 1003
93 1027
93 3697
94 5228
94 1987
94 1986
95 415
95 996
95 416
95 556
96 421
96 417
96 415
97 909
97 1649
97 1650
98 1971
98 4192
98 3754
99 4843
99 4192
99 1967
100 101
100 390
100 1030
101 1843
101 804
102 1030
103 104
103 602
103 547
103 389
104 1843
104 390
104 805
104 1060
105 1383
105 588
105 591
106 1523
106 1524
106 1205
106 2498
107 1007
107 1518
107 112
108 1523
108 747
108 111
108 3818
109 2513
109 110
109 1286
110 4284
110 2729
112 1510
112 1005
112 1009
113 1051
113 1510
113 947
114 124
114 382
114 652
114 1009
115 1294
115 1008
115 2004
116 4479
116 1894
116 3525
116 4438
117 581
117 118
117 750
118 1299
118 2004
118 1284
119 2725
119 120
119 652
120 751
120 121
121 660
121 1096
121 122
122 380
122 581
123 754
123 761
123 659
123 749
124 2731
124 746
125 1051
125 1378
125 4265
126 587
126 129
126 127
127 456
127 455
128 1388
128 592
129 590
130 2043
130 452
130 594
131 2634
131 2216
131 2856
131 3474
132 2452
132 2319
132 2690
133 134
134 4156
134 494
134 4152
135 136
135 4156
135 4844
136 870
137 837
138 369
138 2797
138 3172
139 238
139 1392
139 1461
139 140
140 253
140 2032
141 2254
141 252
141 2124
141 1138
142 2032
142 668
142 252
143 144
143 245
143 251
144 239
144 1195
145 254
145 2424
145 1992
145 344
146 147
146 403
146 1653
147 153
147 289
148 289
148 2742
148 3257
149 150
149 154
149 151
150 596
150 334
151 315
151 373
152 845
152 153
152 372
153 2152
154 980
154 489
155 167
155 166
155 984
156 2743
156 1563
156 1568
157 158
157 420
157 159
158 1966
158 735
159 163
159 4161
160 2561
160 4161
160 161
161 2108
161 1028
161 863
161 1208
162 4161
162 2561
162 2563
163 1029
163 918
164 2558
164 1208
164 1024
164 863
164 1029
165 918
165 2469
165 2470
166 1255
166 1964
167 2109
167 1969
168 778
168 169
168 211
169 206
169 1223
170 3947
170 1336
170 3950
171 2572
171 3320
171 1413
171 3823
171 4208
172 203
172 2596
172 2514
172 3852
173 3969
173 3945
173 1344
173 4651
174 222
174 219
174 221
174 3337
175 704
175 2789
175 4745
176 704
176 4996
176 4994
177 2809
178 601
179 3867
179 1829
179 1077
179 646
180 888
180 1062
180 182
181 3703
181 765
181 888
182 1844
182 765
183 767
183 766
183 770
183 3321
184 3649
184 1798
184 2533
184 3340
185 511
185 4931
185 2539
185 4963
186 1264
186 2809
186 893
187 1264
188 3156
188 2597
188 1014
189 2031
189 346
189 1974
190 573
190 529
190 1479
191 1968
191 998
191 1000
191 1969
192 5194
192 5192
192 2196
193 2955
193 530
193 2952
194 1447
194 1973
194 1975
195 576
195 3033
195 1723
196 5089
196 5085
196 1715
197 4395
197 4089
197 1371
198 2968
198 1374
198 4671
199 3515
200 2472
200 632
200 2483
201 612
201 603
201 2472
202 2694
202 2007
203 3140
203 2016
203 2531
204 1950
204 1261
204 3945
205 237
206 1222
206 210
206 237
207 2560
207 2563
207 1278
208 862
208 1029
208 2555
208 209
209 2555
209 210
210 211
211 1255
212 2450
212 1956
212 1442
213 2919
213 572
213 1215
214 3409
214 1955
214 3399
215 1221
215 3962
215 216
215 1951
216 574
216 1258
216 517
217 3403
217 517
217 1947
217 1946
218 219
218 1095
218 1819
219 1346
219 221
220 4652
220 221
220 222
222 717
223 3869
223 3286
223 1671
224 1417
224 809
224 1418
224 1331
225 810
225 229
225 1695
226 914
226 2086
226 2089
226 235
227 230
227 2088
227 2085
227 2438
228 2090
228 235
228 4249
229 2092
229 2090
229 2089
230 4229
230 3140
231 2084
231 917
231 811
231 722
232 2084
232 3156
232 233
233 3156
233 1037
233 720
234 1052
234 3146
235 2022
236 1261
236 1209
236 4641
237 2632
238 245
238 3765
239 1992
239 344
240 377
240 241
240 364
241 244
241 242
242 249
242 243
243 364
243 245
244 246
244 790
246 3209
246 247
246 791
247 789
247 248
248 250
248 3209
249 3209
249 294
251 335
251 364
252 2032
253 2638
253 254
254 403
255 336
255 353
255 1459
255 4709
256 1504
256 1894
256 259
257 259
257 356
257 450
258 797
258 2497
259 800
260 800
260 261
260 2497
261 791
261 799
261 586
262 1463
262 447
262 1296
263 2755
263 2064
263 3300
264 273
264 271
264 873
265 3503
265 266
265 2834
266 3492
266 278
267 3493
267 269
267 268
268 881
268 2521
269 270
269 2521
270 872
270 873
270 272
271 272
271 3494
272 871
273 2835
273 3495
274 2837
275 3506
275 3491
275 3513
275 3512
276 2067
277 2443
277 2065
277 2528
278 3491
278 2840
279 2014
279 2760
279 2012
280 2760
280 4216
280 2817
281 4218
282 1185
282 352
282 350
282 642
283 287
283 284
284 952
284 285
285 3415
285 286
286 1861
286 1642
287 1642
288 2598
288 4148
288 783
289 333
290 2119
290 2123
290 828
290 1140
291 292
291 1140
291 293
292 293
292 1139
293 2142
294 295
294 3559
295 1404
295 1402
295 1159
296 1234
296 396
296 2423
297 1247
297 1234
297 5097
298 2420
299 859
299 2421
299 3431
300 555
300 575
300 597
300 2951
301 597
301 974
301 1447
302 2499
302 1240
302 3827
303 2509
303 2689
303 2690
303 1235
304 894
304 2505
304 2503
305 860
305 861
305 3122
306 2358
306 307
306 313
307 316
307 2356
307 313
308 346
308 347
308 1973
309 310
309 573
309 1241
310 519
310 311
311 527
311 815
312 2151
312 2994
312 370
312 373
313 1149
313 2982
314 332
314 2341
314 4184
315 2152
315 375
315 2150
316 1149
316 1229
317 1977
317 2746
317 318
318 2031
318 3238
319 4877
319 982
319 5279
320 3817
320 983
320 4423
320 4425
321 786
321 3817
321 4424
322 1668
322 2261
322 2464
322 5213
323 1592
324 2689
324 4095
324 325
325 3862
325 4094
325 1235
326 490
326 4122
326 4124
326 460
327 330
327 329
327 1238
328 329
328 4183
328 785
329 331
329 4120
330 331
330 1251
331 1677
331 2511
332 1242
332 1673
333 596
333 637
334 480
334 596
335 1195
335 336
336 377
336 343
337 3444
337 764
337 606
338 385
338 1672
338 339
339 1197
340 1206
341 2461
341 384
341 3784
341 2112
341 579
342 3461
342 522
342 1990
343 353
343 2118
344 637
345 1971
345 2100
345 1768
346 1972
347 2746
347 3237
348 1196
348 2657
348 354
348 1996
349 363
349 2112
350 793
350 351
350 1198
351 2656
351 352
351 2657
352 2655
352 1188
353 1459
353 642
354 1189
354 404
354 2655
355 1245
355 969
355 1240
356 1296
357 360
357 362
357 358
358 784
358 359
359 1693
359 1692
359 1681
359 360
360 361
361 810
361 3462
362 2581
362 918
363 1192
363 1996
365 3238
365 3255
365 4885
366 597
366 856
366 1447
367 4182
367 599
367 4119
368 1004
368 503
369 4198
369 2615
370 372
370 371
370 2154
371 2148
371 374
372 2148
373 1137
374 2154
374 2136
375 2150
375 400
376 2626
376 1138
376 609
376 1141
377 3244
378 578
378 649
378 542
379 651
380 447
380 381
380 4263
382 383
382 495
383 495
383 751
384 4263
384 1096
385 757
386 387
386 737
386 4717
386 388
387 2641
388 2641
388 756
389 390
389 602
391 804
391 771
391 3869
392 964
392 5128
392 1977
393 555
393 5108
393 2230
394 4261
394 395
394 1109
395 2121
395 831
396 2423
396 397
397 399
397 859
398 532
398 1229
398 399
399 478
400 401
400 1149
401 2887
401 1630
402 524
402 2424
402 788
403 1654
404 1995
404 1189
405 2948
405 2747
405 573
406 1501
406 407
406 981
406 1226
407 1001
407 890
408 414
408 1224
408 2950
409 410
409 1970
409 1220
410 815
410 4637
410 570
411 3389
411 1215
411 412
412 572
412 1958
413 4107
413 528
413 414
414 1482
415 422
415 4843
415 416
416 732
416 4843
417 418
417 1643
418 419
418 421
419 420
419 421
420 2742
421 422
422 996
422 1969
423 424
423 575
423 555
424 5187
424 2164
425 5147
425 5148
425 4291
426 4340
426 2208
426 429
427 4344
427 4342
427 2416
428 4350
428 4348
428 3406
429 2204
429 2197
430 2253
430 431
430 5196
431 2195
431 5210
432 2195
432 2251
432 5220
433 5220
433 2250
433 2192
434 1349
434 5239
434 1345
435 5202
435 5233
435 1345
436 2197
436 2202
436 1339
437 1415
437 1330
437 2580
438 3214
438 2170
438 4084
438 3436
439 2162
439 1246
439 5194
440 5196
440 1359
440 1361
441 1349
441 2256
441 442
442 2252
442 5239
443 4421
443 1347
443 1120
444 600
444 446
444 619
445 599
445 446
445 821
446 821
446 2505
447 1284
448 1999
448 449
449 584
449 1191
450 451
450 799
451 584
451 796
452 593
452 4853
453 593
453 455
453 1515
454 1916
454 538
454 4852
455 590
455 592
456 591
456 1942
456 1943
457 2051
457 2049
457 2050
458 1015
458 459
458 588
459 2640
459 1384
460 461
460 2848
461 5131
461 5133
462 1976
462 1981
462 5133
463 464
463 474
463 4184
463 4185
464 1569
464 4183
465 3086
465 3088
465 2961
465 2963
466 3085
466 4398
466 1369
466 3093
467 1368
467 5087
467 2339
467 1708
468 3050
468 2322
468 3023
468 1719
469 5086
469 3069
469 1715
469 3072
469 3060
470 3014
470 2313
470 3030
471 472
471 2312
471 2315
471 3017
472 5084
472 3020
473 3061
473 3029
473 1720
474 2341
474 3088
474 2421
475 476
475 2961
475 2340
476 3081
476 598
477 1722
477 3473
477 2216
478 1716
478 1569
479 1716
479 4185
479 1569
480 1244
480 2455
481 2456
481 484
481 2455
482 1582
482 5099
482 2034
483 2033
483 5098
483 1582
484 2453
484 2454
485 1238
485 1244
485 2453
486 487
486 2033
487 1583
488 489
488 3779
488 490
488 2806
489 1105
490 1105
491 830
491 654
491 2130
491 5295
492 827
492 834
492 5296
493 2418
493 4196
493 2615
494 1313
494 4044
495 581
496 522
496 1599
496 4422
497 699
497 770
497 774
498 3755
498 1452
498 1451
499 1597
499 2358
499 2344
500 2494
500 4476
500 2614
501 2613
501 4461
501 861
501 4463
502 4014
502 4476
502 4013
503 1441
503 616
504 1437
504 1436
504 1439
505 1431
505 1434
505 1427
505 1437
506 1424
506 507
506 1427
507 1425
507 1667
508 615
508 849
508 2583
509 3422
509 850
509 5210
510 568
510 4966
510 4067
510 3410
511 4964
511 1791
511 3624
512 2556
512 2551
512 1061
512 1957
513 1259
513 1946
513 3403
514 4279
514 4278
514 3402
515 1225
515 3961
515 1221
516 1448
516 5178
516 2208
517 1633
517 518
518 4353
518 2207
518 4354
519 3218
519 570
519 2906
520 1965
520 1963
520 999
520 815
521 1486
521 1487
521 1488
521 1492
521 5284
522 523
523 595
523 857
525 526
525 3218
525 2906
526 4288
526 5318
528 2950
528 891
529 1220
529 999
530 531
531 1527
532 2423
532 1706
533 534
534 4883
534 535
535 3254
535 3252
536 2950
536 3227
536 3832
537 636
537 630
537 4181
538 2842
538 4197
539 1468
539 1851
539 578
540 4686
540 2107
540 1112
540 801
541 645
541 801
541 1184
541 3537
542 1850
542 1848
543 544
543 1985
543 806
544 1986
544 5230
545 803
545 1989
545 2636
546 3537
546 5226
546 803
546 2652
547 1060
548 1137
548 549
548 950
550 2037
550 2036
550 3339
551 986
551 1043
551 4887
552 987
552 1043
552 988
553 1087
553 3867
554 3230
554 2949
554 3246
556 732
556 998
557 1786
557 3630
557 4440
558 4099
558 1301
558 1824
558 1280
559 4099
559 3757
559 560
560 1959
560 3717
561 562
561 1776
561 1775
562 563
562 1063
563 864
563 1063
564 5079
564 4837
564 2942
565 566
565 3418
565 2932
565 3419
566 3420
566 2871
566 3417
567 4067
567 4073
567 1763
568 3411
568 1766
568 4965
569 1810
569 5015
569 1088
569 1808
570 4287
571 2924
571 4400
571 4309
572 1957
574 574
575 3473
576 3040
576 598
577 3872
577 3699
578 3783
579 1096
579 661
580 2648
580 1320
580 3835
582 792
582 1998
583 897
583 3525
583 4479
584 1998
584 796
584 795
585 1310
585 1896
585 1895
585 2616
586 796
586 1998
587 1387
587 591
588 3211
588 1519
589 949
589 1015
589 1518
592 4253
593 2043
594 841
595 858
595 3461
596 2807
598 3059
599 1311
600 821
600 927
601 1098
601 892
604 1117
605 760
605 4673
605 4672
606 2723
606 931
607 638
607 749
607 2720
608 1379
608 4020
608 1205
609 2136
609 2122
609 2129
610 622
611 616
611 620
611 2503
611 2030
611 4182
612 2865
612 613
613 1117
613 847
614 2502
614 615
616 2602
617 618
617 622
617 620
618 619
618 620
620 5259
621 622
622 1347
623 3528
624 2501
624 625
624 994
625 2744
625 2865
626 627
627 628
627 2482
628 3877
628 629
630 3585
630 635
631 3593
631 3583
631 634
632 3599
632 633
633 3600
633 636
634 3592
634 3600
635 3584
635 636
637 2424
637 3684
638 2718
638 640
638 761
639 2722
639 1379
639 640
640 2721
641 754
641 761
641 753
642 1190
642 793
643 5228
643 3871
643 3872
644 1467
644 2027
644 1183
644 1194
645 3536
645 1849
645 1187
646 1262
646 1856
646 1825
647 3869
647 775
647 772
648 650
648 1599
648 1591
649 650
649 1587
650 1585
651 1568
651 1984
651 2743
652 1290
652 751
653 2062
653 2663
653 656
653 2060
653 4196
654 5289
654 828
655 5289
655 5295
655 657
656 5294
656 4823
657 5286
657 5287
657 5294
658 2117
658 4261
658 2671
659 2725
659 660
660 661
662 664
662 1879
662 5199
663 5300
663 945
663 946
664 5216
665 3926
665 2651
665 3927
666 3919
666 1946
666 1633
666 4279
667 668
668 1655
669 2254
669 4015
669 2126
670 671
670 865
670 864
670 1045
671 1739
671 4968
672 1750
672 1751
672 2871
673 1811
673 5016
673 3367
673 4978
674 4912
674 677
674 991
675 2036
675 3340
675 3345
676 1785
676 677
676 3658
677 4913
678 4913
678 4927
678 4200
678 4929
679 684
679 2042
679 2041
680 3683
680 3347
680 2038
681 682
681 693
681 692
681 4256
682 1827
682 1788
683 4256
683 684
683 688
684 5071
685 3650
685 688
685 1788
686 1274
686 687
686 2795
687 985
687 1087
687 990
688 3654
689 4910
689 3363
689 3658
690 695
690 694
690 693
691 692
691 1856
691 693
691 695
692 1829
693 1855
694 698
694 697
695 1826
696 2828
696 4257
696 2830
697 2828
697 4258
698 1826
698 699
699 1825
700 3760
700 4894
700 3753
701 1032
701 702
701 1768
702 703
702 1042
702 1836
703 2098
703 2099
704 707
705 1089
705 4995
705 1046
706 4999
706 3333
706 4998
707 1837
707 3333
708 1270
708 892
708 1090
709 1021
709 1635
709 1804
710 2791
710 1635
710 2780
711 3343
711 3342
711 3344
712 4741
712 1860
712 1698
713 919
713 5059
713 5041
714 919
714 4745
714 2869
715 1092
715 2825
715 1838
716 5033
716 5030
716 5027
717 1022
717 1102
718 4724
718 719
718 915
718 4722
719 1725
719 721
719 916
720 3798
721 3790
721 2095
721 3789
722 913
722 812
722 916
723 5061
723 4756
723 2763
724 2771
724 4756
724 727
725 728
725 2794
725 729
726 729
726 1634
726 2787
727 5062
727 4746
728 2827
728 1021
729 2790
729 2792
729 2787
730 1457
730 3720
730 3719
731 733
731 3717
731 3722
732 1967
732 1966
733 3719
733 3718
734 1453
734 1017
734 1048
735 3755
735 1017
735 1048
736 1259
736 2203
736 2198
738 852
738 1376
739 2646
739 2026
739 1376
740 2646
741 742
741 745
741 744
742 743
742 1033
742 1026
743 744
743 2648
743 1033
744 1320
745 3539
746 1377
746 1051
747 1378
747 1377
748 749
750 1008
750 1005
752 753
752 2002
752 1186
752 1994
753 1025
754 2717
755 1320
755 756
756 757
757 758
758 759
759 931
759 2719
760 2718
760 764
761 762
762 763
762 2717
762 2718
763 764
763 932
765 3870
765 3871
766 769
766 1062
767 768
767 772
767 3866
768 1845
769 770
769 2830
771 772
771 1845
772 774
773 774
774 1074
775 1262
775 776
775 1074
776 1083
776 1077
777 2469
777 4188
777 2016
778 2470
778 2564
779 2527
779 1204
779 1203
780 2531
780 781
780 2597
781 1014
781 2530
782 2529
782 1204
783 2569
783 2566
784 1102
784 1039
785 1242
785 1982
786 4431
786 2743
787 1618
787 1630
787 1620
788 3773
788 1592
788 4818
789 2495
789 1165
790 1998
790 792
790 791
791 2495
792 3693
792 4688
793 2118
793 2653
794 1202
794 1170
794 1893
795 1191
795 869
795 2658
796 799
797 798
797 1321
797 800
798 1321
798 2673
799 800
801 802
801 3323
802 2027
802 4687
803 3323
803 2618
804 3873
804 3868
805 807
805 3873
806 807
807 2104
808 5200
808 1334
808 2201
809 1416
809 1414
809 3314
810 1411
810 1692
811 4229
811 812
812 2088
812 912
813 814
813 1685
813 1697
814 1686
814 2092
815 1960
816 4008
816 1365
816 3449
817 2485
817 819
817 818
817 929
818 2593
819 928
819 927
820 2487
820 2484
821 929
822 1701
822 3447
823 2013
824 3520
824 1869
824 1871
825 2750
825 1867
825 1869
826 1412
826 1875
826 1882
827 5290
827 4823
828 5296
829 5296
830 831
830 2121
830 2890
831 832
832 1892
832 833
833 2127
833 1892
834 836
834 4819
835 836
835 1921
835 846
836 3172
837 2797
837 3172
838 1157
838 2616
838 839
838 2617
839 1157
839 3527
839 2665
840 1928
840 4848
840 2842
841 1928
842 4847
843 870
843 846
844 1139
844 2119
845 846
845 870
847 3875
847 4421
848 2584
848 2602
849 1420
849 1422
849 2600
849 2583
850 2164
850 2633
851 2733
851 2720
852 853
852 1113
852 1084
853 854
853 1112
853 3838
854 1026
855 3235
855 2909
855 1972
856 1527
856 2953
857 3781
857 858
858 4709
859 1236
860 1720
860 3996
860 1163
861 3100
861 2359
862 863
862 1066
864 1853
864 4967
865 3633
865 3638
865 1082
866 5245
866 3630
866 4441
867 2582
867 896
867 2059
868 2574
868 2576
868 2057
869 1998
873 2833
874 874
874 876
875 876
876 878
877 878
878 2521
879 882
880 883
881 883
881 882
882 885
883 884
885 885
886 2101
886 2103
886 1018
887 2103
887 888
887 1054
889 2098
889 2101
889 2102
890 2631
890 1211
891 2631
891 3232
893 2772
893 2770
893 2771
894 4119
894 4095
894 2452
895 944
895 1884
895 2262
895 2753
896 3884
896 2059
897 1897
897 1899
898 899
899 1506
899 1294
900 1506
900 4874
900 4760
901 903
902 904
902 4807
902 4809
903 1010
903 4807
904 4808
904 3211
905 4796
905 4808
905 906
906 4809
906 4799
907 3686
907 1643
907 908
909 1003
909 4090
910 1724
910 3806
910 1725
911 4227
911 4226
911 2440
912 2442
912 914
912 913
913 915
914 1679
915 916
916 917
917 1724
919 4747
919 5049
920 5076
920 5074
920 4754
920 4736
921 2097
921 3793
921 3792
921 3791
922 2096
922 923
922 3329
922 3332
923 924
923 2095
924 4724
924 4736
925 2097
925 3789
925 2096
926 1188
926 1993
926 4687
927 929
928 1362
928 1179
929 2484
930 932
932 3444
932 933
934 4620
934 4062
934 4630
935 1658
935 939
936 938
936 939
937 1158
938 1658
940 4374
941 3016
942 1878
942 1871
942 3912
943 2579
943 1876
943 3145
944 2579
944 3912
945 5199
945 3928
945 2577
946 2576
946 1332
946 1415
947 948
947 949
949 4265
951 2844
951 1133
951 2846
951 2843
952 1322
952 4139
952 4135
953 1324
953 3582
953 2846
953 2568
954 4126
954 4081
954 3455
955 3450
956 4168
956 979
956 972
957 2499
957 1232
958 970
959 973
959 971
959 970
960 976
960 968
960 965
961 965
961 966
961 968
962 967
963 976
963 978
963 967
964 1982
964 5127
965 967
965 966
966 4168
967 4164
968 3767
968 1254
969 971
969 3825
970 977
971 977
972 3767
972 3769
973 3825
973 979
975 4180
976 1254
977 1980
979 3827
980 984
980 981
981 4877
982 4425
982 983
983 984
985 1360
985 990
986 3683
986 988
987 1353
987 988
989 5071
989 2796
989 1269
990 1269
991 4938
991 3664
992 993
992 994
993 995
993 2481
993 2475
994 995
995 2501
995 1661
996 1000
997 2544
998 1964
998 1000
998 3241
999 1968
1001 1979
1001 1978
1002 3168
1002 3166
1002 3170
1003 3168
1004 3460
1004 3455
1004 2431
1005 1009
1006 1010
1006 4807
1006 1007
1007 3211
1008 1010
1011 3796
1011 3155
1011 3153
1011 3794
1012 1031
1012 1100
1012 1071
1013 1084
1014 3137
1014 2597
1015 1023
1016 1034
1016 2773
1016 1277
1017 4162
1018 1100
1018 1068
1019 1265
1019 1086
1019 1276
1020 1033
1021 1802
1022 1857
1022 1858
1023 4268
1023 4266
1024 1029
1024 2557
1024 1095
1026 1076
1027 1050
1027 1554
1028 2541
1028 1066
1032 1101
1032 1080
1034 5062
1034 1634
1035 1635
1035 1041
1035 1803
1036 3539
1036 1057
1037 3812
1037 1059
1037 1305
1038 3607
1038 2532
1038 5004
1039 4650
1039 1860
1040 1741
1040 1742
1040 1743
1041 1277
1041 1270
1042 1080
1042 1834
1042 4895
1043 1272
1044 1074
1045 1101
1045 1063
1045 1769
1046 4992
1046 1055
1047 1091
1047 1729
1047 1727
1048 4161
1049 1985
1049 5103
1050 1847
1052 1059
1052 3809
1053 1742
1053 5078
1053 1824
1054 1056
1054 2100
1055 3649
1055 1840
1056 5142
1056 4160
1058 3603
1058 1085
1058 3601
1058 4972
1059 3810
1061 1958
1061 1067
1061 2559
1062 1068
1064 4026
1064 2019
1064 4028
1065 1735
1065 1079
1065 1737
1066 1227
1066 2555
1067 1958
1067 2559
1068 1071
1069 3149
1069 2413
1069 1308
1070 3601
1070 1079
1070 3604
1071 1100
1072 4649
1072 1700
1072 2093
1072 2094
1073 3413
1073 1099
1073 1757
1073 2928
1074 1262
1075 1802
1075 1842
1075 3342
1077 1262
1077 1081
1078 2827
1078 1842
1078 1840
1079 1734
1080 3753
1081 1670
1081 1083
1082 3614
1082 3632
1083 3286
1084 4717
1085 4971
1085 3615
1085 4970
1086 1800
1086 1276
1087 2795
1088 1745
1088 1820
1089 5004
1089 3608
1089 5003
1091 3616
1091 3615
1092 1754
1092 1753
1093 3796
1093 3810
1093 3815
1094 4891
1094 4890
1094 1835
1095 1351
1097 4268
1098 1350
1098 1273
1099 2930
1099 1762
1099 3412
1101 3753
1102 1857
1103 3344
1103 1800
1103 1801
1104 3257
1104 4424
1104 3258
1105 1240
1106 3261
1106 2807
1106 3778
1107 1109
1108 2659
1109 1399
1110 1113
1110 1112
1110 1111
1111 1113
1111 2107
1114 1122
1114 1124
1114 1119
1115 1200
1115 1120
1115 1201
1116 1127
1116 1126
1116 1122
1117 1128
1118 1129
1118 1124
1118 1128
1121 1126
1122 4421
1123 1125
1124 3875
1125 1126
1125 1200
1128 3874
1129 3875
1130 4204
1130 1326
1130 2844
1131 2845
1131 2570
1131 4202
1132 1133
1132 1325
1132 4204
1133 4202
1133 2571
1134 1156
1135 2666
1136 1136
1136 1141
1138 2127
1139 2146
1140 2119
1141 2152
1142 2605
1142 1145
1142 1144
1143 1144
1143 1146
1143 2592
1144 1365
1145 1147
1145 2604
1146 2591
1146 1147
1147 1364
1148 1173
1148 1148
1148 1158
1150 1166
1150 1152
1150 1182
1151 1167
1151 3571
1151 1168
1151 4189
1152 3563
1152 1155
1152 1174
1153 2422
1153 1373
1153 2405
1154 1162
1154 3210
1154 3576
1155 1160
1155 1172
1156 2426
1156 1168
1156 2427
1157 1170
1157 2670
1157 3210
1158 1173
1159 1169
1160 1174
1160 1164
1161 1169
1161 1164
1161 1172
1162 1170
1163 5297
1163 2406
1164 1172
1164 1165
1165 1171
1165 1202
1166 3566
1166 2425
1167 3572
1167 3570
1167 1202
1168 1405
1170 2616
1172 3563
1174 2425
1175 1176
1176 1362
1176 3907
1177 2610
1177 1180
1177 3443
1178 5293
1178 5290
1178 5291
1179 2589
1180 2607
1180 2609
1181 2589
1181 2594
1183 1187
1183 1193
1184 1187
1184 1193
1185 1993
1185 1188
1185 1190
1186 1197
1186 2003
1188 2654
1189 4718
1189 2654
1190 1194
1190 1459
1191 1196
1192 1999
1192 1997
1192 2001
1193 2027
1194 3710
1194 1993
1196 2658
1196 1997
1197 1994
1198 2653
1198 2656
1199 1200
1203 2530
1203 2596
1203 2514
1204 2526
1205 1381
1205 4032
1206 2461
1207 2553
1207 1227
1207 2541
1207 2556
1208 2561
1208 2560
1209 1212
1209 1223
1209 1214
1210 2630
1211 2629
1211 3232
1213 1226
1213 4107
1214 1223
1214 2632
1214 2553
1215 4408
1216 2629
1217 4881
1218 1219
1218 1224
1219 1228
1220 1228
1221 1225
1222 2632
1222 1223
1224 1970
1225 1951
1227 2541
1227 2554
1228 2437
1229 1239
1229 1580
1230 2687
1230 4086
1230 2688
1230 5195
1231 2687
1231 3860
1231 1315
1231 4092
1232 3769
1233 3773
1233 2879
1233 3771
1234 5097
1235 2852
1236 1245
1236 1249
1237 3222
1237 1250
1237 2235
1238 4121
1238 4120
1239 1578
1239 2975
1239 2356
1241 2907
1241 1248
1242 1981
1242 5131
1243 2852
1243 2510
1243 2853
1244 2806
1245 4125
1246 4086
1246 5195
1246 5194
1247 1588
1247 3771
1248 2908
1248 2747
1250 4158
1250 2233
1251 2511
1251 2853
1252 3229
1253 1254
1254 1979
1256 3941
1256 3971
1256 1949
1257 1954
1257 4199
1257 1952
1258 1952
1258 3971
1259 4654
1259 1946
1260 1261
1260 1950
1260 4642
1260 1954
1263 1275
1264 3792
1265 1273
1265 1275
1266 1350
1266 1272
1266 1273
1267 1270
1268 1277
1268 1268
1269 1274
1271 1275
1272 4887
1274 2796
1276 1803
1278 1759
1278 2929
1279 1759
1279 2942
1279 4076
1280 3751
1280 1302
1280 4099
1281 1285
1282 1289
1282 1292
1282 1295
1283 2729
1283 1290
1283 1298
1284 1289
1285 3818
1285 2513
1286 2731
1286 1291
1287 1300
1287 1297
1287 1292
1288 1293
1288 1299
1289 1293
1290 2726
1292 1300
1294 1504
1296 1297
1297 1300
1299 1465
1301 4839
1301 1302
1302 4842
1303 5146
1303 2945
1303 5187
1303 2226
1304 1305
1305 1306
1305 1307
1306 3149
1306 1308
1308 3147
1308 3137
1309 4044
1310 3524
1312 1640
1312 1641
1313 3834
1313 4852
1313 1900
1314 2286
1314 2290
1314 2633
1315 2745
1315 1316
1316 2745
1316 2857
1317 2465
1317 2745
1317 2858
1318 1319
1319 4718
1322 1865
1322 4136
1322 4138
1323 1324
1323 3582
1323 4023
1324 3307
1324 3824
1325 3820
1325 4205
1325 3821
1326 4208
1326 4205
1326 2572
1327 1328
1327 3453
1327 2432
1328 3452
1329 3451
1329 3452
1329 4129
1330 1332
1330 1333
1331 4432
1331 1416
1331 3951
1332 1333
1332 5300
1333 3927
1333 2651
1334 1335
1335 1337
1336 3949
1336 3916
1336 3918
1337 1338
1338 1341
1338 1340
1339 2445
1339 2447
1340 1342
1342 2158
1343 1345
1343 2158
1343 3439
1344 4433
1344 3965
1344 3964
1346 4979
1346 5020
1347 1362
1348 2156
1348 5232
1348 5205
1349 2255
1351 1352
1351 2557
1352 1450
1352 2558
1353 1357
1353 1354
1355 3355
1355 3354
1355 4201
1355 3356
1356 2040
1356 1358
1356 2039
1356 3355
1357 1360
1357 1358
1358 1360
1359 5207
1359 2179
1361 2162
1361 2180
1362 2589
1363 1365
1363 4008
1363 2593
1364 4052
1364 2594
1364 4446
1365 4447
1366 2334
1366 3057
1366 3054
1367 2608
1367 4010
1367 4447
1368 1369
1368 3080
1369 1370
1370 3089
1370 1372
1370 1460
1371 4398
1371 1372
1372 3087
1373 1374
1373 3089
1374 2385
1375 2026
1376 4716
1377 1378
1379 4021
1379 1381
1380 1521
1380 4022
1380 2063
1381 2498
1381 1382
1382 3163
1382 1521
1383 1384
1383 1386
1384 1386
1385 1386
1386 1387
1387 1389
1389 1390
1391 1393
1392 1393
1392 1394
1393 2124
1395 1397
1395 1398
1395 1396
1396 1397
1396 1400
1397 1409
1398 1399
1398 3828
1399 2659
1400 1402
1400 1401
1402 1403
1405 3576
1405 3575
1406 2669
1406 2662
1406 2670
1407 2668
1407 1408
1407 2669
1408 2429
1408 2670
1410 1411
1410 2681
1410 3308
1411 3314
1412 1881
1412 1876
1412 1873
1413 1414
1413 1415
1414 2580
1414 4277
1416 2580
1417 3315
1417 1418
1418 3952
1419 5272
1419 3212
1419 3216
1419 3884
1420 3451
1420 3886
1421 1422
1421 1421
1422 1667
1423 1424
1424 1429
1425 1430
1425 1666
1426 1428
1427 1428
1428 1431
1428 1430
1430 1432
1431 1432
1431 1433
1432 3485
1432 1433
1433 1434
1434 1440
1435 1436
1436 2601
1437 1440
1438 1441
1438 2601
1439 1440
1439 1441
1442 3975
1442 3974
1442 1636
1443 1444
1444 1445
1444 2920
1444 1956
1445 2919
1445 2450
1446 2856
1446 2848
1446 2850
1448 2266
1448 1449
1449 5188
1449 3954
1449 3392
1450 2872
1450 2922
1451 1452
1451 4077
1452 2436
1453 5077
1453 3751
1453 2436
1454 1457
1454 1455
1454 3735
1455 1458
1455 3712
1456 3712
1456 4191
1456 3738
1457 1458
1458 3724
1459 1474
1461 3561
1461 3763
1462 1463
1463 1464
1466 1467
1466 1851
1466 1471
1467 1472
1467 1849
1468 3242
1468 1469
1469 1473
1469 3242
1470 1474
1470 1475
1470 3242
1471 1472
1471 3829
1472 1477
1473 3829
1473 1475
1474 1476
1475 3830
1475 1476
1476 3831
1477 1478
1477 3710
1477 3829
1478 3830
1478 3831
1478 3710
1479 2437
1479 3833
1479 2110
1480 1484
1480 1481
1481 1483
1482 1483
1482 3833
1483 1485
1484 1489
1484 1485
1485 1486
1486 1487
1487 1490
1488 4108
1488 4106
1489 1498
1489 1490
1490 1491
1492 1495
1492 1493
1493 1494
1493 1498
1494 1499
1494 1496
1495 1497
1495 5284
1495 5285
1496 1500
1496 1497
1497 1502
1498 1499
1499 1500
1500 1502
1501 5281
1501 4112
1502 1503
1504 1505
1506 1507
1508 1933
1509 4764
1509 4762
1509 4788
1510 1513
1511 1513
1512 1940
1513 1518
1514 1519
1515 4772
1515 4859
1516 1940
1516 1517
1516 1944
1517 1520
1517 4759
1519 1520
1520 4759
1521 1522
1523 4032
1523 1524
1524 3162
1524 4269
1525 4306
1525 4322
1525 5111
1525 4305
1526 4299
1526 4333
1526 4304
1527 1528
1529 1530
1529 3265
1529 1535
1530 1531
1530 3762
1531 1532
1531 3268
1532 1533
1532 3267
1533 1534
1533 3266
1534 3264
1534 3262
1535 1536
1535 1539
1536 3271
1536 3269
1537 3278
1537 3158
1537 1542
1538 3277
1538 3267
1538 1544
1539 1549
1539 1558
1540 3269
1540 3159
1540 1541
1541 1547
1541 3271
1542 3159
1542 1560
1543 1550
1543 3276
1543 3277
1544 3278
1544 1548
1545 2111
1546 1552
1547 1549
1547 3161
1548 1551
1548 1561
1549 1553
1550 1551
1550 2111
1551 1561
1552 2111
1552 1554
1552 1557
1552 1555
1553 3161
1553 1558
1554 1555
1555 1848
1556 2111
1558 1559
1559 3161
1559 1560
1560 1561
1561 2841
1562 3826
1563 1565
1563 2742
1564 1567
1565 1568
1565 3708
1565 1567
1566 2342
1566 3090
1566 2343
1567 1568
1570 2407
1570 2967
1570 2972
1571 1574
1571 1572
1571 2968
1572 1573
1572 3095
1573 1581
1573 2364
1574 2364
1574 2974
1575 1579
1576 2972
1576 5090
1576 3090
1577 1589
1578 4186
1578 5090
1578 1580
1579 1587
1579 1984
1580 4187
1581 3096
1581 3097
1582 3772
1583 1584
1583 5097
1584 1588
1584 3772
1585 4430
1585 1587
1586 1597
1586 3097
1586 4017
1588 5097
1589 1591
1589 1599
1590 1593
1591 4427
1592 3777
1593 2877
1593 1594
1594 1595
1595 1596
1596 1600
1596 1601
1597 1598
1598 2359
1598 3103
1600 1602
1600 1603
1602 1604
1602 1605
1604 1606
1604 2887
1607 2986
1607 2344
1607 2360
1608 1610
1609 1613
1610 4818
1610 1613
1611 1618
1612 1614
1613 1614
1614 1618
1615 2360
1615 1616
1615 2990
1616 1621
1616 1617
1617 1622
1617 1619
1619 1623
1619 1624
1620 1620
1621 1622
1621 1625
1622 1623
1623 1624
1624 1626
1625 1626
1625 1627
1626 1628
1627 1628
1627 1631
1628 1632
1629 1630
1631 1632
1631 3000
1632 2635
1633 3965
1633 3939
1634 2779
1636 3399
1636 3974
1637 1638
1638 1639
1639 1640
1641 3889
1641 3891
1643 1644
1644 1648
1644 1646
1645 1646
1646 1648
1647 1649
1647 3686
1647 1648
1649 3708
1650 1652
1650 1651
1653 1654
1653 1655
1654 1655
1656 1657
1657 1658
1659 1662
1659 4029
1659 1660
1660 4030
1660 1661
1661 1665
1661 4030
1662 4030
1662 4029
1663 3465
1664 4029
1664 3465
1664 3466
1666 1667
1666 3876
1668 2196
1668 5191
1669 5191
1669 4082
1669 5193
1670 1671
1670 3286
1672 3180
1673 1677
1673 3081
1674 1675
1674 3040
1674 2323
1674 3048
1675 3049
1675 2334
1676 5196
1677 3081
1678 1696
1678 1694
1678 1684
1679 1689
1679 1686
1680 1691
1680 1690
1682 1688
1682 1689
1682 1686
1682 1697
1682 1690
1683 1700
1683 1697
1683 1693
1684 4643
1684 1687
1684 1699
1685 1693
1685 1695
1687 1690
1687 1696
1688 1696
1688 1694
1689 1690
1691 1699
1692 1695
1694 1700
1698 4732
1698 4643
1699 4722
1699 4725
1699 4733
1701 1704
1701 2435
1702 4443
1702 2603
1702 4011
1703 2611
1703 1704
1705 2387
1705 5092
1705 2365
1706 2366
1706 2975
1707 2391
1707 1711
1707 2392
1708 1721
1708 2339
1709 3052
1710 1720
1710 1714
1710 2390
1711 1718
1711 2391
1712 2399
1712 2400
1712 2395
1713 1719
1713 3047
1713 3046
1714 2395
1714 2399
1715 2337
1716 4187
1717 1718
1717 2390
1717 1720
1718 2391
1719 3043
1721 3070
1721 3066
1722 1723
1722 2849
1723 3021
1724 1725
1726 3616
1727 1730
1727 1728
1728 4969
1728 1729
1729 1739
1730 1852
1730 4064
1731 4073
1731 1767
1731 1733
1732 5078
1732 1761
1732 3379
1733 3379
1733 1743
1735 1736
1735 4976
1736 1748
1736 4989
1737 4973
1737 1738
1737 4976
1738 4975
1738 4977
1739 1740
1741 1824
1741 1823
1741 1853
1742 1743
1744 1747
1744 1746
1744 3369
1745 1749
1745 1748
1746 1750
1746 1747
1747 3384
1748 1820
1749 3416
1749 5006
1750 1751
1751 4983
1751 1815
1752 5016
1752 4980
1752 4982
1753 3337
1753 5023
1754 3416
1754 5023
1754 5014
1755 1757
1755 1756
1755 3387
1756 3386
1756 3385
1757 2923
1758 3380
1758 2923
1758 3385
1759 2936
1760 2934
1760 5079
1760 1761
1760 2936
1761 1762
1762 1764
1763 3376
1763 1765
1764 3378
1764 3375
1765 3378
1765 3374
1765 3375
1766 4986
1766 4988
1767 1822
1767 4072
1768 1772
1769 1770
1769 1783
1770 1783
1770 1780
1771 3713
1771 1774
1771 1777
1772 1782
1772 1784
1772 1783
1773 3718
1773 3721
1773 1774
1774 1778
1775 4192
1775 1777
1775 3754
1776 1959
1776 1778
1777 1778
1779 3754
1779 1781
1779 1784
1780 1782
1780 1781
1781 1782
1784 1971
1785 4962
1785 4911
1785 3656
1786 1827
1786 1787
1787 3637
1787 3661
1788 1790
1789 1790
1790 4098
1791 3619
1791 1793
1792 3623
1792 5068
1792 3635
1793 3620
1793 3626
1794 2537
1794 2536
1794 1796
1795 2533
1795 1796
1795 2534
1796 1797
1796 3605
1798 3341
1798 2538
1799 2035
1799 3343
1799 4959
1800 4959
1801 1804
1801 1803
1802 1804
1805 2793
1805 2789
1805 1806
1805 2788
1807 1808
1807 1810
1807 4102
1808 1814
1809 3373
1810 4986
1811 1812
1811 5021
1812 3367
1812 3371
1813 5021
1813 1814
1813 5015
1814 3371
1816 4983
1816 1817
1816 4980
1817 1819
1817 4981
1818 3366
1818 3338
1818 4979
1819 4979
1820 4987
1821 1853
1822 4967
1822 1853
1825 1830
1826 1830
1827 1855
1828 1832
1828 4258
1828 1835
1829 1856
1830 1856
1831 1832
1832 1855
1833 4890
1833 4894
1833 1834
1834 4894
1835 1836
1836 4257
1837 1838
1837 5011
1838 5011
1839 1841
1839 1842
1839 4063
1840 1841
1841 3642
1843 3873
1844 3321
1844 3866
1845 3873
1846 2106
1847 3538
1847 3872
1847 2652
1848 2105
1849 1850
1850 1851
1852 4065
1852 4975
1854 3664
1854 4079
1854 3663
1855 4440
1857 1858
1857 5037
1858 5040
1859 5048
1859 5047
1859 5035
1860 5042
1862 1863
1863 1867
1863 3911
1864 4146
1864 4144
1864 2599
1864 4139
1865 2750
1865 5236
1866 3519
1866 4144
1866 1870
1866 3851
1867 1872
1868 1869
1868 1868
1870 3520
1870 2053
1871 3521
1871 1873
1872 1873
1872 1875
1873 3143
1874 3143
1875 5235
1876 1886
1876 3143
1877 5235
1877 1880
1877 3215
1878 3518
1878 1884
1879 2577
1879 3518
1880 5236
1880 3217
1881 1888
1881 1885
1882 5198
1882 1883
1885 1886
1885 1889
1886 1887
1888 5198
1888 5234
1888 1889
1889 2262
1890 2262
1890 5200
1890 1891
1891 5234
1891 3216
1892 2890
1893 4439
1893 4437
1894 4435
1894 4480
1895 1896
1895 4198
1896 3525
1897 4477
1897 1898
1897 4480
1898 1904
1898 1899
1898 1901
1899 1900
1899 4198
1900 1901
1901 1911
1901 3834
1902 4477
1902 1903
1902 1904
1903 1906
1903 1907
1904 1905
1905 1909
1905 1910
1906 4874
1906 1907
1907 1908
1908 1912
1908 1909
1909 1917
1909 1914
1911 1925
1911 1918
1912 1913
1912 1914
1913 1914
1913 1915
1914 1924
1916 4853
1916 4851
1916 3173
1917 1918
1917 1922
1918 1919
1919 1920
1919 1926
1921 4197
1921 4844
1921 4852
1922 1923
1923 1927
1924 4875
1924 4876
1925 1932
1925 1926
1926 1930
1927 4876
1927 1929
1928 4847
1929 4870
1929 1931
1930 1931
1930 1932
1931 1935
1932 1937
1933 1934
1933 4864
1933 2808
1934 4856
1934 4870
1935 1936
1935 4856
1936 1937
1938 1939
1938 4857
1939 4857
1940 4759
1941 1943
1941 1942
1941 4792
1942 3130
1943 1945
1944 1945
1947 3403
1947 2279
1947 4654
1948 3942
1948 3963
1948 3943
1948 3944
1949 3942
1949 1950
1950 3943
1951 3407
1951 3960
1952 1954
1953 3394
1953 3396
1953 3959
1955 3407
1955 3977
1956 3975
1956 4641
1957 2550
1957 1958
1959 3721
1960 2543
1960 1963
1961 2545
1961 2548
1961 2546
1961 2544
1962 2547
1962 3241
1962 2546
1963 2544
1963 2545
1964 2547
1964 1966
1965 2548
1965 2545
1965 1968
1966 2549
1967 2549
1967 4843
1968 2437
1969 2437
1970 3832
1972 1974
1972 1973
1973 1975
1974 4884
1974 3251
1975 1976
1975 3237
1976 3237
1976 1977
1977 4883
1977 3238
1978 4085
1978 3255
1978 1979
1980 5127
1980 5128
1981 1982
1981 5134
1982 5137
1983 4466
1983 3442
1983 4455
1983 4465
1984 4431
1984 3260
1986 5105
1986 5229
1987 5107
1987 5227
1987 2619
1988 2636
1988 5100
1988 5104
1989 5101
1989 5102
1989 2107
1990 4150
1990 3261
1991 4150
1991 2807
1991 3684
1992 3765
1994 2717
1994 3444
1995 2000
1996 1997
1997 1999
1999 2001
2001 2112
2001 3784
2002 2003
2003 3685
2004 5256
2005 3857
2005 3428
2006 2007
2007 2695
2008 4235
2008 3487
2008 3141
2009 3468
2009 3470
2009 3469
2010 3469
2010 2914
2010 3132
2011 3141
2011 3850
2011 4246
2012 2913
2012 2083
2013 3850
2013 2471
2014 2082
2014 2079
2014 2912
2015 3134
2015 2024
2015 2912
2016 3852
2016 3856
2017 2438
2017 2439
2017 2440
2018 2433
2018 3853
2018 4232
2018 2019
2019 4248
2020 2433
2020 3471
2020 3467
2021 3135
2021 3134
2021 2913
2022 2023
2022 4225
2023 2439
2023 3847
2024 2596
2024 2527
2024 4232
2024 2912
2025 2851
2025 2849
2025 2853
2025 4121
2028 2621
2028 2620
2028 2680
2029 3478
2029 2891
2029 2677
2031 4885
2033 2454
2034 3777
2034 2456
2035 3339
2035 3643
2036 4903
2037 3347
2037 4902
2038 3352
2038 4955
2039 4950
2039 4951
2039 3358
2040 2041
2040 4944
2040 4945
2041 4946
2042 3362
2042 4949
2043 2045
2044 2046
2045 4280
2045 2047
2046 2048
2046 4280
2048 4253
2049 2050
2049 4269
2049 2051
2050 3162
2051 2640
2052 2053
2052 2052
2053 2054
2054 2055
2054 3931
2055 2057
2055 5308
2056 5315
2056 2058
2056 2751
2057 3521
2057 2752
2058 4207
2058 3279
2058 2574
2059 3885
2060 2671
2060 2062
2060 3441
2061 3441
2061 2671
2061 2115
2062 2114
2062 2661
2063 4022
2064 3302
2064 4214
2065 2840
2065 2066
2065 3501
2066 2070
2066 2068
2067 3506
2067 2069
2069 2074
2069 2070
2070 2072
2071 2076
2072 2075
2072 2073
2073 4237
2073 2075
2074 2076
2074 2075
2075 2081
2076 2080
2077 4237
2077 4238
2077 2518
2077 2516
2078 2082
2079 4239
2079 4220
2080 2756
2080 3513
2081 2756
2081 2515
2082 2759
2083 3132
2083 2821
2084 2087
2085 4227
2085 2441
2086 4226
2086 4228
2088 2091
2088 4229
2089 2092
2089 2090
2094 4644
2094 4643
2095 3789
2096 5072
2097 2762
2098 2099
2099 2101
2100 2102
2102 2103
2104 3865
2105 2106
2107 3323
2113 2114
2114 3441
2116 3858
2116 2117
2116 2617
2117 2617
2118 2653
2120 5295
2120 2121
2120 5292
2121 3523
2122 2131
2123 2133
2123 2134
2124 2254
2125 2127
2125 2126
2125 2254
2126 4015
2127 2128
2127 2626
2128 2130
2128 2890
2128 2626
2129 2130
2129 2626
2130 2132
2131 2132
2131 2133
2132 2134
2133 2134
2135 2142
2136 2147
2137 2138
2137 2139
2138 2140
2138 2141
2139 2141
2140 2143
2140 2144
2141 2144
2142 2147
2143 2145
2143 2146
2144 2146
2147 2148
2149 3009
2149 3008
2149 3005
2150 2153
2150 2151
2151 2154
2152 2153
2153 2154
2155 4845
2155 4033
2156 5231
2156 5204
2157 2172
2157 2174
2157 5231
2157 5237
2158 3439
2159 4080
2159 2224
2159 3214
2160 5223
2161 2162
2162 4083
2163 2252
2163 2250
2164 2215
2164 5212
2165 5237
2165 2171
2165 2217
2166 5202
2166 2167
2166 2218
2167 5203
2167 5204
2168 2178
2168 5206
2168 2174
2169 2295
2169 2308
2169 5212
2170 2171
2170 2311
2171 2218
2172 2175
2172 5232
2173 2174
2173 2176
2173 2219
2174 2175
2175 5206
2176 2177
2176 5238
2177 2178
2177 5209
2178 2179
2178 5207
2179 5206
2180 5207
2180 5208
2181 2182
2182 2187
2182 2183
2183 2186
2183 2184
2184 2188
2184 2185
2185 2190
2185 2260
2186 2188
2186 2187
2187 2191
2188 5268
2188 2189
2189 2190
2189 5269
2190 5267
2190 2260
2191 5197
2191 5264
2192 2193
2192 5219
2194 5219
2194 2195
2194 5221
2196 5223
2197 2206
2198 2206
2198 2203
2199 2272
2199 5177
2199 5175
2200 2201
2200 4434
2200 2448
2201 3923
2202 2206
2202 2447
2203 2207
2204 2207
2204 2206
2205 4350
2205 4349
2205 4352
2208 2266
2209 2210
2209 2222
2209 5176
2210 2211
2210 4310
2211 2225
2211 4311
2211 2212
2212 5184
2212 2213
2213 2214
2213 2284
2214 5185
2214 5184
2215 3473
2215 2216
2217 5242
2218 5242
2219 5237
2219 2220
2220 2221
2220 2224
2222 2275
2222 2223
2223 3973
2223 4308
2224 5209
2225 5184
2225 5175
2226 2246
2226 2247
2226 2245
2227 2233
2228 2234
2228 2242
2228 2241
2229 2233
2231 2247
2232 2242
2235 2238
2235 3224
2235 4158
2236 2249
2236 2243
2237 2237
2237 5187
2238 3222
2238 5149
2238 2248
2239 2244
2239 5144
2239 5145
2240 2241
2240 2248
2240 2249
2241 3222
2242 2249
2243 2248
2247 5145
2250 2258
2252 5241
2253 2256
2253 2259
2256 2257
2260 2261
2261 5225
2262 5234
2263 2264
2263 2494
2265 2266
2265 5183
2265 4341
2267 5183
2267 2272
2267 5188
2268 2269
2269 2270
2269 5179
2270 2271
2271 2274
2272 2273
2273 5181
2273 5177
2274 3973
2274 5174
2275 5174
2275 5176
2276 4297
2276 4317
2276 2284
2276 5186
2277 5186
2277 5170
2277 5185
2278 2280
2279 2281
2279 2280
2280 2281
2281 4670
2282 2283
2283 2941
2283 2284
2285 5213
2285 5211
2285 2286
2286 2287
2287 2288
2287 5211
2288 2291
2288 2290
2288 2289
2289 5211
2289 2293
2290 2292
2290 2291
2291 2293
2291 2294
2292 2296
2292 2294
2293 2297
2294 2297
2294 2298
2295 2633
2295 2296
2296 2298
2296 2300
2297 2299
2298 2299
2298 2801
2299 2301
2300 2801
2300 2302
2301 2801
2301 2303
2302 2802
2302 2304
2303 2802
2303 2305
2304 2803
2304 2306
2305 2803
2305 2307
2306 2804
2306 2308
2307 2804
2307 2805
2308 2805
2309 2805
2309 2634
2309 2855
2310 5303
2310 5300
2310 4434
2311 4084
2311 5233
2312 3012
2312 3014
2313 3015
2313 3018
2314 3017
2314 3517
2315 2509
2315 3033
2316 3018
2316 2318
2316 2321
2317 2317
2317 3030
2318 3019
2318 3023
2319 2691
2319 3031
2320 3024
2321 3026
2321 3034
2322 3027
2322 3032
2323 2325
2323 3039
2323 2324
2324 2326
2324 3036
2324 3042
2325 5083
2325 2327
2325 2326
2326 2329
2326 3044
2328 3042
2328 2333
2328 3044
2329 2330
2329 2332
2331 2333
2332 2334
2332 2335
2332 3054
2333 3053
2335 5088
2335 3053
2336 3063
2337 2338
2337 3072
2338 3073
2338 3076
2339 3068
2340 2961
2340 2341
2342 2343
2342 3429
2343 3429
2344 2985
2345 2348
2345 2347
2345 2992
2345 2349
2346 2347
2346 2991
2346 2350
2346 2354
2348 2349
2348 2351
2349 2361
2349 2353
2350 2352
2350 2999
2351 2362
2351 2355
2352 3001
2352 2354
2353 3002
2353 2362
2354 2355
2355 2362
2355 3003
2356 2979
2357 2980
2358 3106
2359 2360
2361 2992
2361 3002
2363 2981
2364 2977
2366 2372
2366 2373
2367 2369
2368 2369
2368 2977
2368 2374
2369 2370
2370 2372
2370 2411
2371 2373
2372 2373
2373 2378
2374 2377
2374 2375
2376 2411
2376 2379
2376 2380
2378 2980
2378 2979
2378 2381
2380 3102
2380 2381
2381 2980
2382 3118
2383 2385
2384 3125
2385 3127
2386 3126
2387 2408
2387 2971
2388 3127
2389 3095
2390 2394
2392 2398
2392 2393
2394 2397
2394 2400
2395 2399
2396 3079
2396 3092
2396 3078
2396 3074
2400 2402
2401 2402
2402 2403
2404 2406
2406 2422
2408 2409
2408 2410
2409 5081
2409 2410
2410 2976
2411 2412
2414 2415
2414 2417
2414 5178
2415 3391
2415 3472
2416 3472
2416 3390
2417 5178
2417 3392
2418 4827
2418 2419
2420 2964
2420 2967
2421 2969
2422 3118
2423 5094
2425 3580
2426 4189
2426 2427
2427 2430
2428 2429
2429 2430
2430 3210
2431 4047
2431 3457
2432 2863
2433 4248
2434 2435
2435 2595
2436 4076
2438 2440
2439 2440
2441 4228
2441 2442
2442 4228
2443 3497
2443 2444
2444 2444
2445 2448
2445 3923
2446 2449
2446 3923
2446 3924
2447 2448
2450 2451
2451 2917
2451 2918
2452 2586
2453 2455
2453 4120
2454 5098
2455 2512
2456 5099
2457 2458
2458 2459
2459 2460
2460 2461
2461 2462
2461 3685
2462 2463
2462 2711
2463 3204
2463 2713
2464 2468
2464 2466
2465 2466
2465 2467
2466 2858
2466 2468
2467 2850
2467 2468
2468 2855
2469 4188
2469 4249
2470 2565
2470 2564
2470 2471
2470 4188
2471 2564
2472 2865
2472 5260
2473 2474
2473 2475
2474 2477
2475 2476
2478 2479
2479 2481
2479 2480
2481 2482
2482 4031
2483 4181
2483 2744
2485 2486
2485 2488
2486 2487
2486 2491
2487 2492
2488 2490
2488 2489
2489 2490
2491 2491
2493 2494
2495 2497
2495 2496
2498 3162
2499 4179
2500 4179
2501 2502
2502 3466
2503 2504
2503 5259
2504 2505
2504 5259
2506 2507
2506 4224
2506 2568
2508 2568
2508 2843
2508 2845
2509 2847
2510 3028
2510 2854
2510 2692
2511 2693
2511 2854
2513 4019
2514 2531
2515 2520
2515 4236
2516 4236
2516 2523
2517 2518
2517 4237
2517 2528
2518 2524
2519 2526
2519 2520
2519 2527
2520 2525
2522 4242
2522 2528
2522 2524
2523 4238
2523 2525
2524 4238
2525 2759
2526 2527
2529 2530
2533 2535
2534 2536
2534 2535
2535 2538
2535 2536
2536 2537
2537 2540
2537 2539
2538 2539
2539 4931
2540 4963
2540 3603
2541 2559
2541 2542
2546 3240
2547 3239
2548 3240
2549 3714
2550 2551
2550 2920
2551 2552
2551 4641
2552 2553
2552 2556
2553 2554
2554 2555
2554 2632
2556 2559
2557 2558
2558 2560
2560 2562
2561 2562
2562 2563
2565 4188
2565 3852
2565 4248
2566 3530
2566 3532
2567 4249
2568 2570
2569 2570
2569 4203
2570 4203
2571 2599
2571 3820
2571 4203
2572 3823
2572 3822
2573 2575
2574 3279
2575 2578
2575 2579
2576 2577
2581 2581
2582 5234
2582 5198
2584 2602
2585 2586
2586 2587
2588 2589
2590 2595
2590 2590
2591 2592
2591 2594
2592 2593
2595 4050
2596 3853
2597 3138
2598 3415
2598 5110
2598 2748
2599 4142
2599 4148
2600 2601
2603 4442
2603 4454
2603 4010
2604 2605
2604 4446
2604 2607
2605 2608
2605 4447
2606 2607
2606 4446
2606 2609
2607 2608
2608 4011
2609 2610
2610 2611
2611 3443
2611 3447
2612 2613
2612 4473
2612 4458
2613 4470
2613 4469
2614 4462
2614 4461
2615 2617
2615 2616
2615 3525
2618 2619
2618 5106
2619 5226
2621 2696
2621 2622
2623 3479
2623 2707
2623 2695
2623 3514
2624 4117
2624 2697
2624 3514
2625 5261
2625 5262
2627 2628
2628 2904
2629 2630
2630 2631
2634 5212
2636 2637
2639 2640
2641 2642
2643 4018
2644 4018
2645 2646
2647 2648
2649 4170
2650 4169
2651 3951
2651 3401
2652 5141
2652 3536
2653 5126
2654 2655
2654 4687
2655 2657
2656 2658
2657 2658
2659 2660
2661 2663
2661 4261
2661 3523
2663 5292
2663 5286
2664 2665
2665 3526
2666 3563
2666 3562
2666 3565
2667 2668
2668 2669
2672 4819
2672 4194
2672 4829
2673 4435
2673 4439
2674 2676
2675 2679
2675 2683
2676 2685
2676 2905
2677 2678
2677 2685
2678 2891
2679 2694
2682 3895
2682 3899
2682 3477
2683 3891
2683 3895
2684 2685
2685 2686
2687 2688
2687 4091
2688 2857
2689 2690
2691 3029
2691 5298
2692 2693
2694 2707
2695 5261
2696 3479
2696 5261
2698 2903
2698 4114
2699 2896
2700 5260
2701 3897
2701 3891
2701 3890
2702 3481
2702 3906
2702 3903
2702 3899
2703 2704
2703 4250
2703 2861
2704 2705
2704 5299
2704 3516
2706 2904
2707 3478
2708 2709
2708 2711
2708 3198
2709 2712
2709 2710
2710 2714
2710 3201
2711 2712
2712 2713
2713 2714
2714 2716
2714 2715
2715 3205
2715 3179
2716 3206
2716 3204
2718 2721
2719 4674
2719 4673
2720 2728
2721 2722
2722 4021
2723 4672
2723 2724
2725 4282
2727 4283
2729 4283
2730 2731
2732 2733
2733 4284
2734 2886
2735 2736
2736 2737
2736 2879
2737 2738
2737 4818
2738 5218
2738 4816
2739 2740
2739 4817
2739 2884
2740 4814
2740 4811
2741 4811
2743 3817
2744 3528
2746 3237
2747 2947
2749 2750
2751 5310
2751 5311
2752 5310
2752 5309
2754 4181
2755 2810
2756 2758
2757 4221
2757 2760
2757 4220
2759 2761
2762 2763
2762 3793
2762 2765
2763 3332
2764 2768
2765 3326
2765 3325
2766 2767
2767 2770
2767 3328
2768 2771
2768 2770
2769 2770
2772 2773
2774 2777
2774 5064
2774 5063
2775 5064
2775 2776
2775 2777
2776 2778
2776 2783
2777 2783
2778 2782
2778 2781
2779 2780
2779 2785
2780 2786
2781 2782
2781 2789
2782 2783
2783 2788
2784 2788
2785 2786
2785 2790
2786 2791
2787 2792
2787 2793
2790 2791
2792 2794
2793 2794
2795 2796
2798 4153
2799 2800
2800 4152
2800 4153
2801 2802
2802 2803
2803 2804
2804 2805
2806 2807
2806 4121
2808 4866
2808 4864
2810 3280
2811 2815
2812 2814
2812 2818
2813 4218
2813 2817
2813 2815
2814 2816
2814 2819
2815 2818
2816 3849
2816 2822
2817 2820
2818 2819
2818 2821
2819 2821
2821 2822
2822 3132
2823 2827
2824 2825
2825 5028
2826 2827
2828 2829
2830 2831
2832 2833
2833 3503
2835 2837
2835 2838
2836 2837
2839 2840
2840 3504
2842 2915
2842 2916
2843 2845
2844 4208
2846 3824
2847 3028
2847 2852
2848 2849
2849 3864
2850 2855
2850 2851
2851 3021
2852 3021
2853 2854
2855 2856
2857 2858
2859 3443
2859 3447
2860 2861
2862 4038
2862 4250
2862 4037
2863 3883
2864 3213
2864 3217
2866 2867
2867 2869
2867 2868
2867 5048
2868 5035
2868 5036
2869 4274
2870 2871
2870 2922
2870 2872
2871 2925
2872 3417
2873 2874
2874 2930
2874 2934
2875 2876
2875 2877
2875 5094
2876 2880
2876 5093
2877 5093
2878 4812
2879 2881
2880 2881
2880 5094
2881 4816
2882 4811
2882 2885
2882 4812
2882 4813
2883 4817
2883 5218
2883 2884
2884 2886
2886 4810
2886 2888
2887 2888
2888 2889
2892 2894
2893 2894
2895 2899
2895 2900
2895 3515
2896 2901
2896 2898
2897 2901
2897 2899
2897 2898
2898 2900
2899 2900
2901 2902
2902 2903
2903 4251
2906 3218
2906 2907
2906 5318
2907 3223
2907 2908
2908 3224
2908 2946
2909 2947
2909 3229
2909 3228
2910 3249
2910 2949
2910 3245
2911 3253
2911 3249
2911 3250
2912 2913
2913 3132
2914 3136
2915 4847
2915 3173
2916 4848
2916 3475
2919 4308
2919 2920
2921 2921
2921 2922
2923 2925
2925 2928
2926 4309
2926 2927
2926 4363
2927 4365
2927 4420
2928 3420
2929 4075
2929 3418
2930 3419
2931 4075
2932 2934
2932 2933
2933 2936
2933 4075
2935 4414
2935 4420
2935 4367
2937 4411
2937 4406
2937 4405
2938 4405
2938 4416
2938 4369
2939 4408
2940 4624
2940 4313
2940 4405
2941 5171
2941 4417
2942 4836
2943 4306
2943 4627
2943 3091
2944 4299
2944 4159
2944 4335
2946 3225
2946 2947
2947 2948
2948 3229
2948 2949
2951 3474
2951 2954
2954 2955
2956 3076
2956 3073
2956 2963
2957 3077
2958 3093
2958 3010
2958 3092
2959 2962
2959 3092
2959 2960
2960 3092
2960 2962
2962 3094
2963 3094
2964 3093
2964 3094
2964 4387
2965 2966
2965 4395
2965 2970
2966 2968
2966 5092
2966 4671
2967 5080
2967 2970
2968 5092
2970 2971
2971 5080
2972 5080
2973 2977
2974 2978
2974 2976
2975 5081
2976 2979
2981 2983
2981 2984
2982 2993
2983 2987
2983 2988
2984 2987
2984 2985
2985 2986
2986 4373
2987 4381
2988 2989
2988 2995
2989 2996
2989 4380
2990 4361
2990 3000
2991 4383
2991 2997
2991 2992
2992 4372
2993 2994
2994 2995
2995 2996
2995 3006
2996 3004
2997 2998
2997 3001
3000 3005
3001 3003
3002 3003
3003 4360
3004 3006
3004 4358
3005 4378
3006 3007
3007 3008
3010 3090
3010 3093
3011 3046
3011 3011
3012 3013
3013 3014
3015 3517
3015 3016
3016 3018
3017 3022
3020 5084
3020 5082
3021 3863
3022 3024
3022 3026
3023 3027
3024 3039
3025 5082
3025 3038
3025 5084
3026 3034
3027 3032
3028 3033
3029 5190
3030 3031
3031 3037
3032 3042
3033 5082
3034 3036
3035 3036
3037 5189
3037 5190
3038 3039
3038 3040
3041 3048
3042 3050
3043 3068
3043 5189
3044 3045
3046 3046
3047 3052
3047 3066
3048 3049
3049 3058
3050 3051
3051 3053
3051 3056
3052 3066
3053 5085
3054 5088
3055 3055
3055 3059
3056 3060
3056 5085
3057 3058
3057 5089
3058 4087
3059 4087
3060 3062
3061 3064
3061 5190
3063 4087
3063 3065
3063 3071
3064 3068
3064 5189
3067 3071
3069 5086
3069 3070
3070 5087
3071 3075
3072 3073
3072 3074
3072 4088
3073 3076
3074 4088
3075 3086
3075 3077
3076 3077
3078 3079
3078 5087
3078 3080
3079 3083
3080 3083
3080 3085
3082 3084
3082 3082
3083 3085
3084 3086
3084 3084
3087 3089
3087 4089
3088 3094
3091 4301
3091 5112
3091 3388
3095 3096
3097 3101
3098 3099
3098 3101
3098 3104
3099 3100
3099 3105
3100 3105
3101 3103
3103 3104
3104 3105
3106 3106
3107 3108
3108 3109
3108 3112
3109 3111
3109 3110
3110 3114
3110 3111
3111 3115
3111 3112
3112 3113
3112 3116
3114 3115
3114 3119
3115 3119
3115 3116
3116 3117
3116 3120
3118 3124
3119 3120
3119 3123
3120 3121
3120 3122
3122 3123
3123 3124
3124 3125
3125 3126
3126 3127
3128 4855
3128 4762
3128 4783
3129 4775
3129 4785
3129 4771
3130 4778
3130 4780
3131 5258
3131 3133
3134 3139
3135 4234
3135 3139
3136 4246
3138 3140
3138 3142
3139 3467
3139 4232
3141 4247
3144 3145
3145 3912
3148 3149
3150 3151
3151 3155
3151 3809
3151 3154
3152 3155
3155 3157
3158 3268
3158 3275
3159 3160
3160 3275
3160 3270
3162 3163
3163 3164
3165 3167
3165 3166
3166 3708
3167 3168
3169 3170
3170 3171
3173 4846
3174 4846
3175 3177
3175 3208
3176 3177
3176 3207
3176 3181
3177 3179
3178 3205
3179 3180
3182 3184
3183 3184
3184 3186
3185 3190
3186 3190
3186 3189
3187 3192
3188 3192
3188 3193
3188 3539
3189 3192
3189 3195
3190 3198
3191 3194
3193 3197
3193 3194
3194 3196
3195 3198
3195 3201
3196 3199
3196 3200
3197 3201
3197 3200
3200 3202
3202 3203
3202 3205
3204 3207
3206 3208
3206 3207
3212 3885
3212 3879
3212 5271
3213 3454
3213 3214
3214 3437
3215 3879
3215 3217
3215 3881
3216 5270
3219 3222
3220 3221
3220 4370
3220 3303
3220 3304
3221 3226
3221 3227
3223 3224
3223 4158
3223 5318
3224 3225
3225 5149
3226 3228
3226 5149
3227 3230
3228 3231
3228 5149
3229 3248
3230 3232
3231 3234
3231 3235
3232 3233
3234 5108
3234 3235
3235 3236
3238 4879
3238 4885
3239 3709
3239 4854
3240 3241
3243 3244
3244 3693
3245 3246
3245 3250
3246 3247
3246 3252
3248 3251
3248 3249
3249 3250
3250 3252
3251 3253
3253 4085
3253 3254
3254 4085
3255 4085
3256 3817
3256 4423
3256 3257
3256 4424
3257 3259
3258 3259
3258 4426
3259 3414
3259 4429
3260 4429
3260 4427
3260 4428
3261 4422
3263 3273
3264 3276
3264 3266
3265 3268
3265 3270
3266 3274
3267 3278
3269 3271
3270 3275
3272 3273
3273 3276
3274 3276
3274 3277
3279 3822
3281 3289
3282 3289
3283 3284
3284 3287
3284 3289
3285 3287
3287 3288
3288 3291
3288 3302
3290 3302
3291 4242
3291 3292
3293 4212
3294 3297
3294 3295
3294 4212
3295 4244
3295 3296
3296 3297
3296 3298
3297 3300
3299 3300
3301 4213
3302 4213
3305 3306
3305 3316
3305 3312
3306 3307
3306 3319
3306 3316
3307 3823
3308 3317
3309 3317
3310 3311
3311 3318
3311 3313
3312 3313
3312 3319
3313 3320
3313 3314
3314 3315
3315 3462
3316 3320
3317 3318
3317 3319
3318 3319
3321 3322
3324 3325
3325 3328
3327 3328
3329 5074
3329 3331
3330 5061
3330 5076
3330 3331
3331 3332
3333 4961
3334 4997
3334 3335
3334 4991
3335 4990
3335 4995
3336 3337
3337 5029
3338 4981
3338 3366
3339 3340
3339 3683
3340 4938
3341 3665
3341 3682
3342 3648
3343 3648
3343 4960
3344 4960
3345 3365
3345 3346
3347 3348
3348 4955
3348 4901
3348 3350
3349 3350
3350 3351
3351 3353
3351 4958
3351 3352
3352 3358
3353 3358
3353 4957
3353 3359
3354 4925
3354 4952
3354 3360
3355 4942
3355 4943
3356 4948
3356 4924
3356 3361
3357 3361
3357 4922
3357 4947
3357 3362
3359 4915
3359 4954
3359 3360
3360 4914
3360 4953
3361 4923
3361 4941
3362 5069
3363 4921
3363 3659
3364 4918
3364 4929
3364 3659
3365 4912
3365 4917
3366 5019
3367 4984
3368 4984
3368 3369
3368 3370
3368 4105
3369 3370
3370 4985
3371 4104
3372 4103
3372 3373
3372 4105
3373 4102
3374 3412
3374 4966
3375 3379
3377 3378
3380 3382
3380 3381
3381 3383
3381 3385
3382 3384
3382 3383
3383 3384
3388 4628
3388 3389
3389 4046
3390 3961
3390 3959
3392 3957
3393 3394
3394 3958
3395 3396
3396 3409
3397 3398
3398 3399
3398 3975
3400 3918
3400 4278
3401 3402
3404 3405
3405 3406
3405 3961
3406 3936
3407 3978
3407 3959
3408 3409
3410 3411
3410 4069
3411 4974
3412 3413
3413 4965
3414 4422
3414 5217
3415 4146
3416 5015
3416 5014
3417 3418
3419 3420
3421 5235
3422 3423
3422 3426
3422 3427
3423 3424
3423 3425
3429 3430
3430 3431
3432 4676
3432 3434
3432 3433
3433 3434
3433 4677
3434 3435
3436 3437
3436 4084
3437 3438
3437 3878
3438 3881
3438 3882
3439 5201
3440 4862
3440 4863
3440 4861
3442 4466
3442 4468
3445 3992
3445 3448
3445 3991
3446 3448
3446 4014
3446 4453
3448 4009
3449 4006
3449 3992
3450 3453
3451 3452
3455 4081
3456 4093
3456 3458
3456 4047
3457 3459
3458 3459
3458 4047
3459 4182
3460 4047
3460 4092
3460 4081
3462 3463
3464 3877
3464 3465
3465 3466
3467 3468
3468 4234
3468 3469
3469 3470
3470 3487
3470 3471
3471 4235
3472 3953
3475 4849
3475 4850
3475 4033
3475 4845
3476 3477
3477 3897
3478 3479
3480 3481
3481 3483
3482 3483
3483 3484
3485 3910
3485 3486
3486 4129
3486 4128
3487 3488
3489 3490
3490 3491
3490 3816
3492 3493
3495 3500
3495 3496
3497 3500
3497 3498
3499 3500
3502 3503
3505 3506
3507 3509
3508 3509
3509 3512
3509 3513
3510 3512
3511 3512
3514 4118
3515 4114
3515 3516
3518 3521
3519 4138
3519 3520
3520 3521
3522 3523
3526 3527
3526 3858
3527 3858
3529 3531
3530 3534
3531 3532
3531 3534
3532 3533
3535 3536
3536 3537
3538 5227
3538 5226
3540 3560
3541 3542
3542 3544
3542 3561
3543 3544
3544 3546
3545 3546
3546 3548
3547 3548
3548 3550
3549 3550
3550 3552
3551 3552
3552 3554
3553 3554
3554 3556
3555 3556
3556 3558
3557 3558
3558 3560
3559 3560
3559 3561
3562 3564
3563 3564
3566 3567
3566 3580
3567 3569
3567 3568
3568 3570
3568 3580
3569 4189
3569 3570
3571 3573
3571 3572
3572 3574
3573 3575
3573 3574
3574 3579
3575 3579
3576 3577
3577 3578
3577 3579
3581 4026
3581 3853
3581 3582
3581 4024
3582 4028
3583 3595
3583 3599
3584 3586
3584 3585
3585 3587
3586 3588
3586 3587
3587 3589
3588 3597
3588 3589
3589 3598
3590 3591
3590 3597
3590 3592
3591 3593
3591 3598
3592 3593
3594 3596
3594 3595
3595 3596
3597 3598
3599 3600
3601 3602
3601 4972
3602 3604
3602 3603
3603 4970
3604 3605
3605 3606
3606 3608
3606 3607
3607 3608
3609 4970
3609 3610
3609 4964
3610 3611
3610 3618
3611 3612
3611 3618
3611 3613
3612 3617
3612 3615
3613 3614
3613 3617
3614 3625
3616 3617
3618 3619
3619 3625
3620 3635
3620 3621
3621 3622
3622 4930
3622 3624
3623 4079
3623 3656
3624 4931
3624 4930
3625 3626
3626 3627
3627 3628
3627 3636
3628 3629
3628 3637
3628 3636
3629 3632
3629 3631
3630 4888
3630 3631
3631 3632
3633 4441
3633 3634
3635 3636
3637 5068
3637 3660
3638 3758
3638 3640
3639 3640
3640 4096
3641 3642
3641 3643
3641 3644
3642 3645
3643 3644
3644 3649
3645 3646
3645 3647
3647 4063
3647 3648
3650 4921
3650 3651
3651 3652
3651 4932
3653 4933
3653 3654
3653 4934
3654 5069
3655 4936
3655 4933
3655 4932
3656 3657
3656 4962
3657 3660
3657 4911
3658 3659
3659 4919
3660 3661
3661 3662
3662 4098
3662 4097
3663 4930
3663 3682
3663 4931
3664 3666
3665 3681
3665 4938
3665 3670
3665 3682
3666 3671
3666 3680
3666 3672
3667 3668
3667 3680
3667 3678
3668 3670
3668 3675
3669 3670
3669 3677
3669 3676
3671 3679
3671 3672
3672 3674
3673 3678
3673 3679
3673 3674
3674 3677
3675 3678
3675 3676
3676 3677
3679 3680
3684 4151
3686 3707
3687 3688
3688 3711
3688 3689
3689 5142
3689 4090
3689 3711
3690 3707
3691 3707
3691 3692
3691 3711
3693 3694
3694 3695
3694 3696
3697 4260
3697 3698
3699 3700
3699 3705
3700 3701
3700 3702
3703 3705
3703 3704
3705 3706
3712 3740
3713 3715
3713 3716
3714 4162
3714 3715
3715 3718
3717 3721
3717 4190
3719 3730
3720 3722
3720 3732
3722 3725
3723 3727
3723 3734
3723 3724
3724 3737
3725 3728
3725 3729
3725 3727
3726 3729
3726 3736
3726 3752
3727 3728
3728 3734
3728 3729
3730 3732
3730 3731
3731 3733
3731 3732
3734 3736
3735 4162
3735 4619
3736 3737
3737 3738
3738 3752
3739 3744
3739 4191
3739 3745
3740 3744
3740 3741
3741 3742
3741 3743
3742 5077
3742 3747
3743 3747
3743 3744
3745 3750
3745 3748
3745 3749
3746 3747
3746 3750
3746 3748
3748 3749
3748 3751
3749 3750
3752 4190
3755 4854
3756 5282
3756 5284
3756 5283
3758 3759
3758 3760
3760 3761
3764 3765
3766 3767
3768 3769
3770 3774
3770 3771
3770 3772
3773 3774
3774 3776
3775 3776
3776 3777
3778 3779
3780 3781
3781 3783
3782 3783
3784 3786
3785 3786
3786 3787
3788 4055
3790 3791
3791 3792
3792 3793
3795 3796
3797 3798
3798 4231
3799 3802
3799 3806
3799 3801
3800 3801
3801 3802
3802 4231
3803 3804
3803 3805
3804 3805
3805 3806
3807 3809
3808 3809
3810 3811
3811 3812
3811 3814
3812 3813
3818 3819
3820 5315
3820 3821
3821 4206
3821 4207
3822 4206
3823 3824
3824 4208
3825 3826
3826 4165
3826 3827
3830 3831
3832 3833
3834 4851
3835 3836
3835 3841
3836 3844
3836 3842
3837 3844
3837 3838
3837 3845
3838 3839
3839 3840
3839 3846
3840 3843
3840 3841
3841 4716
3842 3843
3842 3844
3843 3846
3844 3845
3845 3846
3847 3848
3848 3854
3849 3850
3851 3929
3851 4142
3852 3853
3854 3855
3855 3856
3857 4037
3857 5299
3859 3860
3861 3862
3865 3866
3866 3870
3868 3869
3870 3871
3877 4031
3878 5277
3878 5201
3878 3880
3879 3880
3880 3882
3881 3882
3884 3885
3887 3905
3887 3888
3887 3904
3888 3893
3888 3889
3892 3893
3893 3906
3894 3895
3896 3897
3898 3899
3900 3901
3900 3904
3900 3905
3901 3902
3901 3903
3902 3905
3902 3906
3903 3904
3907 3909
3907 3908
3908 3909
3913 3914
3914 3916
3914 3915
3916 3917
3916 4433
3917 3969
3917 3947
3919 3922
3919 3920
3921 3922
3922 3925
3925 3926
3927 4434
3927 5300
3928 5216
3928 5303
3929 5315
3929 3930
3930 5248
3930 3934
3931 3932
3931 5250
3933 3934
3934 5250
3935 5248
3937 3938
3937 3941
3937 3972
3938 3939
3938 3970
3939 3941
3940 3970
3941 3942
3943 3964
3943 3945
3946 3947
3948 3949
3949 4432
3949 3950
3950 3952
3951 4432
3952 4432
3954 5182
3954 3955
3955 3956
3955 5180
3956 3957
3956 3958
3957 3958
3963 3964
3963 3965
3966 3968
3967 3968
3968 4433
3969 4433
3970 3972
3971 3972
3973 5172
3974 5172
3975 3976
3976 3977
3976 4642
3977 3978
3978 3979
3980 3981
3981 3984
3981 3990
3982 3984
3983 3984
3985 3990
3985 3986
3985 3987
3988 3989
3989 3991
3989 3990
3991 3992
3993 4002
3994 4000
3995 3996
3996 3998
3997 3998
3998 4000
3999 4000
4000 4002
4001 4002
4002 4004
4003 4004
4004 4006
4005 4007
4006 4007
4007 4008
4008 4049
4009 4453
4009 4451
4010 4448
4010 4011
4012 4013
4013 4464
4014 4473
4015 4016
4018 4019
4019 4020
4020 4032
4021 4022
4025 4026
4027 4028
4033 4197
4035 4036
4036 4037
4038 4039
4040 4041
4041 4055
4042 4043
4044 4045
4048 4062
4050 4052
4050 4051
4051 4051
4052 4053
4054 4055
4056 4057
4057 4060
4057 4058
4059 4060
4060 4061
4062 4854
4063 4939
4064 4069
4064 4974
4064 4971
4065 4066
4065 4969
4066 4068
4066 4071
4066 4067
4066 4074
4068 4069
4068 4070
4071 4072
4071 4074
4072 4969
4072 4968
4073 4074
4076 4077
4077 4078
4079 4930
4079 4962
4082 5193
4082 4086
4083 5195
4083 5208
4088 5086
4089 4671
4090 4260
4091 4092
4092 4093
4093 4094
4094 4095
4094 4119
4096 4895
4096 4899
4097 4910
4097 4098
4100 4101
4101 5258
4101 4224
4102 4103
4103 4104
4104 4105
4106 4110
4106 4107
4108 4878
4108 4113
4109 4110
4109 4878
4109 4111
4110 5281
4111 5280
4111 4113
4112 5280
4112 5279
4112 5283
4113 4878
4114 4115
4115 4116
4116 4117
4117 4118
4118 5262
4121 4124
4123 4124
4126 4128
4126 4130
4126 4131
4127 4128
4129 4133
4130 4133
4130 4132
4133 4134
4135 4137
4135 4136
4136 5236
4138 4139
4139 4140
4141 4142
4143 4144
4145 4146
4147 4148
4149 4150
4152 4154
4153 4154
4154 4155
4156 4157
4159 5316
4159 4292
4162 4619
4163 4164
4164 4167
4165 4167
4165 4166
4167 4169
4168 4180
4168 4171
4169 4170
4170 4180
4171 4172
4171 4179
4172 4175
4172 4174
4173 4177
4175 4177
4175 4176
4177 4178
4183 4184
4185 4186
4186 4187
4190 4191
4193 4825
4193 4834
4193 4824
4194 4825
4194 4828
4194 4830
4195 4196
4195 4824
4195 4834
4200 4935
4200 4201
4201 4935
4202 4203
4204 4205
4205 4206
4206 4207
4209 4222
4210 4244
4210 4211
4210 4212
4213 4214
4214 4215
4216 4219
4216 4217
4217 4219
4217 4220
4218 4219
4222 4223
4222 4224
4226 4227
4230 4231
4233 4234
4235 4248
4236 4237
4238 4239
4239 4240
4240 4241
4240 4242
4243 4244
4245 4246
4250 5299
4252 4253
4254 4280
4255 4256
4257 4258
4259 4260
4262 4263
4264 4265
4267 4268
4269 4270
4271 4275
4272 4273
4272 4276
4272 4275
4273 4274
4273 4275
4274 5036
4276 5036
4276 5033
4278 4279
4281 5255
4281 4282
4281 4283
4282 4284
4285 5316
4285 4290
4285 4287
4286 4287
4286 4290
4286 4288
4287 5319
4288 4291
4289 4290
4291 4292
4292 4294
4292 5147
4293 4295
4294 4295
4296 4297
4296 4305
4296 4320
4297 4298
4298 4321
4298 4305
4299 4300
4300 4302
4300 5115
4301 4337
4301 5115
4303 4321
4303 5168
4303 4304
4304 4330
4306 4313
4306 5111
4307 4308
4308 4309
4310 4312
4310 4311
4311 4312
4312 4419
4313 4315
4314 4315
4315 4316
4317 4320
4317 4319
4318 4320
4321 4328
4322 4324
4322 4323
4322 4328
4323 4325
4323 4324
4324 4330
4324 4329
4325 4326
4325 4327
4328 4329
4329 4339
4330 4331
4332 4333
4333 4334
4335 4338
4335 4635
4336 4338
4337 5114
4337 4637
4338 5114
4340 4341
4340 4342
4341 4343
4342 4343
4343 4345
4344 4346
4344 4345
4345 4347
4346 4347
4346 4348
4347 4349
4348 4349
4350 4351
4351 4352
4351 4353
4352 4354
4353 4354
4355 4357
4356 4357
4356 4417
4358 4378
4358 4359
4359 4360
4359 4377
4360 4379
4361 4373
4361 4371
4362 4413
4363 4415
4363 4364
4365 4367
4365 4366
4367 4368
4371 4372
4371 4374
4372 4375
4373 4375
4374 4375
4376 4377
4377 4379
4378 4379
4380 4381
4380 4384
4381 4382
4382 4383
4382 4385
4383 4384
4384 4385
4385 4386
4387 4393
4387 4388
4388 4389
4389 4390
4390 4391
4390 4394
4391 4392
4391 4394
4392 4393
4392 4399
4393 4394
4395 4399
4396 4399
4397 4398
4400 4403
4400 4411
4401 4403
4402 4403
4402 4406
4402 4404
4406 4409
4407 4409
4408 4413
4408 4412
4409 4412
4409 4410
4411 4412
4413 4415
4414 4415
4414 4416
4416 4417
4418 4418
4418 4419
4419 4420
4423 4425
4426 4428
4426 4429
4427 4429
4428 4431
4435 4438
4436 4437
4437 4438
4438 4439
4440 4897
4440 5245
4441 5245
4442 4443
4442 4466
4443 4468
4444 4446
4445 4447
4448 4451
4448 4450
4448 4449
4450 4452
4450 4451
4452 4453
4452 4454
4454 4467
4455 4465
4456 4458
4457 4458
4458 4462
4459 4463
4460 4461
4461 4463
4462 4463
4464 4465
4464 4467
4465 4467
4466 4467
4466 4468
4471 4473
4472 4473
4474 4476
4475 4476
4477 4478
4478 4480
4478 4481
4479 4480
4481 4497
4481 4579
4481 4488
4482 4516
4482 4515
4482 4517
4483 4570
4483 4498
4483 4576
4484 4493
4484 4499
4484 4569
4485 4613
4485 4582
4485 4511
4485 4523
4486 4537
4486 4533
4486 4526
4487 4537
4487 4518
4487 4580
4487 4600
4488 4502
4488 4571
4489 4579
4489 4492
4489 4490
4490 4491
4490 4568
4491 4502
4491 4567
4492 4496
4492 4568
4493 4576
4493 4616
4493 4615
4494 4518
4494 4509
4494 4581
4495 4567
4495 4499
4495 4496
4496 4615
4496 4578
4497 4498
4497 4578
4498 4577
4499 4615
4500 4504
4500 4570
4500 4501
4501 4574
4501 4575
4502 4579
4503 4509
4503 4511
4503 4572
4504 4614
4504 4574
4505 4569
4505 4506
4505 4618
4506 4580
4506 4617
4507 4614
4508 4582
4509 4607
4510 4605
4510 4601
4510 4512
4511 4610
4512 4608
4512 4516
4513 4598
4513 4514
4513 4531
4514 4601
4514 4517
4516 4611
4516 4519
4517 4601
4518 4604
4519 4611
4519 4522
4520 4532
4520 4585
4520 4521
4521 4524
4521 4586
4522 4523
4522 4612
4523 4613
4524 4587
4524 4525
4525 4534
4525 4526
4526 4587
4527 4583
4527 4530
4527 4529
4528 4597
4528 4561
4528 4562
4529 4532
4529 4583
4530 4531
4530 4583
4531 4584
4532 4584
4533 4588
4533 4534
4534 4535
4535 4542
4535 4588
4536 4588
4536 4544
4536 4537
4538 4564
4538 4551
4538 4566
4539 4552
4539 4553
4539 4593
4540 4543
4540 4588
4540 4541
4542 4548
4542 4543
4543 4589
4544 4545
4544 4589
4545 4550
4545 4590
4546 4548
4546 4549
4546 4590
4547 4559
4547 4595
4547 4553
4548 4589
4549 4552
4549 4591
4550 4551
4550 4591
4551 4592
4552 4592
4553 4594
4554 4594
4554 4555
4554 4557
4555 4593
4555 4564
4556 4597
4556 4596
4556 4563
4556 4560
4557 4595
4557 4558
4558 4596
4558 4563
4559 4560
4559 4596
4560 4561
4561 4597
4562 4563
4562 4597
4564 4565
4567 4568
4569 4616
4570 4575
4572 4573
4572 4582
4572 4581
4573 4574
4573 4614
4573 4617
4574 4618
4575 4576
4575 4616
4576 4577
4577 4615
4577 4578
4578 4579
4580 4581
4581 4617
4582 4614
4583 4584
4584 4585
4585 4598
4585 4586
4586 4599
4586 4587
4587 4600
4589 4590
4590 4591
4591 4592
4592 4593
4593 4594
4594 4595
4595 4596
4598 4599
4598 4602
4599 4600
4599 4603
4600 4604
4601 4602
4602 4603
4602 4605
4603 4604
4603 4606
4604 4607
4605 4606
4605 4608
4606 4607
4606 4609
4607 4610
4608 4609
4608 4611
4609 4610
4609 4612
4610 4613
4611 4612
4612 4613
4616 4618
4617 4618
4619 5077
4620 4630
4620 4621
4621 4639
4621 4623
4622 4633
4622 4634
4622 4636
4623 4627
4623 4640
4624 4628
4624 4625
4625 4631
4625 4629
4626 4631
4626 4632
4626 4630
4627 4632
4628 4632
4628 4631
4633 4639
4633 4635
4634 4635
4634 4637
4635 4640
4638 4639
4639 4640
4641 4642
4644 4647
4644 4646
4645 4647
4647 4648
4648 4650
4648 4649
4649 4650
4651 4653
4652 4653
4654 4655
4655 4669
4655 4656
4656 4657
4656 4667
4658 4660
4659 4660
4660 4667
4660 4661
4661 4662
4661 4664
4661 4665
4662 4663
4662 4666
4667 4669
4668 4669
4672 4674
4673 4674
4674 4675
4679 4680
4679 4686
4681 4683
4682 4683
4683 4684
4684 4685
4684 4686
4688 5126
4690 4712
4690 4708
4690 4698
4691 4692
4691 4696
4691 4697
4692 4697
4692 4695
4693 4696
4693 4695
4693 4694
4693 4700
4695 4696
4697 4708
4698 4700
4698 4699
4699 4701
4699 4700
4701 4702
4701 4705
4702 4704
4702 4705
4703 4704
4703 4714
4703 4715
4704 4714
4705 4706
4706 4706
4707 4713
4707 4710
4707 4709
4707 4711
4708 4710
4710 4711
4711 4712
4712 4713
4713 4714
4716 4717
4718 4719
4719 4720
4719 4721
4722 4723
4723 4724
4723 4725
4723 4734
4725 4730
4726 4727
4726 4738
4726 4757
4727 4753
4727 4757
4728 4742
4728 4738
4728 4739
4729 4744
4729 4742
4729 4740
4730 4737
4730 4744
4730 4731
4730 4734
4731 4733
4731 4732
4732 4733
4734 4735
4735 4736
4735 4737
4737 4740
4738 4739
4739 4740
4741 5059
4741 4743
4742 4743
4743 4744
4745 5066
4746 5066
4746 4750
4746 4751
4746 4755
4747 4748
4747 4758
4748 4757
4748 4758
4749 4751
4749 4750
4749 4752
4750 4752
4751 4758
4752 4753
4753 4754
4754 4755
4755 4756
4760 4761
4760 4764
4762 4763
4764 4765
4766 4768
4767 4768
4767 4798
4767 4805
4768 4769
4769 4799
4769 4798
4770 4771
4770 4777
4770 4772
4771 4773
4772 4855
4774 4775
4774 4776
4774 4777
4775 4786
4777 4778
4778 4786
4779 4781
4780 4781
4780 4797
4781 4782
4782 4801
4782 4797
4783 4787
4783 4785
4784 4785
4784 4786
4784 4787
4787 4788
4788 4798
4789 4790
4789 4795
4789 4792
4790 4793
4790 4791
4791 4794
4791 4793
4792 4793
4794 4801
4794 4795
4795 4796
4796 4800
4797 4806
4799 4804
4800 4802
4800 4804
4801 4802
4802 4806
4802 4803
4803 4804
4803 4805
4805 4806
4808 4809
4812 4813
4813 5093
4814 4815
4814 5096
4815 5095
4815 4817
4816 5095
4819 4828
4820 4828
4821 4824
4821 4822
4822 4823
4825 4826
4826 4827
4826 4830
4826 4833
4827 4829
4829 4830
4831 4832
4831 4833
4831 4834
4833 4834
4835 4841
4835 4836
4835 4838
4836 4842
4837 4839
4837 4838
4838 4840
4839 4840
4840 4841
4841 4842
4845 4849
4846 4847
4846 4853
4848 4850
4849 4850
4851 4852
4851 4853
4855 4860
4856 4858
4857 4858
4858 4859
4859 4860
4860 4861
4861 4862
4862 4863
4863 4864
4865 4866
4866 4867
4868 4869
4869 4870
4869 4871
4871 4876
4871 4873
4872 4873
4873 4875
4874 4875
4877 5279
4880 4885
4881 4883
4881 4882
4886 4887
4889 4890
4891 4892
4891 4897
4893 4894
4895 4896
4897 5244
4897 4898
4899 5245
4899 5243
4899 4900
4904 4917
4905 4912
4906 4913
4907 4927
4908 4929
4909 4913
4910 4911
4912 4940
4916 4917
4917 4927
4920 4921
4926 4927
4928 4929
4932 4933
4933 4934
4934 4936
4935 4936
4937 5069
4955 4956
4959 4960
4963 4964
4965 4966
4967 4968
4971 4972
4972 4974
4973 4975
4973 4974
4976 4977
4977 4988
4978 5018
4978 5017
4980 4981
4982 4983
4982 4985
4984 4985
4986 4987
4987 4988
4989 5006
4989 5007
4990 4996
4990 4991
4991 5000
4992 4994
4992 4993
4993 4994
4993 4995
4996 4999
4999 5000
5000 5010
5001 5004
5001 5003
5001 5002
5002 5003
5002 5005
5003 5005
5003 5009
5005 5008
5006 5007
5007 5008
5008 5009
5009 5010
5010 5012
5011 5013
5012 5013
5013 5014
5016 5017
5017 5018
5018 5019
5019 5020
5020 5022
5021 5022
5022 5023
5024 5027
5024 5026
5024 5028
5025 5026
5026 5027
5028 5029
5029 5030
5030 5031
5031 5032
5031 5034
5032 5033
5032 5034
5034 5035
5038 5040
5039 5040
5042 5054
5042 5043
5043 5056
5043 5057
5044 5057
5044 5045
5044 5055
5046 5047
5047 5054
5048 5049
5049 5050
5050 5051
5050 5058
5051 5053
5051 5052
5052 5058
5052 5053
5053 5057
5054 5055
5055 5056
5056 5057
5058 5059
5060 5061
5062 5063
5063 5065
5064 5065
5065 5066
5067 5068
5067 5067
5070 5071
5073 5074
5075 5076
5078 5079
5080 5081
5086 5087
5088 5089
5090 5091
5095 5218
5098 5099
5108 5109
5111 5118
5112 5117
5112 5116
5113 5114
5114 5115
5115 5117
5116 5117
5116 5125
5118 5119
5119 5120
5120 5121
5121 5122
5122 5123
5123 5124
5124 5125
5127 5128
5127 5139
5128 5129
5130 5131
5131 5134
5132 5133
5133 5134
5135 5138
5136 5138
5137 5138
5137 5139
5139 5140
5142 5143
5143 5143
5145 5146
5146 5148
5147 5151
5148 5150
5150 5152
5150 5154
5151 5156
5151 5152
5152 5158
5153 5169
5154 5155
5154 5157
5155 5165
5155 5157
5156 5160
5156 5158
5157 5158
5158 5161
5159 5161
5160 5162
5160 5161
5161 5164
5162 5168
5162 5164
5163 5164
5164 5169
5165 5166
5165 5167
5166 5170
5166 5167
5167 5169
5168 5169
5170 5186
5172 5173
5174 5177
5175 5176
5179 5181
5179 5180
5180 5182
5181 5182
5183 5188
5185 5186
5191 5192
5192 5193
5197 5265
5197 5266
5199 5216
5200 5302
5201 5233
5202 5203
5203 5205
5204 5205
5208 5209
5210 5222
5213 5214
5215 5302
5215 5216
5215 5301
5219 5220
5223 5224
5227 5228
5228 5229
5229 5230
5231 5232
5239 5240
5246 5247
5247 5247
5247 5254
5248 5254
5249 5253
5250 5253
5250 5251
5252 5305
5253 5306
5253 5254
5257 5258
5260 5263
5262 5263
5264 5266
5264 5267
5265 5266
5265 5268
5266 5269
5267 5269
5268 5269
5270 5274
5270 5272
5271 5272
5271 5273
5272 5275
5273 5275
5273 5276
5274 5277
5274 5275
5275 5278
5276 5278
5277 5278
5279 5282
5280 5281
5282 5283
5286 5292
5287 5293
5287 5291
5288 5290
5288 5289
5288 5291
5293 5294
5301 5302
5301 5303
5304 5306
5304 5305
5304 5307
5305 5306
5308 5309
5308 5311
5309 5310
5311 5312
5312 5313
5312 5314
5316 5317
