0 2077
0 1829
0 3511
1 2841
1 2842
1 2215
1 2832
2 1259
2 3912
2 2830
3 1251
3 1585
3 1629
4 3115
4 2197
4 265
5 6
5 1591
5 3665
6 1548
6 7
7 1597
7 3659
8 9
8 1597
8 3668
9 1787
9 1596
10 2035
10 1633
10 3730
11 3297
11 3612
11 2656
12 191
12 3418
12 171
13 458
13 14
13 191
14 3187
14 15
15 225
15 142
15 239
16 1807
16 953
16 2009
17 1815
17 976
17 1125
18 3597
18 3595
18 20
19 1129
19 2503
19 2502
19 3597
20 1126
20 1122
21 22
21 347
21 2689
22 1832
22 2684
22 2689
23 24
23 784
23 25
24 650
24 25
25 1039
26 27
26 3095
27 2620
27 776
27 3756
28 657
28 29
28 3758
29 3753
29 649
30 700
30 3755
30 651
31 3752
31 32
31 655
31 2268
32 3752
32 2268
32 2267
33 2999
33 34
33 3426
34 2266
34 2998
35 669
35 2997
35 3093
36 647
36 3093
36 691
36 133
37 269
37 211
37 267
37 335
38 238
38 236
38 335
39 320
39 3761
39 3759
40 44
40 694
40 3149
41 3098
41 1894
41 2432
42 3100
42 3098
42 688
43 2948
43 3100
43 47
43 485
43 3821
43 3828
44 681
44 563
45 698
45 693
45 691
46 1490
46 2822
46 2824
47 49
47 1868
48 3822
48 3823
48 1896
49 2866
49 3820
50 116
50 1033
50 115
51 2615
51 53
51 84
52 3686
52 2402
52 2614
53 141
53 1467
54 1372
54 1364
54 57
55 341
55 1370
55 1364
56 1346
56 57
56 1370
57 148
58 59
58 1338
58 1391
59 1331
59 1377
60 61
60 395
60 2824
61 1587
61 322
62 1642
62 447
62 292
63 1688
63 1694
63 64
64 119
64 1702
65 3299
65 415
65 3318
66 3922
66 3921
66 1791
67 3281
67 259
67 3282
67 2059
68 237
68 172
68 3244
68 159
69 384
69 220
69 160
69 2539
70 2795
70 211
70 71
70 2791
71 72
71 1339
71 85
72 73
72 199
73 395
73 80
74 464
74 90
74 88
75 2252
75 3924
75 3925
76 3862
76 2664
76 3861
76 3923
77 2629
77 2400
77 1613
77 1614
78 2644
78 117
79 547
79 129
79 550
80 2921
80 390
80 199
81 3859
81 3862
81 82
82 466
82 1552
83 585
83 2660
83 466
84 1843
85 175
85 105
86 198
86 207
86 391
86 2914
87 478
87 91
87 90
88 89
88 91
89 126
89 2914
89 249
90 2261
91 397
92 99
92 2695
92 2606
92 1442
92 2609
93 1374
93 1478
93 370
93 1371
94 3958
94 3278
94 3956
95 3956
95 97
95 98
96 3954
96 98
96 97
97 3953
98 3955
99 3689
99 3690
100 2529
100 1846
100 2532
100 1432
101 1501
101 102
101 3067
102 1505
102 1508
103 1533
103 1528
103 1942
104 1942
104 1946
105 175
105 2798
105 381
106 2257
106 2258
106 381
106 2972
106 107
107 248
107 2253
107 227
107 2251
108 2251
108 245
108 2912
109 457
109 282
109 235
110 2428
110 706
110 699
110 698
111 737
111 2736
111 727
112 1035
112 3423
112 113
112 2736
113 716
113 114
113 731
114 2616
114 115
115 116
117 1652
117 3252
118 1671
118 2141
119 446
119 442
120 416
120 423
120 3811
121 414
121 3655
121 417
122 3112
122 3280
122 3114
123 124
123 125
123 175
123 2953
124 2797
124 2952
124 249
125 199
125 389
126 127
126 207
127 2277
127 174
128 2260
128 2259
128 478
128 2278
129 2647
129 2732
130 131
130 258
130 2248
130 2249
131 2675
131 2812
132 2256
132 2252
132 2254
133 3090
133 134
134 571
134 137
134 556
135 592
135 612
135 575
136 2640
136 137
136 575
137 2265
138 1446
138 3271
138 139
139 1449
139 1446
140 3677
140 3681
140 3670
141 1843
141 1467
142 271
142 2908
142 321
142 267
143 2800
143 269
143 266
144 275
144 274
144 2800
145 327
145 1377
145 328
146 1346
146 344
146 1348
146 147
147 1358
147 1371
148 3013
148 1444
148 1343
149 1343
149 1454
149 1369
149 1361
150 2269
150 3116
150 3730
150 2034
151 1804
151 155
151 2882
152 153
152 156
152 2880
153 1801
153 154
154 155
154 1800
155 950
156 2881
156 1802
157 1145
157 2397
157 1144
157 1828
158 2293
158 1286
158 3705
158 1316
159 172
159 212
159 219
160 231
160 205
160 2535
161 2975
161 3247
161 3187
161 2910
162 377
162 513
162 285
163 3735
163 2285
163 357
164 3734
164 3287
164 2271
165 1016
165 2883
165 3853
165 2884
166 2424
166 3292
167 1180
167 3279
168 169
168 187
168 379
169 170
169 228
170 188
170 171
171 216
172 208
172 210
172 241
173 174
173 207
173 399
174 396
175 199
176 181
176 177
177 180
178 179
178 181
178 1795
179 1793
179 1794
180 1792
181 3305
182 459
182 410
182 183
183 407
183 417
183 1593
184 459
184 2191
184 2049
185 1620
185 3146
185 3293
186 190
186 212
186 3303
187 1239
187 188
188 190
189 2244
189 190
189 3303
191 193
192 3246
192 194
192 458
193 195
193 217
194 218
194 221
195 219
195 3418
196 268
196 2201
196 3187
197 229
197 244
197 2789
198 385
198 2539
200 201
200 2940
200 209
201 202
201 203
202 2084
202 264
204 256
204 210
204 206
205 2287
205 206
206 3362
207 231
208 209
208 1242
208 2473
209 210
210 2286
211 315
211 238
212 3418
213 246
213 3361
213 216
214 3361
214 3357
214 215
215 216
215 455
217 218
217 219
218 458
220 237
220 2535
220 2534
221 222
221 3244
222 3246
222 3247
223 232
223 242
223 2483
224 2567
224 3926
224 2542
225 276
225 321
226 233
226 3361
226 2567
227 245
227 2646
228 247
228 3223
228 379
229 234
229 242
230 236
230 238
230 320
231 399
232 263
232 242
233 246
233 239
234 2975
234 2201
235 2486
235 2540
236 3761
236 280
237 241
239 246
240 2257
240 262
240 248
241 2535
241 2286
243 247
244 263
244 2258
245 2486
247 1585
248 262
249 389
250 251
250 254
250 259
251 3115
251 261
251 3112
252 255
252 260
252 2494
253 261
253 256
253 2938
254 259
254 2954
255 1592
255 260
256 257
257 2954
257 2956
258 260
258 2956
261 265
262 263
264 265
264 1212
266 271
267 270
267 1586
268 1586
268 288
269 270
269 272
270 271
272 278
272 273
273 277
273 335
274 310
274 2800
275 321
275 281
276 281
276 3935
277 280
277 279
278 279
278 331
279 331
280 326
281 332
282 2490
282 457
283 294
283 373
283 303
284 2393
284 965
284 3675
285 286
285 1584
286 289
286 297
287 290
287 1607
287 2878
288 1586
288 2188
289 2282
289 346
290 308
290 2633
291 866
291 890
291 913
292 2967
292 1760
293 2200
293 2967
293 3627
293 2391
294 309
294 372
295 3417
295 540
295 2192
296 529
296 520
296 304
297 1584
297 2283
298 305
298 884
298 861
299 2194
299 302
299 963
299 1045
300 3732
300 2271
300 2285
301 537
301 2282
301 304
302 1607
302 2729
303 535
303 361
304 524
305 2096
305 853
306 912
306 2029
306 1803
306 2073
307 3106
307 513
307 1584
308 960
308 2633
309 1120
309 372
310 313
310 3959
311 318
311 313
311 330
312 323
312 2262
312 320
313 317
313 329
314 329
314 3077
314 1336
315 401
315 324
316 317
317 332
318 334
318 3073
319 332
322 1339
322 325
323 1587
323 402
324 333
324 402
325 333
325 1587
326 327
326 3760
326 1914
327 331
328 3959
328 2805
328 329
333 3900
333 402
336 2051
336 3224
336 3332
336 2476
336 2740
337 1823
337 1153
337 3608
337 368
338 346
338 1579
338 2452
339 3836
339 465
339 483
340 352
340 349
341 1428
341 1370
342 3705
342 1290
342 2294
343 355
343 360
343 1011
344 1396
344 1424
344 3186
345 486
345 462
345 479
346 349
346 2453
347 3124
347 502
348 3128
348 1143
348 3852
350 489
350 3124
350 532
350 534
351 537
351 365
351 388
352 377
352 354
353 1031
353 3736
353 367
354 1579
355 1012
355 374
356 1119
356 522
356 474
357 3736
357 3287
358 3128
358 497
358 363
359 361
359 367
359 1031
360 1105
360 1017
361 373
362 461
362 486
362 369
363 1156
363 493
363 3070
364 3698
364 1292
364 1294
365 388
365 474
366 1105
366 3731
366 3110
366 1108
367 373
368 1156
368 1158
369 3836
369 473
370 1375
370 1376
371 462
371 481
371 513
372 3735
375 380
375 1318
375 1320
376 380
376 3133
376 2742
376 3231
377 469
378 2741
378 3929
378 1261
379 3332
380 3230
380 1321
381 2973
381 2799
382 386
382 2059
382 3280
383 1772
383 1777
383 1787
384 2537
384 2540
384 2534
385 2646
385 2971
385 3864
386 3652
386 3280
387 467
387 388
387 482
389 390
390 464
391 394
391 2798
392 547
392 2680
392 2921
393 487
393 2682
393 550
394 2952
395 487
396 399
396 2249
397 400
397 2279
398 2279
398 2278
398 2277
401 1339
401 3899
403 407
404 407
405 3438
405 411
405 3430
406 416
406 412
406 415
408 449
408 418
408 414
409 3640
409 2210
409 3442
410 2478
410 417
411 414
411 418
412 437
412 416
413 440
413 3640
413 3649
415 1606
418 2982
419 3430
419 1773
419 1606
420 424
420 422
420 512
421 427
421 514
421 512
422 2996
422 426
423 435
423 426
424 2996
424 425
425 2212
425 514
426 2212
428 431
428 3429
428 432
429 433
429 438
429 436
430 448
430 436
430 439
431 434
431 437
432 3438
432 3439
435 448
435 438
436 438
437 3439
439 446
439 441
440 449
440 2982
441 1589
441 446
442 1692
442 1689
443 2888
444 1697
444 2981
444 1696
445 1767
445 3319
445 454
445 1768
446 1700
447 1763
447 1697
448 1601
449 3442
450 1600
450 3317
450 453
451 3316
451 2656
451 2658
451 3612
451 3319
452 2981
452 2193
452 1677
452 1665
453 1704
453 1600
454 1767
454 3318
454 1766
455 3359
455 3358
456 1681
457 2814
459 460
461 3836
461 543
462 477
463 486
463 473
463 1534
464 3391
465 1050
465 488
466 1553
467 544
467 3108
468 1182
468 494
468 480
469 470
469 1203
470 3352
470 1213
471 473
471 475
471 1534
471 484
472 475
472 481
472 511
474 482
475 479
476 477
477 486
478 2261
479 1534
480 490
480 495
481 532
482 538
483 1032
483 3108
483 535
484 1817
484 1083
484 1816
485 1571
485 2825
487 1571
488 1058
488 1070
489 3126
489 504
490 1083
490 501
491 496
491 504
491 507
492 499
492 508
492 510
493 1154
493 1151
494 504
494 499
494 508
495 498
495 511
496 509
496 505
497 1830
497 1124
498 505
498 1182
499 1123
500 1185
501 1084
501 506
502 3126
502 1124
503 3852
503 1124
503 1185
505 507
506 3710
506 508
507 511
510 3851
510 3706
512 514
515 523
515 517
515 540
516 521
516 1112
516 518
517 528
517 1118
518 1114
518 1116
519 528
519 524
519 520
520 3104
521 3117
521 523
522 3733
522 1116
523 2037
524 541
525 530
526 527
526 528
526 541
527 1119
527 530
529 3104
529 2986
529 540
530 1112
531 1836
531 3672
531 1253
532 533
533 1205
534 536
535 538
536 546
536 3672
537 539
538 1120
541 545
542 2690
542 1834
542 1833
543 3106
543 544
544 2283
546 2690
547 550
547 3392
548 1576
548 560
548 552
549 554
549 1576
549 1574
550 553
551 554
552 1569
552 553
553 675
554 555
556 702
556 570
557 3025
557 3089
557 3091
558 646
558 3025
558 576
559 702
559 1575
559 1893
560 562
561 1866
562 566
563 1867
563 564
564 566
564 565
566 675
567 592
567 2732
567 1569
568 2401
568 1893
568 569
570 571
570 2401
571 575
572 3801
573 611
573 584
573 609
574 610
574 578
574 616
576 617
576 643
577 600
577 581
577 2089
578 625
578 619
579 587
579 582
579 599
580 583
580 2640
580 612
581 602
581 601
582 589
582 614
583 590
583 2086
584 591
584 617
585 2398
585 595
586 611
588 614
588 610
588 615
590 2090
590 2777
592 605
593 610
593 619
593 615
594 597
594 3800
594 614
595 2082
595 3925
596 606
596 608
596 613
597 611
597 604
598 599
598 616
598 601
599 607
600 2777
600 616
601 3024
602 2087
602 2086
602 2089
603 2092
603 2091
603 631
603 643
605 2082
605 2732
606 609
606 3801
608 3800
608 3092
609 2092
612 2398
615 2403
617 3024
618 621
619 628
620 625
620 2399
621 627
621 628
622 629
623 626
624 626
626 629
628 629
630 633
632 3752
632 635
632 637
633 642
633 648
634 638
634 642
634 640
635 643
635 670
636 642
637 659
637 2091
638 2418
638 2899
639 2427
639 3288
639 2557
639 2556
640 648
640 644
641 668
641 647
641 670
644 644
645 648
646 647
646 670
649 3754
649 700
650 654
651 3755
651 655
652 654
652 664
652 666
653 655
653 659
654 663
656 3753
657 661
657 1041
657 3753
658 664
660 665
660 1588
660 679
661 665
661 663
662 3754
663 2093
664 2093
665 3425
667 685
667 679
667 1588
668 3426
668 669
669 2266
671 679
672 1578
672 682
672 3870
673 686
673 677
674 3147
674 2902
674 687
674 680
675 688
676 684
678 684
681 1894
681 686
682 2861
682 683
683 3869
683 684
684 3147
688 1894
689 710
689 712
689 707
690 707
691 703
692 701
692 708
692 715
693 697
693 704
693 694
694 702
695 709
696 713
698 703
699 714
699 706
699 707
700 712
701 727
701 2428
702 2290
703 706
704 2290
705 713
706 3000
708 717
708 713
709 3000
709 2268
711 712
716 2964
716 3010
717 739
717 724
718 731
718 1034
718 3008
718 1035
719 736
720 728
721 731
722 736
722 724
722 730
723 740
724 732
725 734
726 728
726 1033
726 2866
727 736
728 729
729 738
729 1035
731 735
732 740
732 737
733 789
733 3424
733 740
734 738
737 3424
741 755
742 748
742 746
742 764
743 744
743 752
743 760
744 755
744 3765
744 751
745 762
745 757
745 759
747 763
747 2987
747 754
748 765
748 3765
749 762
750 759
750 756
750 3185
751 753
751 3185
752 756
752 767
754 766
754 2039
755 2144
755 758
756 764
758 766
758 2988
759 763
761 3720
761 3404
761 762
762 764
762 3720
763 3185
763 2987
766 768
768 771
768 2782
768 2144
769 2039
769 770
769 771
771 1593
771 2782
772 773
772 2274
772 2276
772 775
773 3720
773 2274
774 3722
774 3721
774 3404
774 1808
776 3756
776 2958
776 795
777 787
777 793
777 789
778 782
778 2094
778 790
779 798
779 2959
779 1187
779 3756
780 783
781 787
781 784
781 3757
781 793
782 788
782 794
783 787
783 789
783 2959
784 2958
785 788
786 787
788 791
792 795
793 3758
795 2094
796 805
796 3011
797 802
797 2618
797 2616
797 2617
798 2960
798 803
799 801
799 1193
799 2963
800 804
801 2964
801 802
801 1036
802 2965
802 2617
803 2961
803 1193
803 1190
804 2963
804 805
804 806
805 2962
807 816
807 829
807 824
808 845
809 843
809 819
809 851
810 825
811 840
812 2074
813 845
814 835
814 849
814 822
815 825
815 834
815 821
816 838
816 828
817 835
818 834
818 828
818 2138
820 847
820 1803
820 841
821 826
821 846
822 827
822 823
823 847
823 831
825 854
826 842
826 836
827 833
827 844
828 853
828 3179
830 840
830 832
830 2038
833 3805
833 3804
834 839
835 846
837 2138
837 843
837 854
840 849
841 847
841 2033
843 1808
845 846
848 851
848 849
848 850
851 854
852 855
852 3804
852 853
853 3180
856 879
856 884
856 3905
857 877
857 865
857 874
858 869
858 3909
858 870
859 867
859 869
859 868
860 879
860 889
860 867
861 3908
861 3907
862 3906
863 881
863 871
864 867
864 883
864 907
865 878
865 874
866 874
866 1980
868 873
868 908
869 896
870 879
870 3909
871 882
872 925
872 1980
872 918
873 899
873 881
875 2637
875 925
875 3226
875 919
876 3905
877 882
877 902
880 2638
880 1800
880 3305
881 896
882 906
883 894
883 904
884 889
885 887
886 899
886 907
886 903
887 3806
887 895
888 898
888 902
889 904
890 891
890 902
892 907
893 896
894 905
894 897
895 909
895 906
898 909
899 3803
900 904
901 903
903 3806
906 909
910 3226
910 912
910 2028
911 927
911 2073
911 1022
912 2073
912 2028
913 914
913 2031
914 917
914 922
915 920
916 920
916 917
916 923
917 923
919 1976
919 1968
920 923
921 1968
921 931
921 1793
924 1796
924 1795
924 1797
925 926
926 1981
926 1977
927 1010
927 2030
928 3727
928 2036
928 2030
929 931
930 3138
930 933
931 932
932 934
932 1964
933 934
933 3139
935 936
935 935
936 3139
937 946
937 2021
937 2012
938 1536
938 1546
938 1544
938 1540
938 1538
939 940
939 946
939 2204
939 2070
939 2010
940 940
941 942
941 947
941 1542
942 2014
942 2064
943 1539
944 947
944 3306
944 3314
944 3308
945 1539
945 1546
945 1541
946 2018
947 2204
947 1541
948 2015
948 2021
948 2017
949 2017
949 2014
949 2013
950 2882
950 3516
951 3515
951 952
951 998
952 2009
952 3516
953 998
953 3517
954 1545
955 2017
955 975
955 956
956 2897
956 3540
957 1719
957 1844
957 1727
958 3218
958 3212
958 959
958 1715
959 1043
959 2776
959 3212
959 962
960 3674
960 1710
961 1718
961 963
961 964
962 1721
962 1845
963 1045
964 1711
964 1715
965 1712
965 2760
966 967
966 1798
967 1547
968 973
968 2897
969 972
969 970
969 971
970 974
970 975
970 972
971 972
972 973
976 1226
976 1103
977 1125
977 2008
977 2202
978 3739
978 3059
978 3854
978 3058
979 1005
979 1006
979 988
980 990
980 1001
980 986
981 984
981 3737
981 1006
981 3715
982 995
983 996
983 3963
983 987
984 988
984 994
984 1000
985 994
985 989
985 1007
986 990
986 992
987 996
987 1002
988 1007
989 996
989 1002
990 992
991 3046
991 1004
991 1008
992 996
993 1001
993 1003
993 1229
994 1000
995 3039
995 1007
997 1004
998 1229
999 3041
999 1004
999 3043
1000 1222
1001 1007
1002 1009
1005 3854
1005 1006
1006 3738
1008 3060
1008 3038
1010 1014
1010 1013
1011 3853
1011 3734
1013 3122
1013 1024
1014 1016
1014 1019
1015 1017
1016 1022
1017 3120
1018 1021
1018 1023
1018 1024
1020 1024
1022 2881
1025 3835
1025 1027
1025 3832
1026 3835
1026 1050
1026 1030
1027 3738
1027 1029
1028 1032
1029 3737
1029 1031
1030 3832
1030 3739
1032 3834
1032 3833
1033 1035
1037 3758
1037 1040
1037 1041
1038 2733
1038 2734
1038 1041
1038 1039
1039 2734
1039 1040
1040 2734
1041 2734
1042 3758
1044 3328
1044 2057
1044 2044
1045 2633
1046 1046
1046 2648
1047 3032
1047 3034
1047 3045
1048 2993
1048 3048
1048 3051
1049 2993
1049 2990
1049 1060
1050 1057
1051 3057
1051 3059
1051 1813
1052 1813
1052 1053
1052 1054
1052 1055
1053 1056
1053 1057
1054 1055
1054 1062
1055 1065
1056 1065
1056 1059
1057 1058
1058 1070
1059 1816
1059 1069
1060 3032
1060 3030
1061 3030
1061 3519
1061 3518
1062 1812
1062 1811
1063 1812
1063 1064
1063 1066
1065 1067
1066 1812
1066 1075
1067 1076
1067 3582
1068 3582
1068 1077
1068 3584
1069 1227
1069 3583
1069 3707
1070 1817
1071 3742
1072 3518
1072 2203
1072 3714
1073 3743
1073 3061
1073 3566
1073 3749
1074 3741
1074 3747
1074 1230
1074 1078
1075 3741
1075 1076
1076 3740
1077 3745
1077 1230
1078 3742
1078 3566
1079 1083
1080 3746
1080 1227
1080 1225
1081 3568
1081 3569
1081 2985
1082 3748
1082 1225
1082 1224
1084 3708
1084 3709
1085 1087
1086 3709
1086 1224
1086 1223
1087 1096
1087 1088
1087 3751
1088 1089
1088 1100
1089 1100
1089 1090
1090 1133
1090 1091
1090 1103
1091 1100
1091 3711
1092 2004
1092 3747
1092 3015
1093 2604
1093 2004
1093 1102
1094 1102
1094 1095
1094 3556
1095 1221
1095 1097
1096 1097
1096 1098
1097 1098
1098 1099
1101 2985
1101 3745
1101 3017
1102 1221
1103 1127
1104 1105
1106 1109
1107 1114
1108 1109
1108 3732
1109 1110
1111 1117
1112 1119
1113 1115
1113 1114
1113 1117
1116 1117
1120 1121
1122 1815
1122 1822
1123 3852
1123 3851
1125 1814
1126 1127
1126 3609
1127 1133
1128 3711
1128 3850
1128 3706
1128 1818
1128 1135
1129 3609
1129 1155
1130 1131
1130 3608
1130 1150
1131 1132
1131 1133
1132 1134
1132 1135
1133 3850
1135 1139
1135 1136
1136 1138
1136 1137
1137 1147
1137 1142
1139 1140
1139 1146
1140 1141
1140 1146
1142 1148
1142 3851
1143 1199
1143 1148
1144 1825
1144 3600
1145 1169
1145 1825
1146 1149
1147 1149
1147 1148
1149 1150
1149 1151
1150 1154
1151 1199
1152 1153
1153 1154
1154 1156
1155 1823
1155 1824
1157 1158
1158 3070
1159 3795
1159 3793
1159 2504
1160 2509
1160 2505
1160 2504
1161 3589
1161 2649
1161 1162
1162 3592
1162 2650
1163 2499
1163 1164
1163 1168
1164 2439
1164 2436
1165 2436
1165 2444
1165 2434
1166 2440
1166 2650
1166 3475
1167 2444
1167 2442
1167 2447
1168 1825
1168 2447
1169 2449
1170 1181
1170 2448
1170 2449
1171 2450
1171 2448
1172 3256
1172 3459
1172 3453
1173 2713
1173 2714
1173 1174
1174 1175
1175 3773
1175 1176
1176 1178
1176 3227
1177 1180
1177 1179
1177 2714
1178 3453
1178 1179
1179 1826
1180 3279
1181 1827
1181 1829
1182 1183
1184 1185
1186 1187
1187 1188
1188 3094
1188 1189
1190 1191
1190 2966
1191 1192
1191 3094
1192 1193
1192 1194
1194 1195
1194 3095
1194 2617
1195 1197
1195 1196
1196 2618
1196 1197
1197 1198
1199 1200
1201 1208
1201 2302
1201 2310
1202 1208
1202 2309
1202 2737
1203 1217
1203 1206
1204 2343
1204 2346
1204 1206
1205 2346
1206 1207
1206 2350
1207 2349
1207 1210
1208 2354
1208 2309
1209 3341
1209 3338
1209 3344
1210 1211
1210 3341
1211 2354
1212 2061
1212 3327
1212 3328
1213 3356
1213 3351
1214 2220
1214 2851
1214 2221
1215 2745
1215 2220
1215 2219
1216 2227
1216 2229
1216 2230
1217 1218
1218 1219
1219 3338
1219 3337
1220 2247
1220 3340
1220 3334
1220 3339
1221 2985
1221 3750
1222 2731
1222 3853
1222 2730
1223 3751
1223 1818
1224 3750
1225 3708
1226 3712
1226 3557
1227 3707
1228 2003
1228 2005
1228 1810
1229 3036
1230 3740
1231 3707
1232 2380
1232 1236
1232 2468
1233 2373
1233 1236
1233 1581
1233 1247
1233 1240
1234 2471
1234 2477
1234 2377
1234 2476
1235 2468
1235 1241
1235 2461
1236 1248
1237 3304
1237 2376
1237 2382
1238 2467
1238 2365
1238 3329
1239 2476
1239 2477
1240 1245
1240 2383
1241 2083
1241 1246
1242 1249
1242 2381
1243 2380
1243 2475
1243 1582
1244 2377
1244 3330
1244 2467
1245 2383
1245 2474
1245 2245
1246 2469
1246 2465
1247 1581
1247 2477
1248 2383
1248 2469
1249 3303
1249 2382
1250 2898
1250 1625
1250 3219
1251 3221
1251 1626
1252 2809
1252 2930
1252 2819
1253 2215
1253 1256
1254 3419
1254 1259
1254 3913
1255 1262
1255 1258
1255 1259
1256 2809
1256 2309
1257 2819
1257 2738
1257 2840
1258 1261
1258 3913
1258 1259
1259 3912
1260 2546
1260 2837
1260 2247
1261 3913
1262 1276
1262 2924
1263 1264
1263 1265
1263 1273
1264 1271
1264 1272
1264 1267
1265 1267
1265 1277
1265 1275
1266 1271
1266 1272
1266 1276
1267 1279
1268 1279
1269 1279
1269 1272
1269 1278
1270 2891
1270 1274
1270 2895
1271 1273
1273 2889
1274 2891
1274 1281
1275 1282
1275 1280
1276 1834
1277 1316
1277 1317
1278 3930
1278 1317
1280 1286
1280 1282
1280 1281
1281 3130
1282 1830
1283 2584
1283 1284
1283 2293
1284 2580
1284 3699
1284 3700
1285 2584
1285 2582
1285 1287
1286 2894
1288 3697
1288 2397
1288 1835
1289 1291
1289 3703
1289 3704
1290 1292
1290 1291
1291 2585
1291 1573
1292 1293
1294 1305
1294 1297
1295 2316
1295 1302
1295 2318
1296 2743
1296 1312
1296 3133
1297 2002
1297 1303
1298 1298
1298 1313
1299 1310
1300 1301
1300 1304
1301 1311
1302 2328
1302 2318
1303 2001
1303 1312
1304 2340
1304 1306
1305 1995
1305 1309
1306 2329
1306 2328
1307 2002
1307 2316
1307 2341
1307 2336
1307 2326
1308 1998
1309 3927
1309 2295
1310 3233
1310 3695
1311 2329
1311 2319
1311 2331
1312 1998
1313 2741
1313 1314
1314 2319
1314 2742
1315 1996
1315 1997
1315 3933
1316 3933
1317 3932
1318 1319
1318 1321
1319 1322
1319 1320
1320 3936
1321 3084
1321 1322
1322 1337
1323 1326
1323 3084
1323 3086
1324 3084
1325 1330
1325 1329
1325 1348
1326 3087
1326 1332
1327 1334
1327 1329
1327 1330
1328 1330
1329 3947
1329 3086
1331 1333
1331 1336
1332 1337
1332 1332
1333 1338
1333 1334
1334 1338
1335 1337
1336 1377
1340 3071
1341 3591
1341 3589
1341 1342
1342 3590
1342 1535
1343 1361
1344 1358
1344 1347
1344 1354
1345 1359
1346 1350
1347 1351
1348 1349
1350 1358
1350 1356
1351 1362
1352 1355
1353 1357
1353 1355
1353 1360
1354 1362
1354 1357
1355 1361
1357 1362
1359 3014
1359 3013
1363 1372
1363 1366
1363 1367
1363 3689
1364 1367
1365 1583
1365 1451
1365 1369
1366 1367
1366 1419
1368 1369
1369 1444
1371 1373
1372 1442
1374 2516
1374 1375
1375 2523
1378 1379
1378 1384
1379 1387
1380 1389
1380 1388
1381 1389
1381 1384
1381 1386
1382 1387
1383 1388
1383 1386
1383 1390
1384 1385
1384 1395
1385 3691
1385 1387
1386 1398
1386 3186
1388 1391
1390 1391
1390 3186
1392 1402
1392 1396
1392 1399
1393 1400
1393 1401
1393 1397
1394 1397
1394 3691
1394 1415
1395 1397
1395 1398
1396 1420
1398 1399
1398 1401
1399 1401
1400 1402
1400 1404
1402 1407
1403 1416
1403 1410
1403 1404
1404 1416
1405 1418
1405 1409
1405 1408
1406 1431
1406 1419
1406 1429
1407 1412
1407 1425
1408 1413
1408 1417
1408 1509
1409 1418
1409 2389
1409 1939
1410 1414
1410 1412
1410 3694
1411 3693
1412 1414
1412 1429
1414 1513
1414 1417
1415 3694
1415 1416
1417 3693
1418 1992
1419 1426
1420 1425
1420 1427
1421 1426
1421 1425
1421 1422
1422 1427
1422 1423
1423 1424
1423 1427
1424 1428
1426 1428
1429 1433
1430 1433
1430 1431
1430 1432
1431 3689
1432 1433
1434 1448
1435 2598
1435 1443
1435 2698
1436 2700
1436 1450
1436 2694
1437 1440
1438 1455
1439 1451
1440 1448
1440 1455
1441 1444
1442 1448
1443 2693
1443 1583
1445 1452
1445 1454
1445 2692
1446 2692
1447 1449
1449 3681
1450 2699
1450 1453
1451 1454
1453 2694
1453 1455
1456 1468
1456 1465
1456 3145
1457 1458
1457 1469
1457 1468
1458 3683
1458 1460
1459 3670
1459 3680
1459 3679
1460 3682
1460 1461
1460 1464
1461 3878
1461 1464
1462 1465
1462 1463
1462 3680
1463 3679
1463 1469
1464 3684
1464 3914
1464 3682
1465 3145
1466 3876
1466 2613
1466 2612
1467 2613
1468 1469
1470 1471
1471 1479
1471 1475
1472 1473
1473 1478
1473 1477
1474 1481
1475 3954
1475 1482
1476 1477
1476 3955
1476 2081
1477 2521
1478 1482
1479 1482
1479 1480
1481 3278
1481 1483
1483 1485
1483 2702
1484 1487
1484 2597
1484 3273
1485 1486
1485 1488
1489 2822
1489 2823
1489 2825
1490 2262
1490 1491
1491 2821
1491 2262
1492 2823
1492 2820
1492 2821
1493 1896
1493 2825
1493 2823
1493 3822
1494 1518
1495 1517
1495 1520
1495 1516
1496 1498
1496 1525
1496 1510
1497 1502
1497 1500
1497 1526
1497 1499
1498 1512
1498 1518
1499 1500
1499 1526
1500 1519
1501 1510
1501 1506
1501 1502
1502 1515
1502 1518
1503 1516
1503 1507
1503 1519
1504 1519
1505 1514
1505 1524
1505 1522
1506 1524
1506 1517
1507 1515
1507 1520
1508 1530
1509 1522
1509 1514
1510 1521
1511 1514
1513 1523
1513 1526
1515 1520
1516 1522
1517 1524
1527 1533
1527 1993
1527 2495
1528 1530
1528 1531
1529 3879
1529 1531
1530 1532
1531 2495
1533 2495
1535 3590
1536 1542
1536 1538
1536 1546
1537 1545
1537 1540
1537 1544
1538 1542
1539 1545
1539 1541
1540 1546
1540 1544
1542 1543
1545 1799
1547 2897
1548 3658
1548 1552
1549 1550
1549 1558
1549 2660
1550 1551
1550 1559
1552 1553
1553 1559
1554 1555
1555 1567
1555 1557
1556 3622
1556 1557
1556 3658
1557 1558
1558 1614
1559 1560
1560 1561
1560 1563
1560 1565
1562 1565
1562 1567
1562 1564
1564 1566
1565 1567
1566 1568
1569 2401
1570 1571
1572 3356
1572 2226
1572 3353
1574 1577
1574 1575
1575 1576
1578 3869
1578 3149
1580 1582
1580 2473
1580 2470
1581 2471
1581 2372
1582 2373
1583 2700
1585 3420
1588 2093
1589 2887
1589 1686
1589 1590
1590 3811
1590 1594
1591 3923
1591 1596
1592 1595
1592 2664
1593 1594
1594 3144
1595 2664
1595 2662
1596 3662
1597 3669
1598 2779
1598 1702
1598 1604
1599 3300
1599 1604
1599 1600
1601 3299
1601 2780
1602 1605
1602 2194
1603 1605
1603 2876
1604 1704
1605 2729
1606 3432
1607 2877
1608 1615
1608 2393
1609 1616
1609 1725
1609 1730
1610 1729
1610 1611
1610 2460
1611 3184
1611 3295
1612 2460
1612 1616
1612 1728
1613 3154
1613 2404
1614 3616
1615 2818
1615 1616
1617 3407
1617 1619
1617 2416
1618 3184
1618 3153
1618 3182
1619 2417
1619 3867
1620 2433
1621 2417
1621 3867
1621 3153
1622 1624
1622 2845
1622 2846
1623 1624
1624 2225
1625 1627
1625 1626
1625 3336
1626 3220
1627 1628
1627 3220
1627 3219
1628 2047
1628 3221
1629 3420
1629 3419
1630 1631
1631 2845
1631 1632
1633 2192
1633 3719
1634 1653
1634 1656
1634 1641
1634 1675
1635 1659
1635 1636
1635 1657
1636 1661
1637 1638
1638 1639
1638 2995
1639 1640
1639 1641
1641 1642
1642 1662
1643 1647
1643 1645
1643 1707
1644 1653
1644 1673
1644 1672
1644 1645
1645 1647
1646 1648
1647 1663
1648 1651
1648 1649
1649 1650
1649 1651
1650 1652
1650 1663
1651 1652
1652 1662
1653 1654
1655 1657
1656 2995
1656 1657
1658 1659
1659 1660
1660 1662
1660 1663
1661 2995
1664 1665
1665 3610
1666 2193
1667 2193
1667 1667
1668 1705
1668 1669
1669 1672
1670 1673
1671 1680
1671 1673
1672 1706
1673 1674
1675 1675
1676 1677
1677 1678
1679 1680
1680 1681
1681 1687
1682 1685
1683 1688
1684 1685
1684 1684
1685 1687
1686 1691
1686 1689
1687 1688
1689 2888
1690 1692
1692 1693
1694 1695
1694 1696
1696 1698
1697 1698
1698 1699
1701 1702
1703 1704
1705 1708
1709 2874
1710 1713
1710 1711
1711 1714
1712 1713
1712 3674
1713 1714
1713 2761
1714 1715
1714 2761
1716 1717
1717 2878
1717 2877
1718 1719
1720 1721
1721 1722
1723 3213
1724 1725
1725 1726
1728 2460
1728 1744
1728 3867
1729 2460
1729 1731
1730 1733
1732 1735
1732 1734
1732 1733
1733 1737
1734 1735
1734 1743
1734 1736
1735 1751
1736 1737
1736 1740
1737 1738
1737 1739
1738 1742
1738 1739
1738 1741
1739 1742
1740 1743
1741 1744
1741 1742
1744 1745
1744 1747
1746 1747
1747 1749
1748 1749
1749 1752
1750 1751
1751 1753
1752 1757
1752 1758
1753 1754
1754 1755
1756 1757
1757 1758
1758 1765
1759 2653
1759 2978
1759 1760
1760 2976
1761 1762
1762 2976
1762 3297
1763 2978
1763 1764
1766 1771
1766 1768
1768 1771
1769 3630
1769 1770
1769 3318
1771 3611
1772 2210
1772 3283
1772 3631
1773 3636
1773 3635
1774 1775
1774 3436
1774 3630
1774 3631
1775 1777
1775 1776
1776 1777
1776 1779
1777 1778
1778 3403
1778 1779
1779 3402
1780 3662
1780 3861
1780 1790
1781 3394
1781 3396
1781 3395
1782 3395
1782 1785
1782 1786
1783 1784
1783 3395
1783 3394
1784 1785
1784 3668
1785 3393
1786 3393
1786 1788
1787 3661
1787 3662
1788 1789
1788 3393
1789 3669
1790 3810
1790 3283
1791 2664
1791 3810
1792 1794
1793 1794
1795 1796
1796 2635
1800 1801
1801 3311
1802 1805
1802 2883
1803 2029
1804 1805
1804 2885
1805 2884
1806 3964
1806 3963
1806 3515
1807 3517
1807 2202
1807 3539
1808 2038
1809 2008
1809 3857
1809 3546
1810 2003
1810 3557
1811 2990
1811 3063
1813 3739
1814 1821
1814 1815
1816 1817
1818 3710
1819 1820
1819 1821
1820 3548
1821 1822
1822 3071
1823 1824
1824 1828
1826 1827
1826 3279
1827 3279
1828 3697
1829 1830
1830 2889
1831 3514
1831 2394
1831 2077
1832 1833
1832 2687
1833 2689
1834 1836
1835 2395
1835 3699
1836 2831
1837 3704
1837 2522
1837 2513
1838 1839
1839 1841
1839 1840
1840 3632
1840 1842
1844 1845
1846 1847
1846 2527
1846 2533
1847 1848
1847 2533
1848 1849
1848 2531
1848 2530
1849 1850
1849 3066
1849 1852
1850 3065
1850 2906
1851 1853
1852 1854
1852 1853
1853 1856
1854 1855
1854 1856
1855 1861
1855 2907
1856 2905
1857 1858
1857 2905
1857 3188
1859 1863
1860 1862
1861 1865
1861 1862
1862 1863
1863 1864
1866 1867
1868 1882
1868 1870
1869 1871
1869 1886
1869 1877
1870 1872
1870 1884
1871 1872
1871 1890
1872 1885
1873 1886
1873 1875
1873 1880
1874 1875
1875 1876
1877 1878
1877 1881
1878 3003
1878 1879
1879 1887
1879 3003
1880 1887
1880 1883
1881 1883
1881 1888
1881 1890
1882 3445
1883 1888
1884 1885
1884 3445
1885 1890
1886 3003
1887 1888
1889 1902
1891 1920
1892 1893
1895 1899
1895 2828
1895 1897
1895 3817
1896 3814
1897 2827
1897 1898
1898 2826
1898 3815
1900 1901
1900 1906
1900 3238
1901 1902
1901 1903
1902 3825
1902 3824
1904 1905
1905 1906
1905 3238
1906 1907
1908 1908
1908 1910
1909 1911
1910 1911
1910 1913
1911 1914
1912 1916
1914 1917
1915 1916
1916 1917
1917 1918
1918 1924
1918 1919
1919 3004
1919 3135
1920 3004
1920 3007
1921 1923
1922 1923
1923 1924
1924 3006
1925 1927
1926 1932
1926 2807
1926 3137
1927 1928
1927 1929
1929 1931
1929 1934
1930 1933
1930 1992
1930 1931
1931 1935
1932 3135
1932 2806
1933 1994
1933 1937
1934 1938
1934 1935
1935 1937
1936 1940
1937 1941
1938 1940
1938 1944
1939 1940
1941 1946
1941 1942
1943 1946
1943 1944
1943 1952
1944 1947
1945 1947
1947 1949
1947 1948
1949 1950
1949 1951
1953 1954
1954 1956
1955 1957
1956 1957
1956 1959
1957 1960
1958 1960
1960 1961
1961 1962
1961 3848
1962 1964
1962 1965
1963 3837
1963 3844
1963 1964
1965 3847
1965 3848
1966 1967
1966 3837
1966 3849
1968 1969
1969 1970
1969 1971
1971 1973
1971 1976
1972 1975
1973 1975
1973 1978
1973 1977
1974 1975
1975 1980
1976 1979
1977 1978
1978 1981
1981 1982
1982 1983
1982 1984
1985 1994
1986 1990
1986 1988
1986 1987
1987 3295
1987 3154
1989 1990
1990 1991
1992 1993
1993 1994
1995 1996
1995 2216
1996 1997
1997 2295
1998 1999
1999 2315
1999 2327
2000 2321
2002 2321
2003 2006
2004 3567
2005 3749
2005 3565
2005 2006
2007 3061
2007 3714
2007 2203
2008 2202
2009 3540
2010 2011
2010 2070
2011 2022
2011 2072
2012 2024
2012 2065
2012 2018
2013 2027
2013 2067
2014 2067
2015 2023
2015 2065
2016 2066
2016 2022
2016 2204
2018 2025
2018 2070
2019 2025
2019 2064
2019 2020
2019 2069
2020 2024
2020 2026
2020 2071
2021 2065
2022 2069
2023 2027
2023 2068
2024 2025
2024 2068
2025 2072
2026 2064
2026 2067
2027 2071
2028 2031
2029 2031
2030 2073
2032 3724
2032 3723
2032 2038
2032 3812
2033 3725
2033 3726
2034 2076
2034 2036
2035 3729
2035 3728
2036 3727
2038 2074
2039 2041
2040 2191
2042 2192
2043 2046
2043 3413
2043 3412
2043 3652
2044 3331
2044 2058
2045 2061
2045 2196
2045 3417
2046 3655
2046 3411
2046 3410
2047 3219
2047 2739
2048 2049
2048 2195
2048 2205
2049 2195
2050 2054
2050 3416
2050 3413
2051 3331
2051 2754
2051 2758
2051 2753
2051 2752
2052 3281
2053 2740
2053 2739
2053 2758
2053 2756
2055 2946
2055 3282
2055 3921
2056 3325
2056 3324
2056 2061
2057 3327
2057 2058
2058 3325
2058 3326
2059 3281
2060 2744
2060 2062
2060 2748
2061 3326
2062 2063
2062 2747
2063 2457
2063 2746
2064 2066
2065 2068
2066 2069
2066 2204
2067 2071
2068 2071
2069 2072
2070 2072
2074 3718
2074 3722
2075 3726
2075 3723
2075 2076
2075 3729
2076 3730
2076 3727
2077 3513
2078 3523
2079 3513
2079 2080
2079 3514
2080 2081
2080 3523
2081 2984
2082 2398
2083 2381
2083 2376
2083 2378
2084 2473
2084 2085
2086 2090
2086 2088
2089 2090
2091 2899
2091 2092
2094 2095
2096 2787
2096 3193
2097 2553
2097 2098
2097 3180
2098 2100
2098 2099
2099 2870
2099 2787
2099 2100
2100 3171
2100 2102
2101 3171
2101 2104
2101 2102
2102 2103
2102 3172
2103 2553
2103 3173
2104 2131
2104 2105
2105 2106
2105 2107
2106 3167
2106 2132
2106 2133
2107 2190
2107 2108
2107 3172
2108 2190
2108 2133
2108 2134
2109 3167
2109 2143
2109 2133
2110 2143
2110 3168
2110 3170
2110 2124
2111 3170
2111 2115
2111 2135
2111 3191
2111 2134
2111 2113
2112 2125
2112 3190
2112 2127
2113 2128
2113 2116
2114 2554
2114 3177
2114 2140
2115 2116
2115 2136
2116 2782
2117 3162
2117 2118
2117 3161
2117 2786
2118 2870
2118 3163
2118 2871
2118 2785
2119 2386
2119 2550
2119 2122
2120 2121
2121 2386
2121 2139
2122 2872
2122 2123
2122 2387
2123 3164
2123 3166
2123 2388
2124 3164
2124 2125
2124 2549
2125 3168
2125 2126
2126 2128
2126 2129
2126 3191
2127 2129
2127 3190
2128 2129
2129 2886
2130 2871
2130 2131
2130 2385
2131 2785
2131 2132
2132 2783
2133 2873
2134 2135
2134 2873
2135 2142
2135 2136
2136 3763
2136 3762
2137 3163
2137 2550
2137 2785
2138 2788
2139 2141
2139 2387
2140 2189
2140 2190
2141 2388
2142 2189
2142 2190
2143 3165
2143 2873
2144 2781
2145 2146
2145 2147
2146 2148
2146 2179
2146 3156
2147 2180
2147 2727
2147 2160
2148 2149
2148 2150
2148 2184
2149 2152
2149 2180
2149 2150
2150 2153
2151 3155
2151 2727
2151 2161
2152 2154
2152 2181
2152 2153
2153 2156
2154 2159
2154 3808
2154 2181
2155 2158
2155 2552
2155 3155
2156 2157
2156 2182
2157 2164
2157 3808
2158 2454
2158 2160
2159 2163
2159 3807
2159 2162
2160 2162
2160 3157
2161 2454
2161 2165
2162 2163
2162 2170
2163 3160
2164 3807
2164 3194
2165 2166
2165 2552
2166 2167
2166 2454
2166 2169
2167 2168
2167 3157
2168 2172
2168 2170
2169 2171
2169 3181
2170 3157
2170 2551
2171 2172
2171 2175
2172 3405
2173 2177
2174 2175
2174 2177
2174 3181
2175 2178
2175 2176
2176 2178
2176 3405
2177 2178
2180 2181
2182 2184
2182 2183
2185 2868
2186 2390
2186 2727
2187 2868
2189 3406
2189 3763
2191 2192
2191 3719
2192 3719
2194 2729
2195 2198
2195 2196
2196 2197
2196 3417
2197 2198
2197 3114
2198 3412
2198 3114
2199 3615
2199 3625
2199 3613
2199 3627
2200 2876
2200 2917
2201 2791
2202 2203
2203 3712
2205 2206
2206 3411
2207 3659
2208 2209
2208 3615
2209 2917
2210 3415
2210 2211
2211 3283
2211 3809
2211 3416
2212 2996
2213 2688
2213 2685
2213 2684
2214 2832
2214 2215
2214 2831
2215 2809
2217 2218
2218 2745
2218 2219
2219 3333
2220 2752
2220 3331
2221 2846
2221 2223
2222 2230
2222 2226
2222 2229
2223 2226
2223 3346
2224 2227
2224 2228
2224 2225
2225 2228
2227 2452
2228 2230
2229 3352
2231 2235
2231 2236
2231 2237
2232 2240
2233 2456
2234 2457
2236 2238
2236 2455
2237 2241
2237 2240
2239 2459
2240 3324
2242 2728
2243 2246
2243 2244
2244 2728
2245 2246
2245 2728
2247 3336
2247 3343
2248 3020
2248 2249
2250 2671
2251 2481
2252 3925
2253 2483
2253 2481
2254 2255
2254 2666
2255 2256
2255 2259
2256 2259
2257 2258
2258 2974
2260 2647
2260 2916
2261 3384
2261 3391
2263 2563
2263 2567
2263 2569
2264 2571
2264 2564
2264 2569
2264 2568
2265 3089
2265 3090
2266 3093
2267 3426
2267 2268
2267 3752
2269 2270
2269 3111
2270 3111
2270 3110
2271 3731
2272 2273
2272 3722
2272 2276
2273 2275
2274 3721
2275 2276
2277 2279
2278 2280
2281 2284
2282 2284
2283 2284
2285 3733
2286 2287
2287 2535
2288 2289
2289 3002
2289 2291
2290 2291
2291 2292
2293 2294
2294 3705
2294 3696
2295 3131
2296 2305
2297 2299
2298 2299
2299 2305
2300 2302
2301 2303
2302 2307
2303 2307
2303 2305
2304 2310
2305 2306
2307 2308
2310 2311
2312 2330
2312 2338
2312 2331
2313 2337
2314 2327
2315 2315
2316 2341
2317 2318
2317 2326
2317 2339
2319 2320
2321 2326
2321 2337
2322 2334
2323 2337
2324 2334
2325 2330
2325 2332
2325 2326
2327 2334
2328 2340
2329 2339
2330 2338
2331 2743
2333 2334
2335 2337
2338 2339
2340 2341
2342 2349
2342 2354
2342 2344
2343 2351
2344 2361
2344 2357
2345 2351
2345 2358
2346 2358
2347 2356
2347 2348
2347 2359
2348 2353
2348 2352
2349 2357
2350 2357
2350 2362
2352 2359
2352 2362
2353 2355
2353 2356
2355 2361
2355 2360
2356 2360
2359 2362
2360 2361
2363 2364
2363 2367
2363 3304
2364 2369
2364 2366
2365 2373
2366 2370
2367 2369
2367 2368
2368 2369
2368 2370
2369 2370
2371 2379
2371 2377
2371 2471
2372 2379
2372 2373
2374 2376
2374 2381
2374 2382
2375 2472
2376 2465
2378 2461
2378 2475
2378 2381
2379 2472
2380 2464
2383 2463
2384 2385
2384 3171
2384 2870
2385 2871
2386 2387
2387 2388
2388 3277
2389 2807
2389 2808
2390 2868
2391 2392
2393 2634
2393 3216
2394 2396
2394 2397
2395 3700
2395 2396
2396 2525
2398 2399
2399 2400
2400 2403
2402 2612
2402 3685
2403 2404
2404 2405
2405 3871
2405 3154
2406 2407
2406 3315
2406 3183
2407 2408
2407 2901
2408 2409
2408 3182
2409 2410
2409 2901
2409 3150
2410 2419
2410 2418
2411 2559
2411 2412
2411 3151
2412 2417
2412 2558
2412 3153
2413 2414
2413 2558
2413 2559
2414 3151
2414 2415
2415 2557
2415 2561
2416 3302
2416 2561
2418 3427
2419 3152
2419 3427
2420 3288
2420 2421
2421 2422
2421 2562
2422 2561
2422 3301
2423 2432
2424 2425
2425 3293
2425 2426
2426 2562
2427 3427
2427 2560
2428 2429
2429 2430
2429 2902
2430 2431
2430 2903
2431 2432
2431 3870
2433 3296
2434 3466
2434 3464
2434 2439
2435 3467
2435 2435
2436 2439
2437 3474
2437 2440
2437 2441
2438 2441
2440 2441
2442 3464
2442 3486
2443 2446
2444 2446
2445 2446
2447 3478
2448 2449
2450 3490
2450 3452
2451 2452
2455 2458
2455 2456
2456 2459
2457 2459
2460 3294
2461 2464
2461 2462
2462 2475
2462 2464
2463 2465
2463 2469
2463 2466
2464 2468
2465 2466
2466 2474
2467 2472
2474 3304
2478 2479
2478 2480
2481 2482
2482 2483
2482 2975
2484 2485
2485 2486
2485 2487
2487 2489
2488 2970
2488 2969
2488 2489
2490 2491
2490 2910
2491 3248
2491 3249
2492 2493
2492 2536
2492 3865
2493 2538
2493 2537
2496 2496
2496 2497
2497 2498
2497 2499
2498 2499
2498 2652
2500 2501
2500 3599
2500 2502
2500 3595
2501 3795
2501 2502
2502 3598
2502 2503
2503 3600
2504 3601
2505 2505
2506 2507
2507 2508
2508 2509
2509 3591
2510 3948
2510 2511
2510 3911
2511 3911
2511 2515
2512 2517
2512 3947
2512 3951
2513 3703
2513 2525
2514 2520
2514 3911
2514 2523
2515 2519
2515 3695
2516 3950
2516 3949
2517 2519
2517 3947
2518 2526
2518 2524
2518 2521
2519 3695
2520 3698
2520 2526
2521 2522
2522 2524
2523 2526
2524 3702
2525 3701
2527 2528
2527 2529
2528 2530
2528 3687
2529 3690
2530 3688
2532 2533
2532 3067
2534 3243
2536 2540
2536 2537
2538 3864
2538 2539
2540 3250
2541 3421
2541 3360
2541 3419
2543 2545
2544 2545
2545 2546
2546 3912
2547 2548
2548 3945
2548 3939
2549 3277
2549 3164
2550 2869
2551 3405
2551 3159
2551 3158
2553 3174
2554 3179
2554 2555
2554 3178
2555 3406
2555 2788
2557 2560
2557 3288
2558 2559
2560 3255
2562 3301
2563 2568
2563 2565
2564 2568
2564 2569
2564 2570
2565 2572
2565 2577
2566 3946
2572 2579
2572 2577
2573 2577
2573 2576
2574 2578
2575 2578
2576 2578
2580 2580
2581 2582
2582 2583
2586 2590
2587 2588
2588 2590
2588 2589
2588 2591
2590 2592
2591 2593
2591 2594
2591 3702
2595 3701
2596 2597
2598 2695
2598 2599
2599 2600
2599 2602
2601 2603
2602 2607
2602 2603
2603 2608
2604 3556
2604 2605
2606 2607
2606 2609
2607 2608
2607 2610
2608 3685
2609 3687
2609 2610
2610 2611
2611 3688
2611 3686
2612 2613
2614 2615
2614 3066
2615 3066
2616 2618
2616 2965
2617 2618
2619 2626
2619 2621
2619 2620
2620 2623
2621 2622
2621 2627
2623 2625
2623 2624
2624 2625
2625 2626
2626 2627
2627 2628
2629 2879
2629 2630
2629 2918
2630 2631
2630 2632
2635 3305
2635 2636
2635 2637
2636 2637
2636 3311
2637 3311
2638 3310
2638 2639
2640 2641
2641 2642
2642 2643
2644 2645
2646 2972
2646 3865
2647 3881
2648 3517
2648 3519
2649 2650
2651 2652
2651 3606
2651 3603
2652 3592
2653 3316
2653 2654
2655 2657
2655 2658
2656 2659
2657 2659
2658 2659
2660 2661
2662 3862
2662 2663
2665 2667
2666 2668
2666 2672
2667 2670
2667 2668
2668 2669
2671 2676
2671 2673
2671 2672
2672 2810
2673 2674
2673 2675
2675 2678
2676 2678
2676 2677
2678 2679
2680 2682
2680 2681
2682 2683
2684 2688
2686 2687
2687 2688
2687 2889
2689 2690
2690 2691
2693 2693
2694 2698
2694 2696
2694 3142
2695 2697
2696 3142
2696 2697
2697 2698
2699 2699
2699 2700
2701 2702
2702 3860
2703 2704
2703 2718
2703 2721
2704 2712
2704 2705
2705 2707
2706 2707
2708 2711
2709 2712
2710 2711
2711 2712
2713 2725
2713 2718
2713 2726
2714 2718
2715 2716
2716 2717
2716 2718
2719 2720
2720 3777
2721 3777
2721 3779
2722 2724
2723 2724
2724 2725
2725 3782
2729 2879
2735 2736
2737 2738
2739 2740
2740 3332
2741 3928
2741 3934
2742 2743
2744 2749
2744 2750
2745 2746
2746 2747
2746 2752
2747 2748
2747 2753
2748 2749
2748 2754
2749 2750
2749 2755
2750 2751
2750 2756
2752 2753
2753 2754
2754 2755
2755 2758
2755 2756
2756 2757
2759 3218
2759 2760
2759 2762
2760 2769
2761 2771
2762 2765
2762 2767
2763 2771
2763 2764
2763 2772
2765 2769
2765 2766
2765 2768
2769 2771
2769 2770
2771 2773
2774 3211
2775 2776
2775 3211
2777 2778
2779 2780
2781 3762
2781 2782
2783 2872
2783 2784
2784 2785
2784 2872
2786 2787
2786 3141
2787 3180
2788 3179
2789 2795
2789 2792
2790 2791
2792 2794
2792 2796
2793 2794
2794 2795
2798 2953
2798 2799
2799 2971
2801 2802
2802 2805
2802 2803
2804 2805
2809 2835
2809 2819
2810 2811
2810 2812
2812 2813
2814 2815
2814 2816
2816 2817
2816 2970
2819 2839
2820 3759
2820 2821
2822 2824
2829 2922
2830 2922
2830 2841
2831 2926
2832 2929
2833 2835
2834 2835
2836 2936
2837 2933
2837 2936
2838 2839
2839 2840
2839 3343
2840 3342
2841 2924
2842 2844
2842 2843
2845 2847
2846 2851
2847 2848
2847 2849
2849 2850
2849 2851
2852 2854
2853 2854
2854 3333
2855 3096
2855 2861
2855 2860
2856 2857
2856 2864
2856 2860
2858 2864
2859 3321
2859 3096
2859 3910
2860 2862
2861 2862
2862 2863
2864 2865
2866 2867
2868 2868
2869 3140
2869 3161
2869 3192
2874 2875
2874 3253
2876 2879
2877 2878
2877 2879
2878 3675
2880 2881
2880 3226
2882 3964
2883 2884
2886 2887
2886 3189
2887 2888
2890 2892
2890 2895
2890 2893
2891 2895
2892 2894
2892 2893
2892 2896
2893 2894
2894 2896
2895 2896
2898 3335
2898 3334
2899 2900
2900 2901
2900 3802
2902 3323
2904 2905
2906 2907
2908 2909
2908 3187
2910 2911
2912 2913
2912 2970
2914 2915
2916 3885
2916 3898
2917 2918
2918 2919
2919 3294
2919 3290
2920 2921
2922 2923
2924 2925
2926 2929
2926 2927
2928 2929
2930 2931
2930 2934
2932 2933
2933 2934
2934 2935
2936 2937
2938 2939
2938 2940
2940 2943
2941 2942
2941 2944
2942 2943
2943 2944
2944 2945
2946 3809
2946 2947
2948 2949
2948 2951
2950 2951
2951 3822
2952 2953
2954 2955
2955 3366
2955 3364
2956 3364
2957 3372
2958 3757
2959 3757
2959 2960
2960 2961
2961 3011
2962 3011
2962 2963
2963 2964
2964 2965
2967 2968
2968 3629
2971 2972
2972 3251
2976 2977
2978 2979
2980 2981
2982 2983
2984 3512
2984 3522
2986 2986
2987 2988
2988 3185
2989 2990
2991 2992
2992 2993
2992 2994
3000 3001
3004 3007
3005 3006
3006 3007
3009 3010
3010 3423
3012 3013
3015 3017
3015 3016
3017 3018
3019 3020
3020 3079
3021 3022
3022 3023
3022 3024
3025 3027
3026 3027
3027 3028
3029 3030
3031 3032
3033 3034
3034 3060
3035 3036
3036 3038
3037 3038
3039 3041
3039 3040
3041 3042
3044 3045
3044 3046
3044 3047
3044 3060
3045 3048
3046 3049
3047 3048
3047 3049
3047 3050
3049 3052
3050 3051
3050 3052
3050 3053
3051 3054
3052 3055
3052 3830
3053 3054
3053 3055
3053 3056
3054 3057
3055 3830
3055 3058
3056 3057
3056 3058
3056 3059
3058 3829
3061 3744
3062 3063
3063 3064
3067 3068
3069 3070
3072 3075
3072 3074
3073 3074
3073 3077
3074 3076
3075 3076
3076 3077
3078 3082
3079 3362
3079 3082
3080 3081
3081 3082
3081 3083
3085 3086
3086 3087
3087 3088
3089 3090
3094 3095
3096 3097
3098 3099
3100 3102
3101 3102
3102 3103
3104 3105
3106 3107
3108 3109
3110 3111
3112 3113
3113 3115
3113 3114
3116 3117
3116 3118
3117 3119
3118 3119
3120 3122
3120 3121
3122 3123
3124 3125
3126 3127
3128 3129
3131 3132
3131 3932
3133 3134
3135 3136
3138 3139
3140 3162
3140 3141
3141 3159
3142 3143
3146 3407
3146 3302
3147 3868
3148 3868
3149 3870
3150 3151
3150 3182
3151 3152
3151 3255
3152 3255
3156 3156
3159 3160
3160 3195
3161 3162
3161 3192
3163 3192
3164 3165
3165 3166
3166 3167
3168 3169
3169 3170
3169 3191
3172 3173
3173 3176
3173 3174
3174 3175
3175 3178
3175 3176
3176 3177
3177 3178
3179 3180
3182 3183
3183 3184
3188 3188
3189 3190
3189 3277
3193 3194
3194 3195
3195 3807
3196 3201
3197 3198
3198 3201
3198 3199
3199 3214
3199 3212
3199 3202
3200 3214
3201 3202
3202 3203
3202 3207
3203 3204
3203 3214
3203 3206
3205 3206
3205 3216
3205 3217
3206 3215
3206 3207
3207 3213
3208 3210
3209 3210
3210 3211
3213 3215
3214 3217
3215 3216
3217 3218
3220 3221
3221 3222
3222 3223
3224 3331
3224 3330
3225 3392
3225 3384
3225 3385
3225 3383
3227 3229
3227 3262
3228 3264
3228 3265
3229 3866
3229 3257
3230 3234
3230 3236
3230 3231
3231 3235
3232 3234
3232 3237
3232 3233
3233 3235
3234 3902
3235 3904
3238 3819
3239 3247
3240 3241
3241 3246
3241 3242
3244 3245
3252 3253
3253 3254
3256 3260
3256 3257
3257 3258
3258 3259
3259 3268
3259 3261
3260 3261
3260 3455
3261 3449
3262 3866
3262 3264
3263 3265
3263 3264
3263 3866
3266 3500
3266 3267
3266 3269
3267 3270
3268 3496
3268 3269
3268 3270
3269 3270
3269 3498
3271 3953
3271 3272
3272 3275
3272 3274
3273 3958
3273 3275
3275 3276
3278 3958
3279 3962
3282 3922
3283 3437
3284 3410
3285 3415
3286 3411
3287 3716
3289 3290
3289 3811
3289 3298
3290 3291
3291 3316
3291 3297
3292 3296
3292 3293
3294 3295
3295 3871
3298 3317
3298 3300
3299 3317
3300 3319
3300 3316
3301 3302
3302 3407
3306 3310
3306 3307
3309 3310
3312 3313
3312 3314
3315 3872
3315 3802
3317 3318
3320 3321
3321 3323
3322 3323
3324 3325
3324 3333
3325 3326
3326 3327
3327 3328
3328 3329
3329 3330
3334 3336
3334 3335
3335 3428
3335 3347
3337 3338
3337 3345
3337 3428
3338 3339
3339 3340
3340 3342
3341 3344
3342 3343
3342 3344
3345 3348
3345 3347
3345 3428
3346 3347
3346 3349
3348 3349
3348 3351
3349 3354
3349 3350
3350 3351
3350 3356
3350 3355
3352 3353
3353 3356
3354 3355
3357 3360
3357 3358
3358 3359
3358 3360
3359 3422
3360 3421
3362 3363
3364 3367
3365 3367
3366 3367
3366 3370
3367 3368
3368 3370
3368 3369
3370 3372
3371 3372
3373 3374
3373 3373
3374 3376
3374 3378
3375 3378
3375 3380
3375 3381
3376 3377
3376 3379
3377 3385
3377 3379
3378 3379
3380 3380
3380 3381
3381 3881
3382 3383
3382 3384
3385 3387
3386 3389
3386 3388
3386 3390
3387 3389
3387 3388
3388 3389
3391 3392
3394 3397
3396 3397
3396 3398
3397 3399
3398 3400
3398 3399
3399 3401
3400 3402
3400 3401
3401 3403
3402 3403
3404 3406
3408 3412
3409 3413
3410 3413
3410 3415
3411 3412
3414 3416
3415 3416
3419 3926
3420 3422
3421 3422
3423 3424
3430 3431
3432 3433
3432 3656
3433 3434
3433 3435
3436 3632
3438 3440
3439 3441
3440 3441
3442 3443
3443 3443
3444 3879
3446 3450
3446 3448
3446 3454
3447 3498
3447 3493
3447 3500
3447 3510
3448 3450
3448 3451
3449 3450
3449 3496
3449 3494
3450 3495
3451 3497
3451 3495
3452 3491
3452 3501
3452 3502
3453 3454
3454 3455
3455 3457
3456 3459
3456 3462
3456 3458
3457 3461
3457 3460
3458 3460
3458 3462
3459 3463
3460 3461
3461 3463
3462 3463
3464 3465
3465 3469
3465 3466
3466 3467
3467 3468
3468 3470
3468 3469
3469 3471
3470 3476
3470 3471
3471 3473
3472 3474
3472 3476
3472 3473
3473 3475
3474 3475
3476 3477
3477 3477
3478 3486
3478 3487
3478 3489
3479 3480
3480 3482
3480 3481
3481 3483
3482 3484
3482 3483
3483 3485
3484 3487
3484 3485
3485 3489
3486 3488
3487 3489
3488 3489
3491 3503
3492 3507
3492 3497
3492 3493
3493 3509
3493 3499
3494 3495
3494 3496
3494 3498
3495 3499
3497 3499
3498 3499
3500 3796
3501 3504
3501 3502
3502 3503
3502 3505
3503 3506
3504 3507
3504 3505
3505 3506
3505 3509
3506 3510
3507 3509
3508 3796
3508 3510
3509 3510
3511 3512
3511 3863
3513 3514
3515 3516
3518 3519
3520 3522
3521 3522
3523 3538
3524 3538
3524 3529
3524 3525
3525 3530
3525 3531
3526 3530
3526 3531
3526 3529
3527 3531
3528 3529
3528 3533
3528 3532
3529 3530
3530 3531
3533 3534
3533 3538
3534 3536
3534 3535
3537 3538
3539 3540
3539 3541
3541 3545
3541 3544
3542 3544
3542 3543
3544 3545
3546 3548
3546 3549
3547 3548
3547 3554
3547 3555
3549 3550
3549 3551
3550 3552
3550 3551
3551 3553
3552 3553
3552 3554
3553 3555
3554 3555
3556 3564
3557 3563
3558 3580
3558 3561
3558 3581
3559 3563
3559 3577
3559 3560
3561 3563
3561 3579
3562 3573
3562 3574
3562 3572
3563 3578
3564 3580
3564 3581
3565 3566
3565 3747
3565 3749
3568 3569
3568 3746
3569 3748
3570 3574
3571 3572
3572 3577
3572 3573
3573 3578
3573 3574
3574 3579
3575 3581
3576 3577
3577 3578
3578 3579
3579 3580
3580 3581
3582 3740
3583 3584
3583 3585
3584 3586
3585 3587
3585 3586
3586 3588
3587 3588
3589 3590
3591 3593
3592 3593
3593 3594
3595 3596
3595 3597
3597 3609
3600 3602
3601 3604
3601 3603
3602 3605
3602 3604
3603 3606
3604 3605
3605 3606
3607 3608
3608 3609
3612 3614
3613 3616
3613 3614
3613 3615
3613 3621
3613 3622
3614 3618
3614 3617
3615 3626
3616 3624
3616 3623
3619 3621
3620 3622
3621 3622
3621 3659
3627 3628
3629 3629
3630 3631
3630 3642
3631 3639
3633 3635
3634 3636
3635 3636
3635 3645
3636 3637
3637 3638
3637 3646
3638 3649
3638 3639
3639 3646
3639 3643
3639 3641
3640 3641
3641 3648
3641 3649
3642 3645
3642 3646
3644 3645
3645 3646
3647 3649
3650 3652
3651 3652
3653 3655
3654 3655
3657 3658
3658 3659
3660 3662
3663 3665
3664 3923
3665 3923
3665 3862
3666 3669
3667 3668
3668 3669
3670 3678
3671 3678
3672 3673
3674 3675
3676 3678
3676 3679
3676 3683
3677 3914
3677 3678
3679 3680
3681 3920
3682 3683
3684 3920
3684 3880
3685 3686
3685 3875
3686 3688
3687 3690
3687 3688
3689 3690
3691 3692
3692 3693
3692 3694
3693 3694
3695 3952
3696 3700
3696 3701
3697 3699
3698 3702
3698 3952
3699 3700
3701 3703
3702 3704
3703 3704
3706 3710
3707 3708
3708 3709
3709 3710
3711 3850
3711 3751
3712 3749
3713 3714
3713 3855
3713 3856
3715 3716
3715 3737
3716 3734
3716 3736
3717 3719
3717 3718
3717 3728
3718 3812
3720 3721
3721 3722
3723 3724
3723 3812
3724 3725
3725 3726
3726 3727
3728 3812
3728 3729
3729 3730
3731 3732
3731 3734
3732 3733
3733 3735
3735 3736
3737 3738
3738 3831
3739 3831
3740 3741
3741 3742
3742 3743
3743 3744
3744 3856
3745 3746
3745 3747
3746 3748
3748 3750
3750 3751
3753 3754
3754 3755
3756 3757
3759 3760
3760 3761
3762 3764
3763 3764
3764 3765
3766 3767
3766 3768
3766 3772
3767 3769
3767 3772
3768 3769
3768 3770
3769 3770
3770 3771
3772 3790
3774 3775
3775 3776
3775 3777
3778 3779
3779 3781
3780 3781
3782 3798
3782 3783
3784 3786
3785 3786
3786 3797
3787 3788
3788 3797
3788 3798
3789 3790
3790 3791
3791 3793
3791 3792
3792 3794
3793 3794
3794 3795
3799 3873
3800 3873
3801 3802
3804 3805
3805 3806
3807 3808
3809 3810
3813 3815
3813 3814
3815 3816
3818 3819
3818 3826
3821 3828
3821 3825
3822 3827
3823 3826
3823 3827
3824 3825
3824 3826
3827 3828
3829 3830
3829 3854
3831 3854
3831 3832
3832 3835
3837 3838
3839 3840
3840 3843
3840 3842
3841 3842
3842 3844
3844 3845
3846 3848
3846 3847
3855 3857
3855 3856
3858 3859
3859 3924
3863 3962
3863 3961
3864 3865
3868 3869
3871 3872
3872 3873
3874 3875
3875 3880
3875 3876
3876 3878
3877 3880
3878 3880
3881 3882
3882 3883
3882 3884
3883 3884
3885 3894
3885 3896
3886 3887
3886 3888
3887 3889
3888 3889
3888 3890
3889 3891
3890 3891
3890 3892
3891 3893
3892 3893
3892 3894
3893 3895
3894 3895
3895 3896
3896 3898
3897 3898
3899 3900
3901 3902
3902 3904
3903 3904
3905 3909
3906 3908
3906 3907
3907 3908
3911 3952
3913 3934
3914 3920
3915 3915
3915 3917
3916 3917
3917 3919
3918 3919
3919 3920
3921 3922
3924 3925
3926 3934
3927 3928
3927 3931
3928 3931
3928 3929
3929 3930
3930 3931
3931 3932
3932 3933
3935 3936
3935 3937
3935 3946
3936 3937
3936 3946
3937 3938
3937 3943
3938 3943
3938 3942
3939 3944
3939 3943
3940 3942
3940 3941
3940 3944
3941 3942
3941 3945
3943 3944
3944 3945
3948 3949
3948 3951
3949 3950
3950 3951
3953 3954
3953 3957
3954 3955
3955 3956
3956 3957
3957 3958
3959 3960
3961 3962
3963 3964
