0 3
0 1
0 2778
1 2780
1 26
2 26
2 218
2 555
3 4
3 23
4 253
4 23
5 454
5 11
5 2780
6 2836
6 175
7 2836
7 176
7 220
8 2167
8 9
8 10
9 252
9 2168
10 638
10 640
11 250
12 720
12 13
12 595
13 15
13 720
14 596
14 724
14 4062
15 723
15 16
16 724
16 723
17 742
17 741
17 743
18 747
18 743
18 2230
19 2169
19 2221
19 2170
20 2170
20 21
20 2171
21 32
21 2169
22 33
22 34
22 1953
23 2765
24 392
24 393
24 2765
25 26
25 2780
25 217
27 77
27 3860
27 287
28 29
28 1874
28 2889
28 3284
29 2888
29 2899
30 1985
30 553
30 1979
31 1993
31 1943
32 2713
32 474
33 2173
33 2171
34 2715
34 474
35 1823
35 1826
35 36
36 1824
36 53
36 1822
37 1853
37 1863
37 1851
38 1932
38 549
38 550
39 1945
39 80
39 300
40 2506
40 2601
40 2117
41 2436
41 434
41 430
42 1519
42 2157
42 432
43 2140
43 3936
43 288
44 3968
44 2174
44 2824
45 2153
45 2495
45 2151
45 387
46 1593
47 2569
47 571
47 198
48 2733
48 2657
48 2758
49 2958
49 2957
50 3262
50 3008
50 3010
51 3269
51 1590
51 1592
52 3012
52 3263
52 3013
53 1821
53 1827
54 2442
54 1195
54 55
55 271
55 1194
56 1194
56 382
56 121
57 1052
57 121
57 1195
58 1202
58 1207
58 272
59 2729
59 3808
59 574
60 2296
60 2291
60 2299
61 714
61 286
61 3571
62 4109
63 65
63 2711
63 978
64 65
64 979
64 68
65 66
66 68
66 2711
67 68
67 70
67 69
70 71
71 76
72 73
72 74
72 978
73 979
73 74
74 75
75 76
77 83
78 510
78 1969
78 4085
78 1929
78 4051
79 1945
79 1817
79 80
79 1820
80 1816
80 1821
80 1820
81 2369
81 1664
81 1869
82 3281
82 2008
82 83
83 3280
83 2676
84 2116
84 2506
84 2285
84 1478
85 789
85 2061
85 3995
86 91
86 2837
86 2849
86 2838
87 3348
88 90
89 92
89 90
89 95
90 106
91 106
91 107
92 93
92 106
93 95
93 94
94 95
94 118
94 117
96 2842
96 98
96 107
97 98
97 99
97 2844
98 2841
100 109
100 2850
100 101
101 2844
101 2845
102 2846
103 104
104 112
104 113
104 115
105 114
105 111
105 2850
107 2838
108 109
108 110
109 111
110 111
112 2719
112 115
113 114
113 116
114 116
115 116
117 3858
118 119
119 2094
120 3960
120 2230
120 774
120 2231
121 1052
122 2530
122 176
123 1594
123 2443
123 3617
124 134
124 137
124 243
125 140
125 147
125 130
126 1521
126 136
126 131
127 243
127 132
127 240
128 139
128 132
129 138
129 236
129 228
130 140
130 1503
131 137
131 1529
132 2951
133 140
133 236
133 136
134 135
134 141
135 138
135 137
136 1512
138 141
139 243
141 240
142 1593
142 1597
142 2334
143 145
143 144
143 146
145 147
145 1505
147 1496
148 1911
148 151
148 149
149 153
149 156
150 154
150 156
150 151
151 154
152 1910
152 153
152 1912
153 157
154 1903
155 163
155 156
155 3849
156 157
157 158
158 1919
158 160
158 3851
159 160
159 1913
159 1796
159 1778
160 162
161 165
161 1782
161 2672
161 1778
162 1778
162 1918
163 1894
163 3850
164 2672
164 166
164 2673
166 2663
166 2673
167 168
167 360
167 1800
169 2319
169 2233
169 1767
170 1765
170 2317
170 171
171 2318
171 172
172 2319
172 1767
173 2318
173 2319
173 2317
174 2317
174 1868
174 1867
175 2834
175 176
177 2941
177 2232
177 183
178 1862
178 179
178 1904
179 180
179 4126
180 1768
180 181
181 350
181 1768
182 1904
182 350
182 1770
183 2901
183 1978
184 2183
184 2181
184 2185
185 186
185 1618
185 2183
186 1692
186 298
187 3756
188 2954
188 622
189 1085
189 1105
189 1084
190 3410
190 3409
190 3424
191 3421
192 3421
192 1609
193 1609
194 1609
194 1556
194 195
195 196
195 1610
196 197
196 3427
198 2657
198 2729
199 629
199 626
199 631
200 2583
200 574
200 571
201 972
201 202
201 971
202 969
202 972
203 973
203 971
203 970
204 895
205 881
206 207
207 208
207 836
209 844
210 212
210 215
210 211
211 3310
211 3370
213 216
213 4000
213 3856
214 3310
214 3309
214 3308
215 216
215 901
216 792
217 3749
217 219
218 220
218 3750
219 3749
219 3744
220 3750
221 3750
222 4061
222 727
222 3460
222 739
223 232
223 236
223 224
224 2333
224 232
225 232
225 229
225 1513
226 235
226 2416
226 2770
227 234
227 228
229 237
229 238
230 1618
230 296
230 2416
231 2338
231 2336
231 2337
233 240
233 1541
233 1566
234 1541
234 1575
235 2472
235 2770
237 1503
237 242
238 1659
238 242
239 2471
239 2771
241 1485
241 4026
241 4025
242 2342
243 2365
244 245
244 246
244 919
244 989
247 911
248 389
249 636
249 2315
249 2311
250 554
250 253
251 258
251 2314
251 635
252 255
252 256
253 2674
254 256
254 255
254 625
255 2310
256 631
257 568
258 624
258 635
259 260
259 1474
259 3159
259 261
260 1476
260 2655
260 263
261 2282
261 262
262 2320
262 263
262 1490
263 3151
263 1490
264 265
264 2264
264 267
264 1490
265 266
265 1490
265 268
267 268
267 2277
267 269
268 1494
268 269
269 2266
269 2275
269 2270
270 2439
270 381
270 271
271 1406
271 274
271 2441
271 2439
272 1199
272 273
272 2442
273 274
273 1202
273 2441
274 1212
275 276
275 1215
275 1459
275 1255
276 1239
276 277
277 278
277 1224
277 1212
278 1218
278 1230
279 1228
279 1226
279 1227
280 281
280 1232
280 1230
281 1265
281 1256
281 1278
282 4041
282 1289
282 1299
283 1269
283 4049
283 2902
284 1607
285 286
286 2689
287 1902
287 1806
288 2525
288 1964
289 2328
289 2327
289 2325
289 534
290 551
290 2901
290 2331
291 1978
291 2232
291 2899
292 2800
292 298
292 301
293 3757
293 294
293 3758
294 2802
294 1625
295 3760
295 3761
295 3758
296 2179
296 2426
297 2809
297 2800
297 2810
298 1618
299 301
299 2816
299 2815
300 1816
300 1943
300 2255
301 1630
302 1631
302 1634
302 3097
303 465
303 2121
303 304
304 2688
304 306
305 3742
305 3684
305 3682
305 3685
306 3751
306 465
307 310
308 334
309 323
310 322
310 313
311 338
312 313
313 338
314 315
314 336
314 1549
316 318
317 321
318 332
318 320
319 436
320 335
320 4036
321 324
321 322
322 327
323 330
323 436
325 1528
326 336
326 342
326 2542
328 1549
329 333
329 1534
329 334
330 334
330 435
331 332
332 4036
335 435
335 337
336 337
337 338
339 340
339 1598
339 1596
340 2540
340 2538
341 343
342 1558
342 2543
343 2540
344 2080
344 347
344 349
345 346
345 2080
345 2070
345 2382
346 2070
346 347
348 492
348 2643
348 2644
348 2080
349 2053
349 2080
349 2362
350 1770
351 1795
351 358
351 1815
352 1801
352 2663
352 361
352 360
353 1797
353 356
353 2664
353 361
354 2665
354 357
354 355
354 1805
355 1805
355 2664
355 967
356 1815
356 1812
356 1797
357 2619
357 359
358 360
358 1794
359 2618
359 967
361 1801
362 1579
362 369
362 1584
363 370
363 365
363 1544
364 1492
365 1545
365 423
366 2425
366 368
366 367
367 1579
367 1588
368 1570
368 2424
369 1580
369 1570
370 427
370 413
371 376
371 377
371 3223
372 3228
372 1198
372 1200
373 378
374 3214
374 3215
374 1223
375 377
377 1198
378 379
378 1216
380 384
380 1174
380 984
381 1161
381 383
381 1367
382 1169
382 2440
383 1367
383 2437
383 1363
384 1160
384 1164
385 388
385 386
385 2158
386 1514
386 2343
387 2158
387 2159
388 1510
388 2343
388 2153
389 393
389 390
391 2697
391 2761
391 2694
392 2765
392 2698
394 2641
395 4101
395 771
395 781
395 4102
396 805
397 781
398 1070
399 4101
400 2164
400 401
400 2165
401 1615
401 1614
402 2164
402 2165
402 1132
403 1143
404 965
405 1119
406 1102
407 411
407 409
407 424
408 418
408 415
408 417
409 415
409 412
409 3405
410 427
410 417
410 413
410 1551
411 412
411 425
411 423
412 413
413 415
414 1557
414 3407
414 419
416 419
416 1554
416 1552
417 419
418 420
418 3407
420 3405
420 426
421 422
421 3263
421 3265
421 1584
422 3264
422 3262
423 3403
424 1555
424 3406
426 1571
426 3407
427 1546
428 448
428 4007
428 4008
429 437
429 3121
429 450
429 2436
430 434
430 1467
431 437
431 446
432 1470
432 2157
432 2156
433 2316
433 446
433 1487
434 1464
434 3121
435 4037
436 1527
437 4002
438 4034
439 459
439 4034
439 1538
440 1729
440 1711
440 4006
441 449
441 2599
441 451
442 2597
442 1710
442 445
443 3291
443 3287
443 1716
444 452
445 2595
445 2591
447 2602
448 1714
448 3293
449 2597
449 2591
450 4006
450 451
451 2594
452 2595
452 2598
453 2587
453 2580
453 2574
453 567
455 2890
455 610
455 2940
455 4078
456 610
456 612
457 464
457 463
457 462
458 467
459 460
459 4036
461 2689
462 2690
462 463
463 2064
464 2685
464 2686
465 3681
466 2952
466 2119
466 475
467 469
467 2068
467 2064
468 2118
468 3717
468 3735
469 4059
469 4057
470 3712
470 3716
470 3741
471 473
471 2064
471 4059
472 2714
472 3739
472 2713
473 2052
473 479
473 4058
474 2714
475 476
475 477
477 478
477 2119
477 2071
478 2923
478 2071
478 2120
479 3959
479 2056
480 3948
480 4058
480 3949
481 2067
481 2821
481 3959
482 484
483 2134
483 488
483 2135
484 487
484 3953
485 3958
485 486
485 488
486 489
486 3951
487 489
487 3952
488 490
489 491
490 2136
490 491
491 2528
492 3943
492 2382
492 3945
493 3942
493 3945
493 2522
494 2069
494 497
494 495
495 498
495 496
496 498
496 2079
497 499
497 500
498 501
499 500
499 502
500 501
501 2065
503 504
503 2073
503 2139
504 506
504 2065
505 4051
505 1966
505 2065
505 2521
507 2122
507 2139
507 508
508 4106
508 509
509 1927
509 4107
510 1928
510 1927
510 4051
511 2353
511 2054
511 1959
512 2054
512 518
512 2354
513 2388
513 514
513 515
514 515
514 516
514 2353
514 1959
514 517
515 517
516 520
516 2332
517 2332
519 520
519 2332
519 2355
520 2932
521 524
521 2522
521 1965
522 2524
522 1965
522 523
523 527
523 528
524 525
524 2176
525 2521
525 529
526 2142
526 3937
526 2075
527 2525
527 531
528 531
528 530
529 530
529 2177
530 2515
531 2517
532 2517
532 534
532 533
532 2142
533 535
533 538
534 2325
535 2328
535 546
536 2138
536 537
536 539
537 540
537 539
538 544
538 546
539 1966
540 541
541 542
541 543
542 545
542 544
544 2830
544 1968
546 547
547 551
547 2328
547 2330
548 2444
548 549
548 550
549 3207
550 552
551 2331
551 4094
552 2941
552 553
553 2888
554 555
554 556
555 556
556 557
557 3672
557 2733
557 3669
558 3672
558 3677
558 2767
559 560
559 2547
559 563
560 561
560 563
561 562
561 564
562 573
562 564
563 566
564 565
565 566
565 2577
566 2661
567 568
567 2577
568 2367
568 577
569 3454
570 2578
571 2579
572 579
572 2579
572 2576
573 581
573 575
574 2656
575 2367
575 3240
576 579
576 2571
576 4099
577 3456
577 2368
578 3456
578 2584
578 2572
579 580
580 2584
580 583
581 3241
581 585
582 585
582 697
583 584
583 4084
584 2368
584 2705
585 589
585 2563
586 587
587 588
587 2823
588 593
588 590
589 591
589 594
590 3932
590 2706
591 2225
591 2224
592 594
592 602
592 2549
593 2702
593 599
594 601
595 596
595 603
596 2222
597 598
598 600
598 601
599 602
599 3494
601 607
602 604
603 2222
603 2225
604 3931
604 608
605 2226
605 606
605 2223
606 609
606 2223
607 3929
607 611
608 612
608 2910
608 3932
609 3496
609 614
609 3458
610 4079
611 2744
611 613
612 2554
613 3496
613 2907
613 3501
614 748
614 749
615 2910
615 2554
615 3935
616 2907
616 3935
616 2546
616 2913
617 764
617 2559
617 766
617 767
618 3777
618 619
619 3774
619 620
620 623
620 3775
621 626
622 642
622 663
623 3776
623 629
624 625
624 636
626 631
627 630
627 633
627 634
628 630
629 632
630 633
630 639
632 638
632 3775
633 634
633 639
634 637
634 639
635 636
638 640
639 641
640 641
641 648
641 2450
642 646
642 644
643 2400
643 644
643 645
644 646
645 648
645 649
646 647
647 653
647 651
648 649
649 650
650 652
650 654
651 652
651 653
652 654
653 677
654 655
655 660
655 657
656 679
657 659
657 2291
658 664
658 661
658 665
659 2035
659 2167
660 2292
660 678
662 664
663 677
663 676
664 666
665 666
666 667
667 671
667 668
668 671
668 670
669 676
669 670
669 672
670 672
671 674
672 673
673 674
673 675
674 675
675 711
676 680
677 706
678 2306
678 4096
679 704
679 711
680 707
680 725
681 683
681 2306
682 683
683 684
683 686
685 686
686 689
686 692
687 690
687 693
688 701
690 701
691 692
692 695
692 696
693 712
693 699
694 696
696 698
696 699
697 2309
697 2307
699 703
699 721
700 702
701 702
702 716
703 705
703 3078
705 720
705 2309
706 707
706 708
707 710
708 713
708 709
709 710
709 715
710 719
711 714
712 721
713 718
713 715
714 725
715 719
716 717
716 722
717 718
719 726
721 3078
722 723
722 3078
724 3466
725 728
726 727
726 730
727 737
727 3465
728 733
728 729
729 732
729 733
730 731
730 734
731 732
731 734
732 735
733 746
734 735
735 736
736 740
736 738
737 738
737 739
738 740
739 742
740 741
741 743
742 2683
744 745
745 3752
745 746
746 747
747 2229
748 750
748 749
749 751
750 755
750 752
751 753
751 754
752 753
752 3333
753 754
754 757
755 758
755 3333
756 3499
756 3498
756 757
757 759
758 2289
758 3322
759 761
759 760
760 761
760 3925
760 3336
761 3337
761 3974
762 3336
762 763
762 764
763 769
763 3337
764 768
765 2289
765 3961
765 3807
766 767
766 768
767 771
768 770
769 3338
769 770
770 3339
771 3920
772 773
772 3339
772 3505
773 3924
773 3918
774 775
774 1956
775 3962
775 3961
776 778
777 782
778 780
778 2629
779 2567
779 3913
779 3296
779 3916
780 3913
780 3915
781 785
782 783
782 3863
783 3370
783 792
784 785
784 2707
785 787
786 3370
786 787
786 3308
787 2707
788 3915
788 2668
788 790
789 2132
789 2130
790 2129
790 2131
791 2668
791 3872
791 2670
792 3854
793 3855
793 3854
793 2671
793 2670
794 2131
794 795
794 2133
795 796
795 2133
796 797
796 798
797 3977
797 801
798 813
798 806
799 801
799 800
799 3977
800 802
800 803
801 804
802 805
802 803
803 804
804 806
805 807
806 812
806 807
807 808
808 2115
808 3883
809 813
810 3508
810 2387
810 2887
810 838
811 815
812 816
812 819
813 820
814 815
815 818
816 3881
816 3984
816 819
817 818
818 3051
819 822
820 3051
820 824
821 3878
821 3984
821 3983
822 3983
822 3052
823 3532
823 3533
823 3531
824 826
824 2662
825 835
825 828
825 2616
826 3052
826 3055
827 3524
827 3529
827 3527
827 3526
828 835
828 833
829 3887
829 3064
829 3056
830 3887
830 831
830 839
831 832
831 3888
832 3889
832 842
833 2614
833 840
834 3560
834 3525
834 3565
835 836
836 859
837 839
838 845
838 3076
839 843
841 3060
841 3049
841 3055
841 842
842 849
843 3061
843 3064
844 845
844 3067
844 3065
845 858
846 847
846 850
846 3049
847 3060
847 3536
848 857
848 3513
848 851
848 3061
849 3059
849 3513
850 852
850 862
851 854
851 2023
853 869
853 3568
853 867
853 861
854 3511
854 3510
855 2397
855 856
855 3059
856 857
856 2398
857 2399
858 860
858 3341
859 864
859 873
860 3511
860 2031
861 869
861 3567
861 3522
862 866
862 3048
862 874
863 3518
863 867
863 3520
864 868
865 3566
865 3048
865 870
867 3515
867 3569
869 3515
870 3522
870 880
871 2398
872 2399
873 879
873 2087
875 882
875 3515
875 3569
875 880
875 3519
876 3516
876 877
876 3517
877 3518
877 1871
878 3536
878 886
878 3538
879 2087
880 882
880 3521
881 3341
882 3516
883 884
883 1871
883 3048
884 888
884 885
885 2025
885 1999
886 889
886 3534
886 887
887 2397
888 1884
888 1875
888 1873
889 890
889 1875
890 1811
890 1813
890 1810
890 1812
891 894
891 892
891 1811
893 894
894 1799
895 896
896 972
896 2347
897 898
897 3872
897 2671
898 3853
898 3979
899 4001
899 3911
899 2451
899 3910
900 901
901 3910
901 2452
902 2627
902 905
902 2098
902 2018
902 2626
903 904
904 1475
904 911
905 908
905 906
906 909
906 919
907 908
908 912
909 913
909 982
910 912
911 914
912 914
914 919
915 2666
915 917
915 2854
916 918
917 920
917 922
918 923
918 924
919 930
920 2861
920 2855
921 929
922 925
922 928
924 934
924 2642
924 936
925 929
925 931
926 932
927 2857
927 987
927 2667
929 932
930 986
930 2287
932 936
933 934
934 937
935 941
936 939
937 942
937 944
938 2013
938 941
938 948
939 3248
939 945
940 943
941 943
943 945
945 951
945 953
946 948
947 987
947 2390
947 986
947 1187
948 950
948 953
949 951
951 954
952 956
953 3364
954 956
954 959
955 990
956 957
957 958
957 2636
960 962
960 1019
960 3361
961 961
961 962
962 963
963 2639
963 1062
964 2769
964 2345
964 965
965 2345
965 966
966 1102
966 2345
967 2717
968 2832
968 2722
968 2833
969 2833
969 970
970 2832
971 973
973 974
974 4109
974 4111
975 976
975 2718
975 4109
976 980
976 3369
977 3345
977 2708
977 2709
978 2710
978 979
980 3349
980 982
981 2666
981 984
981 2857
981 2094
982 983
982 2848
983 985
983 984
984 987
985 3242
985 989
986 3242
988 1159
988 989
988 1160
990 2014
990 999
991 1005
991 1175
991 1177
992 4086
992 995
992 997
993 994
993 1002
993 1177
994 996
994 1179
995 1003
995 999
996 1013
996 1020
997 998
997 1000
998 1001
998 1009
999 1008
999 2590
1000 1004
1000 1003
1001 1007
1001 1004
1002 1013
1002 1006
1003 1010
1004 1009
1005 1028
1005 1030
1008 1014
1008 1011
1009 1010
1010 1021
1011 1014
1011 1012
1012 1017
1012 1019
1013 1015
1014 1016
1015 1026
1015 1023
1016 1022
1016 3366
1017 1018
1017 3366
1018 1019
1018 3367
1020 1036
1020 2822
1021 4116
1021 1025
1022 1024
1022 3367
1024 1032
1024 3356
1025 2390
1025 1029
1026 2822
1026 1028
1027 1191
1027 1029
1027 1193
1028 1064
1029 1193
1030 1039
1030 1192
1030 1193
1031 1038
1031 1043
1031 4114
1032 1033
1032 2589
1033 3355
1033 3353
1034 2822
1034 1047
1034 1045
1035 1042
1036 1041
1036 1037
1038 1042
1038 4116
1039 1051
1039 1193
1039 1065
1040 1043
1040 2589
1040 3352
1042 1044
1043 1054
1044 1048
1044 1050
1045 1046
1045 1059
1047 1049
1047 1055
1050 2288
1050 1066
1050 1051
1051 1058
1052 1053
1053 1055
1053 1083
1054 1068
1054 1060
1055 1056
1056 1083
1056 1057
1057 1085
1057 1059
1058 1063
1058 2288
1059 1061
1060 1068
1060 1611
1061 1092
1061 1064
1062 1070
1062 2769
1063 2288
1063 1069
1064 1067
1065 1074
1065 1069
1065 1073
1066 1089
1066 1086
1067 1075
1067 1077
1068 1072
1069 1071
1070 3661
1070 3662
1071 1073
1071 1079
1073 1079
1073 1074
1074 1076
1075 1078
1075 1094
1076 1077
1076 1078
1077 1078
1079 1100
1080 1082
1080 3663
1080 3661
1081 1087
1082 3659
1082 1106
1083 1084
1084 1085
1086 1087
1086 1113
1087 1098
1088 1098
1089 1090
1089 2161
1090 1099
1090 1114
1091 1092
1092 1093
1094 1095
1094 1096
1095 1104
1095 1097
1098 1100
1099 2380
1099 1123
1100 1107
1101 1105
1102 3664
1103 1108
1104 1108
1105 1110
1106 1611
1106 2095
1107 1113
1107 1109
1108 1110
1110 1111
1110 1118
1111 1112
1111 1214
1111 1199
1112 1205
1112 1456
1112 1458
1113 1116
1114 1126
1114 2163
1115 1117
1116 1119
1116 1117
1117 1121
1118 1120
1119 1123
1120 1122
1122 1125
1122 1127
1123 1131
1124 1125
1124 1129
1124 1253
1125 1128
1126 1143
1126 1133
1128 1130
1128 1129
1129 1131
1131 1134
1132 1133
1132 1137
1133 1137
1134 1135
1134 1136
1137 1143
1138 1141
1138 1144
1138 1139
1139 1140
1139 2774
1140 1145
1140 1142
1142 1153
1142 1144
1144 1146
1144 1150
1146 1155
1146 1148
1147 1150
1148 1149
1148 1154
1149 1149
1150 1152
1151 1156
1151 2775
1151 2777
1157 1363
1157 1348
1157 1158
1157 1515
1158 1518
1158 1159
1159 1160
1161 1162
1161 1363
1162 1167
1162 1166
1163 1172
1164 1168
1164 1170
1165 1186
1166 1169
1166 2440
1167 2440
1167 1194
1167 2439
1168 1170
1168 1169
1170 1179
1171 1172
1171 1180
1171 1173
1172 1176
1173 1180
1173 1183
1174 1177
1174 1175
1175 1176
1176 1181
1178 1179
1180 1184
1182 1183
1183 1185
1184 4112
1184 1185
1185 1186
1186 1187
1186 4063
1187 1188
1187 1190
1189 4063
1189 1190
1189 1192
1190 1191
1191 1192
1195 1199
1196 3286
1196 1197
1197 3218
1197 3228
1198 1201
1198 3228
1199 1456
1200 3223
1200 1449
1200 3216
1201 3229
1201 1203
1202 1209
1202 1211
1203 1220
1203 1206
1204 1212
1204 3229
1204 1213
1205 1456
1205 1207
1205 1458
1206 1220
1206 1208
1207 1209
1207 1460
1208 1219
1208 1210
1209 1459
1209 1211
1210 1217
1210 1213
1211 1457
1212 1457
1213 1217
1214 1215
1214 1458
1214 1253
1215 1254
1215 1460
1216 1222
1216 3212
1216 3223
1217 1219
1219 1220
1221 1223
1222 1223
1222 1226
1224 1235
1224 1229
1224 1231
1225 1227
1226 1234
1227 1228
1228 1238
1229 1236
1229 1235
1230 1232
1230 1236
1231 1235
1231 1239
1232 1233
1233 1256
1233 1234
1234 1237
1235 1247
1236 1246
1237 1238
1237 1240
1238 1241
1238 1242
1239 1257
1240 1241
1240 1243
1241 1242
1241 1244
1242 1274
1243 1244
1243 1248
1244 1249
1244 1245
1246 1252
1246 1247
1247 1250
1248 1249
1248 1258
1249 1260
1249 1251
1250 1259
1250 1261
1252 1263
1252 1261
1253 1254
1253 2773
1254 1255
1254 1298
1255 1257
1255 4050
1256 1277
1257 4048
1257 4049
1258 1266
1258 1260
1259 4048
1259 1262
1260 1267
1260 1264
1261 1262
1262 1269
1262 4047
1263 1265
1263 4043
1265 1279
1266 1267
1266 1270
1267 1268
1267 1271
1269 4045
1270 1271
1270 1273
1271 1273
1271 1272
1273 1275
1275 1276
1275 1282
1276 1283
1276 1280
1277 1295
1277 1278
1278 1279
1278 4041
1279 1289
1280 1281
1280 1605
1281 1607
1281 1605
1282 1283
1282 1285
1283 1286
1284 4044
1284 1292
1285 1286
1285 1287
1286 1288
1287 1288
1287 1290
1288 1291
1289 1292
1290 1291
1290 1293
1291 1294
1292 1303
1293 1294
1293 1296
1294 1297
1295 1312
1295 4041
1296 1297
1296 1301
1297 1302
1298 1300
1298 2773
1299 1304
1299 1305
1300 1313
1300 4050
1300 2775
1301 1302
1301 1307
1301 1306
1302 1308
1303 2902
1303 1305
1304 1305
1304 1312
1306 1307
1306 1309
1307 1308
1307 1310
1308 1311
1309 1316
1309 1310
1310 1316
1310 1311
1311 1316
1312 1317
1312 1314
1313 1318
1313 1314
1313 2902
1314 1315
1315 1317
1316 1616
1318 2817
1318 1319
1320 1320
1320 1324
1321 1323
1322 1326
1323 1324
1323 4010
1324 1325
1325 1477
1325 1499
1326 4010
1326 2438
1327 1328
1328 1329
1328 1499
1330 1331
1330 4033
1330 4014
1331 1332
1331 4014
1332 4017
1332 1334
1333 4033
1333 2600
1333 1338
1334 4020
1334 4021
1335 4021
1335 1336
1335 1339
1336 1337
1336 4020
1337 1342
1337 1341
1338 4016
1338 4017
1339 1350
1339 1340
1340 1344
1340 1346
1341 1344
1341 1342
1342 4019
1343 1347
1344 1346
1345 1352
1346 1351
1347 1349
1347 4019
1348 2436
1348 1363
1349 1355
1349 1354
1351 1353
1351 4019
1352 2438
1352 1371
1353 4022
1353 1360
1354 1358
1354 1359
1355 4022
1355 4023
1356 1359
1357 1368
1358 1365
1358 4023
1359 1362
1361 4022
1361 1373
1361 1369
1362 1366
1362 4024
1364 4023
1365 4024
1365 1372
1366 1370
1367 1368
1368 1371
1370 1375
1371 1379
1373 1381
1373 1380
1374 1374
1374 1377
1375 1377
1375 1378
1376 1379
1377 1525
1378 4024
1378 1382
1379 1384
1381 1382
1381 1385
1382 1391
1383 1384
1384 1386
1386 1387
1386 1392
1388 1389
1389 1390
1389 1393
1390 1391
1390 1396
1390 3543
1391 3543
1392 1394
1392 1397
1395 3543
1395 1399
1395 2376
1397 1398
1397 1400
1399 1401
1399 2379
1400 1401
1400 1402
1401 1404
1403 2395
1403 2241
1403 1404
1404 1405
1405 1406
1405 1411
1406 1409
1407 1410
1408 2395
1408 1412
1408 2544
1409 1410
1409 1423
1410 1411
1411 1421
1411 3221
1412 2544
1412 1418
1413 1430
1413 2544
1413 1421
1414 1416
1415 1417
1416 1417
1416 1429
1417 1422
1417 1418
1418 1419
1419 1420
1419 1437
1420 1426
1420 1427
1421 1433
1424 1431
1425 1434
1427 1447
1427 1437
1428 1429
1429 2950
1430 1440
1430 1436
1431 1435
1431 1432
1432 1436
1432 1441
1433 3217
1433 1434
1434 1435
1435 1443
1436 1440
1436 1441
1437 1438
1438 1447
1438 2950
1439 2950
1439 1442
1440 1442
1440 3225
1441 1443
1441 3226
1443 1450
1444 1446
1445 1446
1446 1447
1447 3224
1448 1452
1448 1596
1448 1598
1449 3217
1449 3228
1449 3227
1450 3227
1450 1451
1452 1453
1452 3224
1453 3215
1453 1455
1454 3216
1454 3226
1454 1455
1455 3225
1455 3214
1457 1459
1459 1460
1461 2098
1461 1746
1461 2625
1462 1760
1462 1471
1462 1758
1463 1466
1463 2117
1463 1464
1464 1467
1465 2116
1465 2155
1465 1468
1466 1468
1466 1467
1466 2116
1467 1469
1468 1470
1468 1469
1469 2437
1469 1477
1470 1477
1471 1489
1471 1486
1472 3126
1472 1474
1472 3131
1473 4025
1473 2471
1473 1482
1474 1476
1474 2501
1475 2107
1475 2606
1476 2655
1476 3125
1478 1479
1478 3233
1479 2611
1479 1483
1479 2285
1479 3233
1480 3160
1481 1482
1482 1484
1483 3233
1483 2278
1484 1485
1484 4028
1485 4027
1486 2607
1486 3556
1487 1492
1488 2334
1488 1496
1488 2770
1489 3287
1489 1507
1490 2276
1490 1491
1491 2279
1491 3151
1493 3146
1493 3133
1493 3148
1494 2280
1494 3165
1495 1497
1496 1505
1497 1500
1497 1498
1498 1516
1498 3556
1498 3555
1499 1502
1501 3175
1501 3204
1501 3191
1502 4032
1502 2448
1503 1513
1504 3842
1504 1506
1504 3841
1504 2270
1505 1512
1506 1508
1506 3844
1506 3168
1507 1516
1507 1515
1508 2274
1508 3398
1509 1513
1510 2343
1510 1659
1511 2154
1511 2427
1511 2265
1512 1521
1514 2344
1514 2160
1515 1518
1516 1518
1517 2160
1517 2344
1517 3197
1517 2497
1519 3438
1519 1523
1520 1524
1521 1529
1522 3203
1522 3201
1522 3202
1522 2652
1523 1527
1523 2449
1524 3274
1524 3203
1525 2448
1525 1526
1525 1528
1526 2445
1526 1527
1527 1538
1528 1534
1529 1531
1529 1533
1530 2648
1530 1532
1530 2652
1531 1533
1531 2334
1531 3423
1532 1535
1532 1542
1533 1539
1533 2365
1534 2371
1535 2646
1535 1544
1535 2650
1536 2428
1536 2646
1536 1537
1536 2432
1537 2422
1537 2429
1537 2431
1538 2422
1539 1591
1539 1553
1540 1542
1540 2497
1540 1560
1541 1566
1542 1546
1543 2242
1544 1545
1545 3404
1546 1551
1547 3541
1547 2241
1547 2242
1548 3404
1548 2432
1548 1555
1549 1550
1550 3541
1550 1558
1551 1552
1552 1554
1553 2365
1553 1561
1554 1557
1555 3403
1556 3422
1556 3424
1557 3408
1558 1596
1559 1563
1559 2757
1559 1560
1559 2344
1560 1574
1560 1564
1561 2951
1561 1591
1562 2424
1562 2433
1562 2425
1563 1569
1563 1564
1564 1568
1565 1570
1565 3406
1565 1571
1566 1575
1567 1572
1567 2757
1567 3610
1568 1574
1568 1582
1569 1572
1569 2184
1571 1573
1572 1577
1572 1576
1573 1580
1573 3408
1574 1581
1574 1580
1575 4039
1576 3613
1576 1577
1577 3611
1577 2184
1578 3612
1578 3613
1578 4040
1579 1588
1580 1584
1581 1584
1581 1589
1581 1582
1582 1585
1583 1587
1583 1585
1583 2184
1585 1589
1586 3609
1586 4040
1586 3615
1587 1589
1587 3611
1588 1590
1590 1592
1591 2366
1592 1595
1593 3422
1594 2366
1595 1606
1595 3267
1598 1605
1599 1604
1599 1600
1599 1603
1600 1601
1600 1604
1601 3652
1601 3604
1602 1603
1602 3628
1602 3606
1603 1604
1606 2958
1608 2166
1611 1612
1612 2394
1612 4119
1613 4121
1613 4123
1613 2166
1613 4119
1614 2609
1614 2163
1616 1617
1618 1629
1619 1620
1619 1621
1619 1694
1620 3771
1620 1696
1622 2456
1622 3771
1622 3769
1623 1707
1623 1625
1623 1706
1624 3769
1624 3250
1624 3770
1625 2725
1625 3188
1626 3794
1627 3113
1628 3794
1628 3795
1628 2724
1629 2418
1629 2096
1630 2417
1630 2949
1631 2417
1631 1633
1631 1634
1631 1632
1631 2096
1632 2949
1632 3111
1633 2470
1633 2418
1634 3088
1635 3111
1635 3576
1635 3189
1636 2458
1636 3099
1636 3086
1637 3787
1637 3788
1637 3795
1638 3189
1638 1640
1638 3188
1638 3187
1639 1640
1639 3189
1639 3815
1639 2458
1640 1641
1640 3186
1640 3814
1640 3815
1641 3110
1641 3814
1641 3815
1642 2529
1642 3187
1642 3788
1642 3799
1643 1646
1643 2794
1643 2529
1644 3096
1644 3097
1644 1647
1645 3799
1645 1752
1645 2419
1646 1648
1646 1650
1647 1649
1647 2469
1648 2420
1648 1663
1648 1752
1649 1651
1650 1663
1650 3190
1651 2498
1652 2771
1652 1656
1652 2470
1653 3829
1653 3830
1653 2466
1653 1655
1654 2499
1654 2465
1654 2151
1655 3828
1655 3019
1656 4026
1656 2153
1656 2151
1657 3181
1657 3822
1657 3179
1658 3176
1658 2159
1658 1660
1659 2333
1660 3197
1660 1661
1661 2159
1661 2160
1662 4038
1662 4039
1662 3610
1663 2601
1664 1834
1664 1670
1665 2178
1665 2322
1665 1666
1666 1835
1666 1674
1667 1835
1667 1680
1667 1678
1668 1671
1668 1672
1668 1769
1669 2233
1669 1771
1669 2208
1670 1677
1670 2369
1671 1673
1671 3082
1672 1675
1672 1673
1673 1688
1674 1676
1674 1689
1675 2208
1675 1684
1676 1835
1676 1679
1677 1678
1677 1681
1678 1681
1679 1680
1679 1686
1680 1682
1681 1686
1683 1684
1683 4088
1683 1685
1684 2404
1684 1685
1685 4004
1686 1691
1687 1690
1688 1693
1688 4124
1689 1695
1689 1690
1689 2182
1690 1691
1691 1697
1692 1694
1692 2185
1693 2681
1693 2032
1694 1696
1695 2185
1695 2457
1696 2456
1697 1699
1698 2681
1698 1702
1698 1704
1699 1700
1700 1701
1700 2457
1700 3249
1701 3250
1701 2456
1702 1703
1702 1704
1703 3249
1703 1705
1704 2219
1705 1706
1705 3250
1706 1707
1707 1720
1708 4004
1708 2215
1708 2406
1708 2214
1708 2408
1709 2213
1709 3802
1710 1729
1710 3802
1711 1712
1711 1730
1711 1715
1711 1753
1712 1713
1712 1716
1713 1714
1713 1717
1714 4029
1714 1717
1715 1757
1715 1716
1716 1717
1718 3806
1718 1719
1718 1917
1720 2219
1720 1721
1721 3443
1721 2219
1722 3812
1722 3046
1722 1926
1722 3047
1723 1726
1723 3812
1723 1724
1725 1728
1725 1926
1725 1790
1726 1730
1726 2944
1727 2411
1727 2212
1727 2213
1728 1730
1728 1735
1729 3805
1731 1735
1731 1790
1731 1738
1732 1733
1732 2622
1732 4090
1733 1746
1733 2623
1734 2623
1734 1736
1734 2622
1735 1750
1735 1738
1737 1743
1738 1744
1739 1745
1740 1741
1741 1747
1741 1744
1742 1743
1742 1749
1742 1745
1743 2624
1744 1755
1745 1747
1746 2624
1747 1751
1748 2419
1748 3790
1748 1752
1750 2239
1750 2238
1752 2419
1752 2420
1753 1757
1753 2239
1754 1755
1754 1763
1754 1761
1755 2236
1756 2238
1756 1759
1756 1762
1757 1758
1758 1760
1759 1762
1759 1760
1762 2237
1764 2237
1764 2103
1764 2102
1765 1867
1765 1767
1765 1848
1765 3278
1766 1866
1766 2403
1766 1869
1766 1868
1767 1768
1769 1771
1769 2403
1770 3819
1771 2233
1772 1921
1772 1773
1772 1779
1773 1780
1773 1774
1774 1782
1774 1785
1775 1776
1776 2620
1776 1788
1777 1787
1777 1790
1777 1788
1778 1779
1779 1780
1780 1781
1781 1783
1781 1782
1782 4052
1784 1785
1784 1786
1784 4052
1785 1787
1786 1787
1786 1788
1789 2621
1789 4090
1789 2618
1789 2620
1791 2716
1791 1796
1791 1908
1792 1796
1793 1798
1793 1794
1793 2716
1794 1795
1795 1814
1797 1799
1798 1800
1798 1802
1800 2721
1801 1803
1803 2663
1803 1804
1804 1805
1804 2664
1806 1895
1806 1883
1807 1809
1808 3540
1808 1899
1808 1884
1809 1810
1809 1889
1810 1813
1811 1812
1813 1814
1814 1815
1816 2364
1817 1818
1817 1840
1818 1819
1818 1822
1819 1832
1819 3453
1820 1822
1820 1821
1822 1823
1823 3453
1824 1825
1824 1828
1825 1829
1825 1826
1826 1830
1827 2322
1827 1828
1828 1829
1829 1830
1830 3444
1831 1839
1831 1832
1831 1840
1832 1833
1833 3452
1833 1849
1834 1853
1834 1869
1834 1854
1835 3444
1836 1950
1836 1841
1836 1952
1837 1838
1837 1839
1837 2003
1838 1841
1838 1843
1839 1845
1840 1949
1841 1842
1842 1844
1842 1847
1843 1870
1843 1845
1844 2007
1844 1846
1845 1849
1846 1847
1846 1852
1847 1851
1848 2015
1848 2010
1848 3280
1848 2005
1848 3281
1849 1850
1850 1870
1850 1853
1851 1870
1852 1864
1852 2402
1852 2401
1853 1854
1854 3452
1855 3276
1855 1857
1855 2676
1855 1860
1856 2401
1856 2010
1856 1867
1857 1859
1857 2617
1858 2617
1858 1859
1859 1865
1860 3277
1860 1865
1860 1862
1861 1868
1861 1864
1861 2402
1862 3278
1863 1869
1863 1866
1864 1866
1865 3847
1871 1872
1872 2645
1872 1874
1873 2645
1873 1879
1874 2110
1874 1876
1875 2904
1876 2114
1876 1880
1877 1878
1877 1879
1877 2112
1878 1882
1878 2114
1879 1884
1879 1887
1880 1883
1880 1881
1881 1885
1881 1882
1883 1885
1884 1888
1885 1894
1886 1888
1887 1894
1887 3540
1888 1890
1889 2903
1889 1890
1890 1907
1890 1899
1891 1893
1892 1893
1892 1973
1892 1974
1893 2900
1895 1896
1896 4072
1897 4072
1898 3850
1898 1902
1898 1900
1898 4072
1899 1907
1900 1901
1900 3849
1902 1903
1903 1906
1903 3848
1904 2732
1905 2732
1905 1906
1905 1909
1907 1908
1908 1913
1910 1912
1910 1911
1911 1914
1912 1919
1913 1918
1914 1917
1914 1916
1915 2892
1915 1916
1915 1920
1916 3081
1917 3819
1918 1921
1919 1921
1920 1922
1920 1923
1921 1922
1922 1923
1923 1925
1924 3046
1924 3080
1924 1925
1924 2897
1925 1926
1927 1928
1928 2255
1928 1931
1929 1933
1929 1930
1930 1931
1930 1935
1931 1936
1932 1933
1932 3446
1933 1934
1934 1935
1934 1937
1935 1975
1936 1938
1936 1939
1937 1976
1937 2728
1938 1975
1938 1940
1938 2604
1939 1940
1939 2256
1940 1993
1940 1941
1941 1947
1941 1944
1942 1944
1942 1981
1942 1988
1943 2256
1943 1945
1944 1990
1945 1949
1946 1948
1946 1950
1946 1990
1947 1993
1947 1950
1948 1951
1948 1952
1949 1998
1949 2003
1952 2007
1953 2715
1953 2827
1953 2077
1954 2825
1954 2055
1954 2715
1955 3998
1955 3970
1955 3971
1956 2220
1956 3964
1956 3965
1957 2078
1957 2927
1957 2057
1958 2936
1958 3987
1958 3970
1959 2077
1959 2934
1959 1960
1960 3938
1960 3936
1961 2135
1961 1962
1961 2134
1961 2931
1962 1963
1962 2055
1963 2175
1963 2136
1964 2077
1964 2524
1965 2175
1966 1967
1966 1969
1967 4055
1967 2514
1968 1970
1968 2444
1969 2514
1971 1972
1971 1973
1972 1974
1973 2149
1974 2207
1975 1977
1976 3445
1977 1979
1977 3445
1978 2900
1979 1983
1979 3448
1980 2604
1980 2675
1980 1982
1982 1984
1982 1986
1983 1987
1983 1985
1983 2604
1984 1986
1984 1987
1985 1991
1986 1988
1987 2000
1988 1989
1989 1995
1989 1992
1990 1994
1991 2889
1991 1996
1992 1994
1992 1997
1993 1998
1994 1997
1995 1997
1995 2000
1996 2001
1996 2002
1998 2003
1999 3534
1999 2004
2000 2002
2000 2009
2001 2005
2001 3283
2002 2005
2005 3282
2006 3283
2006 3284
2006 2008
2007 2009
2008 3282
2009 2010
2011 2012
2011 2855
2011 2013
2012 2014
2012 2667
2013 2014
2015 3279
2016 2349
2016 2351
2016 2352
2017 2236
2017 2104
2017 2099
2018 2101
2018 2235
2019 2244
2019 2346
2019 2348
2020 2350
2020 2244
2020 3783
2021 2029
2021 2031
2021 2030
2022 2025
2023 2030
2023 2027
2024 2031
2025 2028
2026 2030
2032 2404
2033 2036
2034 2039
2035 2036
2035 2041
2036 2045
2037 2041
2038 2044
2038 2042
2038 2047
2039 2042
2039 2043
2040 2042
2041 2046
2045 2047
2048 3486
2048 3071
2048 3070
2049 2362
2049 2531
2049 2053
2049 2086
2050 2058
2050 3683
2050 3684
2051 2078
2051 2063
2051 2057
2051 2058
2052 2686
2052 2064
2052 2056
2053 2082
2054 2354
2055 2074
2055 2077
2056 2063
2056 2916
2057 2074
2057 3686
2058 2063
2059 2930
2059 2074
2059 2926
2060 2245
2060 3985
2060 2240
2061 3996
2061 2127
2062 3994
2062 3992
2062 3996
2063 2067
2066 2919
2066 2712
2066 2952
2067 2078
2067 2927
2068 2072
2068 2085
2068 2678
2069 2079
2069 2073
2070 2081
2070 2083
2071 2916
2072 4056
2072 2081
2073 2532
2075 2354
2075 2932
2076 3691
2079 2643
2081 2085
2083 2085
2083 2084
2085 2677
2086 2677
2086 2678
2087 2088
2089 2091
2089 2092
2089 2090
2090 2091
2090 2093
2091 2093
2091 2092
2092 2094
2092 2093
2094 3349
2095 2534
2096 2418
2096 2417
2097 3368
2098 2626
2099 2104
2099 2101
2100 2106
2100 2107
2100 2108
2101 2627
2101 2105
2102 2103
2102 2104
2103 2108
2105 2235
2105 2106
2106 2234
2107 2234
2108 2605
2109 2110
2110 2112
2111 2112
2113 2114
2115 3877
2115 3876
2116 2117
2117 2421
2118 3681
2118 2121
2119 2120
2120 2922
2120 2712
2121 2952
2121 3681
2122 2123
2122 2139
2123 3692
2123 2190
2124 2214
2124 2216
2124 2126
2125 2210
2125 2217
2125 4068
2126 2210
2126 2411
2127 2240
2127 2128
2128 2388
2128 2245
2129 2130
2129 2131
2130 2132
2132 2133
2134 2928
2135 2136
2136 3947
2137 2518
2137 2138
2140 3937
2140 2141
2141 2142
2141 2525
2143 2144
2143 2147
2144 2145
2144 4076
2146 4073
2146 2148
2146 2147
2147 2149
2147 2257
2149 2207
2150 2363
2150 2426
2150 2258
2151 2152
2152 2465
2152 2464
2153 2158
2154 2155
2154 2429
2154 2427
2155 2156
2155 2430
2156 2157
2161 2608
2162 4114
2162 2163
2162 2609
2163 2608
2164 2165
2166 4114
2167 3068
2167 3070
2168 2313
2168 3068
2168 3069
2169 2828
2169 2170
2170 2829
2171 2172
2172 2173
2172 2829
2172 2174
2173 2174
2173 2827
2175 2523
2175 2524
2176 2522
2176 2521
2176 3944
2177 2521
2177 2520
2177 2518
2178 2179
2178 2180
2179 2180
2179 2183
2180 2182
2180 2181
2181 2182
2186 2198
2187 2198
2188 2189
2188 2258
2188 2190
2189 2248
2189 2258
2190 2363
2191 2247
2192 2197
2192 2194
2192 2251
2192 2195
2193 2194
2194 2248
2194 2250
2196 2197
2197 2253
2197 2252
2198 3692
2199 2200
2200 2202
2200 2201
2202 2203
2202 2204
2202 2205
2205 2206
2205 2207
2208 4088
2209 2212
2209 2211
2209 2413
2210 2413
2211 2415
2211 2259
2211 2212
2211 2414
2212 2213
2213 4003
2213 2415
2214 2215
2214 2408
2214 2410
2215 2216
2215 2406
2216 2217
2217 2218
2218 4069
2218 4068
2218 2406
2220 3965
2220 3968
2221 2229
2221 2829
2221 2828
2222 2223
2224 2225
2224 2226
2226 4070
2227 2739
2227 2741
2227 2738
2228 4070
2228 2751
2228 2753
2228 2755
2229 3960
2230 2231
2231 3960
2232 2898
2234 2235
2236 2237
2238 2239
2240 2245
2241 2243
2242 2243
2243 2371
2244 3784
2246 2247
2247 2253
2248 2249
2253 2254
2255 2256
2255 2364
2259 3790
2259 3797
2260 3270
2260 2321
2260 2262
2261 3402
2261 2272
2261 3844
2261 2321
2262 2273
2262 3275
2263 3169
2263 3168
2263 3275
2264 2276
2264 2277
2265 2275
2265 3161
2266 3846
2266 2277
2267 2462
2267 3846
2267 2513
2268 2270
2268 2275
2268 3842
2269 2270
2271 2272
2271 2321
2271 3270
2272 3398
2273 3402
2273 2321
2274 3393
2274 3842
2275 2280
2276 2511
2276 2283
2278 3145
2278 3161
2279 3167
2279 3165
2280 2281
2282 2320
2282 3153
2283 2508
2283 2320
2284 3182
2284 2509
2284 2508
2285 2948
2286 3378
2286 2500
2286 3124
2286 2593
2289 2290
2290 3972
2291 2300
2291 2297
2292 2304
2292 2305
2293 2294
2293 2296
2294 2297
2294 2295
2296 2297
2297 2298
2299 2300
2299 2302
2300 2303
2300 2301
2302 2303
2302 2304
2303 2305
2304 2305
2306 4098
2307 3489
2307 2308
2308 2309
2308 2308
2310 2311
2311 2312
2312 2313
2312 2315
2313 2314
2314 2315
2316 4008
2316 4007
2317 2318
2318 2319
2320 2508
2322 2426
2322 3444
2323 2890
2323 2324
2324 2324
2325 2326
2325 2358
2326 2327
2326 2359
2327 2329
2328 2329
2329 2330
2330 2331
2332 2356
2333 4038
2333 3172
2335 2337
2335 2336
2335 4028
2336 4027
2337 2338
2338 2341
2339 2341
2340 2342
2341 2342
2343 3172
2344 3172
2346 4009
2346 2348
2347 3783
2347 3784
2348 2349
2349 2350
2350 2351
2351 2352
2351 3782
2353 2354
2355 2356
2355 2358
2355 2932
2356 2357
2356 2359
2357 2360
2358 2359
2359 2360
2361 2410
2361 2411
2361 4003
2362 2532
2363 2364
2365 2951
2366 2951
2366 2443
2367 2699
2368 3235
2369 4124
2370 2372
2370 2373
2371 2374
2372 2373
2373 2375
2374 2375
2374 2377
2375 2377
2376 2378
2376 2379
2377 2379
2381 2382
2383 2384
2383 2385
2383 3873
2384 2615
2384 2386
2385 2387
2385 2386
2386 2616
2387 3873
2388 2389
2390 4086
2391 3284
2392 3206
2392 3355
2392 2393
2395 2396
2397 2398
2398 2399
2401 2402
2403 3082
2404 4104
2405 3786
2405 3443
2405 2407
2407 2409
2407 3786
2407 3785
2408 4005
2408 2410
2409 2412
2409 4068
2411 2413
2412 2413
2412 2414
2414 3798
2415 2421
2416 2418
2417 2949
2420 2421
2422 2430
2422 2423
2423 2431
2423 2434
2423 2435
2424 2425
2425 2434
2427 3383
2428 3273
2428 2429
2429 2430
2431 2433
2432 2433
2433 2434
2436 2437
2437 2947
2438 2947
2441 2442
2443 3624
2444 2447
2445 3442
2445 3441
2446 3441
2446 2448
2446 3440
2449 3439
2449 3442
2451 3909
2451 3852
2452 4083
2452 3909
2453 2454
2453 2815
2454 2816
2455 3762
2455 2804
2455 3761
2456 2457
2458 2459
2459 2461
2459 2460
2459 3109
2462 3824
2462 3173
2463 3020
2463 3022
2463 3016
2464 3825
2464 3016
2464 3824
2465 2481
2465 2482
2466 3024
2466 3833
2467 3107
2467 2468
2467 3041
2468 2473
2468 2476
2469 2470
2469 2498
2469 2499
2470 2472
2472 2771
2473 3021
2473 2475
2473 3023
2474 2475
2475 2476
2475 2480
2476 2477
2476 2479
2477 2478
2477 3015
2478 2479
2478 2484
2479 2485
2479 2480
2480 2486
2480 2905
2481 2905
2481 2492
2482 2483
2482 2498
2483 2489
2483 2906
2484 2485
2484 2487
2485 2488
2485 2486
2486 2490
2486 2491
2487 2488
2487 2489
2488 2489
2488 2490
2489 2490
2490 2491
2491 2905
2492 3022
2492 3021
2492 3016
2493 3041
2493 3833
2493 2494
2494 3830
2494 3045
2495 3176
2495 3205
2495 3845
2496 3205
2497 3202
2498 2499
2500 2501
2500 2502
2500 3125
2501 2505
2501 3832
2502 2503
2502 2505
2502 2593
2503 2799
2503 2789
2504 2948
2504 2593
2504 2506
2504 3123
2505 2603
2507 3151
2507 3132
2507 3134
2507 3146
2508 2509
2509 2512
2510 2511
2511 2512
2512 3826
2513 3825
2513 3826
2513 3181
2514 4054
2514 4085
2515 2516
2515 2520
2516 2517
2516 2519
2518 2520
2522 2523
2523 3947
2523 2526
2524 2525
2526 3947
2526 2527
2527 3940
2527 3942
2528 3939
2528 3940
2529 2795
2529 3186
2531 2532
2531 3692
2533 2534
2535 2537
2536 2541
2537 2539
2537 2541
2538 2543
2538 2542
2540 2541
2542 2543
2545 2560
2545 2915
2545 2913
2546 2915
2546 2565
2547 3667
2547 2557
2548 2554
2550 2658
2550 2569
2550 2661
2551 2555
2552 2562
2552 3927
2552 2556
2553 2557
2555 2563
2555 2561
2556 3500
2556 2562
2557 2658
2558 3745
2558 3749
2558 3748
2559 2566
2559 2915
2560 3975
2560 2560
2562 3501
2563 3494
2564 3976
2566 3975
2566 3976
2567 3867
2567 2568
2569 2573
2569 2660
2570 2585
2571 2578
2571 2582
2572 3454
2572 2582
2573 2575
2573 2579
2574 2586
2574 2659
2575 2585
2575 2586
2576 2585
2576 2587
2577 2659
2578 2580
2579 2581
2580 2582
2581 4084
2581 2583
2582 2584
2583 2656
2583 4077
2586 2587
2588 2589
2591 2945
2592 3831
2594 2597
2594 2602
2595 2945
2596 4016
2598 2945
2598 2599
2599 2945
2600 4032
2600 4016
2601 3123
2603 3831
2603 2799
2603 2788
2605 2607
2605 2606
2606 2607
2609 4123
2610 2655
2610 3124
2610 3375
2610 3137
2611 3150
2611 2948
2612 2613
2612 4081
2613 3083
2614 3083
2615 2616
2615 3874
2618 2621
2619 2620
2619 2665
2620 2622
2621 4091
2622 2623
2623 2624
2624 2627
2625 2626
2625 4091
2628 2629
2628 3962
2630 3859
2631 2632
2631 2642
2631 2633
2633 2634
2633 3248
2634 2635
2634 2782
2636 2637
2636 2783
2637 2638
2637 2639
2638 2640
2638 2782
2638 2641
2639 2641
2643 2644
2644 3944
2645 2942
2646 2647
2647 3271
2647 3273
2648 2651
2648 2654
2649 3274
2649 3203
2649 2653
2650 3272
2650 2651
2651 2653
2652 2654
2653 2654
2656 2766
2656 2730
2657 2730
2657 2660
2657 2733
2658 2660
2658 2661
2659 2661
2662 3049
2663 2727
2665 2727
2666 2861
2666 3858
2667 2856
2669 2670
2670 2671
2672 4053
2673 2726
2674 2778
2676 3279
2677 2678
2679 2680
2680 2681
2680 2682
2684 2691
2684 2686
2684 2692
2685 2688
2685 2693
2687 2690
2688 2693
2689 3571
2690 3571
2691 2692
2692 2693
2694 2695
2694 2697
2695 2696
2695 2697
2696 2696
2698 2761
2698 2764
2699 3236
2699 2700
2700 2760
2700 2701
2701 3235
2701 2759
2701 2703
2702 3238
2702 3241
2703 2763
2704 2705
2704 2763
2704 2706
2705 2706
2707 3307
2708 3344
2709 3346
2710 3345
2710 2711
2712 2920
2713 2714
2713 3711
2714 2826
2715 2826
2717 2722
2718 2848
2718 2719
2719 2839
2719 2838
2720 2839
2722 2723
2724 2725
2726 2727
2726 4053
2728 3449
2728 3447
2729 2730
2730 3809
2731 3809
2731 2762
2731 3808
2732 3848
2733 3669
2734 2854
2734 3346
2734 3858
2735 2736
2735 2749
2735 4071
2736 2737
2736 2747
2737 2738
2737 2746
2738 2739
2739 2746
2740 2746
2740 2742
2740 2741
2741 2743
2742 2743
2742 2744
2743 2745
2744 2745
2746 2747
2747 2749
2747 2748
2749 2751
2749 2750
2751 4071
2751 2752
2753 2754
2753 2756
2754 2756
2754 2755
2755 2756
2757 4038
2759 2760
2759 2763
2760 3238
2761 2765
2762 2762
2767 2767
2768 2769
2771 2772
2772 4025
2772 4026
2773 2774
2774 2775
2776 2777
2778 2779
2781 2782
2782 2783
2783 3248
2784 2785
2784 2787
2784 3372
2784 2797
2785 3373
2785 2790
2786 2793
2786 3372
2786 2792
2787 2797
2787 2798
2787 2793
2788 2793
2788 2795
2788 3836
2789 3123
2789 2790
2790 2791
2791 3373
2791 2792
2792 2799
2793 2794
2794 2795
2794 2796
2795 3185
2796 3190
2796 2798
2797 3190
2797 2798
2800 2810
2801 3760
2801 2814
2801 2803
2802 3757
2802 3770
2803 2805
2803 3762
2804 2805
2804 2806
2805 2807
2806 2807
2806 2815
2806 2808
2807 2811
2808 2809
2808 2810
2809 2811
2811 3764
2812 2813
2812 3764
2812 3772
2814 3763
2814 3770
2815 2816
2817 2819
2817 2818
2818 2819
2820 2926
2820 2821
2820 2927
2821 2925
2824 2827
2824 3969
2825 3689
2825 2826
2828 3711
2830 4094
2830 2831
2832 2833
2834 3744
2834 2835
2835 3748
2835 3745
2838 2839
2839 2840
2841 2845
2841 2842
2842 2846
2843 2844
2844 2886
2845 2846
2847 2850
2848 3349
2848 3348
2851 2852
2852 2853
2852 2854
2855 2856
2856 2861
2856 2859
2857 2859
2858 2860
2859 2860
2860 2861
2862 2863
2862 2867
2862 2864
2863 2866
2863 2868
2863 2864
2864 2865
2865 2866
2865 2883
2866 2884
2866 2869
2867 2870
2867 2868
2868 2869
2869 2870
2870 2872
2871 2873
2872 2885
2872 2873
2873 2886
2874 2882
2874 2876
2874 2875
2875 2882
2875 2879
2876 2881
2876 2877
2877 2878
2877 2881
2878 2879
2880 2881
2882 2883
2883 2884
2884 2885
2885 2886
2888 2889
2888 2898
2889 3283
2890 4077
2891 2892
2892 2897
2892 2893
2893 3077
2893 2894
2894 2895
2894 3077
2895 2896
2895 3073
2896 3077
2896 3073
2897 3077
2898 2899
2898 2941
2899 2900
2900 2901
2901 2941
2903 2904
2906 3015
2906 3044
2907 2911
2907 2909
2908 2909
2909 3934
2910 3934
2911 2912
2911 2913
2912 3927
2912 3926
2913 2914
2916 2918
2917 2918
2918 2923
2919 3691
2919 2920
2920 2922
2920 3690
2921 3690
2922 2923
2924 3686
2924 3687
2924 3689
2925 2928
2925 2926
2925 3959
2928 2929
2929 2930
2929 2931
2930 2931
2933 2934
2933 2937
2933 2938
2934 3971
2935 2939
2935 3971
2935 2938
2936 2939
2936 3985
2938 2939
2943 2944
2944 3805
2946 2947
2948 3378
2953 2954
2955 3260
2955 2964
2955 2982
2956 2959
2956 2957
2956 2958
2957 3014
2959 2961
2959 2960
2959 3251
2961 2963
2961 2962
2961 3254
2963 2971
2963 3253
2963 2972
2964 3261
2964 2965
2964 2966
2965 2967
2965 2966
2965 3258
2966 2968
2967 2969
2967 2968
2967 3257
2968 2970
2969 2971
2969 2970
2969 3256
2970 2972
2971 2972
2971 3255
2973 3251
2973 2974
2973 3014
2974 3254
2974 2975
2975 3253
2975 2976
2976 3255
2976 2977
2977 3256
2977 2978
2978 3257
2978 2979
2979 3258
2979 2980
2980 3261
2980 2981
2981 3260
2981 2983
2982 3259
2982 2984
2983 3259
2983 2985
2984 3252
2984 2986
2985 3252
2985 2987
2986 2988
2986 2987
2987 2989
2988 2990
2988 2989
2989 2991
2990 2992
2990 2991
2991 2993
2992 2994
2992 2993
2993 2995
2994 2996
2994 2995
2995 2997
2996 2998
2996 2997
2997 2999
2998 3000
2998 2999
2999 3001
3000 3002
3000 3001
3001 3003
3002 3004
3002 3003
3003 3005
3004 3006
3004 3005
3005 3007
3006 3008
3006 3007
3007 3009
3008 3009
3009 3011
3010 3011
3010 3012
3011 3013
3012 3013
3015 3107
3016 3017
3017 3020
3017 3816
3018 3827
3018 3184
3018 3156
3019 3816
3019 3827
3019 3179
3020 3828
3020 3045
3021 3023
3022 3023
3023 3045
3024 3834
3024 3832
3024 3177
3025 3026
3025 3104
3025 3209
3026 3209
3026 3103
3027 3101
3027 3105
3027 3103
3028 3087
3028 3090
3028 3089
3029 3105
3029 3030
3029 3084
3030 3099
3030 3031
3031 3033
3031 3109
3032 3109
3032 3033
3032 3838
3033 3035
3033 3037
3034 3110
3034 3836
3034 3837
3034 3177
3035 3837
3035 3038
3036 3037
3036 3108
3036 3106
3037 3039
3038 3040
3038 3039
3039 3040
3040 3041
3042 3043
3043 3044
3043 3209
3044 3108
3046 3047
3047 3806
3050 3051
3052 3570
3052 3903
3053 3889
3053 3904
3053 3054
3053 3903
3055 3904
3056 3900
3056 3057
3058 3900
3058 3067
3058 3878
3059 3060
3061 3062
3062 3063
3062 3065
3063 3064
3063 3066
3065 3066
3066 3067
3068 3069
3069 3071
3070 3071
3071 3475
3072 3073
3074 3079
3075 3080
3079 3806
3079 3081
3080 3081
3082 4124
3084 3087
3084 3085
3086 3100
3086 3088
3087 3210
3088 3089
3089 3210
3090 3092
3090 3091
3092 3094
3092 3093
3094 3096
3094 3095
3096 3097
3098 3101
3099 3100
3100 3210
3101 3102
3103 3104
3104 3105
3106 3107
3106 3108
3110 3838
3111 3118
3112 3116
3112 3119
3112 3120
3113 3576
3113 3114
3114 3116
3114 3115
3116 3117
3117 3117
3118 3119
3121 3122
3124 3125
3126 3131
3126 3127
3127 3129
3127 3130
3128 3129
3131 3829
3132 3133
3132 3135
3132 3146
3133 3138
3134 3136
3134 3135
3134 3137
3135 3149
3137 3141
3138 3149
3138 3150
3139 3141
3140 3141
3141 3143
3142 3143
3143 3149
3143 3144
3145 3147
3145 3164
3146 3147
3147 3167
3150 3375
3151 3152
3153 3158
3153 3154
3154 3155
3154 3157
3155 3156
3155 3158
3156 3157
3156 3160
3157 3159
3158 3184
3159 3160
3161 3163
3162 3163
3163 3164
3164 3166
3165 3166
3166 3167
3168 3841
3169 3204
3169 3840
3170 3171
3170 3841
3171 3840
3173 3234
3173 3813
3173 3845
3174 3175
3174 3813
3174 3839
3175 3234
3175 3176
3176 3234
3177 3835
3178 3817
3179 3817
3179 3821
3180 3818
3181 3818
3181 3823
3182 3822
3182 3823
3182 3183
3183 3821
3183 3184
3185 3814
3185 3186
3186 3187
3187 3188
3188 3189
3191 3192
3191 3193
3192 3199
3192 3204
3193 3194
3193 3198
3194 3195
3194 3199
3195 3196
3195 3198
3196 3351
3196 3199
3197 3198
3197 3202
3200 3201
3200 3203
3200 3351
3201 3351
3201 3202
3204 3839
3205 3845
3206 3659
3206 3657
3207 3208
3207 4085
3211 3212
3211 3214
3211 3213
3212 3213
3213 3223
3214 3215
3216 3227
3217 3219
3218 3219
3220 3221
3221 3222
3224 3225
3225 3226
3226 3227
3229 3231
3230 3231
3231 3232
3235 3236
3236 3237
3238 3239
3238 3240
3240 3241
3242 3243
3243 3246
3243 3247
3244 3246
3245 3247
3246 3247
3249 3250
3251 3254
3252 3259
3253 3255
3253 3254
3255 3256
3256 3257
3257 3258
3258 3261
3259 3260
3260 3261
3262 3263
3264 3265
3264 3267
3265 3266
3266 3269
3266 3267
3268 3269
3270 3275
3270 3273
3271 3273
3271 3272
3272 3274
3274 3275
3276 3277
3276 3279
3277 3278
3278 4126
3279 3280
3280 3281
3281 3282
3282 3283
3285 3286
3287 3288
3288 3290
3288 3289
3289 3290
3291 3293
3291 3292
3292 3294
3292 3293
3295 3296
3296 3306
3297 3298
3298 3306
3298 3305
3299 3300
3300 3301
3300 3302
3302 3304
3302 3918
3303 3304
3304 3306
3307 3861
3308 3309
3309 3310
3311 3312
3311 3320
3311 3323
3313 3314
3313 3323
3313 3324
3314 3324
3314 3335
3315 3316
3315 3322
3315 3323
3316 3319
3316 3324
3317 3319
3317 3329
3317 3327
3318 3974
3318 3331
3318 3319
3321 3322
3325 3326
3325 3327
3325 3332
3326 3328
3326 3332
3327 3328
3328 3329
3329 3331
3330 3333
3330 3332
3330 3331
3334 3974
3334 3335
3334 3337
3335 3338
3336 3337
3338 3339
3338 3505
3340 3341
3342 3344
3342 3345
3342 3859
3343 3346
3343 3858
3343 3857
3345 3346
3347 3347
3347 3348
3350 3351
3354 3355
3357 3359
3357 3358
3357 3367
3360 3361
3361 3365
3362 3365
3363 3364
3364 3365
3366 3367
3368 3369
3368 4111
3369 4108
3371 3372
3373 3374
3375 3382
3376 3377
3376 3380
3376 3378
3379 3380
3380 3382
3381 3382
3383 3428
3383 3396
3383 3430
3384 3387
3384 3396
3384 3386
3385 3400
3385 3397
3385 3391
3387 3394
3387 3388
3389 3400
3389 3394
3389 3390
3390 3399
3390 3394
3391 3399
3391 3392
3392 3398
3392 3399
3393 3436
3393 3397
3394 3395
3395 3401
3395 3396
3397 3401
3399 3400
3400 3401
3402 3844
3403 3404
3405 3406
3407 3408
3410 3411
3410 3413
3412 3420
3413 3416
3413 3414
3415 3416
3416 3418
3417 3418
3418 3420
3419 3420
3422 3423
3423 3424
3425 3427
3426 3427
3428 3436
3428 3433
3429 3431
3429 3435
3429 3430
3430 3431
3431 3433
3431 3432
3433 3434
3436 3843
3437 3843
3438 3440
3438 3439
3439 3440
3441 3442
3443 4067
3446 3447
3448 3451
3448 3450
3449 3451
3449 3450
3450 3451
3452 3453
3454 3455
3456 3457
3458 3460
3458 3461
3459 3460
3459 3461
3462 3465
3462 3464
3462 3466
3463 3465
3463 3464
3466 3469
3467 3469
3467 3468
3468 3469
3470 3475
3470 3472
3470 3471
3473 3475
3474 3475
3476 3477
3477 3479
3477 3478
3479 3483
3479 3493
3480 3481
3481 3484
3481 3482
3483 3484
3483 3486
3484 3485
3485 3487
3485 3486
3488 3492
3489 3493
3489 3490
3490 3492
3490 3491
3491 3493
3491 3492
3494 3495
3496 3497
3497 3507
3498 3499
3498 3500
3499 3927
3500 3507
3501 3502
3502 3504
3502 3503
3505 3506
3508 3876
3508 3509
3511 3512
3513 3514
3515 3521
3516 3517
3517 3519
3517 3518
3519 3520
3520 3569
3521 3522
3523 3526
3523 3524
3523 3559
3524 3525
3524 3560
3525 3527
3526 3528
3527 3530
3528 3531
3528 3529
3529 3532
3529 3530
3530 3533
3531 3532
3532 3533
3534 3535
3536 3537
3539 3851
3540 3851
3541 3542
3544 3551
3544 3550
3544 3545
3545 3546
3545 3549
3546 3547
3546 3548
3551 3553
3551 3552
3553 3555
3553 3554
3555 3556
3557 3559
3557 3561
3557 3563
3558 3560
3558 3561
3558 3564
3559 3562
3560 3562
3561 3562
3563 3564
3563 3566
3564 3565
3564 3567
3565 3568
3566 3567
3567 3568
3572 3586
3572 3591
3572 3579
3573 3575
3574 3575
3575 3576
3577 4080
3577 3652
3578 3599
3579 3580
3579 3586
3579 3649
3580 3581
3580 3641
3580 3645
3581 3582
3581 3643
3581 3642
3582 3583
3582 3638
3582 3639
3583 3584
3583 3635
3583 3636
3584 3585
3584 3633
3584 3632
3585 3630
3585 3629
3586 3589
3587 3651
3587 3588
3587 3589
3588 3590
3588 3589
3589 3650
3590 3647
3590 3648
3591 3594
3591 3621
3592 3593
3592 3595
3592 3620
3593 3594
3593 3600
3594 3600
3594 3599
3596 3597
3597 3622
3597 3600
3597 3620
3598 3599
3600 3621
3601 3604
3601 3602
3601 3608
3602 3605
3602 3607
3603 3605
3604 3605
3606 3609
3606 3607
3607 3608
3608 3612
3609 3612
3609 3616
3610 3613
3610 3614
3611 3612
3614 4040
3614 3615
3614 4039
3615 3616
3615 3624
3616 3617
3617 3624
3617 3623
3618 3623
3618 3619
3619 3622
3620 3623
3621 3622
3625 3626
3625 3627
3626 3627
3627 3628
3628 3653
3629 3631
3629 3632
3631 3634
3632 3634
3632 3636
3634 3637
3636 3637
3636 3639
3637 3640
3639 3640
3639 3642
3640 3644
3642 3644
3642 3645
3644 3647
3645 3646
3645 3649
3646 3647
3646 3650
3649 3650
3651 3653
3652 3653
3654 3657
3655 3657
3656 3657
3658 3659
3660 3661
3665 3667
3666 3667
3667 3680
3668 3670
3669 3670
3670 3671
3671 3672
3673 3676
3674 3679
3675 3676
3676 3677
3677 3680
3678 3679
3679 3680
3682 3739
3682 3689
3683 3684
3685 3688
3685 3687
3686 3688
3687 3688
3690 3691
3691 3693
3694 3695
3694 3699
3694 3703
3696 3703
3696 3705
3696 3698
3697 3698
3697 3702
3699 3702
3699 3718
3700 3701
3700 3711
3700 3736
3700 3702
3701 3736
3701 3739
3703 3705
3704 3705
3706 3734
3706 3707
3706 3736
3707 3741
3707 3743
3708 3735
3708 3743
3708 3734
3709 3720
3709 3721
3709 3733
3709 3710
3710 3719
3710 3721
3710 3730
3712 3736
3712 3716
3712 3739
3713 3714
3713 3738
3713 3717
3713 3737
3714 3715
3714 3738
3714 3743
3715 3716
3715 3741
3715 3740
3716 3740
3717 3735
3717 3737
3718 3731
3718 3735
3718 3733
3721 3722
3722 3733
3722 3724
3722 3730
3723 3726
3723 3733
3723 3728
3724 3726
3724 3725
3725 3727
3725 3756
3726 3727
3727 3728
3728 3729
3731 3732
3732 3734
3737 3743
3738 3742
3740 3742
3744 3745
3745 3747
3746 3747
3747 3748
3751 3752
3751 3753
3752 3754
3753 3754
3755 3756
3757 3759
3758 3759
3759 3760
3761 3762
3763 3769
3763 3765
3764 3767
3765 3768
3765 3766
3766 3767
3766 3768
3767 3768
3767 3772
3771 3772
3773 3775
3773 3774
3776 3777
3777 3778
3778 3779
3779 3780
3780 3781
3782 3857
3782 3783
3783 3784
3784 4009
3786 4069
3787 3801
3787 3793
3788 3789
3790 3791
3791 3792
3791 3801
3791 3798
3792 3793
3792 3794
3792 3795
3793 3801
3796 3797
3797 3798
3799 3800
3802 3803
3804 3805
3808 3809
3810 3812
3811 3812
3813 3846
3814 3836
3815 3838
3816 3828
3816 3817
3817 3818
3818 3825
3819 3820
3821 3827
3821 3822
3822 3823
3823 3826
3824 3845
3824 3825
3826 3846
3827 3829
3828 3830
3829 3832
3830 3833
3831 3836
3831 3832
3833 3834
3834 3835
3835 3837
3837 3838
3839 3840
3840 3841
3842 3843
3847 3848
3849 3850
3852 3853
3852 3979
3853 3873
3853 3875
3854 3856
3855 3856
3855 3911
3861 3862
3863 3867
3863 3864
3864 3868
3864 3870
3865 3866
3866 3867
3866 3869
3868 3870
3868 3869
3869 3870
3871 3872
3875 3876
3875 3884
3877 3879
3877 3878
3880 3881
3881 3982
3881 3980
3882 3883
3883 3982
3885 3886
3885 3887
3886 3893
3888 3891
3889 3890
3890 3892
3891 3894
3892 3895
3893 3898
3894 3897
3895 3906
3896 3905
3896 3897
3896 3901
3898 3899
3899 3901
3899 3900
3901 3902
3902 3908
3902 3907
3903 3904
3903 3905
3905 3906
3909 3910
3911 4000
3911 4001
3912 3913
3914 3915
3917 3922
3917 3921
3917 3919
3918 3922
3920 3924
3920 3921
3921 3923
3922 3923
3923 3924
3925 3926
3928 3929
3929 3931
3930 3931
3932 3933
3934 3935
3936 3937
3940 3941
3942 3946
3943 3954
3943 3946
3944 3945
3945 3946
3948 3955
3948 3950
3949 3958
3949 3950
3950 3956
3951 3952
3951 3957
3952 3956
3953 3955
3953 3954
3954 3955
3956 3957
3957 3958
3962 3963
3964 3966
3964 3965
3966 3997
3966 3967
3967 3968
3967 3969
3969 3998
3970 3997
3972 3973
3975 3976
3977 3978
3979 4001
3981 3982
3983 3984
3985 3994
3986 3989
3986 3995
3986 3988
3987 3993
3987 3994
3988 3991
3988 3989
3989 3990
3990 3992
3990 3991
3991 3993
3992 3993
3995 3996
3997 3998
3999 4000
4003 4005
4004 4005
4006 4030
4007 4008
4007 4030
4010 4011
4011 4012
4012 4013
4013 4014
4013 4015
4015 4032
4015 4033
4017 4018
4018 4020
4018 4019
4020 4021
4027 4028
4029 4030
4029 4031
4034 4035
4042 4043
4042 4045
4044 4045
4046 4047
4047 4049
4047 4048
4049 4050
4052 4053
4056 4057
4057 4060
4058 4060
4059 4060
4061 4062
4063 4112
4064 4067
4065 4067
4066 4067
4066 4066
4068 4069
4070 4071
4073 4076
4073 4074
4074 4075
4074 4076
4077 4084
4081 4082
4081 4083
4082 4083
4086 4087
4088 4089
4089 4089
4090 4091
4091 4092
4093 4094
4095 4098
4097 4098
4100 4101
4103 4104
4104 4105
4106 4107
4110 4111
4112 4113
4115 4116
4117 4121
4118 4119
4118 4120
4118 4121
4122 4123
4125 4126
