0 2706
0 2700
0 2708
1 98
1 490
1 2552
1 27
2 483
2 873
2 485
2 870
3 4
3 98
3 2550
4 5
4 98
5 2549
5 99
6 7
6 99
6 2551
7 17
7 333
8 2741
8 2750
8 2752
9 2754
9 2741
9 2748
10 117
10 2496
10 2776
11 363
11 16
11 2751
12 2752
12 2751
12 15
12 2750
13 15
13 2780
13 184
14 16
14 490
14 184
15 16
17 2737
17 2780
18 802
18 2579
18 41
18 2562
19 880
19 20
19 2608
19 864
20 2765
20 2764
21 2572
21 2766
21 2582
21 2591
22 869
22 95
22 652
23 24
23 869
23 2353
24 92
24 93
25 867
25 868
25 2479
26 868
26 405
26 2481
27 2715
27 2558
28 406
28 2706
28 2719
29 2699
29 403
29 410
30 2722
30 2698
30 2614
31 2722
31 400
31 2696
32 2659
32 391
32 390
33 2659
33 388
33 336
34 2609
34 338
34 2653
35 379
35 2650
35 2653
36 381
36 2652
36 373
37 338
37 336
37 380
38 2452
38 2443
38 2493
39 2488
39 2444
39 2443
39 2490
40 2452
42 809
42 370
42 369
43 2460
43 2454
43 337
43 503
44 1228
44 2459
44 47
45 46
45 70
45 2369
45 2371
46 616
46 746
46 182
47 2130
47 159
48 113
48 2808
48 769
48 2855
49 2305
49 2304
49 899
50 2002
50 2265
50 1773
51 312
51 1789
51 2263
52 258
52 799
53 2311
53 2324
53 207
54 2271
54 2262
54 2289
55 1053
55 980
55 1038
56 504
56 979
56 1047
57 947
57 1004
57 350
58 957
58 978
58 1004
58 1005
59 977
59 342
59 511
60 928
60 61
60 977
61 933
61 62
62 509
62 347
63 923
63 605
64 855
64 2798
64 923
65 427
65 2796
65 2797
66 708
66 167
66 2137
66 2168
67 72
67 2149
67 188
68 2137
68 2810
68 2162
68 2362
69 2371
69 2364
69 2356
69 2359
70 97
70 2383
70 2384
71 695
71 2168
71 2160
71 2164
72 80
72 2166
73 1336
73 1284
73 1377
74 346
74 177
74 1126
74 1094
75 355
75 1138
75 830
76 348
76 1133
76 1059
77 281
77 1303
77 1306
78 1280
78 1281
78 1296
79 1339
79 167
79 2168
79 1396
80 2336
80 891
80 2331
81 2830
81 872
81 2833
81 871
82 2830
82 500
82 461
83 872
83 2575
83 873
84 185
84 2188
84 210
85 2166
85 695
85 2165
86 886
86 2331
86 2332
87 2360
87 746
87 2361
88 2358
88 236
88 2355
89 90
89 2571
89 2490
90 2494
90 862
91 2505
91 2522
91 2492
92 2624
92 93
93 2642
94 2621
94 2611
94 2641
95 2583
95 652
96 614
96 2508
96 2507
97 2391
97 2388
97 2384
99 2549
100 959
100 1062
100 1207
101 1062
101 922
101 1027
102 915
102 966
103 915
103 934
103 1017
104 965
104 966
104 105
105 473
105 914
105 1016
106 107
107 2442
107 2447
108 2441
108 2427
108 2434
109 632
109 743
109 2350
109 620
110 149
110 2340
110 2344
111 112
111 766
111 2302
111 2808
112 113
112 154
112 2340
113 2145
113 768
114 2290
115 2321
115 2146
115 2298
116 2381
116 485
116 2144
117 118
117 247
118 2757
118 247
119 2497
119 2760
119 2755
120 122
120 125
120 1801
121 123
121 1954
121 1944
122 123
122 1827
123 1863
124 129
124 131
124 1936
125 128
125 1904
126 127
126 129
126 1922
127 128
127 2872
128 1719
129 1805
130 131
130 132
130 1859
131 423
132 552
132 782
133 552
133 135
133 1848
134 556
134 554
134 1814
135 1767
135 560
136 554
136 1853
136 1912
137 435
137 555
137 1775
138 559
138 561
138 1881
139 486
139 2236
139 2250
140 2153
140 2154
140 2155
141 2291
141 2145
141 2154
142 2158
142 2157
142 574
143 144
143 156
143 2156
144 2787
144 777
145 2787
145 146
145 232
146 147
146 154
147 153
147 151
148 149
148 150
148 252
148 152
149 150
150 2865
150 2869
151 293
151 152
152 153
153 154
154 232
155 2199
155 2296
155 2224
156 231
156 768
157 760
157 2381
157 607
158 1074
158 349
158 2807
159 2459
159 2403
160 161
160 458
160 173
161 2092
161 2094
162 2011
162 2005
162 2018
163 2001
163 2002
163 2016
164 165
165 2035
165 318
166 433
166 1896
166 1874
167 2177
168 169
169 1749
169 1753
170 2788
170 581
170 2251
171 2124
171 172
171 2106
172 2109
172 2093
174 1340
174 1254
174 909
174 1145
175 508
175 567
175 565
176 520
176 564
176 567
177 1137
177 1139
177 1130
178 1118
178 1098
178 1096
179 1092
179 565
179 566
180 563
180 1130
180 1100
181 182
181 878
181 2383
182 877
183 2381
183 905
183 215
183 2144
184 490
185 246
185 1400
185 220
186 188
186 187
186 1477
187 2169
187 1466
188 2799
189 1463
189 191
189 2169
190 1474
190 1485
190 1475
191 1456
191 1475
192 2274
192 2325
192 2275
192 2280
192 2330
193 2244
193 194
193 2273
194 2272
194 894
195 1249
195 196
195 882
196 1248
196 1080
197 1080
198 924
198 965
198 966
199 1304
199 260
199 882
200 478
200 1304
200 468
201 551
202 493
203 2147
203 234
203 2334
203 2328
204 2215
204 2295
204 2276
205 899
205 2289
206 2289
207 2258
207 2870
207 2319
208 1697
208 2823
208 209
210 212
210 211
211 1697
211 1681
212 1571
212 265
213 1673
213 1570
213 1630
214 215
214 878
214 2380
215 877
216 2838
216 218
216 1564
217 226
217 219
217 1511
218 1554
218 228
219 1567
219 1543
221 223
222 1499
222 1569
222 223
223 1555
224 1589
224 229
224 2838
225 1581
225 1567
225 1568
226 1540
226 1566
227 283
227 1611
227 1612
228 1565
228 1616
229 1591
229 1612
230 246
231 777
231 2787
232 768
233 636
233 2349
233 2339
233 2318
234 2146
234 729
234 716
235 2826
235 2382
235 760
236 2361
236 2142
237 239
237 238
237 1431
238 241
238 240
239 1403
239 1410
240 1417
240 1401
242 243
243 244
243 245
244 245
244 1401
245 1483
246 1450
246 1414
247 248
248 2757
248 2756
249 617
249 483
249 625
250 2697
250 339
250 890
251 2687
251 400
251 2685
252 2865
252 293
253 254
253 1368
253 1370
254 255
254 813
255 1351
255 1398
256 1365
256 1399
256 1496
257 577
257 2269
257 2323
258 537
259 482
259 1248
259 480
260 1250
260 274
261 2120
261 263
261 2123
262 316
262 545
262 2069
263 2092
263 414
264 2107
265 266
265 1660
265 1665
266 1704
266 1648
267 1704
268 1630
268 269
268 1656
269 1640
269 1650
270 1722
270 1684
270 1629
271 1663
271 1696
271 1682
272 1414
272 1452
272 1472
273 1287
273 1262
273 519
274 1300
274 1257
275 1615
275 1610
275 1603
275 1545
276 278
276 1358
276 1497
277 462
278 1409
278 1494
279 1471
279 1404
279 1472
280 1445
280 1451
280 1493
280 1405
280 1436
281 1274
281 1319
282 1439
282 1408
282 413
283 284
284 289
285 287
286 287
286 288
286 1505
287 888
288 289
290 488
290 484
290 628
291 628
291 634
291 632
292 465
293 294
294 2865
294 2864
295 296
295 489
295 2390
295 1244
296 2387
296 2367
297 1244
297 2366
297 2367
298 299
298 2370
298 2387
298 2388
299 2367
299 2363
300 901
300 2377
300 2376
301 893
302 2333
302 901
302 2357
303 1753
303 1754
303 306
304 2312
304 2319
304 763
305 2268
306 1747
306 307
307 1750
307 1745
308 2264
308 309
308 1990
309 452
309 1792
310 1990
310 2265
310 1787
311 1826
311 1787
311 1780
312 1973
312 535
313 452
313 2851
313 1845
314 2848
315 417
315 425
315 2063
316 319
316 2059
317 2068
318 2028
318 419
319 842
319 2083
320 321
320 1939
320 322
322 1952
322 1938
323 1954
324 333
324 2743
324 330
325 2417
325 2424
325 2416
326 331
326 328
326 2738
327 2548
327 461
327 2540
328 330
328 2745
329 897
329 2507
329 2506
330 2744
331 2748
331 2740
332 2412
332 2503
332 2421
334 652
334 2622
334 2624
335 2424
335 2422
335 2421
336 382
337 371
337 2460
338 2665
339 391
339 2668
340 505
340 351
340 979
341 848
341 991
341 529
342 512
342 1008
343 1032
343 981
343 982
344 992
344 530
344 850
345 1057
345 353
345 959
346 1126
346 1122
347 510
347 976
348 352
348 1203
349 2131
349 2807
350 515
350 351
351 516
352 1085
352 1109
353 1184
353 833
354 1135
354 355
354 1186
355 1106
356 944
356 1008
356 978
357 2462
357 2455
357 1151
358 829
358 920
358 986
359 739
359 2337
359 2329
360 361
360 365
360 362
361 364
361 366
362 365
362 2731
363 367
363 2731
364 368
365 366
366 368
367 2749
367 2751
369 2458
369 2425
370 2457
370 1211
371 2463
372 374
373 2633
373 441
374 375
374 2633
375 384
375 376
376 383
376 377
377 378
377 385
378 386
378 379
379 2630
387 2656
389 2650
391 393
392 2634
392 2657
392 2656
394 2655
395 2669
395 2663
395 2664
396 2669
397 404
397 407
397 2690
398 2724
399 2626
400 2694
401 2669
402 404
403 2698
403 408
404 2691
404 2697
405 645
406 2699
406 2720
409 2740
409 2746
410 2718
410 2725
411 2757
412 462
412 464
412 1433
415 1288
416 2120
416 2100
416 2121
417 418
417 2070
418 1994
418 2029
419 2036
419 2045
420 422
420 421
420 2077
421 2079
421 2064
422 425
422 2072
422 2066
423 795
423 430
424 426
424 2037
424 2031
425 2080
426 2055
426 2053
427 951
427 945
428 795
428 1860
428 1896
429 431
429 434
429 1859
432 1813
432 1846
432 1898
433 1929
433 1889
434 1854
434 1837
435 1843
435 558
436 451
436 1756
436 2250
437 450
437 1632
437 1723
438 451
438 1742
438 1761
439 440
440 537
440 535
441 2631
441 2637
442 2713
443 2554
444 445
445 2578
445 2570
446 2703
447 1190
447 1227
447 1214
448 449
449 1212
449 1213
450 1645
450 1710
451 1667
452 2853
453 457
453 2762
453 2755
454 2762
454 456
454 455
456 456
458 2110
458 2113
459 2546
459 2552
459 871
459 2576
460 2763
460 500
460 2498
460 2510
461 2546
462 1419
463 1404
463 1423
463 464
464 1460
465 488
466 467
466 479
466 478
467 468
467 576
468 469
469 495
469 576
470 1079
470 1087
470 1298
471 472
471 1111
471 1103
473 474
473 493
474 475
474 913
475 476
475 493
477 478
479 491
479 576
480 481
480 1249
483 626
483 2534
484 625
484 626
485 760
486 2226
486 666
487 488
489 2389
489 2408
491 498
491 494
492 551
492 550
495 521
495 496
496 521
496 524
497 549
497 521
497 575
498 499
498 575
499 550
499 575
500 610
500 611
500 2763
501 730
501 2673
501 2660
502 2427
503 847
503 2454
506 1011
506 1012
506 994
507 1022
513 937
514 1001
514 999
514 997
517 569
517 1129
517 1128
517 568
518 1127
519 811
519 1312
520 568
520 567
522 523
522 524
522 525
523 525
523 548
525 526
527 1036
528 529
528 1029
528 1155
529 992
531 1959
531 2025
531 801
532 2000
532 2020
532 1997
533 1999
533 2000
533 2009
534 2004
534 1999
534 2007
535 541
536 1957
536 1956
536 538
536 540
537 1957
538 1957
538 540
539 1974
539 1977
539 543
540 541
541 1973
542 1962
542 1976
542 1973
543 1971
543 1962
544 546
544 2103
544 545
545 2125
546 2108
546 2096
546 2090
547 2245
552 1778
553 562
553 558
553 1841
554 1777
555 557
555 1795
556 557
556 1855
557 1850
558 1842
559 560
559 1880
560 1857
561 562
561 1819
562 2820
563 1076
563 1101
564 1076
564 1090
565 566
566 569
568 569
570 668
570 678
570 2135
570 1490
571 2254
571 1746
571 2255
572 2255
572 796
572 1885
573 2150
573 574
574 2151
577 2262
577 2292
578 596
578 2321
578 723
578 729
579 2793
579 580
579 2236
579 2231
580 2863
580 2788
581 906
581 2870
581 2254
582 2595
582 880
582 2586
583 585
583 2576
583 584
584 585
584 2552
585 2555
585 2563
586 895
586 2136
586 2134
587 2847
588 589
589 2134
589 2132
590 591
590 879
590 2202
591 2784
591 895
591 892
592 594
592 592
593 594
594 879
595 2132
596 2335
596 724
596 900
597 892
598 892
598 602
598 600
599 900
599 600
599 895
600 602
601 602
601 601
603 605
603 604
603 2803
604 2804
604 857
605 606
607 878
607 2382
608 2501
609 2502
609 610
609 2829
610 2830
611 612
611 2487
613 2500
614 896
614 2500
614 2531
615 903
616 905
616 877
617 620
617 624
618 2844
619 743
619 620
619 624
619 621
621 2844
621 2845
622 623
623 743
623 628
623 632
624 625
624 2844
625 626
626 627
628 633
629 640
629 630
629 739
630 2148
630 636
631 2148
631 2355
631 2351
632 2351
633 634
633 2867
634 2349
634 2344
635 2867
636 639
637 638
638 642
638 2165
639 640
639 2331
639 891
640 2332
641 702
642 2331
642 886
643 886
643 2332
643 2161
644 647
644 645
644 2629
645 2625
646 649
647 649
647 648
649 650
650 2658
650 651
651 2627
651 2628
653 912
654 714
655 894
656 714
657 2243
658 884
659 884
660 2243
661 664
662 663
663 883
663 2823
663 665
664 2783
664 665
665 666
666 1658
667 668
668 2171
668 2172
669 670
670 910
670 2172
671 2171
671 2183
671 2135
672 2171
673 885
673 2799
673 684
674 889
675 713
675 2173
675 676
677 678
678 679
679 680
679 2133
681 682
682 2133
682 684
683 2216
683 2198
683 2276
684 2800
685 686
686 715
686 2274
687 688
687 2274
687 692
689 691
690 691
691 692
692 2296
693 2296
694 695
694 2160
694 697
696 2165
696 697
696 886
697 2165
698 709
698 699
698 707
699 712
699 742
700 2846
700 702
700 722
701 2846
701 891
701 702
703 707
704 2163
705 2163
706 2164
707 901
707 908
708 908
708 2163
708 2164
709 2164
709 710
710 711
711 2160
712 742
712 2159
713 889
713 2174
714 2174
715 898
715 2330
716 2330
716 2280
717 718
717 2275
717 720
719 2309
719 720
719 2297
720 2297
721 2297
722 726
722 727
722 723
723 724
723 725
724 727
727 2134
727 2140
728 729
729 2328
730 2455
730 731
731 732
731 1168
733 1168
734 2357
734 741
734 740
735 736
735 2329
735 738
735 2161
737 738
737 2167
737 2159
738 2159
739 2148
739 741
740 741
740 2333
742 2333
744 745
744 2350
744 905
745 2142
745 747
746 747
747 2361
748 2814
748 2361
748 755
749 2360
750 2360
750 2814
750 751
751 2359
751 754
752 2359
753 2356
754 887
754 2356
755 2814
755 2358
756 758
757 758
758 759
759 2357
759 887
761 773
761 774
761 772
762 766
762 2863
762 2303
763 2856
763 2304
764 767
764 771
764 2808
764 2854
765 2299
766 771
767 769
767 907
769 2856
770 771
770 2811
770 2813
772 775
772 773
773 774
774 2788
775 906
775 2813
776 777
778 1055
778 1053
778 1021
779 780
779 1064
779 1042
781 1085
783 784
784 785
784 1563
785 1606
785 888
786 790
787 788
787 789
787 1698
788 1734
788 1694
789 790
789 1618
789 1724
790 1702
791 793
792 793
792 794
792 1687
793 2871
794 1627
794 1628
795 1877
796 2256
796 2246
797 1749
797 2252
797 1762
798 799
799 1955
800 1979
800 1977
800 1987
802 2580
802 2529
803 2393
804 1136
804 1131
804 1336
805 1318
805 1282
805 811
806 1301
806 1330
806 810
807 1230
807 1241
807 2128
807 2129
808 809
809 2412
810 811
810 1320
812 813
812 1359
812 1374
813 1386
814 1390
814 1361
814 1348
815 907
815 2857
815 2859
816 2860
816 2870
816 2861
817 2393
818 2398
819 819
819 2810
820 821
821 2805
821 2785
821 2464
822 823
823 824
823 2453
825 2471
826 1065
826 1216
826 827
827 828
827 1060
828 829
828 1224
829 1030
830 831
830 1210
831 1205
831 1206
832 1158
833 834
833 985
835 836
835 837
835 2840
838 2059
838 839
838 840
841 842
842 2782
843 844
844 850
844 993
845 846
846 1002
846 847
847 993
849 1077
850 2818
851 852
851 853
851 1077
852 852
854 855
856 2802
856 998
856 2801
857 976
857 936
858 2073
859 2533
860 903
861 862
862 2572
863 864
864 866
865 866
866 2533
867 2642
867 2480
868 2643
869 2490
870 2833
870 2824
871 2575
872 873
874 2827
874 2534
874 2561
874 2575
875 2550
875 876
875 2561
876 2534
876 2549
877 878
879 2211
879 2207
880 2581
881 2615
881 2616
881 2595
882 1304
883 2249
883 2226
884 2186
884 2244
885 2170
885 2799
885 2800
887 2377
887 2378
888 1525
889 2216
889 2175
890 2127
890 2619
890 2675
891 2318
892 904
893 2759
893 2735
894 2187
895 2201
896 897
896 2507
896 2521
897 2518
897 902
898 2334
898 2147
898 2194
899 2293
900 904
900 2134
902 903
902 2526
902 2506
903 2505
904 2335
904 2147
905 2352
906 2809
907 2854
907 2809
908 2164
908 2163
909 1367
909 1285
910 2180
910 911
910 2179
911 912
911 1454
911 1453
912 1437
912 1438
913 914
913 1016
914 1014
914 1016
916 988
917 918
918 1036
918 1169
919 987
920 2806
920 922
921 2806
922 959
923 942
925 965
926 927
927 1010
927 1011
929 991
930 990
931 989
932 933
933 967
935 1019
937 953
937 948
938 1018
939 941
940 941
941 1017
942 943
944 958
944 963
945 2797
945 2798
946 947
947 1001
949 1020
950 951
951 2796
952 953
953 957
954 955
955 960
955 1018
956 957
960 961
960 1017
962 963
963 964
968 981
969 976
970 982
971 1014
972 1011
973 983
974 975
975 1018
975 1019
977 1009
978 1006
979 1033
980 1015
980 1012
981 1038
982 1067
983 1067
983 2840
984 985
984 2840
985 1023
986 2806
986 987
987 988
988 1036
989 1169
989 990
990 991
992 2816
993 1152
995 997
996 997
1000 1001
1003 1004
1007 1008
1012 1047
1013 1014
1019 1020
1020 2796
1022 1048
1022 1024
1024 1055
1024 1041
1025 1048
1026 1061
1028 1029
1029 1061
1031 1045
1032 1045
1032 1044
1034 1068
1035 1044
1035 1045
1037 1038
1039 1222
1040 1084
1040 1085
1040 1115
1043 1084
1046 1047
1048 1049
1050 1184
1051 1123
1052 1053
1054 1055
1056 1169
1058 1184
1061 1222
1062 1223
1063 1064
1064 1067
1066 1216
1068 1216
1068 1229
1069 1070
1069 2617
1069 2588
1070 1071
1070 2587
1071 2608
1071 2602
1072 2807
1072 1146
1072 1073
1073 1138
1073 1342
1074 1342
1074 1236
1075 1076
1077 2818
1078 1119
1079 1105
1079 1298
1080 1087
1080 1298
1081 1087
1081 1082
1081 1107
1081 1110
1082 1083
1082 1121
1083 1127
1083 1108
1084 1123
1086 1127
1086 1125
1086 1089
1088 1133
1091 1092
1092 1096
1093 1118
1095 1096
1097 1130
1099 1126
1102 1135
1103 1112
1103 1104
1104 1116
1104 1105
1105 1121
1113 1114
1114 1170
1114 1135
1117 1120
1118 1119
1119 1120
1120 1121
1123 1125
1124 1125
1132 1137
1133 1134
1134 1156
1134 1170
1136 1254
1136 1137
1138 1139
1139 1140
1141 1142
1142 1143
1143 1145
1144 1145
1147 1209
1147 1220
1147 1153
1148 1160
1149 1153
1149 1160
1149 1163
1150 1176
1150 1185
1150 1181
1153 1154
1156 1157
1156 1170
1157 1158
1157 1189
1158 1192
1159 1166
1160 1166
1161 1164
1162 1163
1163 1220
1164 1209
1164 2456
1165 1166
1167 1168
1171 1172
1172 1206
1172 1217
1173 1174
1174 1215
1174 1222
1175 1176
1176 1179
1177 1178
1178 1201
1178 1200
1180 1201
1181 1182
1181 1185
1182 2458
1182 1228
1183 2462
1185 2458
1187 1214
1187 1228
1187 1188
1191 1227
1193 2130
1194 1213
1195 1196
1196 1226
1196 1227
1196 1201
1197 1198
1198 1218
1198 1211
1199 1200
1200 1202
1204 1205
1205 1206
1208 1219
1209 1219
1211 2457
1213 1214
1219 1220
1221 1226
1225 1226
1231 1239
1231 2129
1231 2368
1232 1233
1233 1246
1233 1247
1234 1341
1235 1236
1235 1342
1235 1340
1236 1238
1237 1238
1238 2126
1240 2129
1242 2365
1243 1244
1244 2401
1244 2397
1245 2131
1247 2365
1247 2177
1248 1249
1251 1323
1251 1252
1251 1321
1253 1254
1255 1256
1256 1257
1256 1295
1257 1270
1258 1334
1259 1263
1259 1260
1259 1354
1261 1262
1262 1282
1263 1283
1263 1264
1265 1312
1265 1332
1265 1292
1266 1267
1267 1269
1267 1309
1268 1269
1269 1332
1271 1291
1271 1282
1271 1272
1273 1274
1274 1281
1275 1281
1276 1329
1277 1296
1278 1290
1278 1279
1278 1333
1279 1280
1279 1288
1280 1294
1283 1284
1283 1394
1284 1324
1285 1338
1285 1341
1286 1287
1287 1354
1287 1356
1288 1323
1289 1314
1290 1314
1290 1300
1293 1328
1296 1297
1299 1300
1302 1303
1303 1318
1305 1397
1307 1316
1308 1309
1309 1334
1310 1316
1311 1312
1313 1314
1315 1316
1316 1335
1317 1318
1322 1323
1323 1337
1325 1397
1326 1330
1327 1328
1328 1329
1329 1330
1331 1332
1334 1335
1335 1336
1338 2126
1338 1339
1339 1360
1340 1341
1343 1344
1344 2176
1344 1346
1345 1346
1346 2149
1347 1348
1348 2176
1349 2176
1350 1351
1351 1371
1352 1353
1353 1363
1353 1378
1354 1355
1356 1357
1356 1397
1357 1358
1357 1382
1358 1405
1362 1374
1362 1363
1362 1369
1363 1396
1364 1365
1365 1371
1366 1386
1367 1377
1367 1368
1368 1377
1371 1372
1373 1374
1375 1376
1376 1384
1376 1399
1378 1379
1378 1381
1379 1395
1379 1396
1380 1399
1383 1444
1385 1386
1386 1388
1387 1394
1389 1392
1390 2168
1390 1392
1391 1392
1393 1394
1401 1402
1404 1457
1405 1428
1406 1409
1407 1448
1408 1409
1408 1468
1411 1435
1412 1435
1413 1494
1414 1422
1415 1427
1416 1460
1417 1424
1417 1425
1418 1422
1420 1447
1421 1422
1423 1487
1423 1486
1426 2169
1427 1428
1429 1439
1429 1448
1429 1441
1430 1431
1431 1489
1432 1433
1433 1493
1434 1481
1435 1436
1436 1496
1438 1454
1438 2174
1439 1478
1440 1441
1441 1462
1441 1448
1442 1450
1443 1444
1444 1496
1446 1447
1447 1488
1449 1450
1454 2173
1455 1456
1456 1484
1458 1459
1459 1486
1459 1465
1460 1468
1461 2170
1464 1465
1465 1469
1467 1468
1470 1471
1471 1472
1473 1489
1475 1476
1478 1479
1478 1488
1480 1481
1481 1482
1482 1586
1482 1488
1486 1491
1489 2172
1490 2172
1490 2180
1492 1493
1494 1495
1497 1497
1498 1569
1499 1521
1499 1500
1500 1501
1500 1507
1501 1502
1501 1512
1503 1506
1504 1612
1506 1529
1506 1565
1508 1509
1509 1561
1509 1553
1510 1511
1511 1513
1513 1535
1513 1602
1514 1535
1515 1516
1516 1600
1516 1591
1517 1518
1518 1599
1518 1600
1519 1613
1520 1521
1521 1568
1522 1523
1523 1530
1523 1599
1524 1613
1525 1578
1525 1532
1526 1527
1527 1606
1527 1607
1528 1529
1529 1557
1531 1532
1532 1580
1533 1587
1534 1535
1536 1537
1537 1557
1537 1551
1538 1588
1539 1547
1540 1552
1540 1547
1541 1562
1542 1543
1543 1557
1544 1545
1545 1556
1546 1547
1548 1560
1549 1561
1550 1551
1551 1561
1554 1588
1554 1597
1558 1560
1559 1560
1560 1608
1562 1576
1562 1568
1565 1566
1566 1609
1567 1582
1569 1673
1570 1571
1570 1669
1571 1740
1572 1573
1573 1605
1573 1606
1574 1575
1575 1614
1575 1615
1576 1577
1576 1598
1579 1615
1583 1595
1584 1595
1584 1607
1584 1608
1585 1586
1586 1587
1587 1588
1590 1591
1592 1600
1593 1607
1594 1595
1596 1597
1597 1603
1599 1613
1601 1602
1602 1608
1603 1604
1617 2255
1619 1692
1620 1621
1621 1701
1621 1635
1622 1715
1623 1624
1624 1625
1624 1675
1625 1721
1625 1714
1626 1627
1626 1721
1626 1642
1627 1728
1628 1680
1628 1739
1629 1640
1629 1649
1629 1705
1630 1636
1631 1632
1632 1700
1633 1673
1634 1693
1637 1645
1638 1738
1639 1645
1640 1641
1643 1711
1644 1656
1645 1678
1645 1731
1646 2872
1647 1654
1651 1735
1651 2871
1651 1712
1652 1686
1653 1654
1654 1715
1655 1656
1655 1715
1655 1727
1657 1658
1658 1700
1659 1671
1661 1735
1662 1683
1663 1664
1663 1683
1666 1667
1667 1743
1668 1691
1670 1671
1671 1672
1672 1679
1672 1736
1674 1731
1675 1676
1675 1732
1677 1678
1678 1686
1683 1684
1684 1701
1685 1686
1688 1689
1689 1756
1689 1707
1690 1691
1691 1692
1692 1693
1693 1694
1694 1736
1695 1756
1697 1706
1699 1700
1701 1739
1703 1704
1707 1708
1707 1744
1708 1711
1708 1710
1709 1710
1711 1718
1713 1718
1715 1716
1717 1718
1720 1721
1725 1726
1726 1736
1726 1737
1729 1737
1730 1731
1733 1734
1734 1735
1737 1738
1738 1739
1741 1760
1748 1749
1751 2253
1752 1753
1754 1760
1754 1755
1757 1758
1758 2252
1758 2253
1759 1760
1763 1885
1763 1764
1763 2258
1764 1765
1764 1766
1767 1844
1767 1879
1768 1769
1769 2245
1769 1891
1770 1771
1771 1855
1771 1815
1772 1773
1773 2266
1774 2266
1776 1777
1777 1825
1779 1907
1781 1922
1782 1843
1783 1784
1784 1914
1784 1865
1785 1852
1786 1787
1788 1911
1790 1791
1791 1868
1791 1869
1793 1863
1794 1827
1796 1925
1797 1827
1798 1799
1799 1828
1799 1912
1800 1923
1800 1928
1800 1887
1802 1803
1803 1843
1803 1812
1804 1914
1806 1807
1807 1910
1807 1911
1808 1916
1809 1810
1810 1811
1810 2110
1810 2267
1816 2267
1817 1823
1817 1818
1817 2269
1820 1892
1821 1822
1822 1865
1822 1904
1823 1831
1823 1824
1829 1830
1830 1949
1830 1943
1831 1834
1831 1832
1833 1834
1834 1836
1835 1836
1836 2268
1838 1839
1839 1847
1839 1953
1840 1930
1848 1848
1849 1951
1851 1852
1852 1853
1853 1926
1855 1861
1856 1857
1857 1884
1858 1859
1862 1863
1864 1865
1866 1886
1867 1928
1867 1886
1867 1868
1868 1937
1869 1918
1869 1932
1870 1949
1871 1879
1872 1873
1873 1901
1873 1875
1874 1900
1874 1898
1875 1909
1875 1902
1876 1883
1878 1879
1882 1883
1883 1908
1885 1892
1886 1887
1887 1935
1888 1910
1889 1890
1889 1895
1892 2259
1893 1894
1894 1934
1894 1930
1896 1897
1898 1899
1902 1909
1902 1910
1903 1913
1904 1905
1906 1920
1907 1920
1907 1908
1908 1909
1911 1926
1912 1913
1913 1914
1915 1916
1916 2259
1917 1918
1918 1931
1919 1920
1921 1922
1923 1934
1923 1924
1925 1931
1925 1926
1927 1928
1930 1931
1933 1934
1938 2767
1938 2821
1939 1952
1939 1953
1940 1941
1941 1953
1941 1954
1942 1950
1944 1948
1944 1945
1946 1955
1947 1948
1948 1955
1949 1950
1950 1951
1951 1952
1958 1959
1959 2035
1960 1975
1961 1967
1962 1967
1963 1972
1964 1969
1965 1980
1966 1967
1968 1969
1969 1972
1970 1985
1970 1986
1972 1979
1975 1986
1975 1979
1977 1978
1980 1984
1980 2821
1981 1982
1982 1984
1982 1986
1983 1984
1988 1993
1988 1989
1988 2264
1990 1991
1992 2265
1994 1995
1994 2044
1996 1997
1997 1998
1999 2059
2000 2015
2001 2014
2001 2017
2002 2012
2003 2004
2004 2008
2005 2014
2005 2006
2010 2011
2011 2020
2013 2014
2019 2020
2021 2053
2022 2027
2023 2024
2024 2263
2024 2025
2025 2034
2026 2027
2027 2028
2028 2030
2032 2033
2033 2043
2033 2039
2035 2046
2036 2037
2036 2051
2037 2058
2038 2039
2039 2045
2040 2057
2041 2045
2042 2043
2043 2048
2044 2048
2044 2049
2045 2050
2047 2048
2052 2053
2054 2055
2055 2057
2056 2057
2060 2064
2060 2076
2060 2061
2062 2082
2064 2082
2065 2085
2067 2073
2068 2073
2068 2069
2069 2099
2071 2072
2072 2085
2074 2075
2075 2076
2078 2111
2081 2082
2084 2085
2086 2261
2087 2088
2088 2089
2088 2104
2089 2270
2089 2862
2091 2092
2095 2096
2096 2109
2096 2119
2097 2112
2098 2099
2099 2112
2101 2105
2101 2102
2102 2270
2105 2107
2105 2125
2107 2108
2108 2115
2109 2120
2110 2266
2111 2122
2112 2122
2113 2118
2114 2115
2115 2116
2117 2118
2126 2177
2127 2683
2127 2677
2127 2766
2130 2131
2132 2847
2132 2140
2133 2135
2133 2206
2136 2206
2136 2204
2137 2177
2138 2139
2138 2376
2138 2363
2140 2336
2141 2299
2141 2298
2141 2300
2142 2355
2142 2143
2143 2350
2143 2374
2144 2352
2145 2155
2146 2342
2147 2214
2148 2320
2149 2166
2150 2151
2151 2158
2152 2157
2152 2158
2152 2153
2153 2156
2154 2155
2156 2157
2159 2338
2160 2167
2161 2167
2161 2337
2162 2375
2162 2365
2163 2810
2170 2183
2170 2171
2173 2180
2174 2175
2175 2272
2178 2185
2181 2186
2182 2184
2183 2800
2184 2185
2184 2189
2185 2189
2186 2187
2186 2188
2187 2189
2187 2188
2190 2213
2191 2192
2192 2212
2192 2216
2193 2207
2194 2195
2194 2198
2194 2278
2195 2210
2195 2200
2196 2201
2196 2197
2196 2204
2197 2202
2197 2211
2198 2277
2199 2200
2199 2209
2199 2279
2200 2278
2201 2202
2203 2211
2203 2204
2203 2206
2205 2214
2207 2212
2208 2209
2209 2210
2209 2276
2210 2277
2212 2213
2213 2214
2215 2216
2215 2273
2217 2863
2218 2219
2219 2229
2219 2228
2220 2327
2221 2790
2222 2313
2223 2791
2224 2295
2224 2234
2225 2226
2227 2792
2228 2316
2228 2249
2230 2789
2231 2232
2231 2303
2233 2234
2234 2316
2235 2236
2237 2248
2237 2238
2237 2295
2238 2239
2238 2240
2241 2243
2241 2242
2241 2822
2242 2248
2242 2822
2243 2244
2245 2259
2246 2247
2246 2257
2248 2249
2250 2251
2251 2252
2253 2254
2258 2324
2260 2261
2261 2262
2263 2264
2267 2268
2269 2781
2271 2862
2271 2322
2272 2273
2274 2279
2275 2280
2275 2283
2276 2277
2278 2279
2280 2281
2281 2282
2282 2343
2283 2310
2284 2286
2285 2286
2286 2348
2287 2288
2288 2309
2288 2298
2290 2293
2290 2291
2291 2293
2294 2322
2296 2325
2297 2325
2299 2317
2299 2301
2300 2301
2300 2302
2301 2790
2301 2791
2302 2303
2303 2789
2304 2855
2305 2306
2305 2315
2306 2323
2307 2791
2307 2308
2307 2313
2308 2317
2308 2326
2309 2348
2310 2341
2313 2326
2314 2319
2316 2317
2317 2325
2318 2786
2320 2351
2320 2339
2321 2786
2323 2324
2326 2792
2327 2792
2327 2793
2328 2335
2329 2338
2330 2334
2332 2337
2333 2338
2336 2847
2336 2846
2339 2349
2340 2345
2341 2343
2341 2347
2342 2346
2342 2343
2344 2346
2345 2347
2345 2346
2347 2348
2349 2786
2350 2352
2351 2374
2353 2482
2353 2354
2354 2478
2354 2484
2355 2374
2356 2377
2357 2378
2358 2378
2359 2360
2362 2363
2362 2375
2363 2372
2364 2372
2364 2373
2366 2367
2366 2375
2368 2403
2368 2398
2369 2386
2369 2370
2370 2388
2372 2373
2373 2376
2379 2842
2380 2842
2380 2381
2382 2385
2383 2385
2384 2498
2384 2501
2384 2763
2387 2390
2389 2395
2389 2391
2390 2391
2391 2498
2392 2409
2393 2397
2394 2395
2395 2396
2396 2411
2396 2498
2397 2398
2399 2400
2400 2410
2400 2419
2402 2407
2403 2404
2405 2408
2406 2407
2407 2408
2409 2417
2409 2414
2410 2411
2410 2426
2411 2508
2411 2504
2412 2440
2413 2414
2414 2419
2415 2416
2416 2504
2417 2459
2418 2419
2420 2421
2423 2424
2427 2437
2428 2436
2429 2435
2430 2435
2430 2430
2430 2432
2431 2432
2432 2439
2433 2439
2435 2436
2436 2674
2437 2491
2437 2503
2438 2439
2442 2445
2442 2461
2443 2445
2444 2454
2444 2445
2446 2447
2447 2455
2448 2449
2449 2493
2449 2660
2450 2452
2451 2660
2453 2471
2453 2466
2454 2461
2456 2673
2456 2457
2460 2472
2461 2462
2464 2474
2464 2471
2465 2468
2466 2467
2466 2472
2468 2785
2468 2470
2469 2470
2470 2795
2472 2819
2473 2805
2474 2488
2474 2475
2475 2805
2475 2476
2476 2785
2476 2795
2477 2795
2483 2484
2484 2485
2485 2486
2485 2489
2487 2510
2487 2499
2487 2544
2488 2489
2489 2490
2491 2493
2491 2674
2491 2492
2492 2494
2492 2764
2493 2494
2494 2661
2495 2760
2495 2762
2495 2761
2496 2497
2496 2755
2497 2758
2499 2509
2499 2541
2500 2508
2500 2511
2501 2502
2501 2826
2502 2824
2502 2763
2503 2504
2505 2506
2508 2509
2509 2510
2511 2703
2511 2525
2512 2662
2513 2661
2514 2704
2515 2516
2516 2581
2516 2519
2517 2573
2518 2524
2518 2520
2522 2533
2522 2523
2527 2528
2528 2580
2528 2601
2529 2532
2529 2562
2530 2531
2531 2562
2534 2828
2535 2536
2536 2576
2536 2577
2537 2538
2538 2576
2538 2547
2539 2540
2540 2541
2541 2543
2542 2577
2545 2546
2550 2560
2553 2612
2554 2558
2554 2711
2556 2557
2557 2564
2557 2563
2558 2563
2559 2613
2560 2561
2560 2565
2566 2567
2567 2711
2567 2705
2568 2579
2569 2570
2570 2705
2571 2583
2571 2572
2571 2582
2572 2573
2573 2574
2574 2764
2574 2766
2574 2662
2577 2578
2578 2704
2578 2579
2580 2695
2581 2601
2582 2583
2582 2584
2584 2590
2584 2604
2585 2604
2585 2598
2585 2670
2589 2675
2591 2620
2591 2592
2593 2619
2594 2595
2596 2670
2596 2597
2596 2620
2599 2622
2600 2601
2603 2604
2605 2606
2605 2622
2605 2623
2607 2608
2609 2681
2609 2678
2610 2681
2610 2611
2610 2671
2611 2663
2612 2705
2612 2613
2613 2614
2614 2696
2614 2695
2615 2692
2615 2689
2616 2617
2616 2688
2617 2618
2618 2619
2618 2686
2620 2683
2621 2623
2621 2670
2623 2654
2624 2654
2625 2626
2627 2628
2627 2635
2628 2629
2629 2651
2632 2633
2635 2651
2635 2636
2638 2653
2639 2657
2640 2640
2640 2652
2642 2643
2643 2815
2644 2645
2645 2655
2645 2657
2646 2656
2647 2648
2648 2649
2648 2650
2651 2652
2654 2655
2659 2666
2661 2662
2663 2670
2667 2668
2668 2680
2672 2681
2673 2674
2675 2765
2676 2677
2677 2680
2679 2680
2682 2683
2684 2685
2685 2687
2687 2697
2692 2696
2692 2693
2695 2696
2698 2709
2699 2716
2700 2733
2700 2702
2701 2720
2703 2704
2705 2706
2707 2712
2710 2713
2711 2712
2712 2713
2714 2715
2715 2727
2717 2718
2718 2728
2720 2724
2721 2722
2723 2724
2726 2727
2727 2733
2729 2730
2729 2732
2730 2731
2731 2773
2732 2768
2732 2773
2733 2771
2734 2768
2734 2772
2734 2771
2735 2754
2736 2737
2736 2742
2736 2741
2737 2750
2738 2745
2738 2739
2739 2740
2739 2746
2743 2746
2743 2744
2744 2745
2747 2748
2752 2753
2758 2776
2758 2761
2759 2775
2759 2776
2760 2761
2764 2765
2765 2766
2768 2769
2770 2771
2773 2774
2775 2775
2777 2779
2778 2779
2779 2780
2789 2790
2793 2794
2797 2798
2801 2802
2801 2804
2802 2803
2803 2804
2809 2854
2812 2813
2816 2817
2817 2818
2822 2823
2824 2826
2824 2829
2825 2826
2829 2832
2830 2837
2831 2832
2832 2833
2833 2834
2834 2835
2834 2836
2838 2839
2841 2842
2842 2843
2848 2849
2849 2850
2850 2851
2852 2853
2852 2852
2855 2856
2856 2857
2857 2858
2858 2859
2858 2860
2859 2861
2860 2861
2866 2867
2868 2869
2871 2873
2872 2873
