0 554
0 1977
0 1777
0 1974
1 64
1 22
1 2305
2 3
2 64
2 1613
3 1208
3 136
4 2802
4 49
4 38
5 1327
5 4070
5 3441
5 1321
6 1845
6 2165
6 2222
7 8
7 1845
7 1846
8 146
8 145
9 10
9 60
9 145
10 938
11 12
11 1916
11 60
12 1160
12 1934
12 939
13 2208
13 1709
13 1872
14 1046
14 1874
14 15
15 1178
15 1059
15 1773
16 2000
16 1812
16 2211
16 1531
17 1531
17 1880
17 2001
17 1966
18 359
18 1015
18 375
18 1183
19 251
19 1150
19 375
19 20
20 2107
20 1143
21 1128
21 174
21 1074
21 319
22 1972
22 376
23 1024
23 594
23 1030
24 921
24 178
24 583
25 26
25 2457
26 171
27 1836
27 171
27 2301
28 907
29 905
29 907
29 906
30 1000
30 2665
30 3348
31 2603
31 4770
31 2666
32 2666
32 4928
32 4772
32 4771
33 4112
33 2458
33 2654
34 1132
34 50
34 52
35 1261
35 1274
35 42
35 1132
36 37
36 52
36 1265
37 38
37 1259
37 974
38 1259
39 1790
39 1788
39 1789
40 932
40 1206
40 1790
41 1014
41 45
41 960
42 1138
42 1242
42 1255
43 44
43 927
43 1792
44 45
44 926
45 960
46 1779
46 172
46 1778
46 1788
47 48
47 1789
47 1074
47 1137
48 1137
48 1010
48 280
48 1014
49 51
49 50
50 2804
50 51
51 52
51 1259
52 1259
52 53
52 54
53 957
53 1248
53 54
54 1138
55 56
55 935
55 3329
56 3543
56 3544
57 936
57 3326
57 3545
58 1057
58 998
58 2782
59 1851
59 1849
60 945
61 501
61 1130
61 1279
62 562
62 528
62 2092
62 2089
63 556
63 2841
63 950
64 967
65 66
65 2546
65 2550
65 934
65 2729
66 2546
66 67
66 2548
67 2547
67 2238
68 2238
68 920
68 69
68 2589
69 2586
69 2589
70 2586
70 2590
70 919
71 1223
71 78
71 923
71 1236
72 1217
72 2259
72 2276
73 189
73 2257
73 74
74 2256
74 2253
75 2251
75 1229
75 2725
76 2245
76 1233
76 2243
76 2242
77 2241
77 2727
77 1723
77 2240
78 1222
78 2267
79 396
79 1179
79 445
79 301
80 211
80 1163
80 482
80 1129
81 1129
81 237
81 272
81 1592
82 405
82 83
82 84
82 454
83 2990
83 2344
84 283
84 2994
85 454
85 515
85 86
85 2821
86 2823
86 386
86 283
86 1313
87 88
87 90
87 524
88 89
88 915
88 982
89 90
89 974
89 918
90 1265
90 1759
91 569
91 546
91 962
92 962
92 976
92 1205
93 970
93 1200
93 1271
93 933
94 983
94 2847
94 929
95 97
95 1172
95 231
95 445
96 1010
96 1017
96 1137
96 122
97 345
97 273
97 371
98 99
98 508
98 1076
98 314
99 1288
99 291
99 1005
100 1017
100 1288
100 1133
101 610
102 103
102 2604
102 1093
103 2605
103 104
105 1021
105 106
105 1737
106 1730
106 1734
107 1035
107 109
107 1729
108 604
108 1799
108 593
109 1742
109 593
110 111
110 1741
110 1737
111 1725
111 1748
112 113
112 1750
112 607
113 607
113 114
114 1800
114 896
114 2555
115 2386
115 116
115 1273
116 1111
116 626
117 118
117 2563
117 2567
118 621
118 616
119 886
119 2561
119 2564
120 130
120 1160
120 1853
121 342
121 2435
121 124
121 1887
122 1017
122 1060
123 1948
123 702
123 131
124 1886
124 2418
124 250
125 179
125 2422
125 1164
125 2417
126 534
126 2452
126 2449
127 1916
127 1853
127 1719
128 1054
128 1038
128 1045
128 2788
129 130
129 1718
129 132
129 1717
130 131
130 1173
131 132
131 1146
132 133
132 695
133 1717
133 705
134 949
134 977
134 948
135 969
135 973
135 137
135 2582
136 2585
136 137
137 1211
138 873
138 1918
139 1821
139 942
140 144
140 146
140 1855
141 2162
141 142
141 578
142 3007
142 2224
143 144
143 145
143 944
144 1847
146 943
147 2737
148 149
148 1723
148 934
149 150
149 2730
151 154
151 153
151 2239
152 153
153 155
155 157
155 156
158 1665
158 1099
158 162
159 899
159 1106
159 1439
160 161
160 1666
160 1665
160 1661
161 1106
161 1092
162 166
162 163
163 165
163 164
166 169
166 1083
167 1081
167 1083
167 169
168 1081
168 1084
168 1089
169 1085
170 1089
170 2301
170 1078
171 544
172 1118
172 1115
173 2870
173 349
173 555
174 539
174 496
175 1593
175 272
175 363
175 227
176 1648
176 254
176 520
177 255
177 1149
177 1567
178 585
178 937
179 2436
179 1157
179 342
180 336
180 318
180 2442
181 2173
181 2172
181 358
182 415
182 1152
182 388
182 432
183 184
183 185
183 2704
185 186
185 2707
186 187
186 202
187 188
187 193
188 2508
188 190
189 2258
189 2276
189 2510
191 192
192 193
192 194
193 195
196 206
197 198
197 204
197 200
198 202
198 203
199 200
200 206
201 202
205 206
207 208
208 670
208 210
209 210
210 674
211 417
211 422
212 289
212 2478
212 390
213 2070
213 2843
213 2845
214 1161
214 317
214 1597
214 2810
215 536
215 257
215 1075
216 379
216 1189
216 1072
217 229
218 2462
218 1145
218 519
219 543
219 449
219 383
220 281
221 257
221 308
221 329
222 330
222 502
222 476
223 348
224 324
224 2812
224 489
225 1647
225 1156
225 271
226 1558
226 1563
227 1594
227 1969
227 555
228 269
228 563
228 1784
229 260
229 1056
230 473
230 435
230 474
231 273
231 1147
232 451
232 413
232 252
232 377
233 1140
233 1134
233 256
234 2345
234 313
234 405
235 492
235 1128
235 291
236 1151
236 254
236 429
237 1139
237 319
237 266
238 327
239 395
240 1161
240 520
240 370
240 253
241 498
241 424
241 286
242 328
242 390
242 256
243 428
243 264
243 354
244 338
244 383
244 303
244 374
245 1177
245 451
245 1639
245 252
246 377
246 431
246 485
247 1014
247 2305
247 304
247 478
248 308
248 285
248 2751
249 2224
249 529
249 326
250 2419
250 2430
251 2109
251 372
252 1154
252 400
253 1148
253 324
254 337
256 2501
257 475
258 470
258 410
258 495
259 2640
260 450
260 2137
261 523
261 513
261 537
262 446
263 1140
263 296
263 501
264 1056
264 2173
265 321
265 449
265 440
266 272
266 496
267 407
267 282
267 339
267 441
268 292
268 497
268 346
268 2302
269 1176
269 561
269 1783
270 481
271 1184
271 312
273 433
273 1062
274 387
274 1594
274 457
275 1120
275 526
275 350
276 352
276 420
276 431
277 2489
277 365
277 2358
278 535
279 416
279 1813
279 1772
279 1881
280 294
280 1072
281 372
281 1006
281 2110
282 391
282 441
283 540
284 1004
284 950
284 2074
285 341
285 2752
287 459
288 436
288 409
288 567
288 1613
290 309
290 366
290 357
291 1290
291 1651
292 346
292 436
293 320
293 494
293 1549
294 304
294 360
295 315
295 479
295 488
296 307
296 1136
296 380
297 408
298 314
299 512
300 465
301 1166
301 411
301 499
302 1970
302 929
302 1206
304 1978
305 523
305 1651
305 492
306 331
307 1592
307 1131
308 1616
308 439
308 1618
309 406
309 430
310 316
310 2864
310 2866
311 2848
311 538
311 983
311 2847
312 1185
312 333
313 2334
313 405
313 454
314 1646
314 506
315 364
315 479
316 457
316 349
318 498
318 400
319 1135
319 496
320 468
320 477
322 514
323 369
323 494
323 456
324 1075
325 1615
325 369
325 432
327 527
327 370
328 425
328 362
329 536
329 340
330 384
330 471
331 403
331 1185
331 2112
332 339
333 531
333 359
334 466
335 2810
335 1148
335 2812
336 498
336 491
337 429
337 2280
337 475
338 438
338 374
339 447
340 518
340 388
342 2437
343 480
344 382
345 508
345 506
346 409
347 2074
347 538
347 978
348 468
348 466
349 1124
350 414
350 1315
351 396
351 508
351 492
352 377
352 408
352 500
353 402
355 2114
355 531
355 1282
356 1315
356 393
356 507
356 386
357 444
357 430
358 2181
358 412
359 1175
359 1008
360 2624
360 379
361 481
362 1142
362 390
362 1595
363 496
363 1969
364 1055
364 423
365 2490
365 2484
367 2111
368 2640
369 1550
370 475
371 445
371 396
372 446
373 914
373 982
373 398
374 502
374 467
375 509
376 1972
376 1973
376 1786
377 408
378 447
379 2631
380 387
380 457
381 1584
381 2837
381 1587
382 428
383 449
385 1647
386 540
387 1593
388 1616
389 534
389 1981
389 404
389 1980
390 1163
391 431
391 407
392 1542
392 2364
392 2366
393 1003
393 1119
393 540
394 480
395 401
395 951
397 954
398 2071
398 1007
399 409
399 511
399 497
400 413
400 1280
401 512
401 2352
401 2482
402 476
402 453
403 1153
403 542
404 2449
404 1192
406 541
406 430
407 455
407 447
408 459
410 1063
410 1189
410 1192
411 499
411 417
411 513
412 2182
412 2171
413 485
414 483
414 1316
415 1155
415 1075
416 1884
416 1761
416 2783
417 472
418 473
419 2160
419 529
419 2149
420 1805
420 1956
420 500
421 518
422 537
422 1139
425 1596
425 1595
426 2489
426 2490
426 429
427 535
427 1966
427 1055
429 2281
430 465
432 1158
432 1549
433 506
433 1569
434 1764
434 1997
434 1998
435 522
435 1544
436 525
437 532
439 1556
439 1563
439 1546
439 1557
440 500
440 464
441 493
442 504
443 1722
444 520
444 465
446 463
447 505
448 2177
451 488
452 2482
458 1784
458 1121
458 2355
458 2479
459 479
460 2176
461 2837
461 1581
461 528
462 2437
462 485
462 1955
463 2106
463 2104
464 535
464 1055
465 480
466 1714
467 533
467 1999
468 494
469 536
469 518
469 1077
473 2181
476 514
477 1153
477 1549
477 2111
481 533
482 1142
482 499
483 1120
483 1317
484 1003
484 1116
484 3024
486 1648
486 1179
486 1597
487 2146
488 1639
489 1150
489 1168
490 2178
497 2302
500 1804
501 1134
501 2866
502 1879
502 1878
503 512
504 534
504 2632
507 1316
507 1119
507 1321
510 517
511 2308
511 565
513 523
514 517
515 2829
515 2337
515 2334
516 543
517 1879
521 1184
524 982
524 1791
525 2308
525 1188
526 2824
526 918
528 1126
528 1578
529 2150
530 2103
530 2107
530 2106
530 1143
531 1177
532 1190
532 1286
533 543
537 1135
538 2854
538 981
539 1115
539 1969
545 546
545 1211
545 967
546 967
547 961
547 1792
547 1759
548 1270
548 989
548 1254
549 1776
549 552
549 960
550 1206
550 553
550 1977
551 968
551 552
551 1201
552 1777
552 1776
553 1977
553 554
554 1971
555 1780
555 1118
555 1594
556 2853
556 557
557 559
557 558
558 1575
558 952
559 2757
559 1122
559 2762
560 574
560 1590
560 2748
561 562
561 1176
562 1126
562 563
563 2087
564 564
564 565
565 2303
566 567
567 568
569 972
569 1199
570 2889
570 959
570 1204
571 2895
572 2895
573 2756
573 575
573 2745
573 4780
573 4778
574 575
574 2745
575 577
575 576
576 577
576 913
577 2753
578 1847
578 1848
579 870
579 2575
579 949
579 1159
580 869
580 2203
580 581
580 2201
581 2200
581 868
581 1685
582 668
583 587
583 601
584 602
584 1068
584 598
585 592
585 922
586 606
586 597
586 596
587 937
587 922
588 592
589 2232
589 1019
589 2225
590 2555
590 2574
590 591
591 604
591 2574
591 1728
592 605
592 1299
592 603
593 604
594 1018
594 606
595 2232
595 600
595 2229
596 1024
596 1031
597 1019
597 1033
597 1032
598 937
598 1021
599 2229
601 603
601 605
602 1029
602 1026
603 2588
603 2587
605 838
606 1024
607 884
608 623
608 616
608 613
609 624
609 621
609 2796
610 613
610 619
610 623
611 614
612 634
612 615
612 614
613 1113
613 619
614 635
615 618
615 1728
616 621
617 632
619 670
620 625
621 623
622 633
622 624
622 2570
623 630
624 2567
625 632
625 1652
626 1403
626 2558
627 628
627 2566
627 2386
628 2561
628 2565
629 635
631 2565
631 1403
631 1406
631 2566
632 635
633 2562
633 1406
636 661
637 656
637 667
637 2400
638 661
638 644
638 660
639 651
639 653
639 662
640 1295
640 649
640 2697
641 2703
641 2394
641 657
642 2392
642 2396
643 656
644 661
644 653
645 790
645 806
645 666
646 2701
646 653
646 661
647 1356
647 666
647 835
648 658
649 1296
649 2382
649 2699
650 2696
650 662
650 659
651 659
651 660
652 653
654 660
655 659
655 663
655 2400
656 664
657 1297
657 1296
658 1298
658 1397
659 2383
662 2699
662 2696
663 2401
663 2383
665 1295
666 1298
666 755
668 2723
668 2296
669 2687
669 2723
669 2695
669 2689
670 676
671 673
672 673
673 674
673 675
674 677
675 678
675 676
676 680
677 678
677 681
678 679
679 680
679 682
680 684
681 682
681 1093
682 683
683 684
683 685
684 686
687 708
687 697
687 707
688 708
688 694
688 1642
689 704
689 713
689 717
690 697
690 1911
690 693
691 701
692 713
693 707
693 705
695 704
695 1947
696 1927
696 700
696 698
696 1948
697 708
698 2199
698 1947
698 1925
699 701
700 702
700 706
701 2199
701 704
702 1929
703 1174
703 948
703 947
705 1717
707 711
709 716
709 711
710 711
710 718
712 715
712 719
712 720
713 714
716 718
717 719
721 739
721 799
721 774
722 855
723 737
724 826
724 744
724 865
724 862
725 764
726 745
726 851
726 802
727 752
727 854
727 766
728 778
729 785
729 847
729 777
730 864
730 815
730 765
731 836
732 863
732 776
732 774
733 854
733 865
733 770
734 772
735 836
735 863
735 775
736 816
737 843
737 861
738 842
740 787
740 824
740 781
741 767
742 792
743 796
745 812
745 817
746 806
747 829
747 2702
747 780
748 852
748 809
749 855
750 789
750 815
750 753
751 789
751 821
751 832
752 784
752 766
752 772
753 818
753 810
753 828
754 810
755 756
755 780
756 818
756 825
757 764
757 774
757 854
758 800
758 798
758 812
759 823
759 796
759 783
760 808
760 815
760 773
760 848
761 858
761 778
761 776
762 842
763 785
764 770
766 813
767 846
767 842
767 800
768 812
768 791
768 811
769 772
769 821
769 832
770 777
771 849
771 864
771 811
773 808
773 821
776 799
777 807
777 858
777 856
778 799
779 799
780 837
781 804
781 785
781 800
782 843
784 806
784 810
785 853
786 833
787 824
787 847
788 793
788 857
788 833
789 832
790 813
790 806
792 807
792 858
793 2702
793 830
794 829
795 840
795 802
795 851
796 828
797 854
797 838
797 813
798 859
798 811
800 848
801 816
802 840
803 807
804 867
804 860
805 824
808 824
809 822
809 837
811 816
812 843
814 823
817 840
817 829
818 829
819 856
820 848
822 827
822 844
823 831
826 856
826 841
827 837
827 844
828 864
833 857
834 836
835 839
835 2382
838 863
839 844
839 845
839 852
847 862
850 862
851 857
855 864
865 866
868 1685
868 869
868 1572
869 1698
869 1683
870 1182
870 2207
870 1574
871 1048
871 944
871 1625
871 1919
872 1918
872 1919
872 873
872 1625
873 942
873 2874
874 2389
874 879
874 1364
875 882
875 879
875 2385
876 2384
876 1448
876 880
876 885
877 1459
877 881
877 878
878 880
878 2384
879 2385
880 1469
881 2385
883 1448
883 1470
883 1467
884 1753
884 1071
885 2391
885 887
886 2563
886 1631
887 2292
887 1633
888 2600
888 891
888 2287
889 2601
889 1631
889 1436
890 1510
890 1421
890 1501
890 1502
891 892
891 895
892 1523
892 1529
892 1528
893 1421
893 1446
893 1445
893 1436
894 2291
894 2290
894 2292
895 2287
895 2289
896 2573
896 897
897 898
897 1802
898 899
898 1800
899 1433
900 909
900 904
900 1410
901 903
901 902
901 1411
902 3334
902 1415
903 1413
903 1410
904 2288
904 2333
905 1835
905 907
905 3284
906 2901
906 907
908 909
908 5310
908 5119
909 911
910 911
911 1415
912 2082
912 913
912 1588
912 987
913 2085
913 1589
914 2822
914 2831
915 918
915 2831
915 2821
916 2760
916 2761
916 1780
917 2761
917 1971
917 2852
917 2848
918 2823
919 922
919 2055
920 2054
920 921
921 2586
923 2669
923 1219
923 1238
924 994
924 926
924 932
925 2058
925 2057
925 2068
926 933
927 1621
927 928
928 931
928 995
929 985
929 970
930 1620
930 2044
930 2583
931 1791
931 932
933 2061
934 2239
935 3328
935 994
936 995
936 3325
937 2671
938 1855
938 940
939 940
939 1170
939 1949
940 1854
941 944
941 1048
941 943
941 1626
942 1919
942 2873
943 1626
945 1855
946 947
946 1862
946 1173
946 2576
947 1146
947 1865
948 949
950 952
951 2367
951 2494
952 1004
953 2462
953 2461
953 4605
954 1763
954 956
954 1532
955 1765
955 1889
955 2415
955 2650
956 2650
956 1764
956 2653
957 1244
957 2405
957 1253
958 968
958 1267
958 962
959 972
959 2891
959 965
960 968
960 975
961 1793
961 1270
961 1244
963 2880
963 2058
963 2891
964 965
965 2801
966 971
966 1621
966 1200
966 1269
969 2878
969 1211
970 975
970 1266
970 1268
971 2801
971 2798
972 1205
972 2584
973 2583
973 2034
973 2888
974 1265
974 1120
975 1267
975 1271
976 1266
976 1205
977 1057
977 1931
978 1002
978 981
978 992
979 980
980 2011
980 1220
981 993
981 2856
982 2843
983 988
983 2856
984 1538
984 1208
984 990
985 1200
985 2845
985 986
986 2073
986 988
987 994
987 1002
988 2072
988 993
989 1254
989 2410
990 991
990 1203
991 2048
991 1203
992 2348
992 1001
992 2339
993 1011
993 2348
995 2085
996 2465
996 1145
996 2466
996 1149
997 1861
997 1857
998 1198
998 1821
999 2659
999 2836
999 4754
1000 2659
1000 3341
1001 2338
1001 1002
1001 2085
1002 1583
1003 2994
1003 1117
1004 1577
1004 2075
1005 1569
1005 1287
1005 1073
1006 1073
1006 1285
1006 1015
1007 2072
1007 1011
1008 1015
1008 1281
1008 1283
1009 2452
1009 2451
1009 1016
1009 1284
1010 1072
1010 1063
1011 2341
1012 1830
1012 1713
1012 1828
1012 1144
1012 1165
1013 1281
1013 2121
1013 1154
1014 1778
1015 1284
1016 1283
1016 2446
1016 2453
1018 1023
1018 2228
1019 1020
1020 1032
1020 2227
1021 1029
1022 1023
1023 1032
1023 2228
1025 1027
1025 1028
1025 1026
1026 2228
1027 1030
1029 1031
1031 1071
1034 1035
1035 1730
1036 1037
1036 2788
1036 1767
1036 1769
1037 1771
1037 1049
1037 1054
1038 2198
1038 2189
1039 1059
1039 1772
1039 1704
1039 1707
1040 1045
1040 1053
1040 1054
1040 1698
1041 1050
1041 1049
1041 1693
1042 1921
1042 1045
1042 1043
1042 2198
1043 1573
1043 1922
1044 1708
1045 1573
1046 1058
1046 1876
1046 1050
1047 1053
1047 1873
1047 1872
1047 1874
1048 1052
1048 1624
1049 1707
1050 1054
1051 1056
1051 1827
1051 1823
1052 1625
1052 1624
1053 1876
1055 1162
1056 2180
1057 1623
1058 1704
1058 1693
1058 1059
1060 1287
1060 2447
1061 1147
1061 1172
1061 2811
1062 1147
1062 1569
1062 2103
1063 2450
1064 1067
1065 1748
1065 1071
1065 1752
1066 1067
1067 1069
1068 1069
1068 1070
1073 1286
1074 1133
1075 1168
1078 1082
1078 1079
1080 1086
1081 1084
1081 1085
1083 1090
1084 1088
1085 1089
1086 2301
1086 1087
1091 1102
1091 1105
1091 1094
1092 1665
1092 1097
1093 1103
1094 1098
1094 2792
1095 1098
1096 1108
1097 1104
1097 1109
1098 1103
1099 1104
1099 1108
1100 1103
1101 1104
1105 1109
1105 1107
1105 1108
1106 1109
1110 1113
1111 2553
1111 1403
1112 1113
1114 2289
1115 1118
1116 1117
1116 4033
1117 1119
1117 4032
1120 2802
1121 2463
1121 2363
1122 2870
1122 2758
1122 2763
1123 1758
1123 1757
1123 2463
1123 2474
1124 1125
1124 1781
1125 1542
1125 1640
1126 2757
1126 1127
1127 2758
1127 2861
1127 1176
1128 1135
1128 1291
1128 1651
1129 1591
1129 1139
1130 1278
1130 1134
1131 1136
1131 2478
1131 1591
1132 1138
1132 1263
1133 2379
1133 1137
1134 1140
1135 1139
1136 1140
1138 1253
1141 1253
1142 1163
1142 1166
1143 1147
1144 1169
1144 1830
1144 2120
1145 1149
1146 1173
1146 1174
1148 1168
1148 1161
1149 2464
1150 2813
1150 2102
1151 1171
1151 2495
1152 1158
1152 1183
1152 1155
1153 2120
1153 1158
1154 1280
1154 1177
1155 2809
1155 1168
1156 1639
1156 1177
1156 1169
1157 1164
1157 2446
1157 1280
1158 1175
1159 1680
1159 1182
1159 2205
1160 1170
1160 1935
1161 1648
1162 2218
1162 1712
1162 1965
1163 1591
1164 1994
1164 2448
1165 1169
1165 1639
1165 2218
1166 1595
1166 1179
1167 1953
1167 1946
1167 1935
1167 1173
1169 1647
1170 1850
1170 1853
1171 1596
1171 1648
1171 2496
1172 1597
1172 1179
1174 1929
1174 1680
1175 1183
1175 2096
1176 2862
1178 1774
1178 1775
1178 1875
1180 2488
1180 2358
1180 1181
1180 2360
1181 2359
1181 2752
1181 2487
1182 2202
1182 2208
1183 2809
1184 1185
1184 1647
1185 2096
1186 2502
1186 5238
1186 5302
1187 2503
1187 2502
1187 5263
1187 5280
1188 2308
1188 2624
1189 1196
1190 1194
1190 1285
1191 1194
1192 1195
1193 1195
1193 1979
1194 2451
1197 1198
1198 1930
1200 1269
1202 1207
1203 1619
1204 2894
1204 1794
1206 1790
1207 2034
1207 2893
1208 1210
1209 2048
1209 2049
1209 2050
1212 1225
1213 2263
1213 2513
1213 2273
1214 2525
1214 1215
1214 2274
1214 1217
1215 2276
1215 2275
1216 2520
1216 2668
1216 2667
1217 1237
1217 2260
1218 1226
1218 2517
1218 2506
1218 2507
1219 1228
1219 1223
1219 1310
1220 1227
1220 2269
1220 2267
1221 1240
1221 2247
1221 2595
1221 2249
1222 1241
1222 1236
1222 2270
1223 1311
1223 1227
1224 2264
1224 2261
1224 1228
1225 2530
1225 1230
1225 2535
1226 2511
1226 2274
1227 2267
1228 1238
1229 2530
1229 2249
1229 2252
1230 1308
1230 1301
1230 1237
1230 1303
1231 2516
1231 1232
1231 2668
1231 1234
1233 2240
1233 1240
1234 2519
1234 2266
1235 2669
1235 1238
1235 2272
1235 2265
1236 2669
1236 2271
1237 2259
1237 2261
1238 2264
1239 2519
1239 2511
1239 2515
1240 2245
1240 2246
1241 2268
1241 2267
1241 2269
1242 1246
1242 1261
1242 1324
1243 1256
1243 1293
1243 1258
1243 3367
1244 1248
1244 1250
1245 1258
1245 4613
1245 1256
1245 3508
1246 1255
1246 2616
1246 1323
1247 1254
1248 1265
1248 1759
1249 1338
1249 3561
1249 1257
1249 1293
1250 1264
1251 1331
1251 1262
1251 1318
1251 1274
1252 2410
1252 2409
1253 1255
1255 2615
1256 3509
1256 1292
1257 1292
1257 1337
1257 3506
1258 3365
1258 4612
1260 1262
1260 1331
1260 1338
1261 1325
1261 1275
1262 1330
1262 1275
1263 1274
1263 1318
1263 2804
1264 2406
1266 1271
1267 1271
1268 1269
1268 1793
1269 1270
1272 1467
1273 2384
1273 2399
1274 1275
1275 1322
1276 1323
1277 1322
1278 2497
1278 1279
1279 2367
1279 1542
1280 1283
1281 2114
1283 1284
1284 1285
1285 1286
1286 1287
1287 1288
1288 1290
1289 2807
1290 2807
1290 1291
1291 2379
1292 1293
1292 3507
1293 3541
1294 2219
1295 2383
1295 1296
1296 1297
1297 2382
1297 1356
1298 1356
1298 1299
1299 2221
1300 2532
1300 2535
1300 2239
1301 1302
1301 1303
1302 1304
1302 1305
1303 1304
1303 1308
1304 1309
1304 1306
1305 1306
1305 1307
1306 1312
1306 2596
1307 2596
1307 1310
1308 1309
1309 1312
1310 1311
1310 2597
1311 2524
1311 1619
1312 2596
1313 2824
1313 1315
1314 1323
1315 1316
1316 1317
1317 1319
1318 2803
1318 3446
1319 1321
1319 1320
1320 3025
1320 1327
1322 1330
1323 1324
1324 3546
1325 1724
1325 1332
1326 1662
1326 3363
1326 3546
1327 4070
1327 2802
1327 1328
1328 1329
1328 2803
1328 3549
1329 1335
1329 3440
1329 4070
1330 1332
1330 3556
1331 1337
1331 3446
1332 1333
1332 3771
1333 1334
1333 3565
1333 3538
1334 1336
1334 3539
1334 3566
1335 3441
1335 3570
1336 1339
1336 3568
1336 3746
1337 3555
1337 1338
1338 3565
1339 1340
1339 3572
1339 3553
1340 1341
1340 3554
1340 3573
1341 3576
1341 3558
1342 1344
1342 1343
1344 1345
1344 1609
1346 1347
1347 1349
1347 1348
1349 1350
1349 1352
1351 2389
1352 1354
1352 1353
1354 1358
1354 1357
1355 1361
1356 1372
1358 2395
1358 1360
1359 1361
1361 1379
1361 1372
1362 1383
1362 1374
1362 1377
1363 1387
1363 1373
1363 1379
1364 1380
1364 2389
1365 1367
1365 1388
1365 1389
1366 1389
1366 1384
1366 1391
1367 1368
1367 1388
1368 1390
1368 1397
1369 1398
1369 1400
1370 1401
1370 1371
1370 1380
1372 1374
1374 1377
1375 1382
1376 2395
1376 2381
1376 1380
1377 1378
1379 1381
1381 1385
1381 1386
1382 1384
1382 1388
1383 1384
1383 1385
1385 1386
1386 1387
1387 1391
1389 1392
1390 1392
1390 1396
1391 1401
1392 1395
1392 1393
1393 1395
1393 1394
1394 1400
1394 1398
1395 1396
1396 1397
1397 1399
1400 1401
1402 1637
1404 1637
1404 1405
1404 1452
1405 1454
1405 1451
1406 1408
1407 1408
1408 1802
1409 1410
1412 1413
1413 1414
1414 1414
1415 4030
1416 1417
1416 1495
1416 1444
1416 1504
1417 1445
1417 1422
1418 1490
1419 1420
1419 1424
1419 1494
1420 1493
1420 1427
1421 1423
1422 1423
1422 1503
1423 1502
1424 1426
1424 1499
1425 1427
1425 1492
1425 1431
1427 1428
1428 1430
1428 1497
1429 1500
1432 1441
1433 1434
1433 1480
1434 1437
1434 1439
1435 1490
1436 1438
1438 1447
1438 1442
1439 1441
1440 1441
1442 1488
1442 1489
1443 1495
1443 1444
1443 1496
1444 1445
1446 1494
1446 1447
1447 1488
1448 1470
1449 1451
1450 1451
1453 1454
1454 2291
1455 1473
1456 1459
1457 1458
1458 1462
1458 1460
1459 1469
1460 1464
1460 1463
1461 1462
1462 1464
1463 1469
1463 1465
1464 1467
1464 1466
1465 1470
1465 1466
1466 1468
1469 1470
1471 1475
1472 1473
1473 1484
1474 1476
1475 1478
1475 1477
1476 1479
1476 1484
1477 1481
1477 1487
1481 1482
1481 1491
1483 1486
1484 1487
1485 1486
1486 1487
1488 1489
1489 1493
1489 1490
1490 1492
1491 2289
1491 2601
1491 1492
1493 1494
1495 1496
1496 1505
1497 1512
1497 1498
1498 1499
1498 1513
1499 1500
1499 1515
1500 1501
1501 1516
1502 1503
1503 1504
1504 1505
1505 1506
1506 1519
1506 1507
1508 1509
1508 1521
1508 1520
1509 1510
1509 1511
1510 1523
1512 1524
1512 1513
1513 1514
1513 1524
1514 1515
1514 1527
1515 1516
1516 1528
1517 1522
1518 1519
1519 1520
1520 1521
1521 1522
1522 1525
1522 1523
1524 1526
1526 1530
1526 1527
1527 1528
1531 1880
1531 1812
1532 1762
1532 1760
1532 2634
1533 1833
1533 1831
1533 4610
1534 2310
1534 2311
1534 1831
1535 2042
1535 2041
1535 4124
1536 1702
1537 3837
1537 1600
1537 1832
1538 1541
1538 2277
1539 1541
1540 1541
1541 2279
1542 1640
1543 1557
1543 1551
1543 1566
1544 2169
1544 1545
1545 2161
1545 2163
1546 1557
1546 1547
1546 2464
1547 2171
1547 1638
1548 1650
1548 2148
1548 1554
1550 1824
1550 1714
1550 1614
1550 1615
1551 1553
1551 1552
1552 1553
1552 1649
1552 1567
1552 1638
1553 1568
1553 1650
1554 1649
1554 2164
1555 1650
1555 2147
1555 2223
1556 1558
1556 1566
1556 2223
1556 1557
1557 1559
1558 1562
1559 2223
1559 1561
1560 1561
1560 2148
1560 2223
1561 2224
1561 2222
1562 1564
1562 2115
1563 1565
1564 1565
1565 1566
1567 2182
1568 1638
1568 1614
1569 2104
1570 1691
1570 1869
1571 1922
1572 1691
1572 1695
1573 1695
1574 1817
1574 1622
1575 1576
1575 1577
1576 1578
1576 1579
1577 1580
1578 1581
1579 1580
1579 1581
1580 1582
1581 1582
1582 1584
1583 2858
1583 2075
1584 1585
1586 1587
1587 1588
1588 2858
1589 1590
1589 2839
1590 2087
1591 1592
1592 2868
1593 1594
1593 2868
1596 2501
1598 1600
1598 1599
1598 2312
1599 2311
1599 1839
1600 1833
1601 1602
1601 2723
1601 2691
1602 2681
1602 2680
1603 2680
1603 1608
1603 2681
1604 1608
1605 2675
1605 2674
1606 1607
1607 2677
1607 2678
1608 2678
1609 1610
1609 1612
1610 2691
1610 1611
1610 2692
1611 2689
1611 2691
1614 1617
1614 1824
1615 1617
1615 1616
1616 1618
1617 1618
1617 2118
1618 2118
1619 2047
1619 1620
1620 2524
1620 2036
1621 2068
1622 1623
1622 2575
1623 2781
1623 2782
1623 1814
1624 2782
1626 2781
1627 2292
1627 1628
1627 2571
1628 1629
1628 2572
1629 1631
1629 1630
1630 2601
1630 2572
1631 2600
1632 2600
1632 2794
1632 2285
1634 1636
1635 1636
1636 1637
1638 1824
1640 1641
1640 1782
1641 1783
1641 2479
1641 2364
1642 1907
1642 1643
1643 1644
1643 1645
1649 2165
1649 1650
1652 1660
1652 1664
1653 1659
1653 1656
1653 1668
1654 1668
1655 1667
1655 1663
1655 1657
1658 1662
1658 1666
1658 1664
1662 1668
1663 1667
1663 1666
1664 1667
1669 1670
1670 1671
1670 2462
1671 1674
1671 1673
1672 1674
1674 1675
1676 1681
1676 1682
1677 1691
1677 1684
1677 1687
1678 1689
1678 1688
1678 1679
1679 1687
1679 1689
1680 1690
1681 1681
1682 1683
1683 2202
1685 1687
1686 1688
1688 1689
1692 1695
1692 1706
1692 1703
1693 1699
1694 1710
1694 1700
1694 1709
1696 1708
1697 1767
1697 1702
1697 1768
1698 1700
1699 1704
1699 1701
1699 1707
1700 1705
1700 1709
1702 1711
1708 1921
1711 2189
1711 1920
1712 1827
1712 1713
1713 1828
1714 1829
1715 1716
1716 1717
1716 1718
1716 1719
1718 1719
1720 1722
1721 1722
1721 2418
1721 1990
1723 2730
1724 3548
1724 3546
1725 1726
1725 2556
1726 1727
1726 1799
1728 2574
1728 1729
1729 2590
1730 1731
1731 1732
1731 1733
1734 1735
1734 1736
1737 1739
1738 1739
1739 1740
1741 1799
1741 1744
1742 1744
1742 1743
1744 1745
1745 1746
1745 1747
1748 1749
1750 2556
1750 1751
1753 2384
1753 1756
1754 1756
1755 1756
1757 4069
1757 2468
1758 1787
1758 3433
1758 4069
1760 2635
1760 1981
1760 1996
1761 1897
1761 2786
1761 1883
1762 1995
1762 1996
1762 1763
1763 1764
1764 2649
1765 2649
1765 1990
1765 1888
1766 1768
1766 1897
1766 1767
1766 1769
1768 1770
1768 1896
1769 1771
1769 2785
1771 2783
1771 1772
1772 1813
1772 2005
1773 2005
1773 1774
1773 2007
1774 1962
1774 1843
1775 1822
1775 1843
1776 1777
1776 1977
1777 1786
1778 1786
1778 1972
1779 1786
1779 1974
1779 1780
1780 2870
1781 2861
1781 2870
1781 1782
1782 1783
1782 2862
1783 1784
1784 2479
1784 1785
1785 1797
1785 1787
1787 2463
1787 2775
1788 1789
1791 2843
1792 1793
1795 1796
1795 2042
1795 1903
1796 4128
1796 2043
1797 2086
1797 2775
1798 2748
1798 2746
1798 2744
1800 2237
1801 1802
1803 1809
1804 1805
1804 1878
1805 1881
1805 1809
1806 1807
1806 1809
1806 1961
1808 1810
1810 1959
1810 1961
1810 1957
1811 1956
1811 1967
1811 1957
1812 2209
1813 2000
1813 1878
1814 1815
1814 1818
1815 1816
1815 1817
1816 1818
1816 1819
1817 1819
1818 1822
1819 1822
1820 1821
1824 1826
1825 1826
1825 1827
1825 1828
1826 1829
1828 1829
1829 1830
1830 2111
1831 1832
1832 4641
1833 4640
1834 1835
1834 1836
1834 4086
1834 2657
1835 2658
1835 4085
1836 2657
1837 1838
1837 1839
1837 4121
1838 2598
1838 1842
1839 1841
1840 4123
1840 1841
1840 1842
1841 2599
1842 2310
1843 1844
1844 1846
1844 2123
1845 1846
1846 1848
1847 1848
1850 1852
1851 1949
1851 2577
1853 1854
1854 1915
1856 1857
1857 1863
1858 1860
1858 1941
1858 2872
1858 1863
1859 1860
1860 1861
1861 1930
1862 1865
1862 1945
1862 1932
1863 1942
1864 1865
1865 1940
1866 1867
1866 1909
1866 1901
1867 1870
1867 1910
1868 1909
1868 1908
1868 1870
1869 1870
1871 1873
1871 1872
1871 2207
1873 1875
1874 1875
1874 1876
1876 1877
1878 1881
1879 1999
1880 2216
1881 1882
1882 1887
1882 1884
1883 1884
1883 1885
1883 1886
1884 1887
1885 1900
1885 1897
1886 1888
1886 1887
1887 1968
1888 1890
1889 1899
1889 1890
1889 1985
1890 1900
1891 1985
1891 1982
1891 1892
1891 1983
1893 2648
1893 1894
1893 2639
1894 2646
1894 2647
1895 1904
1895 1901
1895 2041
1896 1897
1896 1898
1896 1899
1898 1899
1898 2300
1899 1900
1901 1902
1902 1903
1902 2648
1903 1906
1904 2416
1904 1905
1905 2414
1905 1906
1906 1908
1908 1910
1909 1913
1910 1912
1912 1914
1912 1916
1913 1915
1913 1917
1914 1915
1916 1917
1918 2872
1921 1922
1923 1924
1924 1925
1924 2201
1924 1927
1925 2200
1926 1927
1928 1929
1930 2575
1932 1939
1933 1934
1933 1938
1933 1951
1934 1936
1935 1936
1936 1946
1937 1939
1937 1938
1937 2577
1938 1950
1940 1945
1940 1941
1941 1942
1942 1943
1942 1945
1943 1944
1944 1945
1946 2576
1947 1948
1949 1950
1950 2577
1951 2576
1951 1952
1954 1965
1954 2214
1954 2216
1956 2435
1957 1959
1958 1959
1960 1961
1962 2209
1962 1963
1962 1964
1964 2007
1964 2211
1965 1966
1970 2847
1970 1971
1973 1976
1973 1975
1974 1975
1975 2765
1980 1981
1980 1996
1981 2378
1983 1984
1983 1985
1983 1986
1987 1989
1988 1989
1989 1990
1991 1993
1992 1993
1993 1994
1994 1996
1994 1995
1995 2417
1997 1998
1998 2419
1999 2001
2000 2001
2002 2004
2003 2004
2004 2005
2006 2007
2008 2009
2008 2278
2008 2277
2009 2010
2009 2011
2011 2277
2012 2013
2012 2039
2012 2042
2013 2023
2013 2022
2014 2036
2014 2035
2014 2015
2016 2020
2016 2021
2016 2051
2017 2060
2017 2021
2017 2024
2018 2024
2018 2040
2018 2029
2019 2033
2019 2020
2019 2038
2020 2040
2021 2038
2022 2039
2022 2025
2023 2053
2023 2026
2024 2025
2025 2027
2026 2027
2026 2371
2027 2028
2028 2043
2028 2040
2029 2030
2029 2031
2030 2034
2030 2036
2030 2031
2031 2046
2032 2044
2032 2033
2032 2036
2033 2036
2036 2037
2038 2039
2041 2043
2044 2045
2044 2046
2045 2578
2045 2048
2045 2047
2046 2578
2046 2583
2047 2582
2049 2578
2049 2585
2051 2052
2051 2054
2052 2055
2052 2524
2053 2505
2053 2055
2054 2505
2056 2897
2056 2413
2057 2063
2057 2064
2058 2064
2059 2377
2059 2373
2059 2060
2060 2062
2061 2373
2061 2375
2062 2408
2062 2067
2063 2374
2063 2375
2064 2065
2065 2066
2065 2619
2066 2371
2066 2067
2067 2068
2069 2070
2070 2071
2071 2073
2072 2073
2074 2075
2076 2077
2077 2078
2077 2079
2078 2089
2078 2082
2079 2083
2079 2084
2079 2080
2080 2083
2080 2082
2081 2083
2086 2748
2086 2087
2088 2089
2090 2091
2091 2092
2091 2860
2092 2839
2093 2094
2094 2096
2094 2095
2097 2098
2097 2099
2097 2101
2099 2102
2099 2809
2100 2101
2101 2102
2103 2104
2105 2106
2107 2109
2108 2109
2113 2114
2115 2116
2115 2117
2115 2118
2119 2120
2122 2136
2122 2123
2122 2124
2123 2135
2124 2132
2124 2131
2125 2126
2126 2129
2126 2130
2127 2128
2128 2177
2128 2130
2130 2778
2131 2134
2131 2133
2134 2136
2134 2137
2135 2136
2135 2137
2138 2141
2138 2140
2138 2139
2139 2145
2139 2143
2141 2142
2142 2182
2142 2143
2143 2181
2144 2145
2145 2146
2146 2182
2148 2150
2149 2164
2149 2150
2151 2152
2152 2165
2152 2169
2153 2155
2154 2155
2155 2156
2156 2158
2156 2160
2157 2158
2158 2159
2160 2161
2161 2162
2162 2164
2166 2168
2167 2168
2168 2169
2170 2171
2173 2174
2174 2181
2174 2180
2175 2176
2176 2179
2177 2178
2178 2179
2179 2180
2183 2185
2184 2789
2185 2789
2185 2186
2186 2187
2187 2787
2188 2189
2188 2188
2190 2193
2191 2192
2192 2193
2192 2197
2192 2195
2193 2197
2193 2194
2195 2197
2195 2198
2196 2197
2199 2200
2200 2201
2202 2203
2203 2205
2204 2205
2206 2207
2207 2208
2209 2210
2209 2211
2210 2210
2212 2214
2213 2214
2215 2216
2217 2218
2219 2392
2219 2220
2222 2916
2225 2234
2225 2227
2226 2896
2227 2896
2229 2230
2230 2236
2230 2233
2231 2236
2232 2233
2233 2235
2234 2896
2234 2235
2235 2236
2237 2574
2237 2554
2238 2538
2239 2538
2240 2727
2240 2532
2242 2244
2242 2727
2245 2247
2247 2528
2248 2725
2248 2249
2248 2726
2250 2251
2251 2253
2251 2252
2252 2254
2253 2254
2254 2255
2254 2256
2256 2257
2257 2258
2258 2259
2260 2261
2260 2262
2262 2264
2262 2263
2263 2265
2264 2265
2265 2266
2266 2273
2266 2272
2268 2270
2268 2269
2270 2271
2270 2520
2271 2670
2271 2520
2272 2516
2272 2670
2273 2512
2273 2515
2274 2275
2274 2526
2275 2517
2280 2281
2280 2487
2280 2282
2281 2488
2282 2283
2282 2284
2285 3080
2285 2286
2286 2288
2286 2794
2287 2288
2290 2571
2290 2291
2291 2292
2293 2720
2293 2295
2293 2722
2294 2708
2295 2296
2295 2721
2296 2297
2298 2708
2298 2709
2298 2299
2299 2708
2299 2707
2302 2307
2303 2304
2303 2305
2306 2307
2307 2308
2309 2747
2309 3324
2309 3217
2310 2312
2311 2835
2312 2835
2313 2314
2313 2835
2314 2835
2315 2328
2316 2317
2317 2325
2317 2319
2318 2319
2319 2321
2320 2321
2321 2326
2322 2326
2323 2331
2323 2324
2323 2329
2326 2331
2327 2328
2328 2331
2329 2330
2330 2607
2332 2606
2332 4042
2332 4662
2333 3080
2333 3332
2334 2335
2336 2337
2337 2341
2338 2343
2338 2339
2339 2342
2340 2348
2340 2340
2341 2342
2342 2345
2343 2344
2343 2346
2344 2346
2345 2346
2347 2348
2349 2351
2349 2352
2350 2351
2352 2491
2353 2491
2353 2355
2353 2356
2354 2368
2355 2363
2356 2484
2356 2483
2357 2358
2357 2360
2357 2361
2359 2464
2359 2360
2359 2749
2360 2465
2361 2362
2361 2476
2362 2483
2362 2363
2364 2365
2365 2366
2365 2480
2366 2367
2367 2368
2368 2369
2370 2371
2370 2408
2370 2372
2372 2373
2372 2627
2374 2626
2374 2377
2375 2376
2376 2377
2376 2584
2379 2380
2381 2387
2381 2390
2386 2388
2387 2390
2387 2394
2388 2399
2388 2391
2389 2395
2390 2395
2391 2399
2392 2397
2393 2396
2394 2398
2396 2397
2396 2401
2397 2400
2400 2401
2402 2630
2402 2636
2402 2641
2403 4125
2403 2404
2403 2617
2404 2612
2404 4126
2405 2621
2405 2622
2405 2618
2406 2621
2406 2407
2408 2618
2409 2800
2410 2411
2411 2898
2412 2897
2412 2413
2412 2898
2414 2641
2414 2652
2415 2645
2415 2416
2416 2646
2417 2424
2418 2419
2419 2433
2420 2430
2420 2421
2420 2422
2421 2432
2421 2428
2421 2424
2422 2424
2423 2425
2424 2427
2425 2427
2425 2426
2427 2428
2428 2429
2430 2432
2431 2432
2431 2431
2432 2433
2433 2434
2435 2437
2436 2442
2436 2439
2437 2438
2438 2439
2438 2440
2439 2443
2440 2441
2440 2443
2441 2444
2441 2445
2442 2444
2443 2444
2446 2447
2447 2451
2448 2450
2448 2454
2449 2451
2449 2450
2452 2453
2453 2454
2454 2455
2456 2457
2456 2654
2456 2656
2457 4653
2458 2459
2458 2460
2459 2459
2461 4657
2461 4603
2461 3050
2463 2773
2464 2465
2465 2472
2466 2471
2466 2467
2467 2469
2467 2471
2468 2473
2468 2470
2469 2473
2469 2470
2470 2473
2471 2474
2471 2472
2472 2475
2473 2474
2474 2475
2475 2476
2476 2773
2477 2478
2479 2480
2480 2491
2481 2482
2483 2492
2484 2492
2485 2493
2485 2490
2485 2486
2486 2493
2486 2491
2487 2488
2488 2489
2489 2490
2492 2493
2494 2498
2494 2495
2495 2498
2496 2499
2496 2497
2497 2499
2498 2499
2500 2501
2502 5280
2502 5302
2503 2504
2503 5303
2504 5304
2505 2597
2506 2507
2506 2508
2507 2509
2508 2510
2510 2529
2511 2514
2512 2526
2512 2514
2512 2513
2513 2525
2514 2515
2514 2517
2515 2518
2516 2521
2516 2518
2518 2519
2520 2521
2521 2668
2521 2670
2522 2667
2523 2667
2523 2668
2524 2597
2525 2526
2527 2529
2528 2726
2528 2529
2530 2531
2530 2595
2532 2595
2532 2533
2534 2535
2536 2549
2537 2542
2538 2544
2539 2543
2540 2594
2540 2544
2540 2550
2541 2543
2542 2543
2542 2545
2543 2594
2544 2545
2545 2594
2546 2729
2546 2587
2546 2588
2547 2549
2547 2552
2548 2552
2548 2594
2549 2551
2550 2551
2551 2552
2553 2573
2553 2554
2554 2573
2555 2556
2557 2558
2558 2559
2558 2560
2561 2562
2562 2565
2562 2569
2563 2564
2564 2569
2564 2567
2565 2566
2567 2570
2568 2570
2569 2570
2571 2572
2578 2579
2579 2581
2579 2580
2580 2585
2580 2581
2581 2582
2584 2875
2587 2588
2587 2589
2590 2593
2591 2790
2592 2593
2593 2671
2596 2597
2598 2657
2598 4084
2599 2658
2599 3380
2602 2604
2602 2666
2602 2606
2602 2603
2603 2605
2603 4640
2604 2605
2604 2607
2605 4641
2606 2607
2608 2615
2608 2611
2608 2612
2609 2611
2609 2613
2609 2616
2610 2611
2612 2613
2613 2620
2614 2617
2614 2615
2614 2623
2616 2617
2618 2623
2619 2620
2619 2622
2620 2621
2622 2623
2624 2625
2624 2629
2625 2626
2625 2627
2626 2628
2627 2630
2628 2642
2628 2629
2629 2630
2633 2634
2633 2640
2633 2635
2633 2643
2634 2635
2634 2641
2635 2644
2636 2638
2636 2637
2637 2638
2637 2644
2638 2643
2638 2639
2639 2642
2642 2643
2643 2644
2645 2652
2645 2646
2645 2651
2646 2647
2647 2648
2649 2650
2650 2651
2651 2652
2654 2655
2654 4738
2655 4737
2655 4097
2657 2658
2659 4753
2660 2661
2660 2901
2660 4942
2661 2662
2661 4941
2662 2663
2662 4759
2663 2836
2663 4762
2664 2665
2664 4767
2664 4758
2665 4757
2665 4642
2666 4769
2669 2670
2671 2790
2672 2673
2673 2674
2675 2676
2676 2677
2679 2681
2680 2681
2682 2688
2683 2685
2683 2693
2683 2694
2684 2685
2685 2688
2685 2686
2686 2690
2686 2693
2687 2688
2687 2694
2688 2690
2689 2690
2690 2692
2692 2693
2694 2695
2695 2722
2696 2697
2697 2699
2698 2699
2700 2701
2701 2703
2702 2703
2703 2704
2704 2705
2705 2706
2706 2707
2708 2709
2709 2710
2710 2711
2711 2713
2711 2712
2712 2713
2712 2715
2713 2716
2714 2715
2715 2716
2715 2717
2716 2717
2717 2720
2718 2720
2719 2720
2721 2722
2721 2723
2724 2740
2724 2739
2724 2737
2725 2726
2728 2729
2730 2733
2731 2734
2732 2733
2732 2732
2733 2740
2734 2735
2734 2740
2734 2742
2736 2737
2737 2739
2738 2739
2741 2742
2742 2743
2744 2745
2744 4778
2746 4782
2746 2776
2747 2776
2747 4783
2749 2751
2749 2752
2750 2751
2753 2756
2753 2754
2754 2755
2754 2756
2755 4784
2757 2758
2759 2760
2759 2763
2759 2770
2760 2805
2761 2762
2761 2768
2762 2763
2764 2767
2765 2770
2765 2766
2766 2772
2766 2771
2767 2768
2767 2771
2768 2769
2769 2772
2769 2771
2770 2772
2773 2774
2775 3327
2776 4786
2777 2778
2777 2780
2779 2780
2779 2781
2781 2782
2783 2785
2784 2785
2785 2786
2788 2789
2790 2791
2793 2794
2795 2796
2796 2797
2798 2799
2798 2800
2799 2800
2799 2801
2802 2803
2803 2804
2806 2807
2807 2808
2810 2811
2811 2813
2812 2813
2814 2815
2815 2825
2815 2817
2816 2818
2816 2817
2816 2825
2817 2827
2818 2820
2818 2819
2821 2823
2821 2826
2822 2829
2822 2830
2823 2824
2825 2826
2826 2830
2828 2829
2830 2833
2831 2832
2834 2835
2835 2836
2837 2838
2839 2840
2841 2854
2841 2842
2843 2844
2845 2846
2848 2849
2849 2851
2849 2850
2852 2853
2854 2855
2856 2857
2858 2859
2861 2862
2863 2864
2864 2865
2866 2867
2868 2869
2871 2872
2875 2880
2875 2878
2876 2877
2876 2887
2876 2880
2877 2879
2877 2888
2878 2879
2879 2888
2879 2880
2881 2882
2881 2886
2881 2889
2882 2892
2882 2884
2883 2890
2883 2885
2883 2887
2884 2885
2884 2892
2885 2887
2886 2889
2886 2890
2890 2891
2892 2893
2893 2894
2894 2895
2897 2898
2899 2901
2900 2901
2902 2903
2902 3155
2902 2904
2903 3610
2903 3601
2904 3610
2904 3626
2905 2907
2905 2906
2905 3629
2906 2907
2906 3626
2907 3634
2908 3405
2908 3596
2908 3151
2908 3703
2909 3416
2909 2910
2909 3405
2910 3416
2910 3398
2911 4072
2911 3354
2911 2912
2911 3315
2912 2913
2912 2945
2913 2914
2913 2940
2914 3850
2914 3360
2915 3543
2915 3544
2915 3850
2916 3012
2916 3544
2917 3447
2917 4818
2917 3374
2918 2986
2918 2983
2918 3511
2919 3448
2919 2985
2919 3747
2920 3747
2920 3452
2920 3532
2921 3525
2921 3410
2921 4949
2921 3295
2922 4094
2922 2923
2922 3028
2923 3029
2923 3520
2924 4611
2924 3065
2924 3290
2925 4777
2925 3837
2925 4611
2926 3079
2926 5713
2927 3293
2927 2928
2927 3294
2928 3903
2928 3496
2929 3491
2929 4666
2929 4915
2929 3486
2930 4932
2930 3344
2930 4767
2931 2932
2931 4772
2932 4768
2933 4073
2933 2934
2934 4897
2934 4919
2934 4748
2935 3635
2935 4903
2935 3146
2936 3557
2936 4650
2936 2938
2937 4119
2937 3564
2937 4744
2938 3363
2938 4648
2938 3552
2939 3362
2939 2955
2939 4631
2940 2945
2940 2952
2940 3360
2941 2949
2941 2944
2941 2948
2942 4630
2942 2949
2942 2951
2943 2947
2943 2944
2943 2945
2944 3351
2944 3352
2946 4620
2946 4621
2946 2947
2947 3214
2948 3353
2948 3213
2949 3351
2950 2953
2950 3351
2950 3430
2951 3351
2951 3430
2952 3362
2952 2953
2952 2955
2953 2954
2954 4072
2954 2955
2956 3432
2956 3780
2956 3431
2956 4062
2957 2959
2957 3545
2957 3007
2958 3545
2958 2959
2958 3012
2959 3213
2960 2964
2960 2961
2960 2962
2961 2962
2961 2975
2962 3998
2963 2964
2963 3986
2963 2965
2964 4159
2965 4159
2965 3833
2965 4154
2966 3205
2966 3202
2966 3236
2967 3207
2967 2969
2967 2968
2968 2969
2968 3253
2969 3199
2970 3193
2970 3249
2970 2971
2971 2972
2971 3288
2972 3179
2972 4130
2973 2975
2973 2974
2973 4143
2975 4017
2976 2977
2976 4618
2976 3208
2977 3231
2977 2978
2977 4619
2977 4621
2978 3224
2978 3775
2978 3230
2979 2980
2979 3987
2979 2981
2979 3780
2980 2982
2980 3218
2980 3215
2981 3781
2981 2982
2981 4198
2982 4195
2982 3184
2983 3510
2983 3512
2983 2985
2984 4109
2984 3450
2984 4110
2985 2986
2985 3449
2986 3448
2987 3196
2987 3247
2987 3250
2988 3196
2988 3242
2988 3199
2989 3983
2989 4780
2989 2991
2990 4784
2990 2991
2991 2992
2992 2993
2992 3977
2993 2994
2993 3024
2995 4472
2995 5013
2995 2997
2996 4244
2996 3754
2996 4323
2997 4470
2997 4429
2998 3000
2998 4465
2998 4369
2999 4724
2999 3001
3000 4724
3000 4369
3001 4655
3001 4286
3002 4046
3002 3073
3002 4773
3002 4634
3003 3059
3003 3337
3003 4776
3004 3283
3004 4776
3005 3475
3005 3052
3005 4030
3006 3053
3006 3474
3006 5447
3007 3297
3008 4723
3008 3106
3008 4808
3009 3860
3009 3010
3009 4723
3010 3011
3010 3860
3011 3868
3011 4037
3012 3013
3013 3300
3013 3515
3014 3309
3014 3015
3014 3844
3015 4812
3015 4811
3016 3017
3016 3285
3016 3018
3017 3023
3017 3018
3018 4063
3019 3619
3019 3020
3019 3595
3020 3618
3020 3617
3021 3022
3022 3282
3022 3277
3022 3279
3024 3361
3026 4076
3026 4095
3026 4088
3026 4080
3027 4075
3027 3292
3027 4730
3027 4088
3028 3296
3028 3397
3028 3415
3029 3527
3030 3031
3030 4605
3031 3033
3032 4604
3032 3034
3033 3034
3033 4605
3034 4603
3035 3036
3035 3038
3035 3044
3036 3037
3036 3047
3037 3048
3037 3038
3038 3039
3039 3046
3039 3040
3041 3043
3041 3042
3041 3044
3043 3049
3043 3315
3044 3045
3045 3046
3045 3047
3046 3048
3047 3048
3050 4069
3050 4077
3051 3082
3051 3499
3051 3505
3052 3054
3052 3077
3053 5451
3053 5326
3055 3063
3055 3057
3055 3083
3056 3522
3056 3065
3056 3291
3058 3060
3058 3074
3058 3062
3059 3070
3059 3336
3059 3331
3060 3932
3060 4660
3060 3484
3061 4773
3061 3075
3061 3073
3061 3068
3062 3071
3062 3925
3062 3923
3064 3926
3064 3912
3064 3071
3065 3293
3066 3081
3066 4634
3066 3080
3067 3291
3067 3072
3067 3837
3069 3499
3069 3077
3069 3078
3070 4645
3070 3332
3070 3331
3071 3924
3072 4610
3072 3851
3073 4633
3073 4774
3074 3501
3074 3484
3076 3481
3076 3082
3076 3483
3077 3078
3078 4647
3079 3851
3082 3503
3083 3483
3083 3476
3084 3156
3084 3085
3084 3089
3085 3088
3085 5328
3086 5328
3086 4059
3086 5332
3087 3088
3087 5331
3088 5328
3089 4055
3089 4058
3090 3091
3090 3669
3090 3166
3091 3175
3091 3093
3092 3300
3092 3093
3092 4810
3093 3298
3094 3188
3094 3186
3094 4705
3095 3125
3095 3096
3095 3111
3095 3312
3096 3948
3096 3751
3096 3750
3097 3099
3097 3101
3097 4801
3098 4609
3098 3103
3098 3110
3098 4694
3099 3106
3099 4808
3100 3108
3100 4690
3100 4805
3101 3108
3101 4807
3102 4693
3102 4690
3102 3103
3103 4695
3104 3750
3104 3105
3104 3753
3105 3110
3105 3119
3106 4896
3107 3116
3107 3122
3107 4695
3107 4060
3108 4805
3109 3753
3109 4887
3109 4594
3110 3119
3111 3114
3111 3113
3111 3122
3112 3118
3112 3120
3112 3114
3113 3951
3113 4609
3113 3119
3114 3120
3114 3126
3115 4061
3115 3121
3115 3117
3116 3120
3116 4061
3116 3118
3117 4060
3117 4707
3118 3123
3118 3121
3120 3122
3121 3757
3123 3127
3123 3129
3124 3125
3124 3130
3124 3947
3125 3126
3126 3127
3127 3130
3128 3130
3131 3257
3131 3135
3131 3262
3131 3260
3132 3185
3132 3134
3133 3177
3133 3135
3133 4830
3134 3172
3134 4827
3135 3137
3136 3181
3136 3842
3136 3254
3136 4828
3137 3257
3137 4829
3138 3595
3138 3633
3138 3652
3139 3153
3139 3142
3139 4576
3140 3636
3140 3647
3140 4565
3141 3152
3141 3164
3141 4567
3141 3153
3142 3636
3142 4586
3143 4901
3143 3147
3143 3493
3143 3498
3143 4905
3144 3145
3144 3639
3144 3146
3145 3642
3145 3641
3146 3147
3147 4571
3148 3642
3148 3647
3148 3645
3149 3150
3149 3485
3149 4901
3150 4908
3150 3489
3151 3152
3151 3635
3151 3636
3152 3153
3152 3154
3153 3608
3154 3155
3154 4573
3155 4590
3156 3164
3156 3162
3156 3158
3157 3628
3158 3760
3158 3763
3159 3764
3159 3161
3159 3164
3160 4053
3160 3768
3160 4057
3162 3768
3162 3764
3163 4053
3163 4055
3163 4052
3165 3190
3165 3167
3165 3653
3166 3170
3166 3168
3167 3171
3167 3655
3168 3274
3168 4838
3169 3170
3169 3655
3169 4841
3170 3269
3170 3270
3171 3656
3171 3653
3172 3180
3172 4827
3173 3180
3174 3177
3175 3188
3175 3842
3176 3182
3177 3182
3178 3254
3178 3179
3178 3196
3179 3442
3180 4828
3181 3182
3181 3183
3184 3218
3184 4936
3185 3187
3185 3845
3186 3187
3186 3188
3187 3842
3189 3664
3190 3652
3190 3653
3191 3200
3191 3205
3191 3201
3191 3206
3192 3198
3192 3203
3192 3206
3193 3250
3193 3244
3194 3204
3194 3195
3194 3202
3197 3206
3197 3256
3197 3204
3199 3232
3200 3203
3200 3207
3202 3278
3203 3207
3204 3205
3208 3227
3208 4615
3209 3216
3209 3226
3209 3231
3210 3217
3210 3222
3210 3426
3210 4040
3211 3226
3211 3213
3211 3216
3212 3220
3212 3443
3212 3218
3212 3222
3214 3352
3214 3436
3214 3353
3215 3221
3215 3227
3216 3849
3216 3359
3219 3224
3220 3774
3220 3776
3220 3775
3222 3229
3223 3225
3223 3443
3223 3229
3224 3227
3225 4038
3225 3443
3226 3228
3227 4614
3228 4621
3228 3436
3228 3231
3229 3445
3230 3231
3230 3944
3232 3233
3232 3239
3233 3234
3233 3237
3235 3236
3236 3238
3240 3246
3240 3241
3240 3250
3242 3247
3242 3252
3243 3246
3244 3245
3244 3249
3244 3248
3246 3247
3249 3251
3253 3254
3253 3263
3255 3260
3255 3266
3255 3258
3256 3263
3256 3265
3257 3262
3258 3262
3258 3264
3259 3265
3259 3261
3259 3263
3260 3272
3261 4829
3261 3264
3262 4830
3264 3265
3266 3275
3266 3267
3267 4835
3267 3273
3267 3272
3268 3271
3270 4832
3270 3271
3271 4839
3272 4836
3273 4837
3273 3648
3274 4831
3274 4833
3274 4832
3276 3278
3277 3289
3277 3280
3278 3282
3278 3279
3279 3281
3280 3282
3280 3289
3283 3334
3283 4647
3285 4830
3285 3289
3286 3288
3287 3288
3290 3294
3290 3520
3291 3294
3292 4091
3292 4094
3293 4633
3295 3398
3295 4945
3296 3533
3296 4091
3296 4729
3297 3305
3297 3543
3298 3314
3298 3299
3299 3305
3299 3515
3300 3514
3301 3526
3301 3302
3301 3535
3302 3534
3302 3514
3303 3515
3303 3304
3303 3534
3304 3534
3304 3841
3305 3514
3306 3309
3306 3308
3306 4712
3307 3313
3307 3311
3307 4595
3308 4713
3308 3314
3309 4707
3310 4811
3310 3319
3310 4713
3311 3313
3311 3759
3312 3318
3312 3319
3313 3318
3314 4710
3315 4033
3316 3834
3316 3319
3316 3751
3317 3318
3319 3834
3320 3964
3321 4575
3321 5621
3321 5608
3322 3697
3322 3690
3322 3689
3323 4066
3323 4785
3323 4068
3323 3324
3324 3848
3325 3326
3325 4068
3326 4065
3327 3433
3327 3328
3328 3329
3329 4065
3330 4067
3330 4065
3330 3433
3331 3338
3331 3333
3332 3337
3333 3335
3333 3334
3337 3708
3339 3349
3340 3347
3340 3344
3340 3346
3342 3344
3343 3345
3345 3349
3345 3350
3345 3346
3346 3349
3347 3349
3347 4767
3352 3353
3354 3441
3354 4032
3354 4071
3355 3357
3356 3357
3356 4622
3356 4623
3357 3358
3357 3946
3358 3359
3358 3426
3359 3944
3359 3848
3360 3362
3363 3551
3363 4125
3364 3838
3364 3460
3364 3365
3365 3366
3365 3593
3365 3367
3366 3577
3366 3367
3366 3592
3367 3542
3368 3371
3368 3376
3368 3369
3369 3455
3369 3510
3370 3371
3370 3455
3370 3456
3371 3373
3372 3375
3374 3459
3374 4632
3375 3377
3375 3376
3376 3378
3379 3393
3379 3409
3379 4078
3380 4084
3380 3396
3380 3393
3381 3399
3381 3414
3381 3384
3382 3408
3382 4742
3382 3400
3383 3421
3383 3405
3383 3416
3384 3402
3384 3390
3385 3411
3385 4740
3385 3419
3386 3388
3386 3394
3386 3403
3387 3414
3388 3418
3388 3414
3389 3395
3389 4084
3389 3401
3390 3399
3390 3404
3391 3394
3392 3395
3392 3404
3392 3400
3393 4078
3394 3408
3395 4746
3396 3417
3396 4639
3398 4949
3399 3418
3400 3401
3401 4741
3403 3408
3403 3413
3404 3407
3406 4730
3406 4739
3406 4727
3410 4947
3410 4820
3411 4727
3411 4729
3411 4725
3412 4948
3415 3419
3415 4948
3415 3519
3418 4747
3419 4820
3419 3529
3420 4745
3422 3427
3422 4990
3422 3810
3423 3436
3424 3436
3425 3968
3425 3434
3425 3821
3426 4623
3427 3814
3427 3435
3427 3827
3428 4616
3428 3430
3428 3437
3429 3438
3431 3437
3431 3779
3432 3779
3432 3785
3432 3781
3434 3438
3434 3828
3434 3813
3435 3968
3435 3823
3435 4018
3437 4062
3437 3680
3438 3812
3438 3829
3439 3440
3439 3550
3442 4936
3442 4937
3443 3444
3444 4937
3444 3777
3445 4039
3445 4040
3446 3555
3446 3549
3447 4631
3447 3460
3447 4626
3448 3748
3448 3692
3449 4103
3449 4104
3450 3456
3450 3458
3451 3518
3451 3697
3451 3452
3452 3523
3452 3748
3453 4613
3453 4823
3453 3773
3454 3773
3454 3458
3454 3589
3455 4814
3455 3457
3456 3460
3456 3458
3457 3511
3457 4816
3461 3466
3461 3575
3461 3472
3461 3582
3462 3573
3462 3469
3462 3465
3462 3581
3463 3470
3463 3471
3464 3468
3464 3568
3465 3580
3465 3569
3465 3572
3466 4824
3466 3586
3466 4826
3467 3471
3467 3542
3467 3565
3467 3770
3468 3566
3469 3576
3469 4115
3469 3590
3470 3569
3471 3566
3471 3577
3472 3583
3472 3574
3472 4115
3473 3475
3474 3475
3474 5459
3476 3479
3476 3482
3476 3477
3477 3481
3477 3502
3477 3483
3478 3480
3480 3484
3480 3930
3481 3501
3486 3488
3486 3492
3487 3489
3487 3490
3487 3491
3488 3496
3488 3494
3489 3492
3491 4908
3492 3493
3493 3495
3495 3497
3495 3496
3499 3505
3500 3502
3501 3502
3504 3505
3506 3555
3506 3507
3506 3550
3507 3509
3507 3559
3508 3509
3508 3571
3509 3570
3510 3511
3510 3513
3516 3841
3516 3517
3516 3524
3517 3521
3517 3522
3518 3532
3518 4945
3518 3528
3519 3525
3520 3531
3521 3528
3521 3530
3522 4090
3524 3531
3524 3528
3526 3841
3526 3530
3528 3698
3528 4950
3529 3533
3530 3531
3532 4947
3534 3535
3535 3536
3536 3779
3536 3784
3537 3538
3538 3539
3538 3548
3539 3547
3539 3540
3541 3567
3541 3772
3541 3561
3542 3577
3542 3772
3546 3744
3547 3744
3547 3745
3548 3746
3548 3744
3549 3550
3549 3555
3551 3553
3551 3745
3551 3552
3552 3554
3552 3557
3553 3554
3553 3746
3554 3558
3557 3558
3557 4118
3558 4117
3560 3567
3561 3770
3562 4120
3562 3574
3562 4117
3562 4743
3563 3578
3564 4743
3564 4120
3565 3566
3567 3771
3568 3569
3568 3572
3569 3579
3570 3571
3570 4071
3571 3578
3571 4072
3572 3573
3573 3576
3574 4116
3574 3575
3575 4120
3575 4824
3576 4116
3577 3579
3578 4823
3579 3592
3579 3580
3580 3581
3580 4628
3581 3852
3582 3583
3582 3584
3582 3586
3583 3585
3583 4113
3584 3587
3584 3585
3585 4114
3586 3587
3586 3588
3587 3589
3588 3589
3588 4826
3588 4100
3589 4101
3590 3591
3590 3852
3590 4113
3591 4114
3591 4599
3592 3593
3592 4628
3593 4629
3594 3625
3595 3618
3595 3622
3596 3598
3596 3597
3597 3725
3597 3598
3598 3601
3599 3615
3600 3603
3601 3602
3602 3603
3602 3611
3603 3613
3604 3609
3605 3607
3606 3608
3607 3608
3607 4564
3609 3612
3609 3616
3610 3611
3611 3624
3611 3613
3612 3615
3612 3617
3613 3620
3613 3614
3615 3617
3616 3618
3619 4063
3619 3621
3620 3623
3620 3624
3624 3627
3625 3628
3625 3762
3626 3627
3627 3629
3628 3760
3629 3630
3630 3633
3630 3631
3631 3633
3631 3632
3635 3647
3636 4586
3637 3639
3638 3639
3639 3644
3640 3642
3643 3644
3644 3645
3645 3646
3649 3673
3649 3676
3650 3676
3650 3671
3650 3675
3651 3652
3654 3655
3655 3658
3656 3657
3656 3659
3657 3662
3657 3660
3658 3661
3658 3659
3659 3662
3660 3664
3660 3663
3662 3663
3663 3665
3664 3666
3667 4709
3668 3671
3669 3670
3669 4840
3670 3672
3670 4841
3671 3675
3672 3673
3672 3674
3675 3677
3676 3678
3677 3678
3677 4709
3678 3844
3679 3703
3679 3682
3679 3685
3680 3704
3680 3682
3681 3703
3682 3709
3683 3702
3683 3686
3683 3684
3684 3687
3684 3702
3685 3688
3685 3692
3687 3688
3690 3691
3690 3693
3691 3694
3691 3692
3693 3696
3693 3695
3694 3695
3694 3700
3695 3696
3696 3698
3696 3699
3697 3698
3701 3702
3705 3706
3706 3707
3706 3708
3708 4775
3709 3711
3709 3716
3710 3712
3711 3713
3711 3714
3712 3713
3712 3715
3713 3718
3717 3719
3718 3721
3718 3720
3719 3720
3719 3722
3720 3721
3721 3723
3723 3732
3723 3728
3724 3743
3725 3743
3725 3726
3727 3733
3729 3731
3730 3731
3731 3733
3732 3736
3732 3734
3733 3736
3734 3736
3734 3735
3736 3741
3737 3738
3738 3739
3738 3741
3739 3740
3739 3742
3741 3742
3742 3743
3745 3746
3747 3748
3747 3749
3750 3752
3751 3752
3752 3753
3752 3759
3754 4866
3754 4878
3754 4845
3755 4888
3755 4848
3755 4591
3756 4862
3756 4856
3756 4872
3757 3758
3757 4708
3759 3834
3760 3761
3764 3766
3765 3767
3766 3767
3766 3768
3767 3769
3770 3772
3771 3772
3773 3838
3775 3778
3775 4623
3777 4935
3777 4038
3780 3781
3780 4617
3781 4197
3782 3783
3782 4197
3782 3786
3783 3788
3783 3786
3783 3789
3784 3785
3784 3797
3785 3796
3785 3787
3786 3787
3786 3790
3787 3792
3788 4198
3788 3794
3789 3790
3789 3793
3789 3801
3790 3792
3790 3800
3791 3794
3791 4998
3791 3807
3791 4195
3792 3795
3792 3799
3793 3794
3793 3803
3794 3806
3796 3813
3796 3797
3796 3798
3797 3812
3798 3802
3798 3799
3799 3804
3799 3800
3800 3801
3800 3805
3801 3803
3801 3808
3802 3813
3802 3804
3803 3809
3803 3806
3804 3821
3804 3805
3805 3820
3805 3808
3806 3807
3806 3811
3807 3810
3807 4984
3808 3819
3808 3809
3809 3815
3809 4953
3810 3811
3810 4985
3811 4953
3811 3814
3812 3813
3814 4954
3815 3816
3815 3818
3816 4954
3816 3817
3817 3818
3817 3824
3818 3819
3819 3820
3819 3823
3820 3821
3821 3822
3823 3824
3824 3825
3826 3827
3826 4988
3826 4714
3826 4990
3827 4008
3827 4027
3828 3829
3828 4011
3828 3995
3829 3982
3830 4025
3830 4012
3830 4019
3831 3832
3831 3982
3831 4955
3831 4150
3832 4151
3832 4669
3832 4011
3833 4680
3833 4678
3835 4558
3835 4557
3835 5045
3836 4558
3836 4473
3836 4999
3838 4612
3839 4631
3839 4632
3839 4629
3840 4627
3840 4626
3840 4630
3843 3844
3846 4258
3846 3847
3846 4367
3847 4332
3847 4311
3848 3849
3848 3983
3849 3977
3849 4035
3850 4035
3852 4628
3852 4627
3853 3854
3853 3886
3853 3870
3854 3870
3854 3858
3855 3857
3855 3858
3855 3868
3855 3866
3856 3871
3857 3876
3857 3880
3858 3876
3859 3863
3860 3862
3861 3862
3862 3863
3863 3865
3864 3865
3865 3866
3866 3869
3867 3869
3868 3870
3869 3872
3869 3879
3871 3872
3871 3885
3872 3874
3872 3888
3873 3898
3873 3874
3873 3891
3874 3887
3875 3898
3876 3877
3878 3879
3878 3884
3878 3881
3879 3882
3880 3882
3880 3883
3882 3884
3884 3891
3887 4689
3887 3888
3888 5004
3888 5003
3889 3890
3889 4689
3889 5007
3890 4799
3890 5009
3891 3900
3892 3893
3893 3896
3893 3894
3894 3899
3894 3898
3895 3897
3895 3900
3895 3896
3896 3897
3897 3901
3900 3902
3903 3910
3903 3904
3904 3905
3904 3906
3906 3907
3906 3910
3907 3908
3907 3909
3910 3911
3912 4633
3912 3914
3913 3914
3914 3915
3916 3918
3917 3918
3918 3919
3919 3943
3919 3926
3920 3939
3921 3939
3921 3940
3921 3936
3922 3923
3922 3936
3922 3924
3923 3928
3924 3926
3927 3928
3928 3929
3930 3932
3930 3935
3931 3935
3931 3933
3931 3932
3934 3935
3936 3937
3937 3938
3937 3939
3940 3943
3940 3941
3941 3942
3941 3943
3944 3946
3945 3946
3947 3952
3947 3950
3948 3961
3948 3949
3948 3958
3951 3956
3951 3953
3953 3954
3953 3958
3954 3956
3954 3957
3955 3957
3956 3959
3957 3959
3957 3960
3958 3960
3959 3961
3960 3961
3960 3962
3963 4704
3963 3964
3963 3965
3964 3966
3967 3970
3967 3997
3967 4023
3968 3995
3969 4002
3970 4012
3970 3973
3971 3997
3972 3974
3972 3989
3972 4002
3975 4006
3975 4193
3975 4194
3976 3989
3976 4194
3976 4004
3977 3983
3977 4036
3978 4003
3979 3986
3980 4193
3980 3995
3980 4001
3981 4003
3982 4011
3983 4779
3984 4015
3984 4021
3984 4005
3985 4003
3985 4019
3985 4014
3986 4025
3986 4020
3987 4615
3987 3993
3988 4026
3988 4029
3988 3990
3989 4004
3990 4012
3990 4008
3991 3997
3992 4011
3992 3996
3992 4013
3993 3993
3994 4010
3995 4016
3996 4022
3996 4016
3998 4017
3998 4027
3998 4010
3999 4192
4000 4006
4001 4021
4001 4018
4002 4008
4004 4007
4005 4015
4005 4009
4006 4019
4009 4021
4009 4015
4010 4024
4010 4026
4016 4192
4017 4714
4018 4194
4020 4024
4020 4029
4024 4028
4025 4029
4026 4027
4030 4031
4032 4033
4033 4034
4034 4036
4034 4823
4035 4036
4037 4896
4037 4041
4038 4659
4039 4077
4039 4659
4040 4066
4040 4077
4042 4046
4042 4049
4043 4044
4043 4050
4043 4049
4045 4664
4046 4048
4047 4048
4048 4049
4048 4664
4049 4050
4050 4661
4051 4928
4051 4666
4051 4661
4052 4057
4052 4055
4053 4054
4056 4057
4060 4061
4062 4616
4063 4064
4066 4067
4067 4068
4070 4071
4071 4072
4073 4087
4073 4074
4074 4087
4074 4079
4075 4089
4075 4094
4076 4079
4076 4089
4078 4107
4079 4080
4080 4081
4080 4087
4081 4095
4081 4096
4081 4944
4082 4944
4082 4108
4082 4083
4082 4739
4083 4106
4083 4084
4083 4107
4084 4638
4085 4086
4085 4639
4085 4757
4086 4638
4086 4745
4087 4096
4088 4089
4089 4090
4090 4094
4091 4728
4092 4725
4092 4742
4092 4093
4093 4726
4093 4741
4095 4943
4095 4730
4096 4108
4097 4112
4097 4103
4097 4111
4098 4099
4098 4736
4098 4625
4098 4731
4099 4624
4099 4737
4100 4101
4100 4105
4100 4637
4101 4636
4102 4825
4102 4103
4102 4735
4104 4105
4104 4111
4105 4734
4105 4826
4106 4943
4106 4741
4107 4108
4109 4731
4110 4636
4110 4625
4111 4120
4111 4744
4112 4744
4113 4114
4113 4115
4115 4116
4116 4117
4117 4118
4118 4119
4118 4743
4119 4650
4121 4122
4121 4128
4122 4124
4122 4649
4123 4127
4123 4124
4125 4648
4126 4127
4126 4649
4127 4128
4129 4132
4130 4132
4130 4143
4131 4132
4131 4135
4131 4137
4133 4135
4134 4135
4134 4138
4134 4137
4134 4136
4137 4139
4138 4140
4138 4139
4139 4140
4140 4141
4141 4143
4141 4142
4144 4145
4144 4150
4144 4149
4144 4974
4145 4148
4145 4187
4145 4151
4146 4153
4146 4147
4146 4155
4147 4156
4147 4178
4148 4149
4148 4167
4148 4186
4149 4973
4149 4166
4150 4151
4151 4152
4152 4154
4152 4686
4153 4154
4153 4159
4154 4155
4155 4156
4155 4191
4156 4190
4156 4177
4157 4164
4157 4158
4157 4162
4158 4163
4160 4161
4160 4965
4160 4165
4161 4164
4161 4162
4161 4174
4162 4163
4162 4177
4163 4178
4164 4165
4166 4167
4166 4175
4167 4174
4167 4168
4168 4173
4168 4185
4169 4177
4169 4181
4169 4189
4169 4184
4170 4172
4170 4171
4170 4179
4171 4173
4171 4182
4173 4174
4174 4175
4175 4965
4176 4182
4176 4179
4176 4180
4177 4178
4179 4181
4180 4184
4180 4181
4182 4183
4183 4185
4183 4188
4184 4188
4185 4189
4185 4186
4186 4187
4186 4190
4187 4191
4188 4189
4189 4190
4190 4191
4192 4193
4195 4986
4196 4986
4197 4198
4199 4201
4199 4258
4199 4259
4200 4262
4200 4256
4200 4265
4201 4263
4201 4271
4202 4312
4202 4204
4202 4217
4203 4204
4203 4209
4203 4210
4204 4220
4205 4289
4206 4207
4207 4267
4207 4275
4208 4215
4208 4209
4208 4219
4209 4312
4211 4272
4211 4213
4211 4212
4212 4274
4212 4215
4214 4271
4215 4265
4216 4217
4217 4220
4218 4220
4221 4275
4221 4842
4221 4222
4222 4223
4222 4227
4223 4228
4223 4224
4224 4230
4224 4226
4225 4298
4225 4313
4225 4294
4226 4235
4226 4229
4227 4228
4227 4843
4228 4230
4229 4243
4229 4231
4230 4243
4231 4242
4231 4232
4232 4234
4232 4239
4233 4238
4234 4237
4234 4241
4236 4240
4237 4245
4237 4238
4238 4240
4239 4246
4239 4241
4240 4244
4241 4323
4243 4246
4244 4315
4246 4323
4247 4248
4248 4249
4248 4250
4250 4251
4250 4255
4252 4255
4253 4258
4253 4256
4253 4365
4254 4257
4255 4257
4256 4259
4257 4260
4259 4261
4260 4267
4261 4263
4261 4262
4262 4264
4262 4266
4263 4266
4264 4269
4264 4270
4265 4268
4266 4269
4266 4271
4268 4273
4268 4270
4269 4272
4270 4272
4275 4315
4276 4357
4276 4280
4276 4361
4276 4279
4277 4279
4278 4655
4278 4312
4278 4866
4279 4281
4280 4281
4280 4358
4280 4283
4281 4284
4282 4284
4283 4284
4283 4285
4285 4286
4285 4287
4286 4287
4287 4288
4289 4309
4289 4290
4291 4310
4292 4296
4292 4331
4292 4301
4293 4296
4294 4300
4294 4297
4295 4332
4295 4303
4295 4327
4296 4298
4296 4335
4297 4304
4297 4324
4298 4300
4298 4336
4299 4308
4300 4302
4301 4305
4301 4317
4302 4342
4302 4304
4303 4329
4303 4306
4304 4306
4305 4308
4305 4321
4306 4307
4307 4322
4307 4338
4308 4335
4308 4316
4309 4311
4309 4310
4310 4311
4314 4842
4315 4595
4317 4339
4317 4320
4318 4345
4319 4341
4320 4321
4320 4347
4321 4346
4322 4352
4322 4338
4325 4328
4326 4330
4328 4330
4328 4331
4330 4334
4331 4339
4332 4338
4333 4334
4334 4339
4335 4336
4336 4337
4337 4344
4337 4340
4340 4341
4340 4342
4341 4343
4341 4344
4342 4345
4344 4346
4345 4352
4346 4351
4347 4348
4347 4350
4348 4353
4348 4349
4349 4354
4349 4351
4351 4355
4352 4356
4356 4360
4356 4357
4357 4359
4362 4363
4363 4366
4363 4364
4364 4365
4364 4366
4365 4367
4366 4367
4368 4389
4369 4386
4370 4372
4371 4373
4372 4374
4372 4373
4373 4390
4374 4386
4374 4387
4375 4442
4375 4722
4375 4437
4376 4379
4376 4416
4376 4378
4376 4420
4377 4438
4378 4421
4378 4380
4379 4383
4379 4432
4379 4419
4380 4382
4380 4383
4381 4418
4381 4431
4381 4417
4382 4436
4382 4443
4382 4422
4383 4434
4384 4394
4385 4388
4385 4392
4385 4399
4386 4409
4389 4396
4389 4391
4390 4396
4390 4406
4391 4394
4391 4397
4392 4399
4392 4393
4394 4395
4395 4401
4395 4398
4396 4400
4397 4401
4397 4403
4398 4402
4398 4408
4399 4402
4400 4403
4400 4406
4401 4405
4402 4407
4403 4404
4404 4405
4404 4412
4405 4408
4406 4409
4407 4415
4407 4411
4408 4415
4409 4410
4409 4413
4409 4412
4410 4417
4410 4722
4412 4413
4412 4414
4413 4418
4413 4417
4414 4420
4414 4421
4415 4420
4415 4416
4416 4419
4418 4422
4419 4432
4420 4421
4421 4422
4422 4431
4423 4471
4423 5030
4423 4427
4423 4468
4424 4469
4424 4427
4424 4430
4425 4465
4426 4468
4427 4428
4429 4467
4429 4463
4431 4437
4432 4434
4433 4434
4433 4498
4433 4435
4434 4436
4435 4443
4435 4436
4437 4454
4437 4442
4438 4451
4438 4441
4439 4440
4440 4444
4440 4441
4441 4447
4442 4469
4443 4454
4445 4448
4445 4446
4445 4722
4446 4450
4446 4447
4447 4449
4448 4450
4448 4458
4449 4451
4449 4456
4450 4452
4450 4453
4451 4457
4451 4459
4453 4455
4453 4456
4454 4466
4454 4556
4456 4457
4457 4461
4459 4460
4459 4464
4461 4462
4461 4463
4463 4464
4464 4465
4464 4467
4465 4470
4466 4468
4466 4471
4467 4470
4469 4471
4472 4473
4472 5014
4473 5015
4474 4480
4475 4477
4476 4481
4477 4478
4477 4489
4479 4490
4480 4490
4480 4485
4481 4489
4481 4491
4482 4494
4482 4514
4482 4483
4482 4484
4483 4485
4483 4495
4484 4489
4484 4487
4485 4496
4486 4490
4487 4513
4487 4516
4487 4492
4488 4521
4489 4494
4491 4495
4491 4493
4493 4494
4493 4495
4497 4524
4498 4499
4498 4512
4499 4501
4499 4544
4500 4510
4501 4502
4501 4524
4502 4508
4502 4503
4503 4505
4503 4511
4504 4542
4505 4507
4505 4543
4506 4512
4508 4526
4508 4509
4510 4529
4510 4530
4511 4542
4511 4545
4512 4544
4513 4517
4513 4524
4514 4520
4514 4515
4515 4518
4515 4516
4516 4517
4517 4523
4518 4520
4518 4519
4520 4521
4521 4522
4525 4545
4525 4528
4525 4543
4526 4527
4526 4531
4527 4530
4527 4536
4528 4544
4528 4545
4529 4535
4529 4533
4530 4535
4532 4536
4533 4537
4533 4534
4535 4537
4535 4546
4536 4539
4537 4541
4538 4563
4538 4559
4538 5021
4540 4541
4541 4547
4542 4543
4542 4545
4547 4548
4547 5020
4548 4549
4548 5018
4549 4550
4549 5019
4550 4551
4550 4556
4551 5022
4551 4552
4552 4553
4552 5027
4553 4554
4553 5023
4554 5027
4554 4555
4555 4563
4555 5026
4556 4562
4557 4597
4557 5039
4557 5044
4558 5031
4558 5046
4559 4560
4559 5075
4560 5050
4560 5063
4561 5083
4561 4562
4561 5093
4561 5112
4562 4563
4564 4566
4564 4575
4565 4589
4565 4579
4566 4583
4567 4580
4567 4590
4568 4590
4569 4571
4569 4584
4569 4582
4570 4584
4571 4582
4572 4579
4572 4577
4572 4581
4573 4580
4573 4590
4574 4575
4576 4581
4576 4588
4577 4582
4577 4578
4579 4589
4580 4585
4581 4588
4583 4584
4586 4587
4587 4588
4587 4589
4591 4592
4591 4593
4595 4596
4597 4868
4597 4598
4599 4601
4599 4627
4600 4601
4601 4602
4603 4604
4606 4607
4606 4609
4606 4608
4610 4611
4612 4613
4615 4617
4616 4617
4616 4620
4617 4618
4618 4619
4619 4621
4619 4620
4624 4637
4624 4625
4625 4636
4626 4815
4627 4629
4628 4629
4630 4632
4634 4773
4634 4775
4635 4738
4635 4736
4635 4745
4636 4637
4638 4639
4638 4746
4639 4758
4640 4641
4640 4642
4642 4770
4643 4645
4644 4645
4646 4647
4648 4649
4650 4651
4652 4653
4652 4652
4653 4654
4655 4656
4657 4658
4658 4659
4661 4662
4662 4768
4663 4664
4665 4666
4667 4688
4668 4675
4668 4688
4668 4670
4669 4675
4669 4680
4670 4684
4670 4687
4671 4672
4671 4676
4671 4673
4672 4674
4672 4675
4673 4676
4673 4684
4676 4679
4677 4683
4677 4681
4677 4678
4678 4679
4679 4680
4682 4683
4683 4685
4684 4685
4685 4686
4686 4687
4687 4688
4689 5110
4690 4692
4691 4692
4692 4693
4693 4694
4694 4896
4695 4696
4697 4698
4698 4699
4698 4704
4699 4700
4699 4701
4701 4702
4701 4703
4702 4703
4702 4706
4703 4705
4704 4706
4705 4706
4707 4708
4708 4709
4710 5107
4710 4812
4711 4712
4711 4813
4711 5106
4712 4713
4714 4715
4715 4989
4715 4716
4716 4717
4716 4991
4718 4720
4719 4720
4720 4952
4721 4951
4725 4726
4725 4740
4726 4739
4726 4727
4727 4728
4728 4729
4728 4730
4731 4733
4732 4733
4732 4735
4733 4734
4734 4740
4735 4742
4736 4746
4736 4737
4737 4738
4739 4741
4740 4742
4745 4746
4748 4752
4748 4751
4749 4750
4749 4756
4749 4758
4750 4755
4750 4760
4751 4752
4751 4754
4751 4761
4752 4753
4753 4754
4754 4762
4755 4756
4755 4941
4755 4759
4756 4757
4756 4942
4757 4942
4759 4760
4759 4762
4760 4761
4760 4765
4761 4762
4761 4764
4763 4764
4764 4765
4765 4766
4768 4769
4769 4770
4771 4772
4771 4932
4773 4774
4774 4775
4774 4776
4777 5714
4778 4782
4779 4781
4779 4822
4780 4822
4782 4783
4783 4822
4785 4796
4785 4793
4786 4794
4786 4787
4787 4788
4787 4794
4788 4789
4788 4791
4790 4794
4790 4796
4790 4792
4791 4792
4791 4793
4792 4797
4793 4797
4794 4795
4796 4797
4798 4799
4798 5111
4799 5010
4800 4809
4800 4807
4800 4801
4801 4802
4802 4895
4802 4803
4802 4809
4803 4804
4803 4893
4803 4809
4805 4806
4806 4809
4806 4807
4808 4895
4810 4811
4810 4813
4812 4813
4814 4815
4816 4817
4816 4819
4818 4819
4820 4821
4824 4825
4825 4826
4827 4828
4829 4830
4832 4833
4833 4834
4834 4839
4834 4838
4835 4836
4835 4837
4836 4838
4837 4839
4840 4841
4842 4843
4843 4845
4844 4845
4846 4863
4846 4877
4846 4873
4846 4854
4847 4852
4847 4854
4847 4849
4848 4877
4848 4849
4849 4854
4850 4851
4850 4859
4850 4861
4851 4852
4851 4860
4851 4861
4852 4853
4855 4857
4856 4870
4856 4857
4857 4858
4861 4862
4862 4863
4863 4864
4864 4872
4864 4873
4865 4867
4865 4879
4865 4878
4866 4867
4867 4868
4868 4870
4869 4871
4870 4871
4871 4872
4872 4876
4873 4875
4874 4875
4875 4876
4876 4879
4877 4880
4878 4880
4879 4880
4880 4881
4881 4889
4881 4890
4882 4883
4883 4885
4883 4888
4883 4890
4884 4887
4884 4885
4884 4888
4885 4886
4886 4891
4886 4887
4890 4891
4891 4892
4893 4894
4893 4895
4897 4916
4897 4926
4898 4899
4898 4919
4898 4922
4899 4904
4899 4902
4899 4917
4900 4904
4901 4906
4902 4903
4902 4919
4903 4904
4904 4918
4905 4906
4905 4912
4906 4907
4906 4911
4907 4908
4907 4909
4910 4911
4911 4912
4911 4914
4912 4913
4913 4914
4913 4918
4914 4917
4914 4920
4915 4916
4915 4924
4916 4925
4917 4918
4917 4921
4920 4924
4920 4921
4921 4922
4921 4925
4922 4926
4922 4923
4924 4925
4925 4926
4926 4927
4928 4929
4929 4938
4929 4934
4930 4934
4930 4939
4930 4931
4930 4933
4932 4933
4933 4934
4936 4937
4940 4941
4941 4942
4943 4944
4945 4947
4946 4947
4948 4949
4951 4985
4951 4952
4952 4984
4953 4954
4955 4956
4955 4962
4956 4957
4956 4963
4958 4980
4958 4960
4958 4959
4960 4979
4960 4961
4961 4979
4961 4976
4962 4963
4962 4970
4963 4972
4963 4971
4964 4980
4964 4965
4964 4969
4966 4981
4966 4967
4966 4977
4967 4971
4967 4976
4968 4970
4968 4981
4968 4969
4969 4973
4970 4972
4970 4974
4971 4972
4972 4981
4973 4974
4975 4978
4976 4977
4977 4979
4977 4978
4978 4981
4978 4980
4979 4980
4982 4989
4983 4984
4984 4985
4985 4989
4986 4998
4987 4996
4987 4993
4987 4992
4987 4998
4988 4991
4988 4989
4990 4991
4991 4996
4994 4996
4995 4996
4997 4998
4999 5041
5000 5043
5000 5001
5000 5101
5001 5002
5004 5007
5004 5005
5005 5008
5005 5006
5007 5009
5009 5010
5010 5011
5012 5013
5013 5015
5015 5016
5017 5025
5021 5025
5024 5026
5026 5027
5028 5031
5029 5031
5030 5034
5030 5032
5033 5035
5034 5035
5034 5036
5034 5047
5035 5037
5036 5038
5036 5058
5036 5048
5040 5059
5041 5043
5042 5043
5049 5084
5049 5085
5049 5078
5050 5051
5050 5748
5051 5052
5051 5740
5052 5053
5052 5745
5053 5091
5053 5740
5054 5097
5054 5092
5054 5094
5055 5056
5055 5092
5055 5090
5056 5099
5056 5057
5057 5099
5057 5089
5058 5059
5058 5093
5059 5060
5061 5063
5062 5077
5063 5077
5064 5083
5065 5084
5066 5099
5066 5067
5066 5068
5067 5095
5067 5071
5068 5069
5068 5099
5068 5096
5069 5070
5069 5074
5071 5072
5071 5097
5072 5073
5072 5098
5073 5100
5073 5098
5076 5752
5076 5091
5076 5749
5077 5748
5079 5085
5080 5086
5081 5087
5082 5088
5083 5084
5085 5086
5086 5087
5087 5088
5088 5089
5089 5096
5091 5747
5092 5095
5093 5096
5094 5740
5094 5098
5095 5097
5097 5098
5102 5105
5103 5104
5104 5107
5104 5110
5105 5108
5105 5106
5106 5110
5107 5108
5108 5109
5113 5120
5113 5114
5113 5183
5113 5174
5114 5121
5114 5115
5114 5170
5115 5131
5115 5130
5116 5157
5116 5162
5117 5154
5117 5157
5117 5155
5118 5232
5120 5179
5120 5121
5121 5164
5122 5192
5122 5164
5122 5189
5122 5135
5123 5243
5123 5124
5123 5240
5123 5353
5124 5241
5124 5242
5125 5297
5125 5206
5125 5220
5126 5171
5126 5128
5126 5178
5127 5184
5127 5173
5127 5129
5129 5168
5129 5178
5130 5131
5130 5132
5131 5164
5131 5190
5132 5185
5132 5184
5133 5135
5133 5134
5133 5289
5133 5192
5134 5136
5134 5203
5135 5204
5136 5137
5136 5225
5137 5160
5137 5138
5137 5371
5138 5321
5138 5388
5139 5158
5139 5159
5139 5142
5140 5141
5140 5159
5141 5302
5142 5309
5143 5146
5143 5247
5143 5252
5144 5147
5145 5150
5145 5223
5145 5311
5146 5149
5146 5148
5147 5245
5147 5247
5147 5248
5148 5217
5148 5150
5149 5150
5149 5252
5150 5225
5151 5152
5152 5216
5152 5214
5153 5155
5154 5156
5154 5298
5155 5157
5159 5161
5163 5165
5163 5285
5163 5164
5166 5180
5166 5182
5166 5183
5167 5183
5167 5175
5167 5169
5168 5186
5168 5177
5169 5180
5169 5176
5171 5177
5171 5178
5172 5184
5174 5179
5174 5182
5174 5176
5176 5210
5177 5181
5179 5209
5180 5182
5187 5191
5188 5202
5188 5191
5188 5190
5190 5195
5191 5198
5192 5202
5193 5194
5194 5195
5195 5196
5197 5201
5197 5199
5197 5198
5197 5239
5198 5200
5198 5202
5204 5205
5204 5288
5206 5301
5206 5207
5207 5297
5207 5301
5208 5291
5208 5300
5209 5210
5209 5269
5209 5211
5210 5270
5212 5455
5213 5226
5213 5228
5213 5221
5214 5215
5214 5296
5215 5219
5215 5296
5215 5217
5216 5311
5216 5217
5217 5218
5218 5220
5218 5221
5220 5222
5221 5222
5222 5224
5223 5287
5223 5225
5224 5229
5224 5228
5225 5290
5227 5233
5227 5228
5227 5229
5229 5230
5231 5232
5232 5279
5233 5236
5233 5234
5235 5236
5236 5237
5238 5280
5238 5301
5240 5481
5240 5241
5240 5268
5241 5267
5242 5244
5243 5487
5243 5353
5244 5488
5245 5252
5245 5248
5246 5249
5247 5253
5248 5249
5248 5251
5249 5250
5254 5255
5254 5259
5254 5258
5255 5256
5255 5257
5259 5263
5259 5260
5260 5261
5260 5262
5263 5264
5264 5265
5264 5266
5267 5268
5267 5272
5268 5577
5268 5271
5269 5271
5269 5589
5269 5270
5270 5272
5271 5272
5271 5590
5273 5274
5273 5278
5273 5276
5274 5279
5274 5276
5275 5277
5275 5276
5275 5285
5277 5285
5277 5278
5278 5279
5281 5282
5281 5592
5282 5286
5283 5593
5283 5284
5284 5294
5286 5292
5286 5295
5287 5288
5287 5293
5287 5290
5288 5289
5288 5292
5289 5290
5291 5292
5291 5294
5293 5295
5293 5294
5295 5299
5296 5297
5298 5299
5300 5306
5305 5306
5306 5308
5307 5308
5311 5312
5313 5314
5313 5585
5313 5587
5314 5408
5314 5315
5315 5339
5315 5489
5316 5489
5316 5723
5316 5722
5317 5408
5317 5464
5317 5723
5318 5419
5318 5400
5318 5401
5319 5419
5319 5352
5319 5414
5319 5401
5320 5377
5320 5390
5320 5376
5320 5465
5321 5483
5321 5569
5321 5583
5322 5569
5322 5483
5322 5439
5322 5732
5323 5378
5323 5462
5324 5325
5324 5586
5324 5492
5325 5713
5325 5587
5326 5447
5326 5449
5327 5333
5329 5333
5329 5332
5329 5330
5332 5333
5334 5417
5334 5416
5334 5393
5335 5417
5335 5391
5335 5337
5336 5559
5336 5554
5336 5425
5337 5349
5337 5724
5337 5413
5338 5420
5338 5358
5338 5425
5339 5492
5339 5487
5340 5474
5341 5476
5341 5342
5341 5460
5342 5474
5342 5478
5343 5464
5343 5382
5343 5726
5344 5594
5344 5608
5344 5599
5345 5565
5345 5499
5345 5469
5346 5422
5346 5352
5346 5430
5347 5365
5347 5397
5347 5363
5347 5374
5348 5490
5348 5482
5348 5579
5349 5392
5349 5549
5349 5396
5350 5470
5350 5602
5350 5565
5351 5621
5351 5367
5352 5428
5353 5453
5354 5557
5354 5501
5354 5410
5355 5391
5355 5415
5355 5486
5356 5729
5356 5727
5356 5373
5357 5503
5357 5560
5357 5366
5358 5423
5358 5551
5358 5413
5359 5430
5359 5427
5359 5360
5360 5503
5360 5361
5360 5366
5361 5502
5361 5547
5362 5398
5362 5550
5362 5363
5363 5365
5363 5369
5364 5420
5364 5560
5364 5404
5364 5562
5365 5404
5366 5636
5367 5648
5368 5551
5368 5369
5368 5550
5369 5403
5370 5386
5370 5721
5370 5726
5370 5720
5371 5372
5371 5458
5372 5721
5372 5458
5373 5440
5373 5398
5373 5397
5374 5673
5374 5730
5375 5385
5375 5379
5375 5384
5376 5485
5376 5387
5376 5385
5377 5466
5377 5485
5378 5465
5380 5384
5381 5384
5382 5725
5382 5454
5383 5468
5383 5467
5383 5386
5385 5717
5386 5392
5386 5725
5388 5443
5388 5444
5388 5390
5389 5483
5390 5540
5391 5416
5391 5417
5392 5724
5393 5399
5393 5402
5393 5456
5394 5395
5394 5396
5394 5467
5396 5398
5397 5727
5397 5730
5399 5415
5399 5416
5400 5401
5400 5486
5401 5484
5402 5724
5402 5454
5402 5417
5403 5420
5403 5404
5405 5412
5405 5421
5405 5414
5405 5424
5406 5410
5406 5418
5406 5411
5407 5542
5407 5412
5407 5424
5408 5456
5409 5418
5409 5411
5409 5421
5410 5542
5411 5424
5412 5422
5413 5418
5413 5549
5414 5422
5415 5484
5415 5580
5419 5421
5423 5552
5423 5558
5425 5558
5426 5428
5426 5451
5426 5737
5427 5432
5427 5645
5428 5435
5429 5435
5429 5434
5429 5432
5430 5433
5430 5548
5431 5738
5432 5735
5432 5433
5433 5435
5434 5436
5434 5738
5436 5738
5436 5739
5437 5739
5438 5440
5439 5734
5439 5440
5441 5444
5442 5446
5444 5446
5445 5446
5447 5448
5450 5451
5452 5455
5453 5579
5454 5456
5455 5482
5457 5458
5460 5461
5461 5479
5462 5471
5462 5473
5462 5715
5463 5471
5463 5516
5463 5530
5464 5722
5465 5466
5466 5469
5466 5541
5467 5733
5468 5720
5468 5732
5469 5541
5471 5472
5473 5716
5473 5541
5474 5477
5475 5715
5475 5476
5478 5480
5478 5479
5479 5716
5481 5577
5482 5577
5482 5491
5483 5572
5484 5574
5484 5486
5485 5718
5487 5488
5488 5489
5490 5578
5490 5491
5491 5492
5491 5576
5493 5497
5493 5495
5493 5496
5494 5495
5495 5498
5496 5497
5496 5499
5497 5498
5498 5500
5499 5719
5501 5552
5501 5556
5502 5559
5502 5503
5502 5556
5504 5508
5504 5507
5505 5506
5506 5507
5508 5513
5508 5509
5509 5510
5509 5511
5512 5514
5512 5513
5514 5516
5514 5515
5516 5517
5517 5518
5517 5528
5518 5520
5518 5525
5519 5520
5520 5521
5521 5522
5521 5523
5524 5525
5525 5526
5527 5528
5528 5529
5530 5537
5530 5531
5531 5533
5531 5532
5533 5534
5533 5535
5535 5536
5535 5537
5537 5538
5537 5539
5539 5540
5542 5546
5543 5545
5544 5546
5545 5548
5545 5546
5547 5557
5547 5548
5549 5551
5549 5550
5552 5554
5553 5555
5554 5555
5554 5558
5555 5559
5555 5556
5556 5557
5560 5561
5563 5566
5564 5712
5564 5634
5564 5709
5565 5566
5566 5711
5567 5689
5567 5630
5567 5697
5568 5711
5568 5712
5568 5698
5569 5720
5570 5573
5571 5719
5571 5729
5571 5572
5572 5573
5572 5581
5573 5583
5573 5717
5574 5580
5574 5576
5575 5580
5576 5578
5577 5579
5578 5580
5578 5579
5581 5582
5582 5718
5583 5584
5585 5586
5585 5714
5586 5591
5587 5588
5588 5589
5588 5593
5589 5592
5590 5591
5590 5593
5591 5592
5594 5602
5594 5595
5595 5596
5595 5602
5595 5600
5596 5597
5596 5598
5597 5600
5597 5601
5599 5605
5599 5600
5603 5605
5603 5604
5603 5606
5603 5608
5605 5606
5606 5609
5606 5607
5610 5618
5611 5618
5611 5612
5611 5614
5611 5613
5613 5615
5613 5616
5615 5619
5615 5618
5617 5618
5619 5620
5619 5621
5622 5623
5623 5711
5623 5625
5624 5625
5625 5627
5626 5627
5627 5628
5629 5630
5630 5632
5631 5632
5632 5634
5633 5634
5635 5637
5636 5640
5636 5637
5637 5639
5638 5639
5639 5642
5640 5648
5640 5642
5641 5642
5642 5643
5643 5646
5643 5647
5644 5647
5647 5648
5649 5650
5649 5695
5650 5656
5651 5652
5652 5653
5652 5656
5653 5654
5653 5693
5655 5656
5657 5693
5658 5659
5659 5693
5659 5694
5660 5694
5661 5662
5662 5696
5662 5695
5663 5696
5664 5665
5665 5672
5665 5697
5666 5667
5667 5697
5667 5668
5668 5669
5668 5670
5670 5671
5670 5672
5672 5696
5673 5675
5673 5674
5675 5676
5675 5681
5677 5679
5677 5678
5677 5686
5679 5684
5679 5680
5681 5684
5681 5682
5683 5684
5685 5686
5686 5692
5687 5688
5688 5691
5688 5689
5689 5692
5690 5691
5691 5692
5694 5695
5698 5701
5698 5700
5699 5701
5699 5705
5699 5704
5700 5706
5700 5712
5701 5702
5702 5704
5702 5706
5703 5704
5706 5707
5707 5708
5707 5710
5715 5716
5717 5718
5718 5719
5720 5721
5721 5722
5722 5723
5724 5725
5725 5726
5727 5728
5728 5730
5728 5729
5731 5732
5733 5734
5735 5736
5735 5739
5737 5739
5737 5738
5741 5743
5742 5744
5743 5744
5743 5747
5744 5748
5744 5745
5745 5747
5746 5761
5746 5762
5746 5760
5749 5750
5749 5751
5752 5758
5752 5753
5753 5755
5753 5754
5756 5757
5757 5759
5757 5758
5758 5759
5759 5760
5760 5762
5762 5763
5763 5764
