0 1826
0 6
0 377
1 378
1 82
1 375
2 7
2 1099
2 376
3 59
3 264
3 1258
4 461
4 1135
4 1269
4 1993
5 403
5 409
5 90
6 376
6 372
7 375
7 376
8 75
8 553
8 76
9 1019
9 76
9 1413
10 1883
10 1111
10 1884
11 804
11 88
11 85
11 2266
12 23
12 181
12 173
12 15
13 2367
13 972
13 1547
13 1546
14 1546
14 1187
14 1564
14 973
15 822
15 1700
15 145
16 1892
16 721
16 1890
16 1891
17 472
17 2022
17 1349
18 81
18 990
18 169
18 2207
19 2452
19 20
19 1005
20 488
20 165
21 186
21 681
21 686
22 685
22 220
22 684
23 141
23 173
24 499
24 1332
24 1694
25 26
25 1329
25 1694
25 130
26 129
26 126
26 825
27 124
27 1765
27 1341
28 1766
28 43
28 1765
29 30
29 1766
29 1793
30 33
30 1796
31 38
31 1725
31 40
32 1733
32 1790
32 799
32 1792
33 34
33 46
34 1728
34 45
35 38
35 36
35 1148
36 2414
36 2060
37 1148
37 1733
37 2258
38 1790
39 2258
39 196
39 717
40 1726
40 2265
41 128
41 919
41 800
42 1793
42 801
42 1794
43 44
43 46
44 45
44 46
45 540
47 1850
47 1441
47 519
47 1439
48 120
48 1860
48 1156
49 2268
49 846
49 844
50 51
50 99
50 844
51 2170
51 2171
52 2011
52 829
52 2008
53 66
53 2011
53 2193
54 889
54 1306
55 869
55 56
55 860
56 57
57 852
57 1125
58 1270
58 487
58 1126
59 307
59 1704
60 1010
61 1864
61 794
61 789
62 911
62 908
62 913
63 2183
63 910
63 64
64 1997
65 2013
65 99
65 1157
66 2013
66 2012
67 2012
67 918
68 2005
68 69
69 70
69 922
70 915
71 915
71 917
71 914
72 2200
72 2199
72 1162
73 1408
73 1009
73 1013
74 2196
74 882
74 891
75 551
75 1407
76 1409
77 2395
77 369
77 2392
78 2184
78 1092
78 1093
79 1884
79 1093
79 526
80 1106
80 496
80 140
81 2167
81 441
82 1338
82 381
83 600
83 599
83 2462
84 768
84 85
84 723
84 2437
85 720
86 784
86 788
86 787
87 882
87 890
87 880
88 1737
88 799
89 1053
89 413
89 1052
90 1377
90 1358
91 1881
91 1737
91 719
92 103
92 1801
92 1726
93 96
93 97
93 806
94 2420
94 1789
94 95
95 1788
95 96
96 98
96 1787
97 809
97 727
97 724
98 108
98 1775
98 830
100 498
100 101
100 2032
100 146
101 512
101 1690
101 143
102 512
102 1512
102 511
103 1804
103 2018
104 1794
104 1799
104 1801
105 107
105 511
105 119
106 1703
106 1431
106 507
107 1850
107 1456
107 510
108 109
108 116
109 798
109 116
110 798
110 111
110 796
111 825
111 112
112 122
112 113
113 1519
113 114
114 122
114 115
115 1512
115 1334
116 117
116 1748
117 1762
117 1759
118 119
118 1748
118 121
119 1847
120 1749
120 1849
120 1754
121 1750
121 1753
122 1329
123 826
123 796
123 128
124 125
124 129
124 1771
125 187
125 1813
126 824
126 1341
127 1724
127 128
128 810
129 130
129 214
130 136
130 134
131 1114
131 132
131 1119
132 1533
132 1727
133 2366
133 1727
133 1421
134 135
134 213
134 2366
135 496
135 2261
135 1421
136 2261
136 1811
137 139
137 1047
137 1811
138 1046
139 1046
139 1045
140 1397
140 441
141 1397
141 146
142 1655
142 823
142 147
143 1655
143 1701
143 1703
144 145
144 989
144 1701
145 146
147 1654
147 823
148 149
148 996
148 1001
149 161
149 150
150 161
150 151
151 155
151 152
152 158
152 153
153 162
153 154
154 162
154 170
155 156
155 158
156 157
156 161
156 159
157 160
157 379
158 159
159 160
160 163
162 163
163 1008
164 165
164 168
164 1338
165 531
166 530
166 531
166 167
167 385
167 1464
167 529
168 1002
168 2208
169 380
169 2208
170 171
170 178
171 172
171 179
172 183
172 258
172 257
173 437
173 174
174 1007
174 175
175 176
175 1342
176 179
176 180
176 521
177 182
177 1605
177 222
178 179
178 1007
180 1666
180 1342
181 1342
181 822
182 930
182 1662
184 1604
184 245
184 1827
185 1068
185 690
185 691
186 495
186 1067
186 2371
187 539
187 188
187 448
188 1816
188 448
189 1720
189 1740
189 1817
190 1889
190 1710
190 211
190 1826
191 192
191 1888
191 1889
192 193
192 198
193 208
193 490
194 2439
194 490
194 491
195 1069
195 2439
195 708
196 540
196 539
197 1902
197 198
197 491
197 2373
198 199
199 200
199 217
201 1828
201 202
201 1902
201 1116
202 204
202 536
202 203
203 1113
203 1463
204 2255
204 1738
205 389
205 2187
205 211
206 402
206 1411
207 1406
207 405
207 404
208 1410
208 1834
209 210
209 1832
209 1833
211 1832
212 384
212 217
212 1828
213 214
213 1813
213 215
214 1813
215 2270
215 2366
216 1352
216 1119
216 1121
217 1711
217 1888
218 219
218 405
218 221
219 220
219 495
220 706
221 495
221 708
222 1343
222 521
223 1343
223 1662
223 1666
224 1475
224 281
224 259
224 257
224 1473
225 1472
225 1473
225 677
226 1469
226 238
226 282
227 2276
227 325
227 334
228 1183
228 1172
228 1562
229 1479
229 1461
230 363
230 2322
230 2291
231 426
231 2318
231 1236
232 2054
232 431
232 436
232 433
233 1691
233 427
234 1692
234 2040
234 427
235 2054
235 1692
235 2051
236 2284
236 2281
236 678
237 1470
237 428
237 2279
237 2281
238 677
238 673
238 285
239 240
239 927
239 1601
240 241
240 246
241 248
241 1900
242 1898
242 1900
242 2163
243 1867
243 244
243 1898
244 262
244 1869
245 1598
245 1673
246 247
246 1399
248 249
248 2197
249 1668
249 1686
250 252
250 2197
250 1866
251 2358
251 262
251 2360
252 2358
252 253
253 2356
253 254
254 1686
254 1685
255 2424
255 2356
255 2357
256 2424
256 1865
256 1822
257 258
257 1478
258 1399
258 259
259 260
260 281
260 2337
261 1239
261 302
261 2361
261 1240
262 2361
263 454
263 1384
263 401
264 459
264 454
265 884
265 1280
266 2117
266 2122
266 286
267 277
267 268
267 1244
268 269
268 287
269 288
269 1637
270 1637
270 271
270 289
271 1635
271 1634
272 1631
272 273
272 1635
273 274
273 1182
274 1588
274 1175
275 1646
275 1687
275 1674
276 1649
276 1647
276 2119
277 2119
277 2120
278 1473
278 1313
278 279
279 1323
279 1315
280 2346
280 1321
280 1319
281 1314
282 1969
282 285
283 2308
283 1199
283 2282
283 2303
284 676
284 675
284 286
285 2283
286 2116
287 983
287 288
288 289
289 1632
289 1915
290 1872
290 291
290 2409
291 1226
291 293
292 1629
292 1218
292 1651
293 1629
293 338
294 1634
295 1573
295 1631
295 1594
296 1595
296 297
296 299
297 1423
297 298
298 1426
298 1163
299 1161
299 1163
300 2198
300 1574
300 1426
301 1569
301 1585
301 1176
302 1240
303 2287
303 1311
303 2035
304 1311
305 596
305 1090
305 571
306 2230
306 606
307 447
308 665
308 309
308 1229
309 1224
309 2297
310 666
310 1229
310 313
311 315
311 312
311 316
312 313
312 666
313 1206
314 2324
314 320
314 344
315 316
315 1234
316 318
317 1214
317 1224
317 1219
318 668
318 1214
318 667
319 667
319 2321
319 984
320 322
320 321
322 346
322 328
323 330
323 324
323 326
324 325
324 341
324 1552
325 341
325 326
326 2321
327 329
327 2320
327 331
328 329
328 347
329 1179
329 352
330 986
330 985
332 339
332 1228
332 988
333 1974
333 1972
333 1903
334 341
334 335
335 2326
335 336
336 341
336 1552
337 1972
337 1226
337 2326
338 1209
338 1233
339 1208
339 1216
339 1558
340 1625
340 1205
340 342
342 1627
342 1175
343 1209
343 1205
343 1223
344 345
345 351
345 346
346 350
348 349
348 351
348 358
350 354
350 351
350 357
353 1628
353 359
353 1177
353 1179
354 356
354 355
355 935
355 356
356 937
357 935
357 1628
359 1543
359 360
359 987
360 1543
360 1174
361 2322
361 2058
361 984
362 2322
362 2323
362 2324
363 2323
363 2318
364 365
364 937
364 940
365 1189
365 1186
366 938
366 1195
367 394
367 368
367 1377
368 1814
368 1381
369 2368
369 598
369 1400
370 371
370 2395
370 524
371 1086
371 1087
372 1376
372 999
373 374
373 390
373 1369
374 2186
374 1468
375 1462
377 378
377 1463
378 1463
379 999
379 1001
380 381
380 1419
381 1419
382 1000
382 2411
382 1462
383 384
383 1710
383 1711
384 385
385 1006
386 396
387 388
388 399
388 395
389 1171
389 1376
390 395
390 2232
391 1364
391 1358
391 393
392 1393
392 1389
392 1363
393 1358
393 1814
394 2235
394 1381
394 2212
395 396
396 397
398 400
398 399
398 1374
399 444
399 2157
400 1365
400 1367
400 401
401 1384
401 2456
401 1704
402 404
402 2440
403 404
403 408
405 406
406 698
406 408
407 2233
407 1377
407 409
408 409
410 2405
410 1742
410 414
411 1054
411 1742
411 1154
411 414
412 413
412 414
412 1138
413 1345
415 1055
415 416
415 420
416 1346
416 1741
417 2235
417 1344
417 2233
418 703
419 1743
419 1745
419 422
420 2161
420 423
421 1350
421 1154
421 422
422 423
423 424
424 425
424 2195
426 2441
427 2441
428 2047
428 2190
429 1692
430 679
430 433
430 2055
431 436
431 432
432 997
432 433
433 434
434 678
434 997
435 1814
435 1362
435 1393
437 439
437 442
438 442
438 439
438 1007
438 1460
439 2166
439 440
440 441
440 2166
442 1007
443 444
443 445
443 2157
443 1353
444 2157
445 2364
445 485
446 447
446 2364
448 1122
449 1381
449 2399
449 2455
449 2456
449 2212
450 1370
450 1384
450 452
451 1370
451 466
451 454
452 2399
452 1378
453 1744
453 466
453 1054
455 463
456 459
456 457
456 466
457 1054
457 458
457 467
458 795
458 2098
459 463
460 1255
460 1059
460 1271
461 2236
461 1059
461 1135
462 1060
462 1993
462 1251
463 1136
463 1061
464 1060
464 470
464 1058
464 795
465 1878
465 467
465 2100
466 1054
467 1879
468 2195
468 1896
468 1892
469 2025
469 469
470 474
470 471
471 745
471 1125
472 740
472 2099
473 745
473 740
473 748
474 1265
474 853
475 476
475 2022
475 1896
476 2263
476 2020
477 478
477 2064
477 2263
478 479
478 484
479 2029
479 480
480 481
481 2082
482 483
482 484
485 1353
486 1126
486 2271
488 1114
488 1113
489 1812
489 1115
489 1114
490 491
492 1746
492 494
492 2374
493 1068
493 494
493 1124
494 1066
496 992
497 1046
498 1047
498 1355
499 1047
499 1690
500 1122
500 1727
500 2270
501 2217
501 1449
501 1448
502 503
502 1451
502 1449
503 1454
503 505
504 505
504 516
504 508
504 1450
505 506
506 2217
506 1449
507 1449
507 514
508 509
508 517
509 1429
509 1448
509 1453
510 511
510 513
512 514
513 1455
513 514
515 516
515 1454
515 1456
516 517
517 518
517 520
518 2218
518 1453
519 2218
519 1452
520 1456
520 2218
522 524
522 2376
522 526
523 524
523 525
523 528
523 1714
524 1083
525 1086
525 1105
526 1098
527 1095
528 1083
528 2472
530 537
530 1828
531 534
532 537
532 534
532 533
534 535
536 537
536 538
539 2221
540 1773
541 542
541 543
541 551
542 1407
542 544
544 545
546 1015
546 547
546 1017
547 561
547 1018
547 556
548 549
548 1409
548 550
549 1013
549 554
550 552
550 1415
551 552
552 1415
553 558
553 1407
554 555
554 1413
556 2471
556 557
557 1019
557 558
558 559
559 1416
559 572
560 2471
561 2412
561 562
562 564
562 563
563 2091
563 2112
564 2112
565 566
565 580
565 2471
566 585
566 1070
567 1042
567 1027
567 1041
568 1653
568 570
568 1041
568 1840
569 1044
569 1041
569 571
570 571
570 1088
572 573
572 574
572 579
573 575
573 1412
574 576
574 584
576 586
576 577
577 593
577 578
581 590
582 2194
582 584
582 1072
583 2215
583 2216
583 590
583 2115
584 2215
585 585
586 589
586 587
587 590
587 588
588 591
588 592
589 594
589 1347
591 2194
591 2392
591 2115
592 2368
592 597
595 2185
595 1088
595 1090
595 2184
596 654
596 1095
596 2205
596 2467
598 599
600 601
601 2457
602 2457
603 1422
603 1027
603 605
604 617
604 619
604 605
605 622
606 607
606 2228
607 624
607 626
608 616
608 617
608 624
609 643
609 634
609 633
610 611
610 627
610 651
611 638
611 628
612 613
612 2470
612 651
613 650
613 653
614 657
614 659
614 663
615 655
615 657
615 661
617 618
619 620
619 621
623 649
625 629
629 2230
629 649
630 634
631 635
632 643
634 635
635 636
636 637
636 647
638 639
638 640
640 641
640 643
642 647
644 647
644 648
644 645
644 646
646 662
646 655
649 654
652 659
652 664
652 2203
654 2227
655 656
657 658
659 660
665 666
665 1237
667 984
667 2276
668 669
668 1221
668 671
669 670
669 669
671 1210
672 2046
672 2051
672 1310
673 1470
673 1469
674 983
674 1199
674 676
675 983
675 676
677 2283
677 2284
678 1472
678 679
678 1471
679 1471
680 700
681 2451
681 691
681 687
682 683
682 688
682 689
683 684
683 706
684 685
685 686
686 687
687 688
688 2451
689 719
689 2451
690 692
690 717
691 2451
692 693
692 697
693 694
693 707
694 695
694 696
695 707
698 699
698 701
698 700
699 1344
699 704
699 2233
700 702
703 1064
703 1063
704 1048
704 1050
705 1144
705 1065
705 2405
706 2162
708 709
708 2372
710 711
710 1066
710 1069
711 714
711 712
712 713
713 714
714 2374
715 718
716 718
717 718
719 1736
720 1890
720 1881
721 1893
721 1895
722 727
722 723
722 731
723 1127
724 728
724 725
725 814
725 734
726 735
726 730
726 734
727 728
728 729
729 730
729 731
730 732
731 769
732 791
732 733
733 833
733 841
734 821
735 837
735 833
736 739
737 752
738 751
739 752
739 753
740 741
741 749
741 753
741 742
742 756
742 743
743 762
743 747
744 2109
744 2106
744 2104
745 850
746 747
747 765
748 2109
748 2107
749 750
749 755
749 756
750 770
750 754
750 760
751 752
751 773
751 754
752 755
753 755
754 755
754 777
756 760
756 762
757 765
758 766
759 767
760 761
760 763
761 770
761 764
761 776
762 763
762 765
763 764
763 766
764 778
764 767
765 766
766 767
767 779
768 1130
768 2438
769 1130
769 791
770 776
770 777
771 773
772 774
773 774
773 777
774 775
774 780
775 777
775 776
776 780
780 2223
781 1134
782 2223
782 785
782 1885
783 786
783 1133
783 785
784 785
784 787
786 787
786 789
788 880
788 793
789 2422
790 792
790 2422
790 842
791 792
791 2422
792 841
794 890
794 873
795 1061
795 2107
796 797
797 1724
797 798
799 2264
800 802
800 1770
801 1770
801 802
802 803
803 1800
803 810
804 2266
804 2264
805 807
805 1803
805 1804
806 1786
806 807
806 2260
807 1806
808 2260
808 809
808 2264
809 2266
810 811
811 812
811 813
813 1724
813 1775
815 829
815 817
815 1764
816 1754
816 829
816 819
817 818
817 2206
817 830
818 820
818 829
819 829
819 1861
820 830
820 832
820 831
821 831
821 837
821 2418
822 828
822 1994
823 828
824 1696
824 826
825 1696
826 1341
827 1438
827 1434
827 1447
828 1700
831 2420
832 2268
832 834
833 840
834 2418
834 846
835 836
835 839
835 846
836 837
836 839
837 838
838 842
838 839
839 842
841 843
842 848
844 847
844 845
848 912
848 849
850 1128
850 851
851 2246
851 864
852 853
854 860
855 864
855 1125
855 856
856 857
857 863
858 864
858 870
858 859
859 871
859 863
860 861
860 862
861 871
861 862
862 863
865 877
866 2237
866 2238
866 1128
867 868
867 2237
867 879
868 869
868 872
869 2275
870 871
870 2240
873 874
873 2191
874 874
875 2253
875 881
875 2247
876 2238
877 1128
877 2250
878 1289
878 903
878 882
880 2415
883 2275
883 2416
883 884
884 902
885 1278
885 1301
886 1304
886 1301
887 904
887 2196
888 889
888 904
890 901
891 892
892 896
892 893
894 896
895 898
896 898
897 900
897 898
899 900
900 901
902 903
902 2274
903 1298
904 1290
905 908
906 907
907 911
907 908
909 910
910 911
912 913
912 1864
914 916
916 2002
916 917
917 920
918 2005
919 1766
919 1765
920 922
920 921
922 924
923 924
924 925
926 1668
926 1669
927 1597
927 928
929 930
929 1827
931 1666
932 975
932 954
933 1608
934 955
934 935
934 936
937 948
938 1188
938 1185
939 1196
939 1190
939 1192
940 1194
940 1186
940 943
941 1191
941 1194
941 942
942 946
942 1188
943 1697
943 1191
944 945
944 953
944 1191
945 951
945 953
945 949
946 977
946 978
947 948
947 952
947 1487
948 1697
949 951
949 1697
950 952
950 951
950 953
952 1490
954 976
954 967
956 962
956 957
956 1511
957 1509
957 960
958 1616
958 1559
958 1543
959 1559
959 1542
959 1563
960 1538
960 961
961 962
961 964
962 965
963 964
963 965
963 969
964 1596
965 966
966 967
966 969
968 969
968 971
970 971
970 973
970 1187
972 973
974 1193
974 978
974 975
974 976
975 1193
976 977
977 978
979 981
980 1328
980 2409
980 1632
981 1632
981 982
983 1644
985 1552
985 1228
986 1179
986 1177
987 988
987 1177
988 1172
990 1106
990 1520
991 2452
991 2453
991 1532
992 993
992 994
993 1337
993 995
994 995
996 1461
996 2411
997 1459
998 1419
998 999
998 2167
999 1000
999 1419
1000 1001
1002 1004
1002 1529
1003 1004
1003 1528
1003 1005
1004 1530
1005 2207
1007 1460
1008 1460
1008 2166
1008 2167
1009 1010
1009 1025
1011 1021
1011 1017
1011 1016
1012 1013
1012 1415
1014 1019
1015 1018
1015 1016
1016 1028
1017 1408
1018 1035
1018 1040
1020 2089
1022 1024
1022 1348
1022 1025
1023 1024
1023 1026
1025 1027
1026 1348
1028 1029
1028 1030
1028 1031
1029 1032
1029 1035
1032 1034
1032 1033
1034 1038
1034 1035
1035 1038
1036 1041
1036 1038
1036 1039
1037 1038
1042 1043
1042 2430
1044 2430
1044 2431
1045 1355
1045 1808
1048 1051
1048 1050
1049 1050
1049 1053
1049 1144
1051 1056
1051 2162
1052 1055
1052 1057
1053 1138
1055 1057
1056 1057
1056 2162
1058 1255
1058 1132
1058 1059
1060 1135
1061 1132
1062 1062
1062 1064
1063 1065
1064 1344
1066 1067
1067 1068
1067 1069
1069 2372
1070 1076
1070 1072
1071 1072
1071 1840
1071 2412
1072 1080
1073 1081
1074 1079
1075 1653
1077 2224
1077 1715
1077 1718
1078 1081
1078 1653
1078 1079
1079 1082
1080 1081
1080 1082
1080 2194
1082 1108
1083 1084
1084 2213
1084 2214
1085 1104
1085 1087
1086 1103
1088 1089
1090 1091
1092 1094
1092 2185
1093 1883
1094 1099
1094 1096
1095 1396
1096 1097
1096 1099
1097 2214
1097 1098
1098 2213
1099 1396
1099 1391
1100 1102
1100 2396
1100 1101
1101 2397
1101 2394
1102 1105
1102 1715
1103 1105
1103 1104
1103 2396
1104 2393
1106 1522
1107 1109
1107 1108
1108 1112
1109 1112
1110 1111
1111 1112
1113 1114
1113 1115
1115 2255
1116 1812
1116 1117
1117 1747
1117 1118
1117 1123
1118 1124
1118 1740
1119 1120
1121 1122
1121 1812
1123 1747
1123 1746
1124 1747
1127 1131
1127 1129
1128 2252
1129 1137
1129 1131
1130 1137
1131 1137
1132 1136
1133 2438
1133 2029
1134 2252
1134 2223
1135 1993
1136 1255
1138 1144
1139 1158
1140 1150
1140 1444
1140 2011
1141 1152
1141 1153
1142 1150
1143 1155
1143 1150
1143 1149
1145 1158
1145 1159
1145 1147
1146 1157
1148 2257
1151 1157
1153 1154
1156 1444
1156 2428
1156 1856
1157 1158
1160 1169
1160 1166
1160 1165
1161 1169
1161 1167
1162 1578
1162 2201
1163 2198
1164 1825
1164 1170
1167 1168
1168 1169
1169 1575
1170 1675
1171 2186
1171 1364
1171 2187
1172 1558
1173 1176
1173 1183
1173 2288
1173 1562
1174 1544
1174 1562
1175 1184
1176 1183
1178 2199
1178 1181
1178 1687
1180 1588
1183 1560
1185 1194
1185 1196
1186 1192
1187 2327
1187 1544
1188 1193
1189 1190
1189 1192
1190 1195
1195 1196
1197 1202
1198 1202
1198 1199
1198 1200
1201 1202
1203 1871
1203 1976
1203 1974
1204 2310
1204 1977
1204 1983
1205 1223
1206 1229
1206 1213
1207 1226
1207 1233
1207 1225
1208 1613
1208 1216
1209 1233
1210 1230
1211 1227
1211 1215
1211 1235
1212 1215
1212 1232
1212 1223
1213 1220
1213 1217
1214 1234
1215 1232
1216 1228
1216 1552
1217 1234
1217 1224
1219 1221
1219 1231
1221 1231
1222 1232
1227 1227
1230 1231
1230 2278
1235 1613
1235 1617
1236 2291
1236 2314
1237 2325
1237 2057
1238 2057
1238 2059
1238 1977
1238 2058
1239 1247
1239 1241
1241 1247
1241 2421
1242 1245
1242 1244
1242 1650
1243 2343
1243 2341
1243 2336
1244 1650
1246 2345
1246 1869
1246 2336
1246 2343
1247 1869
1247 2336
1248 1263
1249 1254
1249 1271
1249 1252
1250 1259
1250 1262
1250 2236
1251 1270
1252 1256
1252 1268
1253 1267
1253 1271
1253 1263
1256 1260
1256 1257
1257 1266
1257 1262
1258 1264
1258 1269
1261 2236
1262 1269
1263 1267
1265 2189
1267 1272
1273 1284
1273 1282
1273 1299
1274 1291
1274 1280
1274 1296
1275 1297
1275 1288
1275 1292
1276 1290
1277 1278
1278 1291
1279 1300
1279 1304
1279 2272
1280 1296
1281 1307
1281 1284
1281 1285
1281 1303
1282 1303
1282 1305
1283 1302
1283 1299
1283 1295
1284 1294
1285 1294
1285 1297
1286 1296
1287 1288
1287 1291
1287 2274
1288 1292
1289 2196
1289 2273
1290 1305
1292 2272
1293 1302
1293 1305
1293 1295
1294 1300
1295 1302
1297 1300
1299 1306
1301 2272
1303 1308
1304 1306
1307 2273
1307 2274
1309 1316
1309 1318
1309 1322
1311 2038
1312 1322
1313 2365
1314 1318
1314 1320
1315 2283
1315 1323
1317 2282
1318 1321
1319 1322
1319 2338
1320 1327
1320 2365
1321 1326
1322 2337
1323 2346
1324 2332
1325 1327
1327 2346
1329 1333
1330 1333
1330 1332
1330 1334
1331 1333
1332 1334
1333 1335
1336 1865
1336 2117
1336 2362
1337 2031
1337 1340
1338 1339
1345 1346
1348 1422
1349 1350
1349 2195
1350 1351
1354 1807
1355 1807
1356 2232
1357 2454
1357 1389
1357 2155
1359 1382
1359 1361
1359 2232
1360 1380
1361 1390
1361 1388
1362 1652
1362 1364
1362 1375
1363 1393
1363 2456
1363 1381
1366 1388
1368 1375
1368 1368
1370 1378
1371 1373
1372 2186
1373 1380
1373 1388
1375 1387
1376 1826
1378 1385
1378 1744
1379 1386
1379 1380
1379 2155
1383 1652
1385 2399
1385 2234
1385 2400
1386 2231
1386 2454
1387 2231
1387 2454
1389 2442
1391 1468
1391 2472
1392 1394
1392 1652
1392 1393
1395 2231
1396 2256
1396 2185
1397 1398
1399 1603
1400 1402
1400 2224
1401 1406
1401 1410
1401 1403
1403 1405
1403 2439
1404 1405
1405 1410
1406 1411
1408 1417
1409 1413
1411 2187
1414 1416
1416 1418
1420 1421
1420 2453
1420 1527
1423 1424
1424 1428
1425 1428
1425 1427
1426 1427
1428 1549
1429 1447
1429 1452
1430 1434
1430 2444
1430 1431
1431 1434
1432 1435
1433 1436
1435 1436
1435 1708
1436 1437
1437 1439
1437 1438
1438 1439
1440 1442
1440 1443
1440 1441
1441 1442
1442 1443
1443 1851
1444 1445
1445 2428
1445 1446
1446 2269
1446 2428
1447 1448
1448 1450
1450 2217
1451 1455
1451 1454
1452 1453
1453 2218
1455 1456
1457 1458
1458 1459
1458 2256
1459 2256
1461 2256
1462 2411
1464 1465
1464 1467
1466 1468
1469 1958
1470 2293
1470 2284
1471 2049
1472 2284
1472 1474
1474 1475
1474 1476
1475 1476
1476 1477
1477 1478
1477 1479
1478 1479
1480 1482
1480 1481
1481 1485
1482 1485
1482 1484
1483 1484
1484 1488
1485 1486
1486 1488
1486 1487
1487 1490
1487 1489
1488 1489
1489 1492
1489 1491
1490 1492
1491 1494
1491 1493
1492 1494
1493 1496
1493 1495
1494 1496
1495 1498
1495 1497
1496 1498
1497 1500
1497 1499
1498 1500
1499 1502
1499 1501
1500 1502
1501 1504
1501 1503
1502 1504
1503 1506
1503 1505
1504 1506
1505 1508
1505 1507
1506 1508
1507 1510
1507 1509
1508 1510
1509 1511
1510 1511
1512 1513
1513 1514
1513 1516
1514 1515
1514 1518
1515 1518
1515 1516
1516 1517
1517 1518
1517 1519
1519 1748
1520 1523
1520 1521
1521 1524
1521 1522
1522 1525
1526 1536
1527 2453
1527 1536
1529 1529
1531 1532
1532 1533
1533 1534
1535 1536
1537 1553
1537 1554
1537 1539
1538 1541
1538 1596
1539 1557
1539 1541
1540 1542
1541 1542
1543 2327
1544 2327
1545 1563
1545 2327
1546 2288
1548 1551
1548 1570
1548 1571
1549 1570
1549 1550
1553 1554
1553 1556
1554 1557
1555 1556
1556 1557
1558 1580
1558 1560
1559 1561
1560 1581
1562 1564
1563 1596
1564 2288
1565 2288
1565 1566
1565 1567
1568 1569
1569 1570
1572 2367
1572 1574
1573 1595
1573 1575
1575 1579
1576 2198
1576 1577
1577 1578
1580 1582
1582 1584
1583 1585
1584 1587
1584 1586
1585 1590
1587 1588
1587 1589
1590 1591
1590 1592
1592 1593
1592 1595
1597 1598
1597 1599
1600 1600
1600 1601
1601 1604
1602 1603
1603 1605
1604 1605
1606 1607
1607 1612
1607 1611
1608 1610
1608 1614
1609 1628
1610 1611
1610 1615
1611 1616
1613 1619
1616 1618
1617 1621
1617 1620
1621 1622
1621 1623
1622 1625
1622 1624
1625 1626
1629 1630
1631 1637
1633 1634
1635 1636
1638 1641
1639 1647
1640 1641
1641 1646
1642 1643
1643 1645
1643 1644
1644 1648
1646 1647
1649 1822
1649 1819
1650 2122
1654 2450
1654 2447
1655 1657
1656 1657
1657 1659
1658 1659
1659 1660
1661 1662
1663 1664
1664 1665
1664 1666
1667 1994
1668 1669
1669 1671
1670 1671
1670 1670
1671 2220
1672 1673
1673 2220
1674 1675
1676 1677
1677 1678
1677 1680
1678 1825
1678 1679
1679 1680
1680 1681
1681 2423
1681 1683
1682 2423
1682 1683
1682 1684
1683 1684
1684 1688
1685 1688
1689 1690
1691 1691
1692 1693
1695 1696
1698 1699
1698 2449
1699 2444
1700 1701
1702 1703
1704 2160
1704 1880
1705 2165
1705 1706
1705 1709
1706 1709
1707 1708
1707 2165
1708 1709
1708 2165
1710 1712
1711 1712
1712 1713
1714 2473
1714 1716
1715 1716
1716 1719
1717 1718
1717 1719
1717 2224
1718 1719
1720 1721
1720 2221
1720 1817
1721 1722
1721 1723
1725 1726
1725 1797
1728 2414
1728 2413
1729 1731
1729 2414
1729 2413
1730 2259
1731 1732
1733 1737
1734 1736
1735 1736
1739 1740
1742 1744
1746 2373
1749 1752
1749 1758
1751 1753
1752 1753
1752 1755
1754 1764
1756 1757
1757 1758
1757 1760
1758 1762
1759 1761
1759 1763
1762 1764
1767 1768
1768 1769
1768 1770
1771 1772
1771 1773
1773 1774
1775 1777
1776 1778
1777 1780
1777 1778
1778 1779
1778 1781
1780 1783
1780 1781
1781 1782
1781 1784
1783 1786
1783 1784
1784 1785
1784 1786
1790 1791
1792 1806
1792 2265
1793 1799
1794 1795
1796 1797
1796 1799
1797 1799
1798 1800
1800 1803
1801 1802
1802 1804
1802 1803
1805 1806
1806 2260
1807 1808
1808 1809
1810 1810
1810 1811
1813 2270
1815 2255
1816 1817
1818 1819
1819 1820
1820 1821
1821 1822
1821 1823
1824 1825
1829 1830
1830 1832
1830 1831
1831 1833
1831 1834
1833 1834
1835 1837
1835 1839
1835 1838
1836 1839
1839 1840
1841 1845
1842 1844
1843 1847
1844 1845
1844 1846
1845 1849
1847 1849
1847 1848
1850 1852
1851 1854
1851 1853
1854 1856
1854 1855
1856 1857
1857 1858
1857 1859
1860 1861
1860 1863
1861 1862
1862 1862
1865 2355
1866 1867
1868 1912
1868 2341
1868 1877
1870 2297
1870 2298
1870 1970
1871 1973
1871 2325
1872 1903
1872 2408
1873 1990
1873 1992
1873 2313
1874 1954
1874 1956
1874 1957
1874 1960
1875 1966
1875 1960
1875 2129
1876 2308
1876 2140
1876 2134
1880 1880
1880 2363
1881 1882
1882 1882
1883 1884
1886 1888
1887 1889
1890 1891
1890 2161
1891 2161
1892 1894
1893 2437
1893 2438
1896 1897
1898 1899
1900 1901
1902 2254
1903 2311
1904 1907
1905 1910
1905 1906
1905 2303
1907 1908
1907 2333
1908 1909
1908 1913
1910 1911
1911 2333
1912 2334
1912 2333
1914 1919
1915 2410
1915 1939
1916 1922
1917 2129
1918 2152
1919 1923
1919 1920
1921 1922
1922 1926
1923 1927
1923 1924
1925 1926
1926 1930
1927 1931
1927 1928
1929 1930
1930 1934
1931 1935
1931 1932
1933 1934
1934 1938
1935 1939
1935 1936
1937 1938
1938 1940
1939 1940
1940 2152
1941 1945
1942 1954
1942 2312
1942 2313
1943 1944
1944 1945
1944 1947
1945 1947
1946 1952
1946 1953
1947 1948
1948 1949
1948 1951
1950 1951
1950 1950
1951 2285
1952 1953
1953 1956
1954 2286
1955 2286
1955 1955
1956 2410
1957 2286
1957 2126
1957 2153
1958 2128
1958 2316
1958 2293
1959 1965
1960 2153
1961 1962
1962 1964
1962 2126
1963 1964
1964 1968
1965 2133
1965 2302
1966 2134
1966 2154
1967 1968
1968 2136
1969 2305
1969 2302
1970 1970
1971 1972
1972 1980
1974 2435
1975 1976
1975 1975
1976 2434
1977 2434
1978 2432
1978 1978
1979 1981
1979 1982
1979 2311
1981 2310
1981 2432
1982 1982
1983 1990
1983 1984
1984 1985
1984 1988
1985 1987
1985 1986
1987 1988
1989 1990
1989 1991
1989 2310
1992 1992
1995 1998
1996 1998
1997 1998
1997 2169
1999 2004
2000 2002
2001 2004
2002 2006
2003 2006
2004 2005
2006 2007
2007 2192
2007 2193
2009 2192
2010 2012
2011 2014
2015 2016
2016 2170
2016 2169
2017 2018
2018 2265
2019 2020
2020 2063
2021 2064
2021 2027
2021 2263
2022 2023
2024 2025
2025 2073
2026 2076
2026 2078
2026 2028
2027 2028
2029 2030
2031 2032
2031 2034
2032 2033
2035 2190
2035 2036
2036 2294
2036 2287
2037 2296
2037 2287
2037 2295
2038 2280
2038 2190
2039 2294
2039 2296
2039 2287
2039 2289
2040 2041
2040 2042
2041 2043
2041 2295
2043 2046
2043 2044
2045 2295
2045 2046
2045 2048
2047 2294
2047 2289
2048 2296
2048 2289
2049 2050
2049 2281
2050 2289
2050 2055
2050 2051
2052 2053
2053 2056
2053 2055
2053 2054
2057 2317
2058 2300
2059 2290
2059 2300
2061 2062
2062 2067
2062 2063
2063 2069
2064 2068
2065 2067
2066 2068
2067 2069
2067 2071
2068 2074
2069 2073
2070 2071
2071 2073
2072 2074
2074 2262
2075 2262
2076 2262
2076 2077
2078 2080
2078 2079
2080 2082
2080 2081
2082 2083
2084 2088
2085 2086
2086 2089
2086 2088
2087 2088
2088 2091
2089 2090
2090 2091
2090 2111
2092 2093
2092 2113
2092 2412
2094 2111
2095 2096
2095 2097
2095 2100
2096 2099
2099 2100
2101 2103
2101 2106
2101 2104
2102 2107
2104 2105
2106 2108
2109 2110
2111 2114
2115 2216
2116 2362
2116 2117
2118 2316
2118 2300
2118 2290
2119 2120
2120 2121
2121 2123
2121 2124
2122 2123
2123 2124
2124 2124
2125 2285
2126 2127
2127 2128
2127 2132
2128 2302
2129 2130
2131 2136
2134 2138
2135 2301
2136 2139
2137 2138
2138 2142
2139 2302
2139 2141
2140 2146
2140 2154
2140 2301
2141 2146
2141 2301
2143 2144
2144 2145
2144 2148
2145 2308
2145 2149
2146 2308
2147 2148
2147 2150
2147 2151
2148 2149
2149 2150
2150 2151
2151 2152
2153 2154
2155 2156
2158 2159
2158 2158
2158 2364
2164 2165
2166 2167
2168 2170
2169 2179
2171 2172
2171 2178
2172 2173
2172 2176
2173 2179
2173 2182
2174 2181
2175 2178
2177 2178
2179 2181
2180 2183
2181 2183
2184 2185
2184 2226
2188 2189
2189 2271
2190 2294
2192 2193
2199 2200
2200 2201
2202 2203
2202 2204
2202 2466
2204 2227
2204 2470
2207 2210
2208 2209
2209 2210
2211 2261
2212 2455
2213 2214
2215 2216
2219 2220
2221 2222
2225 2473
2229 2230
2234 2455
2234 2235
2237 2238
2239 2240
2240 2242
2241 2242
2242 2244
2243 2244
2244 2246
2245 2246
2248 2253
2249 2250
2250 2253
2251 2252
2257 2413
2257 2259
2258 2259
2267 2268
2273 2274
2276 2321
2277 2325
2277 2326
2277 2278
2278 2298
2279 2280
2279 2292
2280 2441
2282 2307
2285 2286
2290 2299
2291 2300
2291 2315
2292 2293
2292 2314
2293 2315
2295 2296
2298 2325
2303 2331
2304 2305
2305 2307
2306 2307
2309 2407
2309 2410
2309 2409
2311 2435
2313 2316
2313 2406
2314 2315
2315 2316
2318 2319
2319 2323
2321 2322
2323 2324
2328 2340
2328 2343
2328 2329
2329 2342
2329 2343
2330 2332
2330 2331
2330 2334
2331 2332
2332 2335
2333 2334
2334 2335
2335 2338
2337 2345
2338 2340
2339 2340
2340 2341
2344 2345
2347 2348
2347 2352
2347 2354
2348 2349
2348 2353
2349 2354
2349 2355
2350 2354
2350 2358
2350 2352
2351 2360
2351 2354
2351 2355
2352 2353
2353 2357
2356 2357
2359 2360
2361 2362
2368 2369
2370 2371
2371 2372
2373 2374
2375 2378
2375 2376
2375 2377
2376 2377
2378 2379
2378 2380
2379 2380
2379 2381
2380 2382
2381 2382
2381 2383
2382 2384
2383 2384
2383 2385
2384 2386
2385 2386
2385 2387
2386 2388
2387 2388
2387 2389
2388 2390
2389 2390
2389 2391
2390 2391
2391 2392
2393 2397
2393 2394
2394 2397
2394 2395
2396 2397
2398 2404
2398 2400
2398 2405
2400 2401
2401 2402
2401 2403
2403 2404
2406 2425
2406 2407
2407 2426
2408 2408
2415 2416
2417 2418
2419 2420
2423 2424
2427 2449
2427 2447
2427 2445
2429 2430
2432 2433
2433 2434
2433 2435
2436 2437
2443 2444
2446 2447
2448 2449
2457 2458
2458 2458
2459 2460
2460 2464
2460 2461
2462 2464
2462 2463
2464 2465
2466 2468
2466 2469
2467 2468
2467 2469
2468 2469
2472 2473
