0 641
0 514
0 643
1 430
1 630
2 510
2 3
2 509
3 4085
3 510
4 1502
4 921
4 3323
4 675
5 651
5 650
5 2495
6 594
6 1594
6 2239
7 2178
7 8
7 2240
8 2238
8 9
9 2239
9 2238
10 115
10 117
10 1256
10 1576
11 1247
11 117
11 4380
12 1235
12 1240
12 3391
12 1835
13 1833
13 1835
13 4496
14 1212
14 1488
14 590
15 1263
15 1256
15 122
16 1058
16 1263
16 17
17 18
17 1049
18 4629
18 1263
19 4862
19 2896
19 2730
20 3923
20 584
20 3122
20 3118
21 2529
21 148
21 729
22 729
22 150
22 4931
23 147
23 736
23 1453
24 140
24 739
24 1787
25 1604
25 2297
25 2438
26 1845
26 1872
27 100
27 397
27 2183
28 29
28 1025
28 1024
29 1032
29 2771
30 1106
30 2298
30 3047
31 1984
31 4872
31 1392
32 1305
32 596
32 599
33 787
33 782
33 815
34 35
34 787
34 3352
35 36
35 351
36 37
36 758
37 2000
37 2017
37 2542
38 360
38 1997
38 903
38 900
39 731
39 4507
39 1883
40 941
40 945
40 406
41 971
41 43
41 3400
42 2385
42 938
42 388
43 387
43 971
44 107
44 983
44 103
45 2816
45 999
45 4604
45 106
46 4166
46 1183
46 457
47 1175
47 4168
47 1974
48 240
48 659
48 109
48 1173
49 1823
49 114
49 1807
50 1189
50 3480
50 127
51 4196
51 1188
51 1183
52 1955
52 609
52 4865
52 1956
53 1498
53 1810
53 1955
54 2302
54 1299
55 4832
55 4839
55 1755
56 57
56 2532
56 1300
57 58
57 2533
58 62
58 2534
59 63
59 4252
59 1393
60 4252
60 61
60 519
61 1398
61 780
62 1300
62 2530
63 2500
63 1545
64 2863
64 686
64 1098
64 3409
65 3538
65 1639
65 3444
66 1316
66 2337
66 658
67 2641
67 2983
67 3611
67 69
67 3923
67 3571
68 3884
68 327
68 3581
69 3572
69 3882
69 3880
70 3886
70 2418
70 3885
71 72
71 330
71 3536
72 2257
72 3049
73 716
73 3536
73 1207
73 2257
74 323
74 3534
74 716
75 714
75 2691
75 323
76 77
76 3490
76 2335
77 3479
77 78
77 3485
78 1199
78 456
79 1165
79 81
79 381
80 82
80 139
80 4763
81 4364
81 82
81 1310
82 2725
83 84
83 85
83 1182
84 4763
84 1166
85 1171
85 4331
86 1163
86 2171
86 3141
87 4363
87 108
87 1163
88 89
88 1162
88 90
89 91
89 241
90 92
90 4363
91 92
91 382
92 1310
93 4882
93 4668
93 1627
94 396
94 2362
94 2363
95 979
95 2363
95 397
96 391
96 979
96 980
97 1571
97 2258
97 100
98 1692
98 1570
98 99
99 1571
99 1739
100 1570
101 2394
101 102
101 4672
102 988
102 107
103 107
103 4604
104 105
104 1572
104 2395
105 106
105 4692
106 4604
108 3141
108 4364
109 241
109 504
110 1182
110 1190
110 138
111 1771
111 777
111 779
112 778
112 1815
112 1825
113 3113
113 777
113 2186
114 1825
114 1826
115 4254
115 2896
116 117
116 119
116 4254
118 3386
118 124
118 3378
119 3386
119 3380
120 1044
120 1041
120 2425
121 1264
121 1058
121 122
122 366
122 915
123 2998
123 1791
123 1777
124 4862
124 4594
125 3829
125 3485
125 126
125 2447
126 3828
126 3475
127 3198
127 3475
128 2580
128 4408
128 2576
128 2583
129 3147
129 484
129 1315
130 4673
131 1008
131 1689
131 1003
131 1019
132 133
132 4338
132 4345
133 3200
133 1190
133 1197
134 4347
134 1181
134 1193
134 4359
135 1180
135 2859
135 1177
135 2857
136 456
136 238
136 1174
136 1178
137 4330
137 139
137 2693
138 1194
138 4338
140 141
140 146
141 142
141 146
142 143
142 338
143 144
143 338
144 145
144 737
145 1787
145 737
146 2295
147 737
147 2231
148 1442
148 3454
149 4216
149 4379
149 169
150 2736
150 706
150 670
151 1751
151 1571
152 829
152 828
152 161
153 154
153 1501
153 166
154 155
154 579
155 3084
155 4393
156 1800
156 3775
156 2301
156 695
157 158
157 2331
157 706
158 159
158 164
159 828
159 160
160 4276
160 3643
160 697
161 166
161 162
162 163
162 671
163 2652
163 4856
163 579
164 829
164 4401
164 3854
165 262
165 3652
165 4404
166 1792
167 3458
167 168
167 703
168 4278
168 1446
168 1799
169 3455
169 700
170 2006
170 202
170 2461
171 2006
171 790
171 172
172 795
172 2027
173 2475
173 2477
173 801
174 2477
174 2543
174 815
175 4200
175 4204
175 4199
176 901
176 898
176 1994
177 178
177 4369
177 186
178 4300
178 2455
179 4300
179 1533
179 893
180 211
180 865
180 2511
181 893
181 4542
181 891
182 797
182 807
182 1989
183 184
183 790
183 4453
184 3264
184 4456
185 4455
185 693
185 797
186 3298
186 2467
187 2243
187 638
187 188
188 2240
188 2241
189 196
189 190
189 2163
190 2163
190 191
191 207
191 192
192 193
192 860
193 860
193 194
194 2161
194 2162
195 2161
195 196
195 2164
196 2164
197 1240
197 198
197 1834
198 4389
198 1258
198 1260
199 200
199 3734
199 3731
200 4590
200 3723
201 3678
201 4589
201 3688
202 203
202 2061
203 4583
203 2074
204 4322
204 2106
204 2471
205 4572
205 2799
205 2800
206 1623
206 1621
206 1622
206 4542
207 4546
207 2937
208 4549
208 4550
208 209
209 2511
209 860
210 882
210 4569
210 4549
211 871
211 4544
212 2516
212 213
212 850
213 853
213 2162
213 2516
214 4298
214 3915
214 2467
215 3263
215 1740
215 3177
216 1849
216 1855
216 1858
217 4577
217 4302
217 4561
218 1242
218 1245
218 1249
219 1249
219 220
219 1253
219 1254
220 1262
220 221
221 222
221 937
222 3020
222 3374
223 645
223 925
223 929
224 1494
224 2493
224 2788
224 2458
225 3315
225 2458
225 2493
225 1848
226 1918
226 1854
226 1906
227 2987
227 3169
227 1858
227 1879
228 229
228 3169
228 4296
229 2860
229 1845
230 363
230 3259
230 1882
231 2623
231 653
231 4373
232 2634
232 915
232 233
233 234
233 1265
234 3261
234 1275
235 1169
235 1170
235 381
235 1177
236 1168
236 238
236 383
236 382
237 241
237 240
237 383
238 240
239 660
239 1164
239 503
242 1017
242 1770
242 1577
242 1768
243 1018
243 2852
243 1022
244 500
244 455
244 4617
244 1816
245 268
245 428
245 843
245 4057
246 1607
246 255
246 2300
246 265
246 1603
247 372
247 1597
247 250
247 1613
248 1609
248 1596
248 3117
249 1597
249 4064
249 250
250 2206
251 701
251 252
251 262
252 1588
252 1586
253 1587
253 446
253 254
253 1588
254 379
254 450
255 376
255 3117
255 261
256 2602
256 663
256 592
257 2358
257 1783
257 2602
258 1591
258 3072
258 3071
259 263
259 260
259 262
260 1584
260 1583
260 2299
261 2299
261 369
261 379
263 1581
263 1583
264 2300
264 1608
264 1583
265 4870
265 367
266 272
266 422
266 3773
266 1582
266 426
267 368
267 375
267 3117
268 1607
268 269
268 272
269 842
269 843
270 4051
270 271
270 1766
271 4055
271 427
271 4053
272 1582
272 4055
273 274
273 3850
273 484
274 2220
274 3510
274 3853
275 568
275 4027
275 4491
276 2701
276 4159
276 2709
277 2703
277 278
277 3545
277 2701
278 285
278 460
279 462
279 460
279 561
280 3069
280 480
280 281
280 534
281 315
281 566
282 1368
282 3209
282 3151
282 1316
283 2208
283 552
283 4795
283 1522
284 3549
284 3554
284 4156
285 558
285 561
286 489
286 287
286 291
287 288
287 290
288 4269
288 290
289 4269
289 293
289 2875
290 292
290 291
291 295
291 292
292 293
293 488
294 2245
294 295
294 488
295 1403
296 1520
296 2306
296 2324
297 1405
297 1403
297 490
297 489
298 3991
298 304
298 2209
299 300
299 304
299 2751
300 312
300 2496
301 575
301 4009
301 302
302 313
302 574
303 1526
303 2209
303 2215
304 305
306 2411
306 308
306 313
307 312
308 2496
308 309
309 312
309 311
310 4024
310 4792
310 311
311 4792
313 4012
314 4027
314 4026
314 4023
315 4491
315 566
316 1396
316 3228
316 1394
317 4017
317 4023
317 487
318 3426
318 1641
318 2600
319 3433
319 3439
319 3437
320 321
320 700
320 3443
321 704
321 708
321 4214
322 699
322 3424
322 3430
323 1205
324 3269
324 334
324 4734
325 329
325 326
325 2764
326 2985
326 586
327 586
327 3883
328 715
328 3903
328 330
329 332
329 331
330 3913
330 331
331 333
332 333
332 540
333 334
334 1638
335 2929
335 687
335 4096
336 4047
336 3770
336 2766
337 3143
337 3142
337 338
337 738
339 3418
339 2229
339 705
339 834
340 3411
340 3363
340 2229
341 4407
341 1101
341 4493
342 1101
342 1362
342 343
343 3148
343 4493
344 4407
344 1099
344 345
345 724
345 725
346 347
346 725
347 720
348 349
348 3582
348 2227
349 834
349 4374
350 4571
350 2794
350 2797
351 352
351 358
352 769
352 746
353 354
353 355
353 358
355 2484
355 2482
356 2484
356 357
356 2483
357 1090
357 1086
358 746
359 362
360 361
360 362
361 1989
361 362
362 1992
363 653
363 364
364 2622
364 4372
365 366
365 1384
365 4372
366 3338
366 1278
367 1604
367 2275
367 3024
368 1613
368 1609
369 370
369 373
370 371
370 377
370 380
371 2924
371 378
372 3819
372 3821
373 377
373 376
374 375
374 4273
374 377
375 376
378 4088
378 1593
378 380
379 380
379 1584
380 4274
381 4738
382 383
382 616
384 385
384 1889
385 400
385 390
386 2184
386 3398
387 1709
387 3398
388 389
389 4709
389 1890
390 4702
390 4712
390 4714
391 392
392 2251
392 1570
393 395
393 396
393 394
394 2355
394 2251
394 4674
395 4679
395 988
396 4679
397 4882
398 399
399 400
399 402
400 401
401 402
401 404
402 403
405 2386
405 2372
406 2372
406 407
406 2850
408 611
408 2811
408 2812
409 2369
410 2383
410 1726
410 411
411 1728
411 2384
412 4665
412 1634
412 1633
413 414
413 683
413 677
414 4664
414 4663
414 1632
415 1648
415 416
415 421
416 1631
416 1633
417 418
417 1661
417 1663
418 419
418 1660
419 1707
419 4879
420 1660
420 1707
420 1715
421 1635
421 1668
422 425
422 736
423 4062
423 1766
423 2293
424 1766
424 425
424 427
425 426
426 427
428 4050
428 4051
429 1873
429 2275
429 1871
430 1873
431 433
431 3325
431 933
432 930
432 3320
432 3319
433 434
433 3229
434 435
434 3326
435 3262
435 925
436 1480
436 4800
436 1481
437 1138
437 1480
437 4798
438 1481
438 4794
438 1138
439 1109
439 440
440 1111
440 1109
440 4798
441 558
441 442
441 2747
441 3197
442 1211
442 3513
443 3197
443 3516
443 1211
444 3779
444 591
444 1626
445 1626
445 1786
445 446
446 447
447 448
447 664
448 664
448 449
449 591
449 1784
450 4274
450 663
451 1021
451 4689
451 1024
451 1019
452 1037
452 499
452 1041
452 1032
453 4597
453 4598
453 4596
454 1035
454 1034
454 4597
454 4598
455 2854
455 2928
455 2852
456 2598
456 2597
456 4191
457 2450
457 2449
458 2599
458 2450
458 1175
459 4116
459 4111
459 2700
460 4116
461 4115
461 4112
461 2700
462 534
462 3401
463 2968
463 2289
463 2290
464 2290
464 2289
464 2967
465 2971
465 2969
465 2973
466 2964
466 2965
466 2971
467 2286
467 2965
467 2968
468 3110
468 1756
468 1757
469 3093
469 470
469 2322
470 2533
470 2210
470 4832
471 474
471 1758
471 2303
472 473
472 475
472 2210
472 2215
473 2303
473 474
474 1296
475 476
475 478
476 477
476 2215
477 478
477 2213
478 2210
479 2749
479 2753
479 2213
480 539
481 3853
481 3210
481 3211
482 483
482 4091
482 3208
483 3210
483 3852
484 2722
485 1550
485 1402
485 840
485 4806
486 1400
486 1402
486 1543
487 4017
487 4018
487 4019
488 1521
489 490
490 2324
491 1709
491 494
491 2820
492 493
492 494
492 3398
493 497
493 954
494 495
495 948
495 949
495 497
496 497
496 946
496 950
498 4621
499 2854
499 500
499 2424
500 1044
501 2507
502 1023
502 1027
502 1483
503 3064
503 506
504 661
504 659
505 506
506 4605
506 4603
506 661
507 2302
508 2323
508 1299
509 511
509 2165
510 4089
511 2165
511 601
512 1872
512 2238
512 1871
512 1874
513 514
513 2921
514 515
515 2442
515 640
516 4115
516 3214
516 3850
516 4114
517 4111
517 3214
517 4110
518 2714
518 2703
518 2720
519 2170
519 4165
520 4228
520 4248
520 4225
521 4227
521 4225
521 2170
522 1541
522 1298
522 523
523 1297
523 1538
524 1936
524 1949
524 1951
525 2498
525 1551
525 4039
526 529
526 528
526 2498
527 2570
527 4251
527 1304
528 605
528 529
529 4031
530 604
531 532
531 705
531 2733
533 831
533 832
533 1799
534 3846
535 562
535 3846
535 3847
536 560
536 564
536 537
537 538
537 3514
538 560
538 3515
539 3847
539 541
540 740
540 741
541 542
541 553
541 567
542 543
542 544
543 546
543 564
544 545
544 557
545 546
545 2992
546 547
548 2245
548 552
548 551
549 1523
549 550
549 552
550 1525
550 551
551 1526
553 554
553 557
554 555
554 567
555 556
555 3989
556 1525
556 557
558 559
559 560
559 561
561 564
562 564
562 563
563 3844
565 1123
565 1120
566 567
568 569
568 2338
568 4491
569 3223
569 3222
569 3224
570 3217
570 571
570 3216
571 572
571 3218
572 3218
572 573
572 4016
573 3221
573 3218
574 2751
574 575
575 2752
576 582
576 2790
576 2186
576 3126
576 4868
577 4852
577 3345
577 4858
578 4858
578 4868
578 588
579 4854
580 581
580 602
580 1809
581 709
581 603
582 1771
582 2186
583 1814
583 585
583 3613
584 2350
584 585
585 3616
585 3614
585 2186
586 587
587 3611
587 3612
588 1808
588 3344
588 4866
589 4770
589 2267
589 2507
590 2587
590 2269
591 1782
592 3073
592 3072
593 3654
593 3655
593 3656
593 3073
594 2241
594 2239
595 2001
595 1530
595 2178
596 2001
596 597
597 598
597 2001
598 1984
598 599
599 1984
600 3025
600 601
600 4089
601 1985
602 3344
603 3339
603 1808
604 605
604 1563
605 1555
606 1379
606 607
606 1566
607 1380
607 1377
608 609
609 1452
610 662
610 4501
610 1479
611 612
611 3473
612 1490
612 1456
613 1573
613 4754
613 642
614 2862
615 1808
615 3339
616 4738
616 1310
617 2332
618 4242
619 3411
620 3412
621 1885
622 627
622 1859
622 2244
622 2696
623 2574
623 624
623 626
624 1645
624 935
625 3301
625 1916
625 628
626 4367
626 3327
627 2696
627 628
628 2696
629 641
629 676
629 1573
630 2806
630 4926
631 636
631 4749
631 2457
632 4749
632 637
632 633
633 635
633 636
634 637
634 635
634 4751
635 2271
635 1805
636 4744
636 1803
637 4749
638 3272
638 639
639 1742
639 3183
640 643
640 2818
641 642
644 2564
644 917
644 1847
645 3196
645 3023
646 2564
646 2593
646 649
647 3329
647 3317
647 918
648 2909
648 4591
648 1506
649 2782
649 654
650 2492
650 3305
651 652
651 3319
652 3260
652 930
653 3260
654 3316
654 3317
655 1367
655 2252
655 656
656 1331
656 1352
657 2877
657 2252
657 2934
658 1367
658 2580
659 660
660 661
662 2811
662 4503
663 664
664 1785
665 2585
665 4864
665 4844
665 2604
666 4843
666 668
666 1805
666 4741
667 1272
667 4844
667 4843
667 1271
668 3135
668 2327
669 4070
669 2334
669 4071
670 672
670 3082
671 673
671 3651
671 2334
672 673
672 674
673 4076
674 3645
674 3648
674 706
675 4925
675 676
677 2377
677 691
677 4875
678 683
678 685
678 4665
679 681
680 4667
680 682
680 685
681 2390
682 4666
682 691
683 684
685 4871
686 3435
686 3434
686 4095
687 4095
687 1100
687 1099
688 690
689 2383
689 691
689 690
690 2370
690 2387
692 4205
692 4201
692 1997
693 694
693 1536
694 1992
695 696
695 2759
696 1453
696 2760
697 707
697 3651
698 3612
698 741
698 4396
699 740
699 704
700 4406
700 2270
701 3854
701 1786
702 703
702 3419
702 832
702 3417
703 3592
704 742
705 3417
706 3642
707 3646
707 3648
708 3594
708 3596
709 1956
709 711
710 3345
710 4852
710 711
711 4865
712 4852
712 3121
712 4853
713 715
713 717
713 4736
714 3536
714 2519
715 2764
716 1207
717 3886
717 2985
718 1883
719 720
719 723
719 726
720 724
720 727
721 2281
722 1937
722 723
722 2344
723 2277
724 727
724 1099
725 2281
727 835
728 2281
729 3464
730 733
730 731
730 1512
731 1510
732 735
732 3070
733 1511
733 3070
734 735
736 4063
738 3045
738 1772
739 2294
739 1787
740 742
741 742
743 763
743 755
743 751
744 2894
744 775
744 2893
745 908
745 906
745 2895
745 765
746 756
747 748
747 2487
747 2488
748 751
748 788
748 1086
749 772
749 751
749 763
749 2487
750 752
750 770
750 913
751 1074
753 767
753 908
754 756
754 2871
754 775
755 4506
755 4504
756 789
757 768
757 758
757 769
758 807
758 1986
759 771
759 775
760 913
760 3145
760 1059
761 768
761 903
761 2894
761 4209
762 773
762 770
763 764
764 1067
764 1069
765 2886
765 907
766 4106
766 2873
766 4109
767 902
768 771
769 771
770 773
772 4104
772 1077
773 774
774 2871
774 1070
776 1081
776 4104
776 2489
777 779
778 779
778 2790
780 4164
780 2219
781 2486
781 788
781 1074
782 1987
782 786
783 1999
783 2483
783 1079
784 785
784 787
784 786
785 1073
785 1075
786 1075
788 2485
789 2485
789 2486
790 4448
791 4438
791 4437
791 2474
792 818
792 804
792 810
792 822
793 2032
793 809
793 2473
794 4441
794 4443
794 802
795 822
795 802
796 2000
796 820
796 803
797 2541
798 800
799 4433
799 4435
799 812
800 4510
800 818
801 1990
801 1993
802 4441
802 4438
803 820
803 3346
803 4510
804 1998
804 822
805 814
805 806
805 818
806 816
806 813
807 2542
808 4510
808 2026
808 2596
809 2472
809 4436
809 4435
810 2463
810 4460
811 2541
811 3351
811 1991
812 4433
812 4434
813 816
813 2544
814 2595
814 816
815 819
817 2463
817 3348
817 3346
820 1991
821 2029
821 4440
821 4441
823 4806
823 4909
823 2583
824 2882
824 1360
824 4910
825 841
825 1360
825 2743
825 826
826 2772
826 1351
827 3976
827 3980
827 4516
828 829
830 3512
830 2222
830 3152
832 833
834 3584
834 4374
835 2277
835 3045
836 4067
836 838
836 837
837 838
837 1451
838 1450
839 2868
839 1305
839 2346
840 1550
840 2743
840 2288
841 3970
841 1349
842 846
842 1603
843 845
844 845
844 4052
844 2297
845 846
846 847
847 849
847 848
850 851
850 3052
850 2516
851 2512
851 852
853 857
853 858
854 2512
855 3734
855 2164
855 4743
856 857
856 861
856 2699
857 859
858 860
858 2509
859 2510
859 2509
862 2697
863 866
863 864
863 868
864 865
864 4495
865 2697
867 870
868 875
868 872
869 875
870 872
870 874
871 4495
871 880
872 873
873 876
873 878
874 878
874 4495
875 877
877 879
877 885
878 880
880 4566
881 883
882 4561
882 4548
883 887
883 888
884 886
885 886
885 2490
886 1511
887 1619
887 4566
888 890
888 891
889 891
892 2490
892 894
892 895
893 1534
894 896
894 895
895 898
895 897
898 1535
899 2285
899 903
899 900
900 4204
902 4198
902 906
904 905
905 4210
905 907
906 907
908 910
909 910
910 911
910 912
913 2886
914 4370
914 915
914 2626
916 2989
916 1878
916 1856
917 919
917 3316
918 3327
918 3322
919 2494
919 920
920 2786
920 1491
921 3322
921 3327
922 4383
922 4386
922 1931
923 1931
923 1932
923 1918
924 932
924 926
924 930
925 928
926 931
926 928
927 932
928 929
929 3020
930 931
931 4373
932 933
933 3320
934 3303
934 2607
934 2573
935 1646
935 2573
935 1924
936 1502
936 3262
936 3420
937 1275
937 3468
938 939
939 2385
939 2386
940 941
941 2385
942 4695
942 2724
942 4694
942 4693
943 2563
943 2562
943 945
944 946
944 4695
944 948
945 2820
946 947
947 951
947 2374
948 2562
950 951
950 954
951 952
952 953
952 1595
953 1595
953 954
955 956
955 958
955 2268
956 961
956 960
957 958
957 2268
957 959
958 963
959 962
960 968
960 966
961 963
961 965
962 963
962 964
964 972
964 975
965 969
965 4727
966 969
966 4729
967 4729
968 971
968 974
969 974
970 4873
970 4669
970 4878
972 973
972 976
973 978
973 983
974 977
974 4729
975 976
975 2201
975 1802
976 978
976 2399
978 982
978 981
979 4876
979 980
980 2761
981 985
981 984
982 4723
982 984
983 4680
984 1000
984 4717
985 992
985 2399
986 992
987 993
987 990
987 2251
988 4672
989 4717
991 996
991 4673
991 2357
992 994
993 1696
993 2356
994 998
994 2202
995 997
997 1003
997 1001
998 2200
998 1000
999 4723
999 2397
1000 4722
1000 1002
1001 2394
1001 1006
1002 4717
1002 2815
1003 1695
1004 2397
1005 1009
1005 1007
1005 2395
1006 1008
1006 2395
1007 2396
1007 2185
1008 1009
1009 1011
1010 1012
1010 2817
1010 2816
1013 1769
1013 2817
1013 1014
1014 4607
1014 4606
1015 1022
1015 2816
1015 1016
1016 2817
1016 1018
1017 2403
1017 1770
1018 1577
1019 1021
1020 1024
1021 1023
1022 1025
1023 1026
1025 2856
1026 1027
1026 1028
1027 1029
1028 2771
1028 1031
1029 1030
1029 1031
1030 4633
1030 1033
1031 1035
1031 1034
1032 1037
1033 1035
1033 4633
1034 1036
1036 1038
1036 2771
1037 4599
1038 1039
1038 4599
1039 4599
1039 4598
1040 2400
1040 4609
1040 4610
1041 1046
1042 4616
1042 1043
1043 4608
1043 1186
1044 1050
1045 1822
1045 4616
1045 1047
1046 4596
1046 1048
1047 1516
1047 1050
1049 1051
1049 2425
1050 1516
1051 1057
1051 1052
1052 1054
1052 4730
1053 1514
1053 1513
1053 1390
1054 1056
1054 1055
1055 1057
1055 1255
1057 1058
1060 1068
1061 4504
1061 4507
1061 4505
1062 1064
1063 1067
1064 1069
1064 1942
1065 1067
1066 1942
1068 1071
1068 1530
1069 2594
1069 1076
1070 1074
1070 1072
1075 2482
1076 1941
1076 2236
1077 2813
1077 1078
1078 1940
1078 1080
1081 1082
1081 2873
1082 1084
1082 2237
1083 1280
1083 1095
1083 2375
1084 2688
1084 1091
1085 1088
1086 1088
1087 1091
1087 2237
1088 2488
1089 1750
1089 1091
1089 1090
1090 4872
1092 1093
1092 2375
1092 1095
1093 1095
1093 1094
1094 4872
1094 1095
1096 1283
1096 1750
1096 1290
1097 1292
1097 1283
1098 4131
1098 2863
1101 1951
1102 2284
1102 1105
1102 1104
1103 1104
1103 2284
1103 1528
1104 1529
1104 1644
1105 4046
1105 1106
1107 1110
1107 1108
1108 1112
1108 1117
1109 1113
1109 1119
1110 1114
1110 1111
1111 4799
1112 1116
1112 1121
1113 1118
1113 1115
1114 2441
1114 1117
1115 1122
1115 1127
1116 1120
1116 1126
1117 1121
1118 1119
1118 1122
1119 1125
1120 1123
1121 1126
1122 1124
1123 1129
1124 1128
1124 1131
1125 4797
1125 1128
1126 1132
1127 1131
1127 1136
1128 1130
1129 1132
1129 2875
1131 1133
1132 1135
1132 1140
1133 2635
1133 4265
1134 2407
1135 1137
1135 2440
1136 4266
1136 4265
1137 4800
1137 1143
1138 1139
1139 1142
1139 4796
1139 4797
1140 1144
1140 1148
1141 1160
1141 4800
1141 4801
1142 4829
1142 4830
1143 1145
1143 1152
1144 1145
1144 1151
1145 1155
1146 1150
1147 2408
1147 4830
1147 1518
1148 2874
1148 1154
1149 1518
1149 1150
1149 2407
1150 1153
1151 1154
1151 1155
1152 1155
1152 1157
1153 2204
1153 4263
1154 1156
1156 1158
1156 2874
1157 1159
1157 1158
1158 1159
1159 1160
1160 1522
1161 4796
1161 1518
1161 2208
1162 1163
1162 1309
1164 1172
1164 1167
1165 1166
1165 2725
1166 1170
1167 4671
1167 1183
1168 1169
1168 4740
1169 1176
1170 4765
1171 4334
1171 4336
1172 2187
1172 2402
1173 1974
1173 1174
1174 1175
1176 4739
1176 1177
1178 4740
1178 1179
1179 1184
1179 1180
1180 4739
1181 4764
1181 1185
1182 4333
1182 4330
1186 1196
1186 2402
1187 1195
1188 1189
1188 4601
1189 1191
1190 4343
1191 3482
1191 3481
1192 4601
1193 4361
1193 2361
1193 4356
1194 4759
1194 4760
1195 4346
1195 1197
1196 4600
1196 1514
1197 1198
1198 4360
1199 2336
1199 2859
1200 3203
1200 4361
1200 3130
1200 3201
1201 1202
1201 2692
1201 2691
1203 4885
1204 4261
1204 4263
1204 1206
1205 3533
1205 3534
1207 3535
1207 2257
1208 1210
1208 1211
1208 4257
1209 1210
1210 2343
1212 2269
1212 1213
1213 1228
1213 4789
1214 1215
1215 1216
1215 1219
1217 3390
1217 3396
1217 3393
1218 1224
1218 2269
1218 1225
1219 1221
1219 1223
1219 1220
1221 1222
1221 1232
1222 1223
1222 1224
1223 1224
1225 2585
1225 1230
1226 1227
1227 1229
1227 1228
1228 1231
1231 1232
1231 1236
1232 1233
1234 1242
1235 1238
1235 1243
1236 1241
1236 1237
1237 1239
1238 1242
1238 1246
1239 1241
1240 1244
1241 1267
1244 1252
1244 1250
1245 1247
1245 1254
1247 4380
1248 1249
1250 1261
1250 1253
1251 1252
1251 1258
1253 1262
1254 1257
1256 1575
1257 1259
1257 4380
1257 1275
1258 3008
1259 1576
1259 3484
1260 4844
1260 1272
1261 3936
1261 1262
1264 1273
1264 1274
1265 1575
1265 3484
1266 1270
1266 1268
1266 4389
1267 1269
1267 2371
1268 4389
1268 4591
1269 1271
1269 4844
1270 1272
1270 1277
1271 1978
1272 1276
1278 1389
1278 1390
1278 4850
1279 2375
1280 1281
1280 2375
1282 1283
1284 1750
1285 1286
1285 1287
1285 1290
1288 1289
1289 1291
1289 1292
1290 1291
1291 1292
1293 1405
1293 1296
1294 4833
1295 4833
1295 3111
1295 4836
1297 2753
1297 4011
1298 1538
1298 1544
1299 1301
1300 2531
1301 4861
1301 1548
1302 2315
1302 4821
1302 2313
1302 2310
1303 2618
1303 2315
1303 2312
1304 4032
1304 1373
1305 3040
1306 1308
1306 2173
1306 2508
1307 1309
1307 1308
1308 4767
1309 4767
1311 1321
1311 1323
1311 1335
1312 1341
1312 1561
1312 1330
1313 1337
1313 1343
1313 1329
1314 1320
1314 3941
1314 3938
1315 1342
1315 4410
1316 4413
1317 1357
1317 2934
1317 2561
1318 1351
1319 1353
1319 1355
1319 4413
1320 1329
1320 4042
1321 4812
1321 2234
1322 1334
1322 2249
1322 4486
1323 1341
1323 1334
1324 1359
1324 1361
1324 1357
1325 2179
1326 3951
1326 3939
1326 3151
1327 1343
1328 2247
1328 1346
1328 3973
1329 1363
1330 1615
1330 4482
1331 1352
1331 3942
1332 4411
1333 1339
1334 1364
1335 1356
1335 1364
1336 4536
1336 2217
1337 3938
1337 3939
1338 4537
1338 1346
1338 3157
1339 1345
1339 1341
1339 1348
1340 1345
1340 4483
1340 4484
1342 1614
1342 1362
1343 1362
1344 1642
1344 3033
1344 4538
1345 2417
1346 3958
1347 2216
1347 1350
1347 1356
1349 3957
1349 3973
1350 4537
1350 2217
1351 4238
1352 2558
1353 1358
1353 1368
1353 3949
1354 1360
1355 4411
1355 1367
1356 4536
1356 2217
1357 2179
1358 3942
1358 3941
1359 1361
1359 3968
1359 4841
1361 1366
1364 4488
1365 4411
1368 3951
1369 1381
1369 1373
1369 4480
1370 4482
1370 4480
1370 4481
1371 4255
1371 1372
1371 1380
1372 4815
1372 2568
1373 1374
1374 1616
1374 1381
1375 4479
1375 1379
1375 1378
1376 4479
1376 4251
1377 4814
1377 4815
1378 1616
1378 1617
1379 1567
1381 4480
1382 3338
1382 1383
1382 1797
1383 1389
1383 2601
1384 1386
1384 1385
1385 1389
1385 1387
1387 3925
1387 3927
1388 3925
1388 1907
1388 1947
1390 4730
1391 2176
1391 2481
1391 4369
1392 2481
1392 1988
1393 1541
1393 1397
1394 1406
1394 4016
1395 1404
1396 4013
1396 1399
1397 1400
1397 1398
1398 1400
1401 1402
1401 4013
1401 1543
1403 2748
1404 1406
1405 2748
1407 1419
1407 1417
1407 1416
1408 1423
1409 4159
1409 1413
1409 1417
1410 1411
1410 1412
1410 1423
1410 4162
1411 1414
1411 1423
1413 1415
1413 4157
1414 1421
1414 4148
1416 1420
1416 1422
1416 4152
1417 4157
1417 1418
1418 4138
1418 1421
1419 1420
1421 4141
1422 4156
1422 4151
1424 1448
1425 1448
1425 1426
1425 4218
1426 1427
1426 4217
1427 1428
1427 1448
1428 1431
1428 1429
1429 4222
1429 1430
1430 1433
1430 1432
1431 4216
1432 4221
1432 1434
1434 1436
1434 1435
1435 4219
1435 1437
1437 1438
1437 1449
1439 4223
1439 1440
1439 1449
1439 4215
1441 2270
1441 3454
1441 3446
1442 1444
1442 1443
1443 3457
1443 1445
1444 3463
1444 1445
1445 1447
1446 1447
1446 3463
1447 3458
1449 4220
1450 3987
1450 1451
1451 2868
1452 1499
1452 2459
1453 1454
1454 3775
1454 1580
1455 4641
1455 3472
1455 1456
1456 1751
1457 1720
1457 1764
1457 4884
1458 4884
1458 1736
1458 3473
1459 1460
1459 1471
1459 1464
1460 4644
1460 4643
1461 1462
1461 4698
1461 1733
1462 4644
1462 1472
1463 1485
1463 1467
1463 1464
1463 4646
1464 1468
1465 1466
1465 1467
1465 2264
1466 1467
1466 4646
1468 1469
1468 1470
1470 4641
1470 1471
1471 4643
1472 1485
1472 1473
1473 4648
1473 1474
1474 1485
1474 1486
1474 1753
1475 1690
1475 1476
1475 1484
1476 4478
1476 4638
1477 2591
1477 4524
1478 2591
1478 1479
1478 1490
1479 1490
1480 4799
1481 4801
1482 1484
1482 1483
1482 4633
1483 1484
1487 2819
1487 4789
1487 4497
1487 2442
1488 4502
1488 2546
1489 1844
1489 1796
1491 3316
1491 3318
1491 3317
1491 3323
1492 2787
1492 3307
1492 1497
1493 2731
1493 2921
1493 1502
1494 3309
1494 1495
1494 3308
1495 1846
1495 3876
1495 2787
1496 3754
1496 3876
1496 3129
1496 1846
1497 3751
1497 3876
1497 1498
1498 3116
1498 3875
1499 1500
1499 1531
1499 3115
1499 3922
1499 1811
1500 2523
1500 4392
1500 2522
1501 2522
1501 2998
1502 3324
1503 3466
1503 1508
1503 3196
1504 1507
1504 1505
1504 1509
1505 1506
1505 3467
1506 1509
1507 3466
1507 1508
1508 1509
1510 1512
1510 2144
1510 4198
1511 2330
1512 1760
1513 1515
1513 1514
1515 1516
1515 4600
1517 3491
1519 4791
1520 4791
1521 1522
1521 2245
1523 2756
1523 3518
1523 2994
1523 2208
1524 1526
1524 2209
1524 1525
1525 2756
1526 2245
1527 2938
1527 2982
1527 2288
1530 2177
1531 3127
1531 3922
1531 2459
1532 3265
1532 1533
1532 1536
1533 1534
1534 1535
1535 1536
1537 2389
1538 1540
1539 1542
1539 1543
1539 1541
1544 1545
1546 2326
1546 2323
1546 1547
1547 1549
1547 4859
1550 4163
1551 4250
1551 4248
1552 4427
1552 4419
1552 1553
1552 1556
1553 1558
1553 4827
1554 2432
1554 2556
1554 3981
1555 4811
1555 1557
1556 1559
1556 2431
1557 1558
1557 1562
1558 1560
1559 1561
1559 1560
1560 1561
1562 1564
1562 1563
1563 1564
1564 4810
1565 4251
1565 3132
1565 1566
1566 1567
1567 1568
1569 2302
1569 3154
1572 2395
1572 2394
1573 4753
1574 4741
1574 2327
1575 1576
1577 1578
1578 1768
1578 1769
1579 3773
1579 1580
1579 1581
1580 1581
1582 1608
1584 1585
1584 1586
1585 1587
1585 1590
1586 1590
1587 1589
1588 1589
1589 1590
1591 1592
1591 4274
1592 4087
1593 4087
1593 4907
1594 4907
1594 1776
1594 2867
1597 1598
1598 3046
1598 1599
1599 1601
1599 1600
1601 2869
1601 1602
1602 2869
1602 4272
1603 4870
1603 3117
1604 1605
1605 1606
1605 4870
1607 1608
1609 1610
1610 1612
1611 1612
1613 4271
1614 1614
1615 4481
1615 4812
1616 1617
1617 4813
1618 4565
1618 1619
1618 1620
1619 1623
1620 4548
1620 1622
1621 1622
1621 4302
1622 1623
1624 1831
1624 1829
1624 1812
1624 1625
1625 2525
1625 2358
1626 1786
1627 4881
1627 4874
1628 4875
1629 1653
1629 1630
1629 1649
1630 1631
1630 1653
1631 1634
1632 4664
1632 4665
1633 1679
1634 4871
1635 1669
1635 1673
1636 1641
1637 3424
1637 1640
1637 1638
1638 1639
1639 1640
1640 3425
1641 3430
1642 3032
1642 3031
1643 1644
1643 1944
1643 1954
1644 1952
1645 4367
1645 1646
1646 4921
1647 4921
1647 1850
1647 1861
1648 1650
1648 1649
1649 1651
1650 1651
1651 1652
1652 1657
1652 1654
1652 1683
1653 1657
1654 1655
1654 1888
1655 1656
1655 2848
1657 1658
1659 1892
1660 1661
1661 1662
1662 1664
1662 1663
1663 1681
1664 1666
1664 1665
1665 1681
1665 1670
1665 1667
1666 1668
1666 1667
1667 1671
1667 1669
1668 1669
1669 1672
1673 1674
1673 1675
1675 1676
1675 1677
1677 1678
1677 1679
1679 1680
1681 1682
1683 1892
1683 1888
1684 1689
1684 1686
1684 1687
1685 1688
1685 4658
1685 4659
1685 1687
1686 4478
1686 4654
1687 1688
1687 4468
1688 1763
1689 4469
1690 4639
1690 1691
1691 4638
1691 4649
1692 1693
1692 1696
1693 1694
1693 4464
1694 1695
1694 4463
1695 1696
1697 2393
1697 4470
1697 4465
1698 1699
1698 1706
1698 1737
1699 1700
1699 2746
1700 2745
1700 1706
1701 1702
1701 4464
1701 1703
1702 1704
1702 1703
1703 1705
1704 1705
1704 1706
1705 2745
1706 1738
1707 1715
1708 1713
1708 1710
1708 1714
1709 1710
1710 1711
1711 1717
1711 1716
1712 1713
1712 1717
1712 2849
1713 2849
1714 1715
1714 2849
1717 1718
1719 4655
1719 1765
1719 4461
1720 4461
1721 2744
1721 4465
1721 4700
1721 4466
1722 1723
1722 2392
1722 1735
1723 1734
1723 1724
1724 1727
1724 2392
1725 1726
1725 1727
1726 2369
1727 1731
1728 2380
1728 1729
1729 1731
1729 1730
1731 4696
1732 4698
1732 2167
1732 2168
1733 4643
1733 2168
1734 1735
1735 2167
1736 1739
1736 1737
1737 1738
1738 1739
1740 4298
1740 3919
1741 3919
1741 3175
1741 3176
1742 2469
1742 1748
1743 1745
1743 3290
1743 1748
1744 3191
1744 3295
1744 3283
1745 3291
1745 3294
1746 1747
1746 3289
1746 3297
1747 3290
1747 3297
1748 3195
1748 4282
1749 2926
1749 4288
1749 4291
1749 3287
1752 1753
1752 4646
1752 2262
1752 4696
1753 2392
1754 1755
1755 3093
1756 1757
1756 3111
1757 1758
1757 2306
1758 1759
1759 1759
1760 1761
1760 4198
1762 4637
1762 4652
1762 4655
1762 4656
1763 4654
1763 4637
1764 3471
1764 1765
1765 4640
1767 4606
1767 1768
1767 1770
1768 1769
1771 2790
1772 3144
1772 4047
1772 4048
1773 2694
1773 1778
1774 1779
1774 3043
1774 2438
1775 1782
1775 1789
1775 1790
1776 3065
1776 1781
1777 1791
1777 1792
1778 2297
1779 4085
1779 3043
1780 1793
1780 3780
1780 3783
1781 2360
1781 1830
1782 1784
1783 1785
1783 2358
1784 3768
1785 3769
1788 2291
1788 2296
1788 2694
1789 1793
1789 1795
1790 3766
1790 3763
1790 1795
1791 1794
1792 1793
1794 1795
1794 2997
1797 4850
1797 2459
1798 4850
1799 2735
1800 2789
1800 2331
1801 4280
1801 3207
1801 2789
1801 4279
1803 4753
1804 2808
1805 2808
1806 2645
1806 2995
1806 2354
1806 2686
1807 3198
1807 1823
1809 3345
1809 4858
1810 1955
1810 3115
1810 3875
1811 3115
1811 3114
1813 1826
1813 3906
1813 3113
1814 3906
1814 3113
1815 2505
1815 1825
1816 1820
1816 1818
1817 1819
1818 1819
1818 2405
1819 1821
1820 1821
1820 4617
1821 1822
1821 4611
1822 4617
1823 1973
1823 1824
1824 3112
1824 1826
1827 3114
1827 1829
1827 1832
1828 1830
1828 3767
1828 1832
1829 1831
1830 1831
1831 2360
1832 3129
1833 2603
1833 1838
1834 1839
1834 1841
1835 1837
1836 1838
1836 1843
1836 1840
1837 4496
1837 1843
1838 4496
1839 1841
1839 1842
1840 1841
1840 1842
1842 1843
1843 4496
1844 4498
1844 4500
1845 4925
1846 3744
1846 3309
1847 3313
1847 2458
1847 2494
1848 2458
1848 3358
1849 1880
1849 1862
1850 1862
1850 3321
1851 3361
1851 2991
1851 4094
1851 3302
1851 1863
1852 3303
1852 1853
1852 1867
1853 1924
1853 2991
1854 1909
1854 1922
1855 1877
1855 1862
1856 2988
1856 1877
1857 1879
1857 1878
1857 2792
1858 1879
1859 2637
1859 1860
1860 1866
1860 1865
1861 1863
1861 2991
1863 1880
1864 1868
1864 1926
1864 1870
1864 1925
1865 3360
1865 1916
1865 3361
1866 1914
1866 4382
1866 1927
1867 4922
1867 1914
1867 3334
1868 1869
1868 3359
1868 1915
1869 3311
1869 1925
1869 2690
1870 1928
1870 1927
1871 1872
1873 1874
1874 2205
1875 2990
1875 2796
1875 2799
1876 4092
1876 3685
1876 2990
1877 2793
1878 2989
1880 2806
1881 3746
1881 2458
1881 1882
1882 3746
1883 1886
1884 2175
1884 2864
1884 1939
1885 3075
1885 1939
1886 3080
1886 1887
1886 3079
1887 2174
1888 1889
1889 2391
1890 4714
1890 1891
1891 1894
1891 1898
1892 1894
1893 1897
1894 1895
1895 1897
1895 1896
1897 1898
1898 1902
1899 1901
1899 1903
1899 2825
1899 2822
1900 1901
1900 2821
1900 2825
1901 1903
1901 2821
1902 1904
1902 2835
1903 2839
1903 1904
1904 2822
1904 2838
1905 2829
1905 2827
1905 2836
1906 1910
1906 1915
1907 1911
1907 3927
1908 1930
1908 4381
1908 1928
1909 1929
1909 1919
1910 1931
1910 1930
1910 1918
1911 1947
1911 4494
1912 2865
1912 4293
1912 1921
1913 1926
1913 4930
1913 3334
1913 1925
1914 3360
1914 1926
1915 1928
1916 3361
1917 4382
1918 1919
1919 1932
1920 3376
1920 1934
1920 2242
1921 1947
1921 1935
1922 3358
1922 3376
1923 3168
1923 4922
1923 3333
1923 2616
1924 3303
1924 4927
1925 4923
1926 1927
1927 4381
1930 4383
1930 4381
1932 1933
1934 1935
1934 1946
1935 4294
1937 4101
1937 4097
1938 3409
1938 2713
1938 2863
1939 1942
1940 4106
1940 2814
1941 2813
1941 2236
1943 1944
1943 1945
1943 1954
1944 3039
1946 1947
1946 3376
1948 2279
1948 2280
1948 3047
1949 2280
1949 2344
1950 2342
1950 2181
1950 2233
1951 2282
1952 2233
1952 2283
1953 3039
1953 3032
1956 1957
1957 1958
1957 1961
1959 1968
1959 1966
1959 1970
1960 1968
1961 1964
1961 1962
1961 1963
1964 1966
1964 1965
1966 1967
1968 1969
1971 1972
1971 4107
1972 1975
1973 3641
1973 2232
1974 4671
1975 3641
1975 3202
1976 3908
1976 2420
1976 3909
1977 2371
1978 1979
1979 2371
1980 3736
1980 3312
1980 1982
1981 1982
1981 3740
1981 3736
1982 3740
1983 3029
1983 1985
1983 4083
1985 3025
1986 4209
1986 1996
1987 1999
1987 1995
1988 1995
1988 2476
1989 1996
1990 4434
1990 4450
1991 3350
1992 1997
1993 1998
1993 4435
1994 4205
1994 2330
1994 2020
1995 1999
1996 4207
1998 4436
2000 2067
2000 3350
2002 2109
2002 2115
2002 2045
2003 2160
2003 2104
2003 2056
2004 2009
2004 2129
2004 2050
2005 2076
2005 2085
2005 2112
2006 4445
2007 2037
2007 2020
2007 2008
2008 2019
2008 2037
2009 2113
2009 2034
2010 2090
2010 2116
2010 2110
2010 2119
2011 2054
2011 2032
2011 2030
2012 2063
2012 2117
2012 2044
2013 2014
2013 4206
2013 2105
2014 2016
2014 2776
2015 2084
2015 2031
2015 2102
2016 2047
2016 2097
2017 2044
2017 2065
2018 2081
2018 2076
2018 2033
2018 2160
2019 2090
2019 2119
2020 2127
2021 2051
2021 2107
2021 2025
2022 2124
2022 2098
2022 2059
2023 4445
2023 2478
2023 2068
2024 2052
2024 2084
2024 2102
2024 2041
2025 2051
2025 2033
2026 2096
2026 2066
2027 4442
2027 4443
2028 2116
2028 2110
2028 2125
2029 2030
2029 2054
2030 2473
2031 2057
2031 2108
2032 2128
2033 2048
2034 2078
2034 2047
2035 2041
2035 2052
2035 2137
2036 2074
2036 2082
2036 4582
2037 2127
2037 2119
2038 4579
2038 3270
2038 2077
2039 2073
2039 2087
2039 2114
2040 2092
2040 2111
2040 2093
2041 2060
2042 2142
2042 2102
2042 2052
2043 2063
2043 2117
2043 3352
2044 2122
2044 2117
2045 2124
2045 2121
2046 2129
2046 2118
2046 2050
2047 2113
2048 2078
2048 2056
2049 4578
2049 2077
2049 2089
2050 2092
2051 2093
2053 4447
2053 4443
2053 2054
2055 4206
2055 2123
2055 2091
2056 2104
2056 2062
2057 2094
2057 2069
2058 2066
2058 4103
2058 2067
2058 2122
2059 2086
2059 2114
2060 2100
2060 2084
2061 2068
2061 2074
2062 2095
2062 2097
2063 3352
2064 2085
2064 2069
2064 2094
2064 2076
2065 2122
2065 2067
2066 2096
2067 2096
2068 2479
2069 2079
2070 2082
2070 2103
2070 2470
2070 2089
2071 2123
2071 2115
2071 2109
2072 2083
2072 2075
2072 2073
2073 2125
2075 2125
2075 2121
2075 2110
2076 2079
2077 4578
2078 2097
2079 2160
2080 2118
2080 2776
2080 2111
2081 2112
2081 2776
2082 4581
2083 2090
2083 2110
2084 2108
2085 2120
2086 2087
2086 2098
2087 2114
2088 4583
2088 2106
2088 3271
2089 2479
2091 2123
2091 2115
2092 2118
2093 2107
2094 2120
2094 2108
2095 2104
2095 2115
2098 2101
2099 4582
2099 4581
2100 2120
2100 2108
2101 2121
2101 2124
2103 4579
2103 2471
2105 2112
2105 2776
2106 2470
2107 2111
2109 2121
2113 2129
2116 2126
2119 2126
2126 2127
2130 2158
2130 2134
2131 2134
2131 2141
2131 2158
2131 2142
2132 2147
2132 2153
2132 2143
2133 2140
2133 2145
2133 2155
2134 2151
2135 2137
2135 2154
2135 2146
2136 2140
2136 2151
2136 2155
2136 2139
2137 2143
2138 2139
2138 2154
2138 2150
2139 2146
2140 2141
2141 2151
2142 2146
2143 2152
2144 2148
2144 2285
2145 2156
2145 2149
2147 2157
2147 2159
2148 2153
2149 2159
2149 2157
2150 2152
2150 2154
2152 2156
2155 2156
2156 2159
2161 2162
2163 4571
2166 2167
2166 2168
2169 3734
2170 4252
2171 2172
2171 2173
2174 2175
2174 3074
2175 3086
2176 4293
2176 2177
2177 2178
2179 2181
2180 3036
2180 2233
2180 2181
2181 2182
2183 2184
2183 4877
2184 4878
2187 2188
2188 2189
2189 2191
2189 2190
2190 2728
2190 2404
2191 2192
2191 2194
2192 2404
2192 2194
2193 2195
2193 2194
2193 3064
2193 2403
2195 4605
2196 2198
2196 2199
2197 4723
2197 2815
2197 4724
2197 4725
2198 2398
2198 4606
2199 2200
2199 2201
2200 4718
2201 2202
2202 2399
2203 2204
2205 2206
2205 2922
2206 4064
2207 4065
2207 4068
2207 3040
2210 2211
2210 2534
2211 2212
2211 2321
2212 2213
2212 2753
2213 2214
2214 2215
2214 2749
2216 3956
2216 4488
2217 2218
2219 4165
2219 2286
2220 2221
2220 3208
2220 3402
2221 3511
2221 2226
2222 2226
2222 2224
2223 2224
2223 3067
2223 2225
2224 3153
2225 3209
2225 2226
2227 3562
2227 3565
2228 3563
2229 4374
2230 2437
2230 2766
2230 3411
2231 2733
2231 2758
2232 3112
2232 3640
2234 2235
2234 3034
2236 2814
2240 2241
2242 2244
2242 2243
2243 2244
2246 2341
2246 2247
2246 2741
2247 3983
2248 2249
2248 4517
2248 4516
2249 2250
2252 2254
2253 4914
2253 4916
2253 4912
2254 4408
2254 4912
2255 4556
2255 2256
2255 3263
2258 2376
2258 2259
2259 2260
2259 2261
2260 2261
2260 2262
2261 2263
2262 2263
2263 2264
2264 2368
2265 2587
2265 4770
2265 4773
2266 4779
2266 4775
2266 4781
2267 2812
2267 2810
2270 3457
2271 3133
2271 2272
2272 2537
2272 3070
2273 2818
2273 2274
2273 2819
2275 4891
2276 4891
2276 3046
2276 4889
2276 4272
2277 2278
2278 4099
2278 2279
2279 3045
2280 2344
2282 2342
2282 2283
2283 2284
2285 4198
2286 2966
2286 4165
2287 2963
2287 2966
2287 2964
2288 2939
2289 2290
2291 4050
2291 2292
2292 2293
2292 2296
2293 4062
2294 2295
2294 2296
2295 3047
2297 2439
2298 2439
2299 2300
2301 4404
2301 2333
2302 3156
2303 2304
2304 2305
2304 4793
2307 2313
2307 4819
2307 2318
2308 2318
2309 2310
2310 2311
2312 4819
2312 2314
2313 2314
2313 2317
2314 2315
2316 2319
2316 2321
2316 2317
2317 2318
2319 2500
2319 2320
2321 2530
2324 2325
2326 4839
2327 3052
2328 3530
2329 2775
2329 3516
2329 4256
2330 2490
2331 4400
2332 4405
2332 4401
2334 4075
2335 2336
2335 3130
2336 4352
2337 2339
2337 2732
2338 3067
2338 3048
2339 2732
2340 2557
2340 2427
2340 2435
2341 3975
2341 2557
2342 4041
2343 3525
2343 2757
2343 3513
2345 4097
2346 4078
2347 2351
2347 2352
2347 2983
2348 2352
2348 3577
2348 3581
2349 2352
2349 2351
2349 3577
2350 2983
2350 2351
2353 3377
2354 3083
2354 3377
2355 2356
2355 2357
2356 2357
2358 2359
2359 3767
2359 2360
2361 4358
2361 4360
2362 2761
2362 4686
2363 4677
2363 2761
2364 2365
2364 2367
2364 4462
2365 2366
2365 2744
2366 2367
2366 2368
2367 2368
2369 2387
2370 2387
2372 2373
2373 2374
2374 2724
2376 2380
2376 2381
2377 2384
2377 2378
2378 2518
2378 2381
2379 2380
2379 2518
2379 2517
2381 2382
2383 2384
2384 2517
2388 2389
2388 4667
2389 4666
2390 2391
2391 4871
2393 4476
2393 4469
2396 4690
2396 4691
2397 2398
2398 2815
2400 4608
2400 2401
2401 2728
2401 2402
2403 2404
2405 2406
2405 2928
2407 4266
2408 4266
2408 4829
2409 4792
2409 2411
2409 2410
2411 2412
2413 2582
2413 4804
2413 2576
2414 4483
2414 2433
2414 2415
2415 2416
2415 4484
2416 2433
2416 2417
2417 4484
2418 2419
2418 3883
2419 3062
2419 3619
2420 3054
2420 3862
2421 3856
2422 3581
2422 3063
2422 3614
2423 2855
2423 4620
2423 4619
2424 2853
2424 2855
2425 2426
2427 4237
2427 2428
2428 4415
2428 4427
2429 2430
2429 2555
2429 4517
2429 4237
2430 2431
2430 2433
2431 4427
2432 4514
2432 2555
2434 4428
2434 2435
2434 3368
2435 4226
2436 3412
2436 2437
2436 3435
2437 2727
2438 3044
2439 3044
2440 2441
2440 4802
2441 4268
2442 2443
2444 3644
2445 4170
2445 2449
2445 4329
2446 4185
2446 4188
2446 4189
2447 2597
2447 4189
2448 4188
2449 4171
2450 2451
2451 4172
2451 2452
2452 4173
2452 4174
2453 2598
2453 4187
2453 4179
2454 4175
2454 4174
2454 4173
2455 4322
2455 4369
2456 2507
2456 3128
2456 4864
2458 3359
2458 3314
2458 2788
2460 4813
2461 4452
2461 4453
2462 3265
2462 3264
2462 4454
2463 2464
2464 4456
2464 4455
2465 2468
2465 2925
2465 3272
2465 3298
2466 3920
2466 4297
2466 3175
2466 3180
2466 3276
2467 3277
2468 3180
2468 3274
2468 3277
2469 3273
2469 3278
2469 3279
2470 2471
2472 2474
2472 4436
2473 2474
2475 4450
2475 4433
2476 2477
2476 4509
2478 4447
2478 2480
2479 2480
2480 2481
2482 2483
2484 2485
2485 2486
2487 2489
2488 2489
2491 4679
2492 3353
2492 2785
2493 3309
2494 2788
2494 2786
2495 3318
2495 2785
2496 2497
2498 2499
2500 2501
2501 4432
2501 2503
2502 2503
2503 2504
2505 2506
2505 4866
2506 4600
2506 2790
2508 2508
2509 2510
2510 2511
2512 2513
2513 2514
2513 2515
2516 4743
2517 2518
2519 3913
2519 4885
2519 3912
2520 2524
2520 2996
2520 2523
2521 2525
2521 2996
2521 2997
2522 2523
2524 3114
2524 2525
2526 3765
2527 4076
2527 4075
2527 4073
2528 3082
2528 4215
2528 3777
2529 3465
2529 4379
2530 2531
2530 2534
2531 4821
2531 2532
2532 2533
2532 4832
2533 2534
2535 2537
2535 2540
2535 2538
2536 2538
2536 2540
2536 2537
2538 2538
2539 2540
2541 3349
2542 3349
2543 2544
2545 3061
2545 3616
2545 3622
2546 4502
2546 2551
2546 4497
2547 2548
2547 2553
2547 4498
2548 4499
2548 2550
2549 2554
2549 2551
2549 4502
2550 2551
2550 4497
2552 2553
2552 2554
2552 4501
2553 4500
2554 4503
2555 2556
2556 4237
2556 2557
2558 2560
2558 2561
2559 2560
2560 2561
2562 4693
2563 2850
2564 3356
2565 3356
2565 3355
2565 2689
2565 3354
2566 3359
2566 2690
2566 2572
2566 3355
2567 2568
2567 3132
2567 3154
2568 2569
2570 4034
2570 2571
2572 3354
2572 3314
2573 3161
2574 3161
2574 3167
2575 4273
2576 2582
2577 2578
2577 2579
2577 2582
2579 2581
2579 2580
2583 2584
2585 2586
2586 2588
2586 2587
2589 4520
2590 4519
2590 4520
2590 4535
2591 4521
2592 3403
2592 2593
2597 4190
2598 4180
2598 4190
2599 4191
2599 4181
2600 3437
2600 3432
2602 4275
2603 2604
2605 2616
2605 2607
2605 2608
2606 2608
2606 3162
2606 2609
2607 2609
2608 2609
2610 2612
2610 2615
2610 2614
2611 2614
2611 3165
2611 2613
2612 2613
2612 4923
2613 2614
2615 3333
2615 3168
2616 2617
2617 3168
2617 3163
2618 4038
2618 4034
2619 4820
2619 4038
2619 2620
2620 2621
2620 4818
2622 4370
2622 2625
2623 2634
2623 3304
2623 2624
2624 2625
2624 2628
2625 2627
2626 2633
2626 2631
2627 2629
2627 2628
2628 2630
2629 2631
2629 2630
2630 2632
2631 2632
2632 2633
2633 2634
2635 4829
2635 4267
2636 2689
2636 3336
2636 3311
2637 2638
2637 4388
2639 3606
2639 2643
2639 2650
2640 3083
2640 2659
2640 2682
2641 2685
2641 2642
2641 3083
2643 2661
2643 2677
2644 2648
2644 2682
2644 2664
2645 3085
2645 4857
2646 2651
2646 2665
2646 2677
2647 2649
2647 2680
2647 2654
2648 2655
2648 2668
2649 2650
2649 2679
2650 2678
2651 2676
2651 2678
2652 2654
2652 2673
2653 4857
2653 2658
2653 2660
2654 2656
2655 2658
2655 2669
2656 2674
2656 2680
2656 2657
2657 2673
2657 2674
2657 2671
2658 2672
2659 2661
2659 2683
2660 2662
2660 2672
2661 2681
2662 2673
2662 2671
2663 2666
2663 2668
2663 2664
2664 2683
2664 2665
2665 2666
2665 2681
2666 2676
2666 2667
2667 2668
2667 2675
2667 2670
2668 2669
2669 2670
2669 2672
2670 2674
2670 2671
2671 2672
2673 4856
2674 2675
2675 2676
2675 2680
2676 2679
2677 2678
2678 2679
2679 2680
2681 2683
2682 2683
2684 2687
2684 3377
2685 3605
2685 3083
2686 2687
2686 3923
2689 3310
2690 3310
2691 4760
2691 4757
2692 2763
2692 4757
2692 3199
2693 4634
2693 4759
2694 2695
2697 2698
2700 2720
2701 2702
2702 4125
2702 2705
2703 4129
2704 2706
2705 2706
2705 4128
2706 2707
2707 4129
2707 4128
2708 2712
2709 2710
2709 3537
2710 2712
2710 2711
2711 2712
2711 4133
2711 4132
2713 3444
2713 3422
2714 3405
2714 2716
2715 2718
2716 2718
2716 2717
2718 2719
2720 2721
2721 2723
2721 4114
2722 2723
2722 3150
2723 3848
2724 4694
2725 2726
2727 4096
2727 2767
2728 2928
2729 2730
2729 2896
2729 4629
2730 4863
2731 2807
2731 4368
2733 2735
2733 2758
2734 3206
2734 4931
2734 2736
2735 4931
2736 3204
2737 2773
2737 2739
2737 4238
2738 4515
2739 2741
2739 2742
2740 2742
2741 2742
2742 2773
2743 2772
2744 4462
2744 2746
2745 2746
2746 4465
2747 3513
2747 2774
2747 3515
2748 2750
2749 4002
2749 3998
2750 2751
2750 2752
2752 4000
2753 4001
2754 3532
2754 3534
2754 3535
2754 3914
2755 2994
2755 2993
2755 3518
2755 2757
2756 3518
2757 2774
2757 3517
2758 2760
2759 2760
2759 3206
2762 3200
2762 4345
2762 2763
2763 3201
2763 4757
2764 2765
2766 2767
2767 3772
2768 2877
2768 2882
2768 2769
2770 4919
2772 2980
2772 2773
2773 4515
2774 3515
2775 3530
2775 3842
2775 3532
2777 2778
2778 2779
2778 2783
2778 3165
2779 2781
2779 3166
2780 2783
2781 2784
2781 2783
2781 3332
2782 2784
2782 3403
2783 2784
2785 2786
2785 3307
2786 3306
2787 3308
2787 3306
2788 3308
2789 4280
2789 4279
2791 2792
2791 3669
2791 3674
2792 2989
2792 3667
2793 4920
2793 2803
2793 4925
2794 2796
2794 4574
2794 2797
2795 2796
2795 2797
2795 2801
2795 2802
2796 2800
2797 2802
2798 2802
2798 4584
2798 2986
2799 2800
2799 2990
2800 4573
2801 2990
2801 2802
2801 4093
2803 2804
2803 4928
2804 4929
2805 4587
2805 2909
2805 3678
2806 3302
2807 3321
2807 4368
2808 2809
2810 2812
2810 4770
2810 2811
2812 4883
2813 2814
2818 3474
2819 4499
2820 2847
2821 2847
2822 2824
2822 2837
2823 2824
2824 2827
2824 2825
2825 2828
2826 2827
2827 2828
2828 2833
2829 2831
2829 2830
2831 2833
2831 2832
2833 2834
2835 2836
2838 2840
2838 2839
2839 2841
2840 2842
2840 2841
2841 2843
2842 2844
2842 2843
2843 2845
2844 2845
2846 2847
2850 2851
2852 4618
2853 4625
2853 4618
2854 2855
2855 4618
2857 2858
2857 4347
2858 2859
2858 4348
2860 3279
2860 2861
2861 2862
2861 3273
2862 3179
2862 3178
2865 3928
2865 2866
2866 2867
2866 3931
2867 3934
2869 4064
2870 2888
2870 2887
2870 2871
2872 2873
2874 2875
2876 2878
2876 2880
2876 2879
2877 2878
2878 2881
2879 4841
2879 2880
2880 2881
2881 4541
2881 2882
2883 2884
2883 2885
2884 2888
2885 2886
2885 2890
2887 2888
2887 2891
2889 2890
2890 2891
2891 2892
2892 2893
2893 2895
2894 2895
2897 4863
2898 2899
2899 2900
2899 2904
2899 3501
2900 2907
2900 2901
2900 2905
2901 2906
2901 3924
2902 3501
2902 3839
2902 2903
2903 3840
2903 3493
2908 3262
2908 3467
2908 3196
2909 3467
2910 2915
2910 2912
2910 2916
2911 2920
2911 2931
2911 2917
2912 2915
2912 2917
2912 3590
2913 2919
2913 2918
2913 2914
2914 2920
2914 2917
2915 2918
2916 2918
2916 2919
2919 2920
2920 3421
2921 4926
2922 2923
2923 2924
2924 3817
2925 4288
2925 3298
2925 4290
2926 2927
2926 3287
2927 3192
2927 3189
2929 3770
2929 4096
2930 3421
2930 3434
2930 2931
2931 3421
2931 3435
2932 2935
2932 2933
2932 2934
2936 4546
2936 4550
2936 4551
2937 4551
2937 4572
2938 2940
2938 2939
2939 2941
2940 2942
2940 2941
2941 2943
2942 2944
2942 2943
2943 2945
2944 2946
2944 2945
2945 2947
2946 2948
2946 2947
2947 2949
2948 2950
2948 2949
2949 2951
2950 2952
2950 2951
2951 2953
2952 2954
2952 2953
2953 4234
2954 2956
2954 2955
2955 4234
2955 2957
2956 2958
2956 2957
2957 4232
2958 2960
2958 2959
2959 4232
2959 2961
2960 2962
2960 2961
2961 2963
2962 2964
2962 2963
2963 4235
2965 2966
2967 2972
2967 2979
2967 2969
2968 2972
2969 2970
2969 2973
2970 2971
2970 2972
2973 2974
2974 2976
2974 2975
2975 2976
2975 2977
2976 2978
2977 2978
2977 4230
2978 2979
2979 4230
2980 2982
2980 2981
2981 2982
2981 4515
2984 2985
2986 3676
2986 3677
2986 2988
2987 3174
2987 3673
2988 4920
2988 2989
2989 4093
2991 4927
2991 4094
2992 2993
2992 3518
2993 3514
2994 3519
2995 4391
2995 4845
2996 3761
2997 2998
2999 3021
3000 3004
3001 3005
3001 3002
3001 3937
3002 3004
3002 3005
3003 3004
3005 3006
3006 3937
3006 3936
3007 3008
3008 3937
3009 3023
3010 3012
3011 3012
3012 3022
3012 3023
3013 3022
3014 3015
3015 3017
3015 3022
3016 3017
3017 3019
3018 3019
3019 3021
3020 3021
3024 4089
3024 3026
3025 3026
3026 4081
3027 4080
3027 3028
3027 3030
3028 4084
3028 3029
3029 3030
3030 4081
3031 4538
3031 3033
3031 3972
3033 3958
3034 3035
3034 4540
3036 3037
3036 3131
3037 3038
3037 3131
3038 3039
3038 3131
3040 3041
3042 3043
3042 3044
3043 4277
3046 4889
3049 3050
3049 4732
3051 4106
3052 3053
3054 3857
3054 3907
3054 3859
3055 3861
3055 3056
3055 3058
3055 3057
3057 3860
3057 3059
3057 3628
3058 3856
3058 3871
3059 3866
3059 3867
3060 3871
3060 3870
3060 3061
3061 3624
3062 3632
3062 4895
3063 3617
3063 3622
3064 4603
3066 3067
3068 3069
3069 3153
3071 3660
3071 3654
3072 3659
3073 3659
3075 3076
3077 3079
3078 3087
3079 3081
3080 3086
3080 3081
3081 3087
3082 4076
3084 3085
3084 4391
3085 4854
3086 3087
3088 3090
3089 3092
3089 3090
3089 3094
3090 3092
3091 3092
3093 3103
3093 3094
3094 3102
3095 3097
3096 3097
3097 3101
3098 3099
3099 3101
3099 3100
3101 3102
3102 3103
3103 3105
3104 3105
3105 3110
3106 3107
3106 3109
3106 3108
3107 4838
3107 3108
3108 3111
3109 3110
3109 4838
3112 3906
3112 3901
3115 3875
3116 3875
3116 3129
3116 3876
3118 4845
3118 3122
3118 3125
3119 3120
3119 3123
3119 3126
3120 4853
3120 3121
3121 3124
3122 3123
3123 3126
3124 3127
3124 3125
3125 3127
3128 3396
3128 3383
3130 3476
3132 3155
3133 3135
3133 3134
3134 3137
3134 3135
3136 3137
3136 3140
3136 3139
3137 3138
3141 4365
3145 4506
3145 4505
3146 3405
3146 3149
3146 3150
3147 3150
3147 3148
3148 3149
3149 4131
3151 4410
3152 3153
3152 3815
3154 3156
3155 3156
3155 4861
3157 3158
3157 4537
3158 3954
3158 3983
3159 3160
3159 3166
3159 3167
3159 3164
3160 3163
3160 4366
3161 4366
3162 3163
3162 4366
3163 3164
3164 3168
3164 3165
3165 3166
3167 3328
3169 3921
3170 3171
3170 3176
3170 3177
3171 3921
3171 3172
3171 3920
3172 3173
3172 3174
3173 3664
3173 3177
3173 3666
3173 3174
3175 3176
3178 4296
3178 4297
3179 3276
3179 3181
3180 3275
3180 3918
3181 3275
3181 3182
3182 3273
3182 3274
3183 4283
3184 4283
3184 3185
3185 3186
3186 3193
3186 3195
3186 3187
3187 3188
3187 3194
3188 3189
3188 3194
3189 3190
3189 3193
3190 3294
3190 3191
3191 3282
3191 3192
3192 3282
3192 3284
3193 4292
3194 3195
3197 3842
3198 3825
3199 3203
3199 3201
3200 3201
3200 4345
3202 3900
3202 3908
3202 4107
3203 3477
3204 4281
3204 3205
3205 3207
3205 3206
3207 4279
3208 3852
3208 3215
3209 3215
3210 3211
3211 4091
3212 3848
3213 3214
3215 3851
3216 3217
3216 3219
3217 3218
3217 3220
3219 3225
3219 3220
3220 3226
3220 3221
3221 3227
3222 3225
3222 3223
3223 3226
3223 3224
3224 3227
3225 3226
3226 3227
3228 4016
3228 4015
3230 3231
3230 3374
3230 3373
3231 3233
3231 3256
3232 3244
3232 3234
3232 3253
3233 3245
3233 3243
3234 3239
3234 3237
3235 3243
3235 3252
3235 3238
3236 3238
3236 3237
3236 3251
3236 3244
3237 3246
3238 3249
3239 3240
3239 3245
3240 3241
3240 3246
3241 3242
3241 3248
3241 3245
3242 3243
3242 3249
3244 3252
3246 3247
3247 3248
3247 3251
3248 3250
3249 3250
3250 3251
3252 3257
3252 3255
3253 3255
3253 3371
3254 3371
3254 3255
3254 3258
3256 3257
3256 3258
3257 3258
3259 3305
3259 3759
3260 3760
3261 4373
3261 3372
3263 4552
3264 4451
3265 3266
3266 3267
3266 4454
3268 3466
3269 4732
3269 4735
3272 3273
3274 3275
3275 3276
3277 3918
3278 3279
3278 3280
3281 3282
3285 3286
3286 3287
3286 3288
3289 3290
3289 3291
3291 3292
3293 3294
3296 3297
3299 3357
3300 3301
3301 3302
3303 4922
3305 3756
3306 3307
3306 3308
3307 3353
3309 3739
3310 3355
3310 3311
3311 4923
3312 3315
3312 3741
3313 3314
3313 4924
3315 3742
3318 3320
3318 3319
3318 3324
3321 4921
3321 4926
3322 3323
3323 3324
3324 3420
3325 3326
3326 3420
3328 3331
3328 3332
3329 3331
3329 3330
3331 3332
3333 3335
3334 3335
3335 4930
3335 4922
3337 4849
3338 4849
3339 3340
3340 3341
3340 3342
3342 3343
3342 4851
3346 3347
3349 3350
3353 3756
3353 3750
3354 3355
3354 4924
3356 3357
3357 4924
3358 3359
3360 4094
3362 3363
3363 3366
3364 3366
3365 4847
3366 4847
3367 3368
3368 4250
3369 3372
3370 3371
3370 3372
3374 3375
3378 3381
3378 3383
3379 3380
3379 3382
3379 3384
3380 3381
3381 3382
3382 3383
3385 3387
3386 3387
3387 3388
3389 3393
3389 3391
3389 3395
3391 3392
3393 3394
3396 3397
3399 4683
3399 3400
3399 4688
3400 4681
3401 3815
3401 3804
3403 3404
3405 3406
3406 3407
3406 3408
3409 3434
3410 4378
3410 3565
3410 3412
3413 3584
3413 3415
3413 3416
3414 3416
3414 3415
3416 3419
3417 3418
3418 3419
3423 3444
3424 3428
3425 3427
3425 3426
3426 3431
3429 3430
3436 3437
3438 3439
3439 3441
3440 3441
3441 3443
3442 3443
3445 3450
3446 3449
3446 3455
3447 3449
3447 3454
3447 3451
3448 3455
3448 3449
3448 3452
3449 3453
3450 3453
3450 3452
3450 3451
3451 3453
3452 3453
3456 3459
3457 3567
3458 3460
3459 3568
3459 3460
3460 3461
3462 3463
3464 3777
3464 3465
3465 3777
3469 3472
3469 4639
3469 3471
3470 3471
3470 3472
3470 4883
3473 4883
3475 3826
3476 3477
3476 3498
3477 3491
3477 3498
3478 3494
3478 3495
3478 3822
3479 3503
3479 3841
3479 3494
3483 3484
3485 3827
3486 3827
3486 3505
3486 3841
3486 3824
3487 3489
3487 3488
3487 3825
3488 3489
3488 3506
3489 3822
3490 3502
3490 3503
3491 3492
3492 3495
3492 3497
3493 3839
3493 3509
3494 3823
3495 3496
3498 3832
3498 3833
3499 3509
3499 3502
3499 3831
3500 3501
3502 3835
3502 3503
3503 3840
3504 3823
3507 3508
3508 3509
3508 3837
3514 3517
3515 3517
3516 3842
3519 3521
3519 3520
3521 3523
3521 3522
3523 3525
3523 3526
3524 3527
3524 3531
3525 3527
3526 3531
3526 3527
3528 3531
3529 3843
3530 3843
3530 3842
3532 3914
3533 3914
3533 4256
3534 3914
3535 3554
3536 3913
3537 3540
3537 3538
3538 3539
3541 3545
3541 3549
3541 3543
3542 3548
3544 3547
3544 3546
3544 3548
3545 3547
3547 3548
3549 3553
3550 3553
3551 3553
3552 3553
3552 3555
3552 3554
3552 3561
3555 3558
3555 3560
3556 3557
3556 3558
3556 3843
3558 3559
3562 3563
3562 3564
3563 3565
3563 3566
3567 3568
3568 3569
3569 3569
3570 3573
3571 3888
3571 3572
3572 3573
3573 3574
3575 3888
3576 3580
3577 3579
3578 3579
3579 3580
3583 3584
3583 3587
3583 3585
3586 3587
3587 3588
3589 3590
3590 3591
3593 3594
3594 4394
3595 3596
3596 3600
3597 3598
3598 3600
3598 4076
3599 3600
3601 3602
3602 3604
3602 3603
3602 3608
3603 4070
3603 4076
3603 3609
3604 4072
3604 3607
3605 3606
3605 3608
3606 3607
3607 3608
3610 3611
3612 4397
3613 3856
3613 3857
3613 3902
3614 3615
3617 3618
3617 3619
3619 3620
3621 3622
3623 3624
3624 3631
3625 3626
3626 3631
3626 4897
3627 3628
3628 3629
3629 3630
3629 3631
3632 4897
3632 4898
3633 3639
3634 3637
3635 3636
3636 3637
3636 4894
3637 4895
3638 3868
3639 4898
3639 4892
3640 3641
3640 3901
3642 4281
3643 3644
3643 3646
3644 3645
3644 3647
3645 3647
3646 3647
3647 3648
3648 3649
3650 3651
3652 4405
3652 4401
3653 3654
3654 3661
3657 3659
3657 3658
3657 3661
3658 3660
3658 3661
3659 3660
3662 3668
3663 3667
3663 3673
3663 3672
3664 3670
3664 3671
3665 3666
3665 3685
3665 3668
3666 3671
3667 3672
3668 3669
3669 3672
3670 3673
3670 3671
3674 3685
3674 4092
3675 3685
3676 4928
3676 4920
3678 4588
3678 3722
3679 3680
3679 4586
3679 4584
3681 3682
3682 3684
3682 4589
3682 4588
3683 4588
3684 4590
3684 3731
3686 3722
3687 3690
3687 3701
3687 3696
3689 3691
3689 3690
3689 4743
3690 3723
3691 3873
3691 3695
3692 3694
3693 3694
3694 3695
3695 3708
3695 3700
3697 3700
3698 3699
3699 3712
3699 3711
3700 3710
3700 3705
3701 3708
3701 3718
3701 3704
3702 3710
3702 3706
3702 3714
3703 3721
3703 3717
3703 3719
3703 3718
3704 3721
3704 3707
3704 3717
3705 3721
3705 3709
3705 3707
3706 3721
3706 3719
3706 3709
3707 3708
3709 3710
3712 3714
3712 3713
3714 3715
3716 3722
3717 3718
3719 3720
3723 3724
3725 3731
3725 3726
3725 3729
3726 3733
3726 3727
3728 3733
3729 4586
3729 3730
3732 3733
3735 3737
3736 3737
3737 3738
3738 3740
3738 3743
3738 3739
3739 3753
3744 3755
3744 3754
3745 3747
3745 3753
3745 3755
3746 3758
3747 3758
3747 3752
3748 3757
3748 3758
3748 3749
3749 3757
3749 3756
3750 3752
3750 3751
3752 3757
3753 3755
3762 3764
3764 3765
3764 3766
3765 3766
3767 3927
3770 3771
3773 3774
3775 3776
3778 3779
3779 3783
3781 3784
3782 3784
3783 3784
3785 3803
3786 3808
3786 3790
3786 3798
3787 3788
3787 3811
3788 3795
3788 3794
3789 3796
3789 3799
3789 3803
3791 3814
3791 3794
3791 3804
3792 3800
3792 3814
3792 3801
3793 3813
3793 3800
3793 3802
3793 3806
3794 3813
3795 3806
3795 3813
3796 3801
3796 3812
3797 3802
3797 3807
3797 3798
3798 3799
3799 3812
3800 3812
3801 3805
3801 3814
3802 3812
3803 3805
3804 3810
3804 3805
3806 3807
3807 3808
3808 3809
3810 3811
3813 3814
3815 3816
3817 3818
3817 3821
3818 4273
3818 3819
3819 3821
3820 3821
3822 3823
3824 3829
3824 3825
3825 3826
3826 3828
3827 3829
3827 3841
3828 3829
3830 3837
3831 3835
3831 3837
3831 3833
3832 3835
3832 3833
3833 3838
3834 3838
3836 3838
3837 3838
3839 3840
3844 3846
3844 3845
3846 3847
3848 4114
3849 3850
3852 3853
3854 3855
3857 3858
3862 3866
3862 3863
3864 3867
3865 3866
3867 3868
3868 4894
3868 4905
3869 3871
3872 3874
3872 4843
3872 3873
3873 3874
3874 4741
3877 3878
3878 3880
3878 3879
3879 3884
3880 3882
3881 3882
3883 3886
3885 3894
3885 3886
3887 3888
3889 3890
3889 3892
3889 3891
3892 3893
3892 3894
3894 3905
3895 3911
3896 3897
3896 3924
3896 3898
3896 3911
3897 3912
3897 3913
3898 3899
3898 3924
3899 3905
3899 3910
3900 3901
3900 3907
3902 3906
3902 3907
3903 3904
3904 3905
3905 3909
3907 3908
3908 3910
3909 3910
3910 4107
3911 3912
3916 3918
3917 3919
3920 3921
3922 4392
3922 4390
3922 4845
3923 4845
3925 3926
3928 3929
3928 3930
3930 3933
3930 3931
3931 4494
3932 3933
3933 4494
3935 3936
3938 3939
3940 3952
3941 3943
3942 3944
3943 3946
3943 3953
3944 3948
3944 3953
3945 3946
3945 3953
3945 3948
3946 3948
3947 3953
3949 3952
3950 3951
3954 3955
3954 3956
3955 3982
3955 3985
3956 3986
3958 3971
3959 3968
3959 3970
3959 3969
3960 3967
3960 3966
3960 3969
3961 3962
3962 3964
3962 3965
3963 3964
3964 3966
3966 3967
3967 3968
3969 3970
3973 3974
3975 3976
3975 3978
3976 3977
3979 4511
3979 3981
3979 3980
3980 3981
3983 3984
3988 3993
3989 3990
3990 3996
3991 3996
3991 3992
3991 3993
3993 3994
3995 3996
3997 4003
3997 3999
3997 4002
3998 4000
3998 3999
3999 4005
4000 4005
4001 4002
4001 4003
4003 4007
4004 4007
4005 4007
4006 4009
4006 4008
4006 4007
4009 4010
4013 4014
4015 4019
4015 4022
4015 4021
4016 4022
4017 4022
4019 4020
4023 4025
4024 4028
4024 4025
4024 4026
4025 4026
4026 4028
4027 4028
4029 4030
4029 4036
4029 4032
4031 4036
4031 4817
4032 4033
4034 4035
4036 4037
4038 4817
4039 4250
4039 4827
4040 4041
4041 4044
4042 4043
4042 4044
4044 4045
4047 4048
4048 4049
4050 4051
4053 4059
4053 4057
4054 4060
4054 4055
4054 4059
4056 4057
4058 4060
4059 4060
4061 4063
4062 4063
4064 4065
4065 4066
4067 4068
4069 4070
4071 4072
4073 4074
4073 4075
4077 4079
4078 4084
4078 4079
4079 4080
4080 4084
4081 4083
4082 4083
4085 4086
4090 4091
4092 4093
4095 4096
4097 4098
4098 4099
4098 4101
4099 4100
4101 4102
4104 4105
4108 4812
4110 4112
4110 4113
4110 4115
4111 4113
4111 4124
4112 4113
4114 4115
4116 4120
4117 4118
4118 4121
4118 4119
4119 4120
4119 4123
4120 4121
4121 4122
4126 4128
4127 4129
4130 4131
4133 4134
4134 4135
4135 4137
4136 4137
4138 4141
4138 4139
4139 4144
4139 4150
4140 4143
4140 4144
4140 4142
4141 4143
4142 4149
4142 4144
4143 4149
4145 4146
4145 4154
4145 4152
4147 4148
4148 4162
4148 4149
4151 4154
4151 4152
4153 4154
4155 4156
4157 4158
4159 4160
4161 4162
4163 4236
4163 4164
4164 4235
4166 4167
4166 4168
4168 4169
4170 4176
4170 4171
4170 4194
4171 4177
4171 4172
4172 4178
4172 4173
4173 4174
4174 4182
4175 4179
4175 4178
4175 4183
4176 4185
4176 4177
4176 4193
4177 4186
4177 4178
4178 4187
4179 4187
4179 4184
4180 4191
4180 4184
4181 4182
4181 4195
4182 4183
4183 4184
4185 4186
4185 4193
4186 4188
4186 4187
4189 4190
4192 4327
4192 4194
4192 4196
4193 4194
4196 4324
4197 4327
4200 4201
4200 4202
4200 4205
4201 4204
4202 4203
4202 4206
4207 4208
4207 4209
4211 4212
4212 4217
4212 4216
4213 4214
4214 4218
4215 4379
4217 4218
4224 4407
4225 4231
4226 4231
4226 4230
4228 4229
4228 4231
4232 4233
4233 4236
4233 4234
4235 4236
4238 4243
4239 4247
4239 4240
4239 4245
4241 4246
4242 4245
4242 4246
4243 4247
4244 4245
4245 4246
4246 4247
4248 4249
4253 4254
4256 4257
4257 4260
4258 4260
4259 4260
4262 4263
4264 4265
4264 4267
4268 4799
4268 4800
4269 4270
4272 4889
4279 4280
4284 4285
4284 4291
4284 4286
4286 4287
4286 4292
4288 4289
4291 4292
4293 4294
4294 4295
4296 4297
4298 4299
4300 4301
4302 4303
4303 4312
4303 4321
4304 4312
4305 4313
4306 4577
4306 4313
4306 4308
4307 4314
4307 4317
4307 4309
4308 4314
4308 4310
4309 4315
4309 4318
4309 4316
4310 4315
4310 4556
4311 4315
4312 4313
4312 4577
4313 4314
4314 4315
4319 4321
4320 4321
4322 4323
4325 4329
4326 4328
4327 4328
4328 4329
4330 4332
4335 4336
4335 4337
4338 4339
4340 4341
4341 4343
4341 4342
4343 4344
4345 4757
4346 4359
4346 4360
4347 4349
4350 4353
4351 4354
4352 4353
4352 4356
4353 4354
4354 4355
4355 4356
4355 4357
4359 4360
4361 4362
4363 4364
4367 4368
4370 4661
4371 4372
4374 4375
4376 4378
4377 4378
4381 4382
4383 4384
4385 4386
4386 4388
4387 4388
4390 4393
4390 4391
4391 4393
4392 4393
4394 4396
4394 4395
4395 4397
4395 4398
4396 4398
4397 4398
4399 4405
4402 4405
4402 4403
4402 4404
4408 4409
4412 4413
4414 4418
4415 4418
4415 4416
4417 4418
4419 4430
4419 4426
4420 4425
4421 4426
4422 4426
4423 4425
4424 4425
4425 4426
4428 4430
4428 4429
4430 4431
4434 4450
4438 4439
4444 4446
4445 4446
4446 4447
4448 4449
4448 4459
4451 4452
4451 4453
4452 4454
4455 4458
4456 4457
4459 4460
4461 4462
4463 4476
4463 4464
4466 4467
4467 4655
4468 4469
4468 4658
4470 4657
4470 4475
4471 4473
4472 4473
4473 4475
4474 4475
4476 4477
4478 4638
4481 4482
4483 4485
4486 4487
4486 4489
4487 4487
4488 4489
4489 4490
4492 4493
4497 4499
4498 4499
4498 4500
4500 4501
4501 4503
4502 4503
4504 4506
4505 4506
4507 4508
4511 4514
4511 4513
4512 4513
4513 4514
4516 4517
4518 4521
4518 4519
4520 4521
4522 4532
4523 4532
4524 4530
4525 4529
4526 4529
4527 4531
4528 4532
4529 4531
4530 4532
4530 4531
4531 4535
4533 4535
4534 4535
4538 4539
4542 4543
4544 4569
4544 4545
4546 4551
4547 4564
4548 4570
4549 4550
4551 4564
4552 4564
4552 4553
4553 4563
4553 4559
4554 4563
4555 4562
4556 4557
4558 4562
4560 4561
4562 4563
4565 4570
4565 4567
4566 4567
4567 4568
4568 4569
4568 4570
4571 4575
4572 4575
4575 4576
4578 4579
4580 4581
4582 4583
4584 4585
4589 4590
4591 4592
4593 4594
4593 4597
4593 4595
4594 4595
4595 4596
4601 4602
4603 4605
4609 4611
4609 4610
4610 4612
4611 4614
4611 4616
4612 4614
4612 4613
4613 4615
4613 4614
4621 4623
4621 4627
4622 4624
4623 4624
4625 4626
4626 4627
4627 4628
4629 4631
4630 4631
4631 4632
4634 4636
4634 4635
4637 4653
4638 4653
4639 4650
4640 4650
4640 4652
4641 4642
4644 4645
4647 4648
4648 4698
4649 4656
4649 4651
4650 4651
4651 4652
4653 4654
4653 4656
4657 4658
4657 4659
4659 4700
4660 4661
4661 4662
4663 4664
4663 4880
4668 4669
4668 4876
4669 4877
4670 4671
4672 4673
4674 4675
4675 4677
4675 4676
4677 4678
4680 4681
4680 4682
4681 4684
4682 4686
4682 4684
4683 4685
4683 4687
4684 4687
4686 4687
4689 4690
4691 4692
4693 4695
4694 4695
4696 4697
4699 4700
4701 4706
4702 4709
4702 4705
4703 4705
4704 4705
4705 4706
4706 4707
4707 4708
4707 4711
4708 4711
4708 4709
4710 4711
4713 4716
4714 4716
4715 4716
4719 4722
4720 4722
4721 4722
4726 4727
4727 4728
4730 4731
4732 4733
4733 4735
4733 4734
4734 4735
4737 4738
4739 4768
4740 4768
4741 4742
4744 4754
4744 4745
4745 4748
4745 4747
4745 4746
4750 4751
4751 4752
4753 4755
4754 4755
4755 4756
4758 4759
4760 4761
4762 4763
4764 4765
4766 4767
4768 4769
4770 4864
4771 4782
4772 4775
4772 4773
4772 4782
4773 4774
4773 4782
4775 4783
4776 4783
4777 4783
4778 4779
4779 4780
4784 4787
4785 4788
4786 4787
4787 4788
4788 4789
4790 4791
4794 4801
4794 4795
4794 4796
4795 4801
4797 4798
4798 4799
4803 4804
4803 4805
4806 4807
4807 4809
4808 4809
4815 4816
4817 4818
4818 4819
4821 4823
4822 4824
4823 4825
4823 4826
4824 4826
4824 4825
4825 4826
4827 4828
4830 4831
4833 4834
4835 4836
4836 4838
4837 4838
4839 4840
4841 4842
4846 4847
4848 4849
4850 4851
4851 4865
4853 4858
4854 4855
4855 4856
4855 4857
4860 4861
4862 4863
4866 4867
4868 4869
4873 4874
4873 4879
4874 4880
4875 4881
4876 4882
4876 4877
4877 4878
4878 4879
4879 4880
4880 4881
4881 4882
4883 4884
4885 4887
4886 4888
4887 4888
4890 4891
4892 4893
4892 4895
4893 4900
4893 4894
4896 4897
4897 4901
4898 4899
4899 4903
4899 4901
4900 4905
4900 4903
4901 4902
4903 4904
4905 4906
4907 4908
4909 4917
4909 4910
4910 4911
4912 4919
4913 4917
4914 4915
4914 4918
4917 4918
4918 4919
4921 4927
4923 4930
4925 4926
4928 4929
