0 6480
0 4086
0 6475
1 1871
1 932
1 3337
2 958
2 4242
2 3636
3 2207
3 3325
3 4
4 5557
4 5
5 6349
5 233
5 2208
6 2746
6 233
6 4104
7 3632
7 3633
7 8
8 779
8 230
9 554
9 767
9 2747
10 2611
10 6083
10 540
10 46
10 6086
11 40
11 2312
11 547
12 190
12 719
12 4110
13 4132
13 2388
13 3004
14 4131
14 378
14 377
15 371
15 2342
15 370
16 17
16 1698
16 1697
17 2375
17 3698
17 3699
18 4112
18 368
18 3698
19 3699
19 372
19 3520
20 3518
20 107
20 368
21 22
21 4016
21 379
21 403
22 5282
22 379
23 5278
23 2102
23 6431
24 5419
24 5415
24 4323
24 401
25 4322
25 3272
25 392
25 5478
26 108
26 396
26 391
27 5647
27 2423
27 3814
27 364
27 3518
28 2614
28 2393
28 2423
29 4478
29 412
29 2422
30 4120
30 2365
30 3524
31 1682
31 1023
31 2365
32 430
32 2483
32 421
33 1684
33 421
33 428
33 1045
34 422
34 424
34 427
35 4077
35 3658
35 4081
36 154
36 342
37 182
37 1308
37 1317
38 1268
38 1326
38 1319
39 4123
39 3961
39 1269
40 41
40 2611
41 2306
41 2611
42 474
42 766
42 6465
43 4700
43 766
43 6093
44 4710
44 45
44 4711
45 478
45 884
46 3315
46 47
47 3609
47 767
48 4083
48 395
48 3275
49 217
49 1691
49 6039
50 5240
50 3003
50 3000
51 2943
51 3324
51 3538
52 6343
52 6310
52 6345
53 1998
53 3538
53 54
54 5172
54 55
55 56
55 1998
56 745
56 57
57 746
57 1967
58 6369
58 6368
59 2277
59 2287
59 709
60 709
60 2277
60 4393
60 4279
61 4292
61 4291
62 4290
62 4296
62 468
63 4302
63 4301
63 2047
64 1240
64 1239
64 65
65 1244
65 6278
66 6208
66 6295
66 6207
67 306
67 68
67 2723
68 2723
68 69
69 328
69 1244
70 4541
70 4807
70 4524
71 72
71 5009
71 4549
72 5030
72 5031
73 1139
73 5023
73 5038
74 1139
74 5037
74 82
75 3595
75 81
75 82
76 3596
76 81
76 77
77 598
77 2585
78 3601
78 3599
78 598
78 79
79 5503
79 3650
80 3649
80 83
80 604
81 604
82 3595
83 3597
83 2496
84 1838
84 2496
84 1839
85 4994
85 2270
85 1104
85 86
86 87
86 4998
87 4997
87 4999
88 5005
88 2148
88 5006
89 1654
89 3962
89 2600
89 1776
90 2728
90 2730
90 2367
91 1835
91 3528
91 3530
92 2212
92 5916
92 5558
93 94
93 4364
93 6401
94 1868
94 95
95 3469
95 6393
96 1869
96 97
96 3473
97 98
97 2183
98 3380
98 3733
99 3738
99 2871
99 3734
100 101
100 2871
100 6380
101 2893
102 105
102 104
102 103
103 106
103 381
104 967
104 5285
105 5446
105 5285
106 3523
106 3817
107 372
107 364
108 3274
108 3046
108 3047
109 4289
109 3044
109 110
109 3268
110 111
110 113
111 2989
111 112
112 4288
112 113
113 3811
114 3511
114 5426
114 3261
115 1694
115 1698
115 1695
116 424
116 2786
116 2494
116 427
117 424
117 3101
117 5138
118 367
118 4348
118 4015
119 265
119 4171
119 4139
119 439
120 3567
120 3566
120 435
120 2431
121 4122
121 317
121 5058
122 5403
122 3492
122 3496
123 5912
123 124
124 5913
124 125
125 129
125 2295
126 2295
126 3177
126 127
127 3176
127 128
128 3176
128 2295
129 4843
129 5914
130 2881
130 2873
130 2294
131 6494
131 2294
131 2890
132 3921
132 6406
132 4580
133 803
133 4860
133 4861
134 3921
134 4861
134 819
135 863
135 4588
135 4587
136 818
136 2722
136 821
136 4952
137 138
137 4593
137 821
138 845
138 851
139 5240
139 5499
140 849
140 910
140 5499
141 4753
141 4276
141 4275
142 143
142 4854
142 4852
142 295
143 4009
143 4010
144 2010
144 2897
144 1916
144 2018
144 2025
145 2898
146 2899
147 2909
148 153
149 2899
150 2897
151 5504
152 2937
153 2937
153 2902
154 322
154 332
155 330
155 319
155 303
156 326
156 1311
156 1308
157 3574
157 3976
157 3975
158 159
158 963
158 3653
159 2775
159 4332
160 3605
160 3603
160 4956
161 2736
161 3605
161 4959
162 2147
162 3638
162 5068
163 164
163 706
163 2732
164 165
164 4962
165 4259
165 4570
165 4892
166 1802
166 1774
166 4258
167 4234
167 4232
167 1774
167 1775
168 3168
168 1829
168 5288
169 1795
169 170
169 1827
169 4062
170 1740
170 4346
171 172
171 5141
172 2325
173 3558
173 3657
173 4121
174 1201
174 178
174 1294
175 1192
175 4821
175 4409
176 4008
176 1193
176 4007
177 1189
177 5216
177 1193
178 179
178 1203
179 1202
179 6297
180 1273
180 1266
180 1296
181 1296
181 5491
181 6290
181 329
182 322
182 323
183 5889
183 5887
183 1539
183 4716
184 5889
184 3772
184 1547
184 4714
185 1545
185 3771
185 4715
186 1551
186 1536
186 1530
187 1515
187 5997
187 1508
188 4484
188 4372
188 4374
189 2599
189 536
189 522
190 541
190 553
191 1764
191 1011
191 2601
192 1765
192 1764
192 2197
193 1755
193 1757
193 1763
194 2875
194 2874
194 4085
195 2264
195 207
195 1673
196 3801
196 1854
196 1853
197 5632
197 5633
197 3152
198 979
198 5474
198 202
199 3120
199 3503
199 5941
200 5693
200 5788
200 5674
201 4761
201 5514
201 4760
202 979
202 1853
202 3801
203 5691
203 3803
203 5683
203 3804
204 3099
204 4762
204 4765
205 5692
205 5674
205 3803
205 5675
206 1858
206 5477
206 5475
206 1859
206 1860
207 5870
207 2264
207 6210
208 383
208 1701
208 4115
209 5524
209 5533
209 3122
210 1632
210 218
211 1632
211 214
211 3786
211 3784
212 3757
212 3130
212 4658
213 2514
213 219
213 4859
214 3791
214 5951
215 3792
215 3791
215 3794
216 3794
216 5233
216 224
217 4869
217 6326
217 3920
218 3784
218 3783
219 4897
219 4657
219 3757
220 3786
220 3793
220 4566
221 5956
221 228
221 2093
222 3798
222 1852
222 2093
223 3796
223 4601
223 4600
224 3793
224 5230
225 227
225 229
225 5545
226 5957
226 3798
226 1640
227 1634
227 4566
228 5953
228 5944
228 5948
228 4604
229 1637
229 4602
230 3626
231 4306
231 1243
231 4302
231 4307
232 5800
232 4298
232 4295
233 960
234 1685
235 826
235 4275
235 4274
235 4858
236 4633
236 3404
236 2580
237 2327
237 238
237 3153
238 2326
238 3404
239 4369
239 993
239 4370
240 2327
240 4369
241 3694
241 2357
241 1815
241 1835
242 1019
242 1780
242 1822
243 267
243 245
243 3909
244 259
244 5044
244 245
245 1302
246 6542
246 250
246 4210
246 4181
247 251
248 3306
248 255
248 263
249 5581
249 5802
249 4183
249 256
250 254
250 3539
251 4185
251 6565
252 3541
252 3543
252 257
253 3927
253 3909
253 6558
254 1400
254 3539
254 3929
255 4185
255 3383
255 3306
255 264
256 4184
256 264
257 3289
257 3540
258 3310
258 261
258 3303
260 274
260 263
260 6537
260 2315
261 277
261 2316
262 3078
262 4179
262 3553
263 3312
263 272
264 3306
265 439
265 3542
265 445
266 3910
266 270
266 6541
267 268
267 6538
268 5051
268 5746
269 2553
269 2561
269 2472
270 276
271 4173
271 4521
271 446
271 6545
271 440
272 274
272 3313
273 318
273 4917
273 298
274 3393
275 3563
275 2472
275 2477
275 3562
276 3302
277 3313
277 2316
278 1053
278 1055
278 3196
279 2339
279 1065
279 2351
279 1066
280 1743
280 3353
280 429
281 1047
281 292
281 2727
282 1044
282 1042
282 286
283 2491
283 6260
283 1049
284 6260
284 6256
284 2490
285 2073
285 2949
285 1035
286 1054
286 1049
287 1048
287 1042
287 3161
288 1745
288 289
288 2969
289 2949
289 6571
290 2338
290 1066
290 1054
291 4207
291 1033
291 1041
292 4060
292 1048
293 4630
293 2331
293 2581
293 3135
294 1074
294 4630
294 3162
295 305
295 319
296 301
296 326
296 1311
297 326
297 330
297 334
298 318
298 315
299 4010
299 311
299 2314
300 6217
300 306
300 6283
301 3977
301 310
302 3682
302 3678
302 3679
303 319
303 343
304 5195
304 336
304 3591
305 325
305 4854
306 1083
307 314
307 5195
307 5490
308 315
308 4012
308 4013
309 4007
309 2314
309 341
310 332
310 3978
311 4012
311 4009
312 3667
312 2470
312 3668
313 339
313 3666
313 3667
314 1242
314 1233
315 341
316 343
316 323
316 322
317 4073
317 4871
317 324
318 341
320 4299
320 344
320 1940
321 3682
321 2482
321 3764
323 325
324 4872
325 343
326 1311
327 6296
327 2723
327 1099
328 6278
328 6216
329 4213
329 1326
330 334
331 4917
331 4643
331 4653
332 334
333 338
333 5170
333 4642
335 3666
335 338
335 3667
336 3590
336 5199
337 1209
337 5631
337 4310
338 3666
339 1157
339 2823
339 3668
340 1120
340 1242
340 2762
342 4122
344 2059
344 5801
345 349
345 348
345 347
346 3980
346 350
346 5054
347 348
347 1306
347 1309
348 3981
349 1306
349 3976
350 5060
350 5053
351 5751
352 4491
353 356
353 1683
353 2164
354 2224
354 2227
354 2073
355 2584
355 1811
355 2366
356 1682
356 2177
357 4881
358 3475
358 3466
358 6402
358 3467
359 3480
359 5858
359 3481
360 2180
360 3477
360 3476
361 6468
362 376
362 373
362 4353
363 366
363 722
363 725
364 3814
364 3518
365 4522
365 373
365 369
366 5744
366 377
367 2200
367 4063
368 3519
369 376
369 4113
370 374
370 378
371 374
371 1698
372 375
373 4015
374 722
375 3520
375 3815
375 3816
376 4111
377 378
379 389
380 3275
380 399
380 396
381 3523
381 394
382 403
382 384
382 4064
383 2106
383 2099
383 1700
384 397
384 3509
385 3061
385 398
385 399
386 3512
386 400
386 389
387 391
387 3271
387 390
388 4066
388 390
388 398
389 403
390 4065
391 3270
392 401
392 4067
392 4066
393 397
393 4018
393 4116
394 967
394 3522
395 3060
395 3275
395 399
396 3274
397 2080
398 3276
400 4116
400 904
401 3762
402 1663
402 4115
402 2099
404 414
404 997
404 408
405 2348
405 2349
405 410
406 409
406 416
406 3515
407 413
407 4449
407 5878
408 410
408 2165
409 3516
409 2422
410 418
411 2173
411 3515
411 416
412 417
412 3446
413 3517
413 3516
414 4014
414 997
415 418
415 1746
415 4014
416 417
417 1815
418 4120
419 4118
419 3110
419 4119
420 3109
420 5591
420 4118
421 3105
421 425
422 3102
422 426
423 3105
423 425
423 426
424 3101
425 428
426 3103
427 4877
428 4875
429 4518
429 4517
430 6569
430 4021
431 3562
431 3561
431 433
432 3560
432 434
432 435
433 2462
433 436
434 437
434 3559
435 438
436 437
436 3554
437 3553
438 3566
438 3561
439 4175
439 442
440 446
440 444
441 5064
441 444
441 445
442 445
442 443
443 4175
443 446
444 5063
447 453
447 3186
447 1872
448 2038
448 458
448 1894
449 1891
449 454
449 450
450 454
450 2928
451 1912
451 458
451 1909
452 2035
452 457
452 2038
454 1911
454 455
455 1911
456 4293
456 4290
456 1974
456 4292
457 2023
457 2027
458 1905
459 2033
459 1912
459 1979
459 2026
460 466
460 1961
460 2056
461 2037
461 1978
461 1975
462 2053
462 2031
462 1937
463 6304
463 4316
463 6277
464 1938
464 467
464 2045
465 2057
467 470
467 469
468 4297
468 470
468 4298
469 1896
469 1910
470 1978
471 509
471 507
471 503
472 2145
472 476
472 489
473 512
473 4057
473 504
474 505
474 5117
475 479
475 505
476 2363
476 508
477 4692
477 4694
477 4697
477 498
478 6319
478 6096
479 493
480 493
480 491
480 497
481 4699
481 483
481 4711
481 4709
482 497
483 4706
483 4703
484 3451
484 3450
484 499
485 496
485 510
485 495
486 493
487 2306
487 6461
487 6462
488 505
489 2144
489 508
490 502
490 495
490 496
491 492
491 6445
492 504
492 4058
494 4695
494 886
494 4697
494 4693
495 512
496 502
497 499
498 4705
498 4703
499 886
500 507
501 510
501 6464
501 502
503 511
503 509
504 4058
506 507
506 4693
506 4692
508 6468
509 5116
510 6461
512 2313
513 516
514 518
515 518
516 518
516 4694
517 4695
519 537
519 2312
519 4496
520 550
520 527
520 532
521 555
521 556
521 524
522 535
522 541
523 729
523 5770
523 3250
524 550
524 549
525 527
525 537
525 528
525 544
526 543
526 4106
526 553
527 542
528 2428
528 556
528 550
529 2381
529 541
529 2380
530 4572
530 4106
530 4026
531 534
531 3114
531 555
531 4882
532 554
532 5451
533 534
533 6083
533 4881
534 545
534 556
535 538
535 548
535 536
536 2390
536 551
537 546
538 544
538 539
538 551
539 546
539 543
539 548
540 2429
540 4107
541 548
542 544
542 551
543 4573
544 546
545 2430
545 2429
546 4572
547 2428
547 4107
548 553
552 4272
552 5770
552 723
552 4053
554 555
556 2429
557 599
558 576
558 588
558 3608
559 609
559 599
559 4662
560 602
560 3973
560 3968
561 563
561 571
561 6202
562 594
562 577
562 569
562 5076
563 601
563 565
564 5093
564 583
564 599
565 567
565 566
567 584
567 574
568 608
569 581
569 5105
570 572
570 571
570 583
571 6205
573 590
573 607
573 593
575 594
576 3692
576 3608
576 2297
577 734
577 5099
578 736
578 4668
578 619
579 645
579 736
579 744
580 608
581 5085
581 5089
582 743
582 621
582 4394
583 5085
585 2604
585 595
585 602
586 608
586 4219
586 4156
587 597
588 3691
588 2202
588 3692
589 596
589 5040
589 594
590 6250
590 591
592 3602
592 5799
592 3604
595 605
595 2604
596 5109
596 5110
597 3604
597 3601
598 3600
600 4551
600 4550
600 3596
602 606
603 2267
603 2576
603 1117
604 2496
605 2296
605 625
606 2602
606 4536
607 6207
607 6202
610 637
610 6433
610 644
611 647
611 2510
611 2507
612 646
612 4670
612 658
613 639
613 6486
613 650
614 4665
614 641
614 4664
615 3200
615 634
615 3201
616 650
616 655
616 5120
617 619
618 2512
618 3594
618 6482
619 3740
620 662
620 640
620 2279
622 651
622 659
622 624
623 2739
623 629
623 4356
624 2743
624 3966
625 3740
625 649
626 663
626 4674
626 4221
626 638
627 657
628 636
628 3717
628 694
629 643
629 2596
630 664
630 660
630 2273
631 4666
631 2589
631 4663
632 642
632 5119
632 5132
633 2276
633 4355
633 638
634 660
634 4356
635 5124
635 655
635 5125
636 661
636 637
637 661
638 6233
638 4220
639 646
639 4669
640 4672
640 2279
641 649
641 3692
642 5134
642 5136
644 2278
644 662
646 658
646 3594
647 2512
647 6483
647 6485
648 3716
649 2297
650 659
652 653
652 656
653 2506
654 657
654 658
654 4671
655 5137
656 657
656 2586
658 4670
658 4671
659 4672
660 664
661 3716
662 2278
663 2273
663 3966
664 2276
665 4516
665 5757
665 666
666 3638
666 667
667 670
667 2503
668 669
669 6487
669 670
670 5759
671 684
671 3244
671 3239
672 680
672 2271
672 700
673 6314
673 3323
673 674
674 678
674 695
675 6435
675 689
675 699
676 688
676 1947
676 707
677 4267
677 4262
677 691
677 4263
677 4269
678 6307
678 6308
679 2740
679 4827
679 2741
680 681
680 697
681 697
681 682
683 3242
683 690
683 3243
684 1976
684 6307
685 3241
685 3237
685 3240
686 705
686 6444
686 687
687 6439
687 6435
688 703
688 2052
689 5716
689 726
690 2598
690 6169
691 4885
691 700
692 2384
692 697
692 2385
693 4500
694 2274
694 2272
694 6438
695 2007
695 6374
696 726
696 2385
696 2383
698 3234
698 6190
698 4392
700 4885
701 2595
701 3237
701 3235
702 2358
702 4827
702 6441
703 1998
703 6372
704 4827
704 4392
705 705
706 4500
706 4968
706 4969
707 2051
707 6169
708 4260
708 4265
708 4266
708 5763
709 716
710 715
710 3606
711 2592
711 6376
711 712
712 4675
712 6375
713 715
714 3607
714 4499
714 2593
716 3686
716 4677
717 3606
717 718
717 6367
718 2593
718 3606
719 4057
719 721
720 731
720 4884
720 4273
722 725
723 731
723 728
724 2145
724 5298
724 5245
725 5299
725 6282
726 3173
727 2360
727 1662
727 1686
728 732
728 6230
729 3250
729 2380
730 732
730 3173
730 2573
731 6447
732 6447
733 743
734 742
734 5101
735 738
736 5084
737 738
738 740
739 744
740 5098
740 5106
741 5096
741 742
741 5104
741 5100
742 5087
743 744
745 5172
745 1925
746 1985
746 1953
747 776
747 757
747 779
748 3615
748 3614
748 762
749 790
749 758
749 778
750 6043
750 4582
750 4580
750 4584
751 770
751 785
751 775
752 4949
752 777
752 764
753 3348
753 784
753 793
754 787
754 778
754 785
755 777
756 3624
756 3620
756 772
756 3639
757 4751
757 758
758 6409
759 6470
759 5560
759 792
760 786
760 771
760 770
761 784
761 3656
761 6412
762 3622
762 764
763 3628
763 3629
763 768
764 3619
765 791
765 773
765 3711
766 3116
767 3610
768 794
768 3317
769 786
770 6410
771 4751
771 775
772 3625
772 2746
772 3626
773 6044
773 782
774 3614
775 4751
776 4949
776 780
777 5568
778 785
779 4095
781 3116
781 3656
781 3118
783 3615
783 3316
783 6469
784 5566
786 5571
788 3610
788 3316
788 3609
789 790
790 2309
791 3709
791 3710
792 5565
792 3348
793 5567
793 3461
794 3628
794 2746
795 840
795 4954
795 4955
796 3718
796 3719
796 855
797 6331
797 6398
797 6056
798 854
798 925
798 805
799 832
799 3279
799 848
799 856
800 6429
800 834
800 6334
801 808
801 856
801 853
802 851
802 4593
802 4592
803 6351
803 4898
804 842
804 819
804 4585
806 870
806 838
806 826
807 815
807 816
807 812
808 823
808 865
809 830
810 812
811 845
812 832
813 6395
813 3719
813 6394
814 848
817 842
818 4953
818 863
819 4899
820 822
821 828
822 834
822 6427
824 831
825 844
825 835
825 847
826 4275
826 6322
827 3284
827 4904
827 3282
828 4952
828 4951
829 856
830 848
830 4592
831 833
831 5160
832 874
833 5159
833 839
834 6426
835 835
836 6334
836 850
836 6332
837 6426
837 840
837 6424
838 865
838 871
839 852
839 854
840 847
841 3373
841 2185
841 3731
842 846
843 4590
843 844
843 4589
844 847
845 5159
849 868
849 862
850 6331
850 6329
851 3284
854 6381
854 6383
855 3700
855 3702
855 5856
857 868
858 861
859 871
860 862
861 872
861 870
862 866
863 869
864 865
867 872
868 4904
869 2722
869 874
870 873
871 872
874 2722
875 897
875 877
875 3643
876 2079
876 904
876 3512
877 3642
877 888
878 6416
878 893
878 6415
879 6075
879 882
880 894
880 2361
880 884
880 882
881 896
881 3952
881 6420
882 6059
883 890
883 889
883 897
884 6073
885 4083
885 893
885 1691
886 1664
887 888
887 895
887 901
888 903
889 2767
889 2766
890 895
890 897
891 6419
891 6063
891 6062
892 3643
892 905
892 898
893 902
895 3640
898 6061
898 3642
899 2079
899 2078
899 2613
899 901
900 6080
900 4055
900 5819
901 903
901 3640
902 6413
902 2991
903 6080
904 4020
904 3512
906 912
907 913
907 911
907 921
908 921
909 920
910 911
910 3712
911 919
912 913
912 917
913 6389
914 916
915 918
915 916
915 920
920 921
922 2195
922 3372
923 927
923 3372
923 924
924 926
924 6387
925 6387
925 3702
926 3744
926 927
927 3745
928 929
928 6389
928 6388
929 3744
929 4828
930 3338
930 3329
930 940
931 939
931 3346
931 2926
932 4088
932 3732
933 942
933 935
933 2927
934 938
934 3343
934 2926
935 3346
935 2927
936 4033
936 3339
936 3459
937 941
937 2916
937 6473
938 4848
938 2926
939 4848
939 3344
940 3336
940 3337
941 4087
941 4086
942 2915
942 2916
943 6403
943 1871
943 4089
944 6489
944 948
944 2421
945 6566
945 950
945 3347
946 6489
946 947
946 6472
947 949
947 3345
948 2934
948 6492
949 3683
949 6390
950 2934
950 951
951 4846
951 2865
952 954
952 4571
952 961
953 955
955 957
955 958
956 961
957 959
957 961
958 3331
962 5659
962 3136
962 971
963 3652
963 3653
964 2405
964 990
964 970
965 3006
965 1857
965 2076
966 3866
966 5659
966 6112
966 1671
967 5274
968 988
969 980
969 984
969 985
970 981
970 982
971 6104
971 2113
972 3370
972 5477
972 984
973 981
973 986
973 3493
974 3801
974 5378
974 979
975 3653
975 3499
975 5193
976 1671
976 4974
976 988
976 989
977 985
978 5193
978 5190
978 3499
981 982
982 2076
983 4973
983 988
983 5895
984 3870
985 5667
986 3493
986 987
987 3651
987 5472
988 4468
989 6103
989 6118
990 5470
990 3651
990 2405
991 3499
991 3014
991 3497
992 1029
993 4626
993 2328
993 1003
993 4627
994 2328
994 1015
995 1000
995 1014
995 2988
995 2977
996 4237
996 1777
996 1026
997 2167
998 1017
998 2343
998 1030
999 2975
999 2974
999 1071
1000 1012
1000 4385
1001 1104
1001 1841
1001 3697
1002 1015
1002 2495
1002 1844
1003 1008
1003 4977
1004 4976
1004 5706
1004 1801
1005 4353
1005 2754
1005 4418
1006 1015
1006 4988
1006 4989
1007 4240
1007 4420
1007 1722
1007 4504
1008 1010
1008 3521
1009 1021
1010 3157
1010 4980
1011 1025
1011 4512
1012 1028
1012 1021
1012 2975
1013 3420
1013 1810
1013 1799
1013 1768
1014 2986
1014 1020
1016 1753
1016 1654
1016 1693
1016 2729
1017 2979
1017 1030
1017 2364
1018 2977
1018 1022
1018 4384
1019 1799
1019 1825
1020 1029
1020 1028
1021 2958
1022 1683
1022 1027
1023 2979
1023 1027
1024 3420
1024 1731
1024 1738
1025 1026
1025 5626
1026 5626
1027 2978
1028 1029
1030 2988
1030 2978
1031 1034
1032 1038
1033 4206
1033 4835
1034 1038
1034 4206
1035 4209
1035 1041
1036 1039
1037 2224
1038 4207
1038 1039
1039 4208
1040 4209
1041 4208
1042 1043
1043 1048
1043 3245
1045 1744
1045 2483
1046 6258
1046 1744
1046 2484
1047 3161
1047 1048
1049 6255
1050 1054
1050 1060
1051 1052
1052 4739
1052 2577
1053 1061
1053 1090
1055 2490
1055 2491
1056 2578
1056 1058
1056 4749
1057 1062
1058 3453
1058 1064
1059 4748
1059 4746
1059 4739
1059 4738
1060 6258
1062 2330
1062 4748
1063 1124
1063 1126
1063 6257
1064 3196
1064 2330
1066 1067
1068 1073
1068 1070
1068 2386
1069 1073
1070 4636
1070 2582
1071 1680
1071 4384
1072 3162
1072 2328
1072 4633
1073 2404
1074 4634
1074 4629
1074 4628
1075 6248
1075 1088
1075 6247
1076 1104
1077 3132
1077 3572
1077 1084
1077 1131
1078 1112
1078 1135
1078 2489
1079 2494
1079 2786
1079 3588
1079 2480
1080 1089
1080 6251
1080 1092
1081 2337
1081 3385
1081 1122
1082 2479
1082 6536
1082 2494
1083 6283
1083 1099
1084 1126
1084 1140
1085 1123
1085 1102
1085 1114
1086 1126
1086 1109
1086 4403
1087 1088
1087 1107
1087 1097
1088 1119
1089 4812
1089 4814
1090 1103
1090 1136
1091 1100
1091 1124
1091 4404
1092 1134
1092 1137
1093 1109
1093 4404
1093 1098
1094 1129
1095 1102
1095 3557
1095 3587
1096 1103
1098 2481
1098 1109
1098 3385
1099 6296
1100 1103
1100 1124
1101 1132
1101 1115
1101 2458
1102 1132
1105 1125
1105 4308
1105 2268
1106 1112
1106 4641
1106 1110
1108 1128
1108 1147
1108 1116
1110 4641
1110 4404
1111 1135
1111 5487
1111 1112
1113 2492
1114 3572
1114 2337
1115 2476
1115 2481
1116 3392
1116 3032
1117 4158
1117 6246
1118 3589
1118 1123
1118 3132
1119 6296
1119 1241
1120 4773
1120 1137
1121 3079
1121 4876
1121 1679
1122 3386
1122 1131
1123 3572
1127 5199
1127 5197
1127 5487
1128 3648
1128 3557
1129 3199
1129 4542
1130 5489
1130 3591
1130 3590
1131 2425
1132 1147
1133 4402
1133 3681
1133 4641
1135 5489
1136 2488
1136 2492
1137 5039
1138 4531
1138 4542
1138 4532
1139 5011
1140 1144
1140 3133
1141 1143
1142 1144
1143 6253
1143 1144
1145 1147
1146 1148
1146 3395
1148 3396
1148 4908
1149 2464
1150 1154
1150 1157
1150 2823
1151 3392
1151 3665
1151 3351
1151 2317
1151 3664
1152 4082
1152 4081
1152 3349
1153 1156
1154 1156
1154 4907
1155 4910
1155 4911
1155 4082
1156 4878
1157 3668
1157 2469
1158 6239
1158 1190
1158 1167
1159 1184
1159 1169
1160 1180
1160 2304
1161 6236
1161 1164
1161 1178
1162 1169
1162 1163
1163 1173
1164 1182
1164 3456
1165 1168
1165 1183
1166 1256
1167 6238
1167 4775
1170 4777
1170 4778
1170 1177
1170 4776
1171 1177
1171 4781
1171 4782
1172 1179
1172 3677
1172 3678
1173 1181
1173 5808
1174 1184
1174 1176
1174 1256
1175 1177
1177 4777
1178 4788
1178 1262
1179 3674
1179 5808
1180 4776
1181 1183
1181 5170
1184 2482
1185 1188
1186 4037
1186 1191
1187 1195
1188 1195
1188 1193
1189 2406
1189 1191
1190 6245
1190 6239
1190 6274
1190 6266
1192 4037
1192 5216
1194 1195
1196 1215
1197 1217
1197 1198
1197 6520
1198 2565
1198 6508
1199 1211
1199 1204
1199 6509
1200 1203
1201 1216
1201 6498
1202 5630
1202 1213
1203 1208
1204 6514
1204 6510
1205 1212
1206 1210
1206 1212
1206 4034
1207 1215
1209 4034
1209 3765
1210 1214
1210 1215
1211 5774
1211 5627
1216 6520
1216 1218
1217 1259
1217 6520
1219 6516
1219 6517
1219 1220
1219 1223
1221 1223
1221 6516
1221 1222
1223 6293
1224 6522
1224 1249
1224 1252
1225 1256
1225 1245
1225 1237
1226 1243
1227 1239
1228 1231
1228 1245
1228 1250
1229 1246
1229 1234
1229 4003
1230 1239
1232 6273
1232 4396
1232 1245
1233 1251
1233 1254
1234 1253
1234 3457
1235 4303
1236 1247
1236 3457
1236 4001
1238 4304
1240 4303
1240 2063
1241 3769
1241 4002
1242 1255
1243 2063
1244 4004
1244 6278
1248 1255
1248 4772
1248 4771
1249 6272
1249 6275
1250 6263
1250 1257
1252 5908
1252 4396
1255 6271
1257 4397
1257 6271
1258 2567
1258 6528
1258 2568
1259 2565
1259 6516
1260 1261
1260 3997
1260 6531
1261 5906
1261 6521
1262 5906
1262 6236
1263 1288
1263 1291
1263 1287
1264 1265
1264 1288
1265 1274
1266 1273
1266 1269
1266 4123
1267 6290
1267 1287
1267 1301
1268 1272
1268 1317
1269 5460
1270 5456
1270 5454
1270 1274
1271 1272
1272 5169
1273 1274
1275 1283
1276 1283
1276 1288
1276 1284
1277 1329
1277 1280
1277 1279
1278 2454
1278 1373
1278 1279
1279 1373
1280 1281
1280 4563
1281 1338
1281 1341
1282 1289
1283 1287
1283 3903
1284 1286
1284 1289
1285 1289
1285 1292
1285 3899
1286 1290
1286 3898
1291 2454
1291 6298
1293 1299
1294 1297
1294 3905
1295 1329
1295 1314
1295 6291
1296 6291
1296 6290
1297 1298
1297 3904
1298 1299
1298 4212
1299 1300
1301 4212
1301 4213
1302 5049
1302 1309
1303 1307
1303 1310
1303 5551
1304 5638
1304 1305
1304 3974
1305 1311
1305 1308
1306 1309
1307 4329
1307 5551
1311 3975
1312 1316
1313 1316
1313 1318
1313 1315
1314 1327
1314 1321
1315 1319
1315 5637
1315 5636
1316 5637
1317 5637
1318 1330
1318 1322
1319 1326
1319 1334
1320 4558
1320 1333
1320 1335
1321 5636
1321 1331
1323 4556
1324 1329
1325 1328
1325 1335
1325 4553
1329 1332
1330 4558
1330 1335
1333 4556
1333 4554
1333 4555
1334 5636
1334 5491
1335 4560
1336 5969
1336 1344
1337 4561
1337 1477
1337 1459
1338 1360
1338 1368
1339 5544
1339 5304
1339 1459
1340 1354
1340 4044
1340 2516
1340 4047
1341 1477
1341 5544
1342 1368
1342 1352
1342 4725
1343 5969
1343 1366
1343 4049
1344 1359
1345 4725
1345 4724
1345 5264
1346 1361
1346 1372
1346 1355
1347 1371
1348 1354
1348 5970
1348 1350
1349 1358
1349 1364
1349 1356
1350 1367
1350 4045
1351 1368
1353 1362
1353 1367
1354 5973
1355 1356
1355 1360
1356 1369
1357 5694
1357 1360
1357 4152
1358 4043
1358 4049
1359 1364
1359 4047
1360 1363
1363 5695
1363 1374
1364 4045
1365 5970
1366 4049
1366 1370
1370 3917
1370 4048
1370 4046
1371 5264
1371 1373
1373 4042
1375 1409
1375 1386
1375 1412
1376 1377
1377 1407
1377 1403
1378 1399
1378 1391
1378 4726
1379 1392
1380 1389
1381 1390
1381 5578
1381 1415
1382 1402
1382 1390
1382 3540
1383 6547
1383 1415
1383 1400
1384 1413
1385 3927
1386 1393
1386 1409
1387 1414
1387 1394
1387 1398
1388 1419
1388 3748
1388 3749
1389 1408
1389 1392
1390 3541
1391 4726
1391 1457
1392 1406
1395 4730
1395 3484
1395 3487
1395 4733
1396 1418
1396 1413
1396 1398
1397 2946
1397 1411
1398 1413
1399 1403
1399 1409
1400 1402
1401 1407
1402 3539
1403 1421
1404 2605
1404 6172
1404 3537
1405 1408
1405 3486
1407 1421
1410 1412
1411 6182
1411 5612
1412 1420
1414 1422
1414 1421
1415 5064
1416 4727
1416 1468
1416 1419
1417 4729
1417 6556
1417 4728
1418 1419
1418 4726
1423 5803
1423 1433
1423 1425
1424 1588
1424 1447
1424 3417
1425 1433
1425 1439
1426 4199
1426 1448
1426 6455
1427 3418
1427 1451
1427 1466
1428 1429
1428 4378
1428 1560
1429 6134
1429 6127
1430 4368
1430 6154
1430 6121
1431 1435
1431 6136
1431 5874
1432 3406
1432 1440
1432 1450
1433 1450
1434 4368
1434 6151
1434 1577
1435 6141
1435 1566
1436 1585
1436 6455
1436 4050
1437 4189
1437 1469
1437 1475
1438 1443
1438 4039
1438 5593
1439 1592
1439 1440
1440 1450
1441 1490
1441 1848
1441 1479
1442 1451
1442 4189
1442 3906
1443 4689
1443 1488
1444 5610
1444 5612
1444 5611
1445 1456
1445 1479
1445 1471
1446 1558
1446 5608
1446 5592
1447 6126
1447 1585
1448 5848
1448 4198
1449 4678
1449 1502
1449 1496
1451 3906
1452 4688
1452 4691
1452 1488
1453 3416
1453 3414
1453 1500
1454 1472
1455 1491
1455 1457
1455 4561
1456 1479
1456 1471
1457 1494
1458 4688
1459 1483
1459 1468
1460 1488
1461 1477
1462 1474
1462 1475
1462 1466
1463 1493
1463 1490
1463 3418
1464 4684
1465 4680
1466 1495
1467 4193
1467 1469
1467 1558
1468 1476
1469 1480
1470 1494
1471 1484
1472 1497
1472 1481
1473 3418
1473 3403
1473 3401
1474 1501
1474 6302
1475 1499
1476 5320
1476 5317
1478 1481
1478 6449
1478 1489
1481 1489
1482 1504
1483 5307
1483 5314
1484 1485
1484 4190
1486 1506
1486 1497
1486 6023
1487 5310
1487 5311
1487 5330
1489 3434
1490 3882
1492 4194
1492 4193
1492 4196
1494 1503
1496 4680
1496 4681
1497 6023
1498 3174
1498 1504
1498 4691
1500 1506
1500 2931
1500 6448
1502 1505
1502 4679
1504 1505
1505 4684
1506 6448
1507 4717
1507 1603
1507 1525
1508 1516
1508 1536
1509 5850
1509 6452
1509 1525
1510 5985
1510 1529
1510 5987
1511 1517
1511 1515
1511 5996
1512 1515
1512 5852
1512 5850
1513 6012
1513 1849
1513 4712
1514 1527
1516 5886
1516 1535
1517 1519
1517 1531
1518 1533
1518 1532
1518 3432
1519 1528
1519 4713
1520 1528
1520 1527
1521 1537
1521 2933
1521 5962
1521 5968
1522 5989
1522 1660
1522 6012
1523 1538
1523 1534
1523 1537
1524 4712
1524 4713
1524 6009
1525 1541
1526 5997
1527 1538
1529 1530
1529 1535
1530 1535
1532 1534
1532 3432
1533 3431
1534 6009
1537 5966
1538 6010
1540 6457
1540 1546
1542 3779
1542 1554
1542 5838
1543 1659
1543 1546
1543 1554
1544 1550
1545 1550
1545 1551
1548 1550
1549 1556
1549 3093
1549 3782
1549 1850
1551 6453
1552 3775
1552 6456
1552 6457
1553 6015
1553 3780
1553 6013
1554 1621
1555 1630
1555 1850
1555 1628
1556 1609
1556 1629
1557 1592
1557 4367
1557 6143
1558 1582
1559 6144
1559 3406
1559 1561
1559 6286
1560 1575
1560 4928
1561 6167
1561 6130
1562 1585
1562 6123
1562 6124
1562 6125
1562 6152
1563 5847
1564 6152
1565 6158
1565 6160
1565 6162
1566 4416
1566 6137
1567 1582
1568 1574
1569 1581
1569 6145
1569 6146
1570 1590
1571 5874
1571 4922
1571 4921
1572 1594
1572 2256
1572 4488
1572 4429
1573 4376
1573 4374
1573 4492
1574 6132
1574 6136
1575 4495
1576 6160
1576 1581
1576 5842
1577 6152
1577 1586
1577 3417
1578 6159
1579 5621
1579 6284
1579 5620
1579 5618
1580 1589
1580 1588
1580 1593
1581 5847
1581 5843
1582 4039
1583 5904
1583 4442
1583 3943
1584 1590
1587 4444
1587 4437
1587 5778
1587 3442
1588 1593
1589 4204
1589 1593
1590 6151
1591 4923
1592 4383
1594 3088
1594 2257
1595 1597
1595 4945
1595 4946
1596 4947
1596 5868
1596 1597
1596 5778
1597 4943
1598 3080
1598 5840
1598 4927
1599 5881
1599 4935
1599 1620
1600 1622
1601 1603
1602 1610
1603 1606
1604 1612
1604 3362
1604 1608
1604 3356
1605 1613
1605 1676
1605 1612
1606 4722
1606 4721
1607 4721
1607 1607
1607 4720
1608 5775
1608 5772
1609 1624
1609 3781
1610 6027
1610 1622
1611 4932
1611 5880
1611 1616
1612 3918
1613 1619
1613 3093
1614 1618
1615 4717
1615 3776
1615 3778
1616 4718
1616 3777
1617 1618
1618 4940
1618 4941
1618 5880
1619 6025
1619 6027
1620 3778
1620 4934
1621 1625
1621 1622
1623 1625
1624 3483
1624 1655
1625 6028
1626 1627
1626 1629
1626 6021
1627 3096
1627 6020
1629 6000
1630 6015
1630 3781
1631 1645
1631 1648
1631 3491
1632 3931
1633 1634
1634 1644
1635 1636
1635 1640
1635 1638
1636 5940
1636 5939
1636 5955
1637 4600
1637 4602
1637 1644
1637 4603
1639 3498
1639 1645
1639 3501
1640 5955
1641 1649
1641 3498
1641 5374
1642 1648
1642 1649
1642 3492
1643 3932
1643 1647
1644 1646
1644 5954
1645 3500
1647 3948
1647 3931
1648 3490
1649 3496
1650 3261
1650 1651
1650 1652
1650 3510
1651 1653
1651 3513
1651 5427
1652 3510
1652 1653
1653 3262
1654 1776
1655 1656
1655 1658
1657 6012
1658 6024
1658 1660
1659 3775
1659 3773
1661 3030
1661 1668
1661 1662
1662 1667
1663 5450
1663 5445
1664 1665
1664 2765
1665 1668
1665 1666
1666 3031
1666 1669
1667 5918
1667 1668
1669 2766
1669 2765
1670 3138
1670 2391
1670 2393
1670 2392
1671 5782
1672 2254
1672 4433
1672 2252
1673 2262
1673 2261
1674 4487
1674 2259
1674 2256
1675 1676
1675 6036
1675 5867
1676 5865
1677 5771
1677 5784
1677 5787
1678 1851
1678 3874
1679 4876
1679 1684
1679 4875
1680 2976
1680 1683
1680 2404
1681 1743
1681 3354
1681 3353
1682 5157
1682 1683
1684 1744
1685 6380
1686 1688
1686 1687
1687 1690
1689 1690
1691 6323
1692 4227
1692 1807
1692 1827
1692 1795
1693 1776
1693 2584
1693 2730
1694 1696
1694 1703
1696 1701
1696 1699
1697 1698
1697 2342
1700 1701
1700 1702
1701 1703
1702 2104
1702 1703
1702 3816
1703 3520
1704 1725
1704 3755
1704 1794
1704 4154
1705 1737
1705 2392
1705 2614
1706 1812
1706 1791
1706 1833
1706 3695
1707 4136
1707 1834
1707 1711
1707 1818
1708 1725
1708 1734
1708 1739
1709 1756
1709 1713
1709 1735
1709 1715
1710 1711
1710 4135
1710 1833
1711 1803
1711 4135
1712 1727
1712 1719
1712 1724
1713 1752
1713 4509
1714 1804
1714 3754
1714 1720
1715 1732
1715 1731
1715 1730
1716 4421
1716 1733
1716 4420
1717 1728
1717 1738
1717 4505
1718 4506
1718 1728
1718 1740
1718 3424
1719 1739
1719 1729
1720 1793
1720 1834
1721 1724
1721 1733
1721 1729
1722 4346
1722 4506
1723 1727
1723 4504
1723 1724
1725 1796
1726 1732
1726 2196
1726 1734
1726 1736
1727 4503
1728 3422
1729 1796
1731 1750
1732 5168
1733 3368
1734 3755
1735 1770
1735 1762
1736 1751
1736 3753
1736 3754
1737 5714
1737 4754
1738 4503
1739 5168
1740 1820
1740 1795
1741 4473
1741 4476
1741 4474
1741 5895
1742 4456
1742 4460
1742 3443
1743 3352
1743 3221
1744 6567
1745 3355
1745 2970
1745 3354
1746 3524
1746 3525
1746 3696
1747 1764
1747 2143
1747 1758
1747 1814
1748 1824
1748 1754
1748 1758
1748 4168
1749 1833
1749 1791
1749 4054
1750 1752
1750 1768
1752 2198
1753 4502
1753 2601
1754 1770
1754 4510
1755 1761
1755 1762
1756 1761
1756 2196
1757 5978
1757 1761
1757 5979
1758 2143
1759 1763
1759 1762
1759 1760
1760 2143
1760 3756
1763 1765
1764 1788
1764 3756
1765 3756
1765 5625
1766 2615
1766 4509
1766 4510
1767 1816
1768 1825
1768 2198
1769 2199
1769 2382
1769 1783
1770 2143
1771 1800
1771 1772
1771 4425
1772 1789
1773 2199
1773 2198
1773 1828
1774 2575
1775 1832
1775 4170
1776 2731
1776 2728
1777 1779
1777 4512
1778 3813
1778 3107
1778 1800
1778 3109
1779 4511
1779 1808
1780 1807
1780 1822
1781 2197
1781 5625
1781 1790
1782 1816
1782 2366
1782 2199
1783 1826
1783 5754
1784 1817
1784 1796
1784 1800
1785 1809
1785 1813
1785 3939
1786 4341
1786 4113
1786 2373
1787 1820
1788 4512
1788 2197
1789 3446
1789 3813
1790 1791
1790 5760
1791 5722
1792 2787
1792 5702
1792 2731
1793 1804
1793 1818
1794 4425
1794 1817
1797 1805
1797 4135
1797 1812
1798 1814
1798 1811
1798 4502
1799 4507
1800 5890
1801 4513
1801 4577
1802 3942
1802 1832
1803 5980
1803 3246
1804 3247
1805 4154
1805 1819
1806 4170
1806 4148
1806 1809
1806 3532
1807 3533
1808 5748
1808 4514
1809 1830
1809 1831
1810 3423
1810 4507
1811 2729
1811 1824
1812 2357
1813 2801
1813 3938
1814 1824
1815 2172
1816 4165
1817 4425
1818 3246
1820 4508
1821 3942
1822 4508
1823 2197
1823 4511
1823 4513
1824 4167
1825 1828
1826 1828
1826 3533
1827 3165
1829 3171
1829 3249
1830 3936
1830 5754
1830 1831
1831 3936
1831 2799
1831 5701
1832 3939
1835 3693
1836 4235
1836 3693
1836 6281
1836 5722
1837 5626
1837 2152
1837 5738
1837 4991
1838 1844
1838 1839
1839 1841
1840 3697
1840 1842
1840 1845
1841 3697
1842 1843
1842 1845
1843 5721
1843 4980
1844 1845
1846 3882
1846 1847
1846 1848
1847 4040
1848 6301
1849 3770
1850 3782
1851 2354
1852 5863
1852 5864
1853 4659
1854 4659
1854 1857
1854 3800
1855 3800
1855 1856
1855 1858
1856 1857
1856 1858
1857 1859
1859 1860
1860 1862
1861 2074
1861 5644
1861 1862
1862 3008
1863 3468
1863 2218
1863 6358
1864 1927
1864 1902
1864 2860
1864 1928
1865 3182
1865 1872
1865 3183
1866 2929
1866 6361
1866 2930
1867 2187
1867 2179
1867 3477
1868 3471
1868 3468
1868 3470
1869 3378
1869 3474
1870 1879
1870 1927
1870 1892
1870 1934
1871 2218
1871 3341
1872 2928
1873 1888
1873 1876
1873 1930
1874 2371
1874 5174
1874 1878
1875 2903
1875 1881
1875 1886
1876 1890
1876 1923
1877 1882
1877 2925
1877 2923
1878 2371
1878 2942
1879 1887
1879 2941
1880 2939
1880 1882
1880 1933
1881 2371
1881 1888
1882 1889
1883 2904
1884 2921
1884 2920
1884 1887
1885 3248
1885 1930
1885 2920
1886 2937
1886 2905
1886 5174
1887 1933
1888 3248
1889 1933
1889 2941
1890 1934
1890 1927
1892 1931
1892 3187
1892 3189
1893 1899
1893 1943
1893 2013
1894 1996
1894 6360
1895 6234
1895 1926
1895 6364
1896 1908
1896 4574
1897 1903
1897 2031
1897 4574
1898 1926
1899 6363
1899 1906
1900 1901
1901 6363
1901 6364
1902 1921
1902 1924
1903 1943
1903 1971
1904 1918
1904 6362
1904 1921
1906 1907
1906 6361
1907 2930
1907 1970
1909 1912
1909 1911
1910 1989
1910 2066
1911 1912
1913 4031
1913 1922
1913 1920
1914 1915
1914 1924
1914 4031
1915 4030
1915 1918
1916 2936
1916 1926
1916 1917
1917 1923
1917 1919
1919 1921
1919 1923
1922 2938
1922 2861
1923 1928
1923 3255
1924 4031
1927 1928
1929 2940
1929 1931
1929 2413
1930 5792
1931 2940
1931 1932
1932 2862
1932 3252
1934 5792
1935 1996
1935 1956
1935 1990
1936 2021
1937 2044
1937 1984
1938 1948
1938 1942
1939 2039
1940 4300
1940 2022
1940 4301
1941 2001
1941 1943
1941 2015
1942 1944
1942 1983
1945 1950
1945 1959
1945 2015
1946 2038
1947 2043
1947 4499
1948 2017
1948 2019
1949 2063
1951 2027
1952 2033
1953 2054
1953 2014
1954 1994
1954 2032
1954 3607
1955 1999
1957 6371
1957 2025
1957 6369
1958 2062
1958 1978
1958 2042
1960 2065
1960 2003
1960 2032
1961 2053
1961 2061
1962 1981
1963 2003
1963 2049
1963 2050
1964 2030
1964 6408
1964 1973
1965 2010
1965 2914
1965 2020
1965 6365
1966 2028
1966 2029
1966 2040
1967 2046
1967 2003
1968 2002
1969 2040
1970 1996
1970 1999
1972 2005
1972 1982
1972 4287
1973 5907
1973 1986
1975 1979
1975 2004
1975 2033
1976 1977
1976 2064
1979 4291
1980 4888
1980 4222
1980 1992
1981 6277
1981 2044
1982 1992
1982 4223
1986 5908
1986 2002
1987 2014
1987 2041
1987 1997
1988 2045
1989 6360
1989 2008
1991 2059
1991 2016
1991 5908
1992 4223
1993 2029
1995 4574
1995 2017
1995 2011
1997 2900
1997 2041
1998 2007
1999 2009
2000 2013
2002 6527
2005 4155
2005 6222
2006 2031
2007 6373
2010 2013
2012 2044
2013 2069
2014 2065
2015 2036
2017 2067
2021 2057
2021 2045
2024 2053
2025 2896
2025 2900
2026 2048
2026 2027
2028 2039
2029 2030
2030 2040
2032 2065
2034 2066
2039 4295
2041 2901
2047 4300
2047 2059
2047 4299
2055 2901
2057 2058
2060 2066
2068 6371
2070 5755
2070 4038
2070 2228
2071 3223
2071 2948
2071 5755
2072 3223
2072 2073
2072 2948
2073 4209
2074 4334
2074 2828
2075 4330
2075 4335
2075 4334
2076 5397
2076 4335
2077 4331
2077 5554
2077 3495
2077 2857
2077 3652
2078 3856
2078 3857
2079 3857
2080 2081
2080 3509
2080 4019
2081 5429
2081 3509
2082 5389
2082 3259
2082 5429
2083 5434
2083 3259
2084 5434
2084 3818
2084 3820
2084 5437
2085 2086
2085 3818
2085 5431
2085 3824
2085 5413
2086 4621
2086 3508
2087 4622
2087 4614
2087 4621
2088 3508
2088 3507
2088 2089
2089 3506
2089 4615
2090 3051
2090 3274
2090 3045
2091 3062
2091 2092
2091 3759
2092 3058
2092 3758
2092 3066
2093 5378
2094 5285
2094 2095
2094 5355
2095 2096
2095 3805
2096 3808
2097 2098
2097 3808
2097 5444
2098 5730
2098 2775
2098 4069
2098 5333
2099 2100
2099 4115
2100 2607
2100 5355
2100 5639
2101 5272
2101 5358
2101 3428
2102 5419
2102 3428
2103 2117
2103 2104
2103 3814
2103 3815
2104 2126
2104 2105
2105 2125
2105 2106
2106 5279
2106 2607
2107 3009
2107 5492
2107 2108
2108 2109
2109 3790
2110 3790
2110 5645
2110 2111
2111 3113
2111 2112
2112 2116
2112 3113
2113 3112
2113 5654
2114 3136
2114 3137
2114 2352
2114 3175
2115 5773
2115 3175
2115 5740
2116 2121
2116 5773
2117 2118
2117 3149
2118 2135
2118 4130
2118 3140
2119 3139
2119 3154
2119 2120
2119 2136
2120 2121
2120 2138
2121 3139
2121 2122
2122 2141
2122 2123
2123 3151
2123 3143
2124 3151
2124 2125
2124 3152
2125 2134
2126 3150
2126 2127
2126 2133
2126 3149
2127 2128
2127 2132
2127 3148
2127 3140
2128 3139
2128 3154
2128 3141
2129 2130
2129 2132
2129 2133
2130 2142
2130 2131
2131 2132
2131 3141
2133 2134
2134 2142
2135 2803
2135 2136
2136 2803
2136 2137
2137 2138
2137 2139
2138 5773
2139 2423
2139 5647
2139 5740
2140 2802
2140 2803
2141 3141
2141 3142
2142 3151
2142 3145
2144 6459
2144 6460
2145 2146
2147 2150
2147 2151
2148 2600
2148 5007
2148 2153
2149 2152
2151 5001
2151 4997
2152 2154
2153 2155
2153 3962
2153 2156
2154 4991
2154 4992
2156 2732
2156 4995
2157 2159
2157 2167
2157 3761
2158 4238
2158 2166
2158 2159
2158 2167
2159 6279
2159 3224
2160 2540
2160 3155
2160 2163
2160 4972
2161 4970
2161 4972
2161 5294
2162 2164
2163 2752
2163 5071
2164 4370
2165 2169
2165 2173
2166 2174
2166 2171
2166 3526
2168 5150
2168 5152
2168 3527
2169 2172
2169 3528
2170 2178
2170 2174
2170 3225
2171 3224
2171 3225
2172 2173
2174 3527
2175 4238
2175 3525
2175 5157
2175 2751
2176 3230
2176 4976
2176 5709
2178 5294
2178 5070
2179 2190
2179 2180
2179 2185
2180 3475
2181 2184
2182 2183
2182 3474
2184 3474
2184 3475
2185 2186
2187 2188
2187 3479
2188 6380
2188 2189
2189 3377
2189 2190
2190 2191
2191 3377
2191 2192
2192 2193
2193 2194
2194 3375
2194 2195
2195 3376
2198 2616
2199 2617
2200 3164
2200 2201
2201 4214
2201 3169
2202 2205
2202 3690
2203 2204
2204 2205
2204 2497
2205 2498
2206 4862
2206 3465
2206 5564
2206 5565
2206 6404
2207 4571
2207 2208
2208 3634
2209 3718
2210 6404
2210 3634
2210 2211
2211 2212
2211 4363
2212 2215
2213 4865
2214 4363
2215 2217
2215 4363
2215 4364
2216 2217
2217 2218
2218 4089
2219 2220
2219 4788
2219 4790
2220 4796
2220 2517
2221 4794
2221 2222
2221 4855
2223 4796
2223 4793
2223 4795
2224 2225
2225 2226
2225 2228
2226 2227
2226 2228
2227 2947
2228 2947
2228 5755
2229 2238
2229 4515
2229 2235
2230 2231
2230 2289
2230 2238
2232 2234
2232 2242
2232 5914
2233 4843
2233 2293
2233 2245
2234 2239
2234 4515
2236 2237
2236 2238
2236 2240
2240 2289
2240 2241
2241 3181
2241 3178
2242 3181
2242 5914
2243 2935
2243 2249
2243 2244
2244 2245
2244 4841
2245 2246
2246 2292
2246 3192
2247 2248
2247 2250
2247 3192
2248 2291
2248 3192
2249 2251
2250 2251
2250 2420
2252 4431
2252 3441
2253 4431
2254 2255
2254 4434
2255 2260
2255 4433
2255 4434
2256 4430
2256 4486
2257 4486
2257 4484
2258 4486
2258 2266
2258 2263
2262 4438
2262 5778
2264 4942
2264 5771
2265 4406
2265 4407
2265 4483
2267 4156
2267 3689
2267 4157
2268 2269
2268 4158
2269 4159
2269 4157
2270 3598
2270 3603
2270 3597
2271 2272
2273 4674
2273 2275
2274 5072
2274 6437
2275 3966
2275 4673
2275 3967
2276 6233
2276 2738
2277 2914
2278 2281
2279 2280
2280 2284
2280 3200
2281 2282
2281 2283
2282 3202
2282 6433
2282 2283
2282 3208
2283 2285
2284 3201
2284 2285
2285 3203
2286 6444
2286 2305
2286 5072
2287 6369
2287 3686
2288 2290
2289 2290
2290 5794
2291 2420
2291 2292
2292 3188
2293 4842
2294 6493
2296 3608
2296 2297
2298 2300
2298 4084
2298 2879
2299 2432
2300 2432
2301 2302
2301 4799
2301 4798
2302 4245
2302 2304
2303 2517
2304 4791
2305 3213
2305 2745
2306 2307
2307 6088
2307 2310
2308 2309
2308 2310
2308 6467
2309 6090
2310 2311
2312 4497
2313 4029
2313 6082
2314 4008
2315 3384
2315 3383
2316 2318
2316 3578
2316 3579
2317 4317
2317 3577
2317 2320
2318 2319
2318 3314
2319 3580
2319 3581
2320 3579
2320 3580
2320 3648
2320 3657
2321 3657
2321 4180
2321 3582
2321 3581
2322 3559
2322 2394
2322 3560
2323 2396
2323 2324
2323 2394
2324 2397
2324 5139
2325 3103
2325 3102
2326 4625
2326 3405
2327 2572
2329 2330
2331 2580
2331 4634
2332 2333
2332 3671
2332 2469
2333 3671
2333 2478
2334 5654
2334 3175
2334 5658
2335 5739
2335 5658
2335 5656
2336 2337
2338 6213
2338 2339
2339 3355
2340 5767
2340 3171
2340 4053
2341 5764
2341 5769
2341 3250
2342 5764
2343 2345
2343 5818
2343 2364
2344 3860
2345 3861
2345 2346
2346 2981
2346 2348
2346 3812
2347 3860
2347 3863
2347 3862
2347 3861
2348 3812
2349 3515
2349 3863
2350 2493
2350 2969
2350 2972
2351 2783
2351 2985
2352 5667
2353 4720
2353 4723
2353 3437
2354 5863
2354 5861
2355 4408
2355 4453
2355 4447
2355 4481
2356 4407
2356 4482
2356 4408
2356 4448
2357 3694
2358 3193
2358 6440
2359 5763
2359 4260
2359 4270
2359 5828
2360 2583
2360 2363
2360 5248
2361 6061
2361 6058
2362 6096
2362 6318
2362 6321
2363 2583
2364 2980
2365 2980
2366 3935
2366 4166
2367 3935
2367 2372
2368 4526
2368 2369
2368 2370
2369 4528
2369 2370
2370 4523
2371 2922
2372 2789
2372 3935
2372 2382
2373 2374
2373 4112
2374 2375
2374 2376
2375 2377
2377 2427
2377 5768
2378 2379
2379 2754
2379 4239
2380 2599
2381 4110
2381 4108
2382 5754
2383 2573
2383 2384
2384 2385
2386 2572
2387 2389
2387 3004
2387 2388
2388 4108
2391 2433
2391 2392
2392 3536
2393 3536
2394 2395
2395 2396
2395 3568
2396 3571
2396 2397
2397 3571
2398 2402
2399 2403
2400 2401
2400 2880
2400 2892
2402 6494
2402 2403
2403 2874
2405 5401
2406 6245
2406 6243
2407 6391
2407 3187
2407 6390
2408 2418
2408 2412
2408 2411
2409 2415
2409 5506
2409 5791
2410 2863
2410 5506
2411 5790
2411 5791
2412 2417
2412 2416
2413 2863
2413 3189
2414 2864
2414 2416
2415 2418
2415 2419
2416 2864
2416 2417
2417 2418
2419 3180
2419 5793
2420 4318
2421 5793
2421 4839
2422 3517
2424 2425
2425 2426
2428 4105
2429 4105
2431 4413
2431 4414
2431 3566
2432 2883
2432 2885
2433 5648
2433 5712
2433 6097
2434 2453
2434 2435
2434 3020
2434 2437
2435 2438
2435 2436
2436 2439
2436 2888
2437 6241
2437 2441
2438 6240
2438 6241
2438 2439
2439 4143
2440 4087
2440 2441
2440 2889
2441 2891
2442 3023
2442 4143
2442 3021
2442 2445
2443 3024
2443 2444
2443 6240
2444 3025
2444 2446
2445 2447
2445 2448
2446 2447
2446 2449
2447 2448
2448 2449
2449 2450
2450 3027
2450 2451
2450 3026
2451 4850
2451 3029
2452 2453
2453 6242
2454 6299
2455 3232
2455 2456
2455 2503
2456 2457
2456 6484
2457 2519
2457 2518
2458 4906
2458 3397
2459 4837
2459 2545
2459 2461
2460 3648
2460 3657
2460 3558
2461 2462
2461 2472
2462 3562
2462 3555
2463 4878
2464 2467
2464 4906
2465 2476
2466 2473
2466 2547
2466 2545
2467 2468
2467 4878
2469 3669
2470 3669
2470 3670
2471 2552
2471 2549
2471 2545
2471 2473
2473 2556
2473 2554
2474 2475
2474 2558
2474 2564
2475 2561
2475 2553
2476 2481
2477 4205
2477 6252
2478 3679
2478 3676
2479 2480
2479 6536
2480 3586
2480 3588
2482 5197
2483 6567
2483 4518
2484 2486
2484 2485
2484 2824
2485 2487
2486 2487
2486 6213
2488 2489
2489 2492
2490 2491
2493 2970
2493 2982
2493 2784
2495 5721
2495 3521
2495 4978
2496 4987
2497 2500
2497 2499
2498 2505
2498 2502
2499 2500
2499 2502
2500 2501
2501 2503
2501 2504
2502 2505
2504 2509
2504 3233
2505 2506
2506 2508
2507 2519
2507 2510
2509 2511
2509 3233
2510 2511
2511 3593
2512 3593
2513 4657
2513 4897
2513 4896
2514 6325
2514 4896
2515 5252
2516 4044
2517 4855
2518 6484
2518 2519
2520 2521
2521 2523
2521 2525
2522 2524
2522 2526
2522 2523
2523 2528
2523 2526
2524 2527
2524 2530
2525 2528
2525 2538
2526 2533
2526 2529
2527 2535
2527 2534
2528 2533
2529 2531
2529 2530
2530 2532
2531 2536
2531 2532
2532 2535
2533 2536
2534 2537
2534 2540
2535 2539
2535 2537
2536 2539
2536 2538
2537 2541
2537 2540
2538 2542
2539 2541
2540 2541
2543 2546
2543 2545
2543 2544
2544 2546
2544 2549
2546 2549
2547 2548
2547 2554
2548 2550
2548 2555
2550 2551
2550 2557
2551 2553
2551 2558
2554 2555
2554 2559
2555 2560
2555 2557
2557 2558
2557 2562
2558 2563
2561 2564
2564 4205
2565 3993
2566 6519
2566 6531
2566 2568
2567 6530
2567 3914
2568 4059
2569 6531
2569 3912
2569 2570
2570 2571
2570 3907
2571 3907
2571 4059
2572 3106
2573 4884
2574 5824
2574 4224
2574 2575
2575 5826
2576 4811
2576 4810
2577 4739
2577 2579
2577 4736
2578 4735
2578 4749
2578 4750
2579 4741
2579 4742
2579 2726
2580 4628
2581 4629
2581 4634
2582 4636
2582 4635
2583 5187
2583 3030
2584 2729
2584 3933
2585 3600
2585 3596
2585 3602
2586 2587
2586 4667
2588 2590
2588 2591
2588 2589
2589 5922
2593 3607
2594 2596
2594 3234
2594 3235
2595 3234
2595 5113
2596 2598
2597 2598
2599 6231
2600 2601
2602 3688
2602 2604
2602 4661
2603 2604
2606 2609
2606 4069
2606 4879
2607 5639
2608 2609
2608 3152
2608 5639
2609 4879
2610 4070
2612 4110
2613 5278
2613 5282
2614 3536
2615 2616
2615 2617
2616 2617
2618 4837
2618 4834
2618 4836
2619 2620
2619 2626
2619 2664
2620 2621
2620 2658
2621 2622
2621 2646
2622 2643
2623 2624
2624 2630
2624 2627
2625 2626
2626 2628
2627 2629
2627 2653
2628 2631
2628 2635
2629 2655
2629 2632
2630 2637
2630 2633
2632 2656
2632 2634
2633 2649
2633 2636
2634 2654
2634 2637
2635 2670
2635 2673
2636 2644
2636 2638
2637 2652
2638 2645
2638 2639
2639 2648
2639 2640
2640 2659
2640 2641
2641 2668
2641 2642
2642 2647
2642 2663
2643 2646
2644 2649
2644 2645
2645 2648
2646 2658
2646 2651
2647 2675
2647 2650
2648 2659
2649 2652
2650 2679
2650 2660
2651 2661
2651 2665
2652 2654
2652 2666
2653 2655
2653 2667
2653 2661
2654 2656
2655 2657
2656 2657
2657 2674
2658 2665
2658 2664
2659 2668
2660 2685
2660 2662
2661 2669
2662 2693
2662 2663
2663 2695
2664 2672
2664 2670
2665 2676
2665 2672
2666 2674
2666 2675
2667 2669
2667 2671
2668 2675
2669 2676
2670 2673
2670 2678
2671 2696
2671 2677
2672 2681
2672 2678
2673 2682
2674 2684
2674 2687
2675 2679
2676 2681
2677 2700
2677 2687
2677 2680
2678 2688
2678 2683
2679 2684
2680 2703
2680 2686
2681 2688
2682 2683
2682 2699
2683 2691
2684 2685
2685 2692
2686 2706
2686 2690
2686 2689
2687 2690
2687 2698
2688 2691
2689 2710
2689 2697
2690 2702
2691 2694
2692 2693
2692 2698
2693 2720
2693 2695
2694 2696
2694 2699
2695 2721
2695 3076
2696 2700
2697 2711
2697 2705
2698 2701
2698 2718
2699 2709
2700 2703
2701 2716
2701 2702
2702 2714
2702 2704
2703 2706
2704 2717
2704 2707
2705 2712
2705 2708
2706 2709
2707 2715
2707 2708
2708 2713
2709 2710
2710 2711
2711 2712
2712 2713
2713 2715
2714 2719
2714 2716
2715 2717
2716 2718
2717 2719
2718 2720
2719 2721
2720 2721
2724 4745
2724 3245
2724 4744
2725 4060
2725 2727
2725 4743
2726 4744
2726 4743
2726 4741
2727 3199
2728 2730
2728 3934
2730 3933
2731 3963
2731 3934
2732 4964
2733 2734
2733 5065
2733 2735
2734 2736
2734 4516
2735 2736
2735 5068
2737 4660
2738 4355
2738 4356
2738 4675
2740 6443
2740 2741
2741 5723
2742 2743
2743 2744
2745 5723
2745 6443
2746 3625
2747 4354
2747 6183
2748 5156
2748 2749
2749 5154
2749 2750
2749 5157
2750 5153
2750 2751
2751 5152
2752 5149
2752 5150
2753 2755
2753 2758
2753 5485
2754 2756
2755 2760
2755 2759
2756 4417
2756 4418
2756 2757
2757 5485
2757 2758
2758 2760
2759 2760
2759 4063
2761 3249
2762 4774
2762 4772
2763 2764
2763 3767
2763 3768
2763 3766
2764 4769
2765 2766
2768 3826
2768 2771
2768 2770
2769 3832
2769 4114
2769 4017
2770 3826
2770 2773
2771 2772
2771 3832
2772 3834
2772 2773
2773 3835
2774 3840
2774 3849
2774 3827
2775 4879
2776 5393
2777 4071
2777 5368
2777 5369
2778 4071
2778 2779
2778 5409
2779 3427
2779 5281
2779 4072
2780 3792
2781 2783
2782 2784
2782 2783
2782 6229
2784 2983
2785 2983
2786 4876
2787 2790
2787 2793
2788 5702
2788 3934
2788 2789
2789 3936
2789 5701
2790 2791
2790 2793
2791 2792
2791 5702
2791 2795
2792 2794
2792 2796
2792 5701
2793 2795
2794 2799
2794 2797
2795 2796
2795 3937
2796 2797
2796 3938
2797 2801
2798 3937
2799 2801
2800 3938
2802 5647
2804 2805
2804 4123
2805 6291
2806 2809
2806 2810
2806 2814
2806 2813
2807 2809
2807 2808
2807 2811
2808 2811
2808 2810
2809 2817
2810 2812
2811 2822
2812 3430
2812 2815
2813 3430
2813 2816
2814 2821
2814 2818
2815 3430
2815 2820
2816 3430
2816 2820
2817 2818
2817 2819
2818 2819
2819 2821
2820 2822
2821 2822
2822 2823
2825 2826
2826 3079
2826 2827
2829 4333
2829 2834
2830 2836
2830 3011
2830 2849
2830 4338
2831 3010
2831 2833
2831 2832
2832 5492
2832 5632
2833 2834
2833 4333
2834 4340
2835 2836
2835 5555
2835 4340
2836 2849
2837 4330
2837 2839
2838 3011
2838 2842
2838 2840
2839 5553
2839 2848
2840 2841
2840 2842
2841 2852
2841 2843
2842 5171
2843 2853
2843 2844
2844 2855
2844 2851
2845 2854
2845 2847
2845 2851
2846 2848
2846 5387
2846 2858
2847 5386
2847 2858
2848 2859
2849 2850
2850 3011
2850 5171
2851 2854
2852 5171
2852 2853
2853 2855
2854 2856
2855 4332
2856 5386
2856 5552
2857 5553
2858 4331
2859 5387
2859 5553
2859 5554
2860 2861
2860 2938
2861 3252
2861 2938
2862 3256
2862 2940
2862 3253
2863 3256
2864 3180
2864 4318
2865 2867
2866 2869
2866 3481
2866 3482
2867 2872
2868 3482
2869 2870
2869 3734
2870 3482
2870 2871
2872 2873
2872 2919
2873 4842
2874 4085
2875 2892
2875 2876
2876 4085
2876 2878
2877 2881
2878 6496
2878 2879
2879 2880
2880 2882
2881 2885
2882 4850
2883 2884
2883 6496
2885 2886
2887 3468
2887 2888
2889 2890
2891 2892
2891 6494
2891 3027
2894 2895
2895 4086
2895 6403
2896 2906
2896 2898
2897 2899
2898 2900
2899 2901
2902 2903
2902 2909
2903 2910
2904 2905
2905 5174
2907 2936
2907 5504
2907 2909
2907 2908
2908 3255
2908 2910
2909 2910
2911 2912
2912 2913
2912 2914
2915 3347
2915 2917
2916 2918
2917 2918
2917 4846
2918 2919
2919 6481
2920 2921
2921 5792
2922 2923
2922 2924
2923 2939
2925 5785
2925 2945
2926 4849
2927 3345
2928 3251
2929 2930
2929 3182
2930 3251
2931 2932
2931 5967
2932 3414
2932 2933
2933 5964
2934 2935
2935 4844
2936 5504
2936 3255
2939 3248
2940 3256
2941 3187
2941 4032
2942 3538
2942 5785
2943 2944
2943 2945
2944 2945
2944 5785
2946 4833
2947 2948
2949 2965
2950 2952
2950 3223
2951 2956
2952 2953
2953 2954
2953 2956
2954 2955
2954 2960
2955 2958
2955 4038
2956 2957
2957 2962
2957 2959
2958 2971
2959 2961
2959 2960
2960 2963
2964 2965
2965 2967
2966 2967
2967 2968
2968 2969
2968 2971
2969 2970
2971 2973
2971 2972
2972 2974
2973 2975
2973 2974
2974 2976
2975 4385
2976 2982
2977 2978
2977 4385
2978 2979
2979 2980
2980 2981
2981 4120
2981 5818
2982 2983
2983 2984
2985 4635
2985 4639
2986 4386
2986 2988
2987 4386
2989 4289
2989 5737
2990 3267
2990 3264
2990 3270
2990 3268
2990 3271
2992 3747
2992 5239
2992 2993
2993 5242
2993 5237
2994 2996
2994 5452
2994 3001
2995 5237
2995 2996
2995 2998
2996 2998
2997 2999
2997 3000
2997 5238
2998 2999
2998 3002
2999 3000
2999 3002
3001 3002
3001 3003
3002 3003
3004 5745
3005 3006
3006 3007
3009 5644
3009 4333
3010 4333
3010 5492
3011 5556
3012 3013
3013 3014
3013 3494
3014 3494
3014 3497
3015 3018
3015 3016
3015 3017
3016 3018
3016 5472
3016 5471
3018 3809
3019 5395
3021 3022
3021 4143
3027 3028
3030 5247
3030 3031
3031 4068
3032 3033
3032 3397
3033 3034
3034 3035
3036 4336
3036 5467
3036 5404
3036 3039
3037 4336
3037 5365
3037 3038
3038 3039
3040 3041
3040 3040
3041 4617
3041 4612
3041 3382
3041 4618
3042 3044
3042 3043
3042 5737
3043 3046
3043 3045
3044 3046
3045 3049
3047 3270
3047 3268
3048 3271
3048 3052
3048 3267
3049 3051
3049 3050
3050 3054
3050 3053
3051 3054
3052 4065
3052 5360
3053 3057
3053 3056
3053 5725
3054 3057
3055 3275
3055 3274
3055 4083
3056 3059
3056 3058
3056 5726
3057 3059
3058 3062
3059 3062
3060 3061
3060 4083
3061 3276
3061 3278
3063 3067
3063 3065
3063 3064
3064 3070
3064 3067
3065 3069
3065 3066
3066 3068
3067 3072
3067 3069
3068 3071
3068 3073
3069 3074
3069 3071
3070 3072
3070 6533
3071 3075
3071 3073
3072 3074
3073 3075
3074 3075
3076 3077
3076 3547
3076 6534
3077 3078
3077 3547
3077 6534
3078 3554
3079 3133
3080 3081
3080 6451
3081 5854
3081 3086
3081 5753
3082 3083
3082 3436
3082 3085
3083 5853
3083 3084
3085 3086
3085 4948
3086 6037
3087 3088
3087 4489
3087 4488
3088 4927
3089 3091
3089 6005
3089 6032
3090 3092
3091 3092
3091 6033
3092 6034
3093 3094
3095 3096
3095 3097
3095 6005
3098 3918
3098 5867
3098 5776
3099 3100
3099 4658
3101 3102
3102 3103
3103 3104
3104 3105
3104 4415
3105 4414
3107 3108
3107 3419
3108 3109
3108 4119
3109 5591
3110 5898
3110 5896
3111 5649
3111 5651
3111 5650
3112 5649
3112 3138
3113 5646
3115 3116
3117 3315
3118 6092
3118 3656
3119 6092
3120 3122
3120 5942
3121 5536
3122 5536
3123 3922
3123 3124
3123 3125
3125 3923
3125 3126
3126 5235
3126 3127
3127 4598
3127 4596
3128 4597
3128 5526
3128 5530
3129 4764
3129 5528
3129 4766
3130 4594
3130 4595
3131 5524
3132 3133
3134 4631
3135 4631
3135 4640
3136 5664
3137 5662
3137 5669
3137 5511
3138 5656
3138 6097
3140 4130
3140 3146
3140 3149
3141 3145
3142 3144
3142 3143
3143 3144
3144 3145
3146 3147
3146 3148
3147 3149
3147 3150
3148 3150
3152 5279
3154 4130
3155 3158
3155 3156
3156 3159
3156 3157
3157 3160
3161 3162
3163 4062
3163 3165
3163 3164
3164 3167
3165 3166
3166 3167
3166 3168
3167 3169
3168 3170
3169 3170
3170 3249
3171 3172
3173 6230
3176 5911
3177 3178
3178 3181
3179 4920
3179 3186
3180 4839
3182 3251
3182 3183
3183 3185
3184 3185
3185 3186
3189 3190
3190 6391
3190 3191
3191 6392
3191 5506
3191 5793
3193 3194
3193 5716
3194 3195
3194 5115
3196 3197
3198 3199
3200 3201
3200 4673
3201 3203
3202 3203
3202 3209
3203 3204
3204 3210
3204 3206
3204 3205
3207 3209
3208 3213
3208 3209
3209 3211
3209 3216
3211 3212
3211 3215
3213 3216
3214 3217
3216 3217
3216 5723
3217 3218
3218 3219
3218 3220
3219 3220
3221 6568
3221 3222
3224 3227
3225 3226
3226 5751
3226 5752
3227 3228
3227 3230
3227 5711
3229 3230
3231 3599
3232 3233
3232 6484
3235 3236
3237 3238
3239 3244
3239 3241
3240 3241
3240 3242
3242 3243
3243 3244
3245 4060
3246 5978
3252 3253
3253 3254
3254 5789
3257 3258
3258 3260
3258 3259
3259 3822
3261 3511
3262 3513
3262 3514
3263 3267
3264 3266
3264 3268
3264 5424
3265 3269
3266 3267
3266 3514
3267 3269
3269 3273
3270 3271
3272 5634
3272 5635
3276 4067
3276 3278
3277 3760
3277 3278
3279 3280
3279 3281
3281 3282
3281 3283
3282 3283
3283 3284
3285 3290
3285 3286
3285 3297
3286 3294
3286 4023
3287 3288
3287 3291
3287 3307
3288 4023
3288 3291
3289 3307
3289 5581
3291 3296
3292 3302
3293 3294
3294 3295
3295 3299
3295 3303
3298 3299
3299 3301
3300 3301
3301 3305
3302 3303
3303 3576
3303 3575
3304 3305
3305 3308
3306 3308
3307 5802
3307 3391
3308 3312
3308 5802
3309 3310
3310 3311
3311 3312
3311 3313
3313 3314
3314 4180
3314 3393
3315 3316
3317 3318
3317 3319
3319 3320
3319 3322
3321 3322
3322 3330
3323 3329
3323 3326
3324 3327
3324 6310
3326 3327
3328 3329
3330 3332
3331 3333
3331 3332
3332 3333
3333 3334
3334 3336
3334 3335
3336 3337
3338 3339
3338 3340
3339 3340
3340 3341
3341 3459
3342 3343
3343 3460
3344 3345
3344 3346
3345 3347
3348 6410
3349 3659
3349 3660
3350 3660
3350 3663
3350 3685
3351 3685
3351 3662
3352 6213
3352 3355
3353 5697
3354 6571
3356 3362
3356 5679
3357 6532
3357 3365
3357 3360
3358 3359
3358 6210
3358 3363
3359 3360
3359 3371
3360 3361
3362 5787
3363 3371
3363 5784
3363 3873
3364 5783
3364 3365
3364 5782
3365 5870
3366 3368
3366 3367
3366 5591
3367 3369
3367 3368
3371 6532
3372 3374
3376 4829
3376 3377
3378 6378
3378 3379
3379 6379
3379 6377
3381 6377
3382 4613
3382 4609
3383 3384
3384 6565
3385 3386
3386 3387
3387 3388
3387 3389
3390 3391
3391 5062
3392 4317
3392 3685
3393 6537
3394 6537
3395 4910
3397 3398
3399 3400
3400 3881
3401 3402
3401 3415
3403 3882
3403 3411
3404 3405
3405 4633
3406 6168
3407 3409
3408 3412
3409 3410
3409 3413
3410 3411
3410 3880
3411 3415
3412 3413
3412 3881
3413 3414
3413 3880
3415 3416
3416 3880
3417 6166
3419 3813
3419 4479
3419 3445
3420 3421
3421 3422
3421 3423
3422 3424
3423 3424
3425 4217
3425 4528
3425 4529
3426 4068
3426 5445
3426 5247
3427 5276
3427 5284
3427 4072
3428 5420
3428 5267
3429 4161
3429 4163
3429 4162
3429 4076
3432 5965
3433 5964
3434 6449
3434 4194
3434 3435
3435 5849
3435 5852
3436 3437
3436 5620
3437 5853
3438 4723
3438 4934
3438 5853
3439 4489
3439 4427
3439 3440
3441 4427
3441 4429
3442 4438
3442 4442
3443 3447
3443 4478
3444 4464
3444 4458
3444 4465
3444 4477
3445 3446
3445 4478
3448 3449
3449 6293
3450 3452
3450 6468
3454 3455
3455 6236
3455 4787
3456 4787
3456 4785
3456 4786
3457 3458
3459 3460
3459 4033
3460 4033
3461 6045
3461 3462
3462 6051
3462 6052
3463 3464
3463 6051
3463 6049
3464 6048
3464 6047
3465 6047
3465 6355
3466 6396
3466 3729
3467 6400
3467 6401
3468 6357
3469 3471
3469 3473
3471 3473
3471 3472
3472 6497
3474 3477
3477 5858
3478 3479
3479 5857
3480 5857
3480 3481
3482 6380
3484 3485
3484 4731
3485 4140
3485 3488
3486 4733
3486 4732
3487 4732
3487 3489
3488 4728
3488 3489
3488 4140
3489 4729
3490 5949
3490 3491
3491 4606
3492 3496
3493 3494
3495 3497
3495 3652
3498 3504
3500 3502
3500 3503
3501 3504
3501 3502
3502 3503
3504 3505
3505 5374
3505 5405
3505 5950
3506 3507
3506 4624
3506 4620
3507 4622
3507 3508
3509 4064
3510 3830
3511 5427
3513 3514
3514 5424
3514 4319
3515 4446
3516 3517
3516 4446
3519 4112
3519 4111
3521 5721
3522 5729
3522 5274
3523 5277
3524 3525
3526 3527
3526 4238
3528 3529
3528 3761
3529 3761
3529 3530
3530 3531
3531 4235
3531 6280
3532 5754
3532 3533
3533 4145
3534 3535
3534 4227
3535 5288
3537 3655
3537 4139
3539 5062
3540 3541
3542 6548
3542 4830
3543 5578
3543 5580
3544 4830
3544 3879
3544 3556
3544 4024
3545 3546
3545 3548
3545 3549
3546 3550
3546 3551
3547 3555
3548 3549
3548 3550
3549 3564
3550 3551
3551 3569
3552 3564
3553 3554
3553 3556
3554 3555
3556 3559
3557 4519
3557 3558
3558 3586
3559 3560
3560 3567
3561 3563
3562 3563
3563 3565
3564 3582
3565 3566
3565 4412
3567 4415
3568 4025
3568 3571
3568 3569
3569 3570
3569 3571
3573 4153
3573 4412
3573 4517
3574 3978
3574 3977
3575 3664
3575 3661
3576 3665
3576 3664
3577 3578
3577 3665
3578 3579
3579 3580
3580 3581
3582 4121
3582 3584
3583 4121
3583 3585
3583 3586
3584 4874
3584 4873
3585 4873
3585 3586
3585 6536
3586 3587
3587 3588
3587 3589
3588 3589
3590 3591
3592 4771
3592 4774
3592 3766
3592 4770
3593 3594
3595 3596
3597 3649
3598 3650
3598 4660
3598 3603
3599 5503
3599 3601
3600 3604
3600 3601
3602 3604
3605 4961
3608 3691
3609 3610
3611 3614
3612 3613
3613 3616
3613 3615
3617 3618
3618 3619
3618 3620
3619 3624
3620 3621
3623 3624
3625 4354
3627 3628
3629 3631
3629 3630
3632 3633
3632 4095
3633 4104
3634 5558
3635 3637
3635 3636
3635 4571
3636 3637
3637 5916
3638 4960
3638 4966
3640 4068
3641 3644
3642 3643
3643 3645
3644 3645
3644 3646
3645 3647
3646 3647
3648 4317
3649 3650
3651 5471
3654 4182
3655 6550
3655 4182
3658 3661
3658 3659
3659 3660
3659 3662
3660 3663
3660 4082
3661 3662
3662 3663
3663 3685
3668 3669
3669 3670
3670 3672
3671 3676
3671 3672
3672 3673
3673 3674
3673 3675
3674 3675
3675 3676
3675 3677
3676 3677
3677 3678
3679 3680
3680 3681
3680 3682
3681 3764
3682 3764
3683 4032
3683 3684
3686 3687
3690 3971
3690 3691
3693 3694
3693 3695
3694 3695
3695 5722
3696 4238
3696 4014
3698 3699
3700 3705
3700 4955
3701 3703
3701 3702
3701 5158
3704 3705
3705 3706
3706 3707
3706 5559
3708 3711
3708 3710
3709 6043
3709 6094
3712 3713
3712 3714
3715 3716
3718 3720
3719 3721
3720 3727
3720 3725
3721 3722
3721 3723
3722 3724
3722 3726
3725 4360
3725 3727
3727 3728
3729 6335
3729 6402
3730 6402
3730 6335
3730 6054
3731 6395
3731 6396
3733 3734
3733 3735
3735 3736
3735 3737
3736 3737
3736 6379
3737 3739
3738 3739
3740 3741
3742 3743
3743 3744
3743 6385
3746 3747
3747 4857
3750 6126
3751 3754
3752 3753
3753 3755
3757 4657
3758 3759
3760 3763
3761 6279
3762 3763
3765 4314
3765 5201
3766 4770
3767 4769
3767 3768
3767 3769
3768 3769
3771 3773
3771 4714
3771 4930
3772 4930
3772 4715
3773 4714
3774 3775
3776 4716
3776 3777
3777 4719
3777 4718
3778 4718
3779 3780
3781 3782
3784 3785
3786 3787
3788 3793
3789 3794
3790 5411
3791 3792
3795 5228
3795 5230
3795 5231
3796 5960
3796 5959
3797 5228
3799 5641
3799 4659
3799 3800
3802 3804
3803 3804
3805 3806
3805 5642
3806 5443
3806 3808
3807 5642
3810 3810
3810 3811
3811 5426
3812 3861
3812 3862
3814 3815
3815 3816
3817 5270
3817 4117
3818 3824
3819 3822
3819 3823
3819 3820
3820 3823
3821 3832
3821 3827
3821 5275
3822 3825
3823 3825
3824 5414
3825 3828
3826 3827
3827 3835
3829 3831
3829 5431
3829 5432
3830 3831
3830 4610
3830 5425
3831 4320
3832 3833
3833 4020
3833 4017
3834 3836
3834 3837
3835 3840
3835 3837
3836 3841
3836 3839
3837 3841
3837 3842
3838 3840
3839 3843
3839 3844
3840 3842
3841 3843
3841 3846
3842 3849
3842 3846
3843 3845
3843 3848
3844 3845
3844 3847
3845 3847
3845 3851
3846 3852
3846 3848
3847 3850
3847 3853
3848 3854
3848 3851
3849 3852
3850 3857
3850 4020
3851 3855
3851 3853
3852 3854
3853 3856
3854 3855
3855 3856
3858 4289
3859 3860
3861 3862
3862 3863
3864 5665
3864 3868
3864 3865
3865 3866
3865 5671
3866 5508
3866 5660
3867 5676
3868 3869
3868 5666
3869 5671
3869 5666
3870 5678
3870 5680
3871 3872
3871 5788
3871 5693
3871 5783
3873 5780
3873 5693
3874 4134
3874 4133
3875 3876
3875 4831
3875 6563
3875 4025
3876 3877
3876 6561
3877 6561
3877 4831
3878 4831
3878 4832
3878 6562
3878 6563
3879 4179
3879 4171
3883 4052
3883 3884
3884 4324
3884 3886
3885 3890
3885 3887
3886 3888
3886 4149
3887 3888
3887 4149
3888 4325
3889 3891
3890 4040
3890 3891
3891 4040
3892 3897
3892 3893
3892 6502
3893 3894
3893 4151
3893 4150
3894 4390
3894 4389
3895 3897
3896 4389
3896 6501
3896 3898
3897 6504
3898 6505
3899 6506
3899 3903
3900 6505
3900 3901
3900 3902
3901 6506
3901 3902
3902 6507
3903 3904
3904 3905
3905 6507
3906 6448
3907 3908
3908 3911
3909 3910
3909 3927
3910 6541
3911 3912
3912 6275
3913 6238
3913 6265
3913 6275
3914 4059
3915 3917
3916 3917
3918 5869
3919 5776
3920 3921
3920 4868
3922 3924
3922 3923
3923 4900
3924 3925
3924 4856
3925 3926
3925 3932
3927 6560
3928 6560
3928 6542
3928 6543
3928 4181
3929 6554
3929 4176
3930 6267
3930 6266
3930 5576
3931 3932
3933 3935
3937 3964
3939 3940
3940 3941
3940 3942
3943 5894
3943 5904
3944 3945
3944 5860
3944 4437
3945 5894
3945 4480
3946 3949
3947 3948
3948 3949
3949 3950
3951 3952
3952 3954
3953 3954
3954 3956
3955 6316
3955 6317
3955 3956
3956 6065
3957 3959
3957 3958
3957 4126
3958 4128
3958 3960
3959 5909
3959 4006
3960 5910
3960 4124
3961 4125
3961 4391
3962 3963
3963 3964
3964 3965
3968 3969
3968 4551
3970 3971
3971 5799
3972 3973
3973 4533
3974 5638
3974 4327
3974 3975
3975 3977
3976 3979
3977 3978
3978 4870
3979 6225
3979 3985
3980 3992
3980 5052
3981 6227
3981 6225
3982 6227
3983 3984
3984 3988
3984 3986
3985 3989
3985 3987
3986 3988
3986 3987
3987 3989
3988 3990
3989 3991
3990 3991
3990 3992
3991 3992
3993 3994
3993 3997
3994 3996
3994 3995
3997 3999
3998 3999
3999 4000
4002 4004
4002 4003
4003 4004
4005 4126
4005 5259
4005 4128
4006 4391
4006 4124
4007 4008
4009 4010
4011 4576
4011 4013
4011 4012
4013 4074
4013 4576
4015 4344
4015 4214
4016 5268
4016 4064
4017 4018
4017 4116
4018 4019
4018 5936
4019 5937
4021 4153
4021 4413
4022 4023
4025 6564
4026 4496
4026 4027
4027 4029
4027 4028
4029 4497
4030 4031
4030 6361
4032 6345
4032 4033
4034 4314
4035 4575
4035 4251
4035 4315
4035 4252
4036 4823
4036 4824
4036 4315
4036 4818
4037 4823
4038 5755
4038 6142
4039 4195
4041 4042
4042 4043
4043 4724
4044 5972
4045 4149
4047 4048
4048 5969
4050 4051
4050 5779
4053 5770
4054 5974
4054 5980
4055 6418
4055 4056
4057 4058
4061 4062
4061 4063
4061 4347
4063 4348
4064 5271
4065 4066
4065 5361
4066 4067
4069 5642
4070 4071
4070 5472
4071 4072
4072 5277
4073 4074
4073 4161
4074 4914
4074 4915
4075 4076
4075 4162
4075 4077
4076 4079
4076 4078
4077 4079
4079 4080
4080 4082
4080 4081
4084 4241
4087 6480
4088 4243
4088 4244
4089 6242
4090 4101
4090 4100
4090 4102
4091 4102
4091 4096
4091 4098
4092 4093
4093 4094
4093 4099
4094 4096
4094 4099
4095 5564
4095 4102
4096 4099
4097 4101
4101 4103
4104 6350
4105 4107
4106 4573
4108 4109
4111 4113
4114 5936
4114 5273
4117 5286
4117 5277
4118 4119
4122 4871
4122 4870
4124 4125
4125 4391
4125 5910
4126 4128
4126 5909
4127 5587
4127 5909
4127 5586
4128 5910
4129 5250
4129 4389
4129 4390
4131 4132
4133 5786
4133 5776
4134 5780
4134 5786
4135 4136
4136 4154
4137 5176
4137 4138
4137 4140
4138 5184
4138 5502
4141 5502
4142 6497
4144 4850
4145 4147
4145 4146
4152 4725
4152 4724
4153 6569
4156 4216
4157 4158
4159 6208
4159 4308
4160 4161
4160 5058
4160 4162
4161 4163
4163 4164
4165 4166
4165 4168
4166 4167
4167 4168
4169 4170
4171 4830
4172 5583
4173 4520
4173 4177
4174 4175
4174 6551
4174 4521
4175 6550
4176 6544
4176 6547
4176 4177
4177 5063
4178 6535
4179 6535
4180 6537
4181 6554
4182 6551
4183 5580
4183 4184
4184 6563
4184 4185
4186 4187
4187 4188
4187 4190
4189 4191
4190 4681
4192 4193
4194 6449
4197 4198
4198 5602
4199 4838
4199 6126
4199 6292
4200 4202
4200 4201
4200 5624
4201 4202
4201 4203
4202 4203
4203 4204
4204 5493
4205 6303
4206 4207
4206 4836
4207 4208
4208 4209
4210 4211
4210 5062
4212 4213
4214 4215
4216 4810
4216 4219
4217 4540
4217 4535
4218 4524
4218 4523
4218 4538
4219 4538
4219 4661
4219 4524
4219 4537
4220 4221
4220 5922
4220 5924
4221 4880
4222 6277
4222 4223
4224 5828
4224 5829
4224 5824
4225 5824
4225 4228
4225 5820
4226 4233
4226 4234
4226 4227
4227 4234
4228 5826
4228 5823
4229 5831
4229 5823
4229 5820
4229 4231
4230 4232
4230 5826
4230 5822
4231 5822
4231 4233
4232 5821
4233 5834
4233 5821
4234 5835
4235 6281
4236 4514
4236 5748
4236 4579
4236 5747
4237 5718
4237 4514
4239 4417
4239 4240
4240 4347
4242 4244
4242 4243
4243 4244
4245 4247
4245 4246
4246 4818
4246 4247
4247 4248
4248 4249
4248 4250
4251 5212
4251 4255
4252 4253
4252 4254
4255 4575
4255 4311
4256 4575
4257 4263
4257 4261
4257 4267
4257 4309
4258 4261
4258 4267
4259 4309
4259 4263
4260 5763
4260 4264
4261 4570
4262 4892
4262 4263
4264 4268
4264 4267
4265 4268
4265 4269
4266 4271
4266 5164
4267 4268
4268 4269
4270 4271
4270 5763
4271 5162
4272 5165
4272 5762
4272 5163
4273 5761
4273 5762
4274 5452
4274 4277
4275 4858
4276 4277
4276 4858
4277 4858
4278 4280
4279 4280
4279 4662
4280 4284
4281 4287
4282 4286
4283 4284
4284 4286
4285 4286
4286 4287
4289 5737
4290 4294
4291 4293
4291 4294
4292 4293
4293 4294
4295 4297
4295 4296
4296 4297
4297 4298
4299 4300
4300 4301
4302 4305
4303 4307
4303 4304
4304 4306
4304 4305
4305 4306
4306 4307
4308 6283
4309 4570
4310 5631
4310 5629
4311 4313
4311 5206
4312 4826
4312 4819
4312 4817
4313 4575
4313 4314
4315 4826
4316 6216
4316 6215
4318 4839
4319 4320
4319 5407
4320 4321
4322 5361
4322 5635
4326 4327
4327 5548
4328 4329
4329 5638
4331 5552
4332 5633
4334 4335
4336 5468
4337 5468
4339 4340
4341 4342
4341 4343
4344 4351
4344 4348
4345 4353
4345 4418
4345 4352
4346 4347
4347 4417
4348 4349
4349 4350
4349 4418
4350 4351
4350 4352
4351 4352
4354 6183
4355 4676
4357 4359
4357 4366
4357 6142
4358 4359
4358 4388
4358 6142
4361 4362
4361 4864
4361 4862
4362 4865
4362 4866
4364 6357
4365 6357
4366 4367
4366 5624
4367 6209
4368 6153
4369 4370
4371 4372
4372 4405
4373 4374
4375 4376
4376 4378
4377 4378
4379 6141
4380 4382
4380 6138
4380 4383
4381 4381
4381 6137
4383 6144
4384 4385
4386 4388
4387 4388
4390 5930
4391 5909
4393 4395
4393 4394
4394 4395
4395 4662
4396 6276
4398 4399
4399 4400
4400 4402
4401 4402
4405 4406
4407 4450
4408 4448
4409 4821
4409 4411
4409 4410
4409 4820
4410 4410
4411 4411
4412 4413
4413 4414
4414 4415
4416 6138
4416 6130
4417 5485
4419 4420
4421 4754
4422 6099
4422 5648
4422 5714
4423 6099
4424 5898
4424 6099
4424 5712
4426 4429
4426 4427
4426 4488
4428 4435
4429 4430
4430 4431
4431 4432
4432 4487
4432 4433
4433 4487
4434 4435
4434 5892
4435 4436
4436 4444
4436 4443
4437 4929
4438 4445
4439 4440
4440 4442
4440 4441
4444 5892
4446 5877
4447 4448
4447 5877
4448 4451
4449 4456
4449 4454
4452 4481
4452 4454
4452 4455
4452 4453
4453 5878
4454 4455
4455 4456
4455 4459
4457 4459
4458 4473
4458 4459
4459 4460
4460 4464
4461 4463
4462 4463
4463 4464
4463 4465
4465 4479
4466 4467
4467 4472
4467 4477
4467 4479
4469 4974
4469 4973
4469 4975
4470 4973
4470 5715
4470 4471
4470 6107
4471 5895
4471 4476
4471 6106
4472 4473
4472 4476
4473 4477
4474 5899
4474 4480
4475 4476
4480 5901
4481 4482
4482 4483
4483 4485
4483 5860
4484 4485
4484 4491
4485 4486
4489 5753
4490 4491
4492 4495
4492 4494
4493 4495
4496 4497
4498 4499
4498 5796
4498 5795
4500 4967
4501 4502
4503 5168
4504 4505
4505 4506
4507 4508
4509 4510
4511 4578
4511 4512
4513 5707
4513 4578
4514 5718
4516 5067
4516 5065
4517 4518
4517 6569
4518 6568
4521 6553
4523 4541
4524 4541
4525 4527
4525 4530
4525 4815
4526 4816
4526 4531
4527 4529
4527 5009
4528 4815
4529 4815
4530 4531
4530 4816
4533 4536
4533 4540
4534 4539
4534 4536
4534 4540
4535 4537
4535 4539
4537 4538
4539 4540
4539 4661
4542 4543
4544 5025
4544 5028
4544 4545
4544 5022
4545 5021
4545 4546
4546 4547
4546 5018
4546 5020
4547 5017
4547 4548
4548 5014
4548 5015
4549 5014
4549 5012
4550 4551
4550 4552
4552 4552
4556 4557
4558 4559
4561 4562
4564 5401
4564 5362
4564 5470
4564 5469
4565 5403
4565 5404
4565 5467
4565 5466
4566 4567
4567 4568
4567 4569
4572 4573
4576 4914
4577 4578
4577 4579
4577 5748
4579 4976
4580 4584
4581 6321
4581 4583
4581 4582
4582 4583
4583 4584
4585 4586
4585 4591
4586 4587
4586 4591
4587 4588
4588 4589
4589 4590
4590 4591
4592 4593
4594 4599
4594 4595
4595 4598
4596 4598
4596 4597
4597 4599
4599 5530
4600 4601
4601 4603
4602 4603
4604 4605
4604 5949
4605 4606
4605 4607
4605 5953
4606 4608
4607 4608
4609 5405
4609 4613
4610 4615
4610 4611
4611 4615
4611 4623
4612 4616
4612 4619
4613 4617
4614 4616
4614 4624
4616 4618
4617 4618
4619 4623
4619 4620
4620 4623
4620 4624
4621 4622
4622 4624
4625 4627
4625 4626
4626 4627
4628 4633
4629 4630
4630 4631
4631 4632
4632 4640
4632 4638
4635 4637
4635 4639
4636 4637
4637 4638
4637 4640
4638 4639
4642 4646
4642 4645
4643 4652
4643 4656
4643 4654
4644 4650
4644 4649
4644 4652
4645 4913
4645 4650
4646 4648
4646 4649
4647 4653
4647 4654
4647 4648
4648 4649
4649 4650
4650 4912
4651 5494
4651 4655
4651 4656
4652 4654
4652 4655
4653 4654
4655 4656
4657 4658
4659 5641
4660 5503
4662 6219
4663 4666
4663 4667
4664 4665
4664 4668
4665 4667
4666 4668
4669 4671
4669 4670
4670 4671
4672 4673
4674 6233
4675 4677
4675 4676
4676 4677
4678 4679
4678 4680
4679 4684
4680 4683
4681 4683
4682 4683
4684 4685
4685 5574
4685 4686
4686 4691
4686 4687
4687 5573
4687 5575
4688 4689
4688 5573
4689 4690
4692 4698
4692 4705
4693 4698
4694 4696
4695 4696
4696 4697
4697 4698
4699 4708
4699 4706
4700 4701
4700 4710
4701 4708
4701 4702
4702 4706
4702 4704
4703 4704
4704 4705
4706 4707
4708 4709
4709 4711
4709 4710
4712 4713
4714 4930
4715 4930
4716 4719
4716 4717
4719 6457
4720 4721
4721 4722
4722 4723
4727 4731
4727 4730
4728 4729
4728 6553
4730 4731
4732 4733
4734 4749
4734 4735
4734 4747
4735 4740
4736 4737
4736 4742
4737 4738
4737 4739
4738 4747
4740 4741
4740 4742
4741 4750
4743 4745
4744 4745
4744 4750
4746 4747
4746 4749
4746 4748
4752 4753
4753 6326
4754 4756
4755 4756
4756 4757
4757 4759
4757 4758
4760 4761
4760 4763
4761 4767
4762 4765
4762 4763
4763 4768
4763 4764
4764 4765
4764 4768
4766 4767
4766 4768
4767 4768
4770 4773
4771 4772
4771 4774
4773 4774
4775 4780
4775 4779
4776 4778
4777 4778
4779 4780
4779 4784
4780 4783
4781 4782
4781 4784
4782 4785
4783 6235
4783 4851
4784 4851
4784 4785
4785 4851
4786 4851
4786 6235
4787 6237
4787 6236
4788 4789
4790 4797
4790 4802
4791 4802
4791 4801
4792 4796
4792 4798
4792 4803
4793 4794
4797 4805
4797 4806
4798 4804
4798 4803
4799 4800
4799 4804
4800 4801
4800 4804
4801 4802
4801 4805
4802 4805
4803 4804
4803 4806
4805 4806
4807 4808
4807 4812
4808 4809
4808 4813
4809 4810
4809 4813
4810 4811
4811 4814
4812 4813
4812 4814
4813 4814
4815 4816
4817 5214
4817 4826
4818 4823
4819 4820
4819 4825
4820 4825
4821 4822
4822 4823
4822 4824
4822 4825
4824 4826
4824 4825
4828 6389
4828 4829
4830 5585
4835 4836
4835 6252
4836 6303
4840 4841
4841 4842
4845 4846
4847 4848
4851 6235
4853 4854
4855 5906
4857 4857
4859 4859
4860 4861
4860 6053
4862 4863
4863 6054
4863 4864
4864 6355
4865 4866
4866 6404
4867 6324
4867 4867
4869 6325
4869 6324
4870 5061
4871 4872
4872 4914
4873 6536
4873 4874
4874 5138
4875 4877
4876 4877
4881 4882
4882 4883
4884 4886
4885 4887
4888 4890
4888 4889
4890 4890
4891 4892
4893 4902
4894 4904
4895 4899
4896 4901
4897 4903
4898 6421
4898 6422
4899 4902
4902 6038
4902 6423
4905 4906
4909 4910
4915 5797
4915 5220
4915 5219
4916 5225
4916 5226
4916 4917
4918 4919
4918 4918
4919 5494
4923 6167
4923 4924
4925 6288
4926 6288
4926 4927
4926 6289
4931 5853
4932 4936
4932 4937
4933 4934
4938 4940
4939 4940
4944 4945
4945 5854
4947 4948
4947 5772
4948 5777
4949 4950
4951 4954
4951 4955
4952 4953
4953 4954
4957 4959
4958 4959
4963 4966
4964 4966
4964 4965
4971 4972
4974 5715
4976 5708
4979 4980
4980 5721
4981 4983
4982 4983
4983 4985
4984 4985
4985 4987
4986 4987
4990 4991
4992 5291
4992 4994
4993 4994
4996 4997
5000 5001
5001 5003
5002 5003
5003 5005
5004 5005
5008 5009
5010 5037
5013 5014
5016 5018
5018 5019
5023 5034
5023 5024
5025 5034
5025 5026
5027 5028
5028 5030
5029 5030
5032 5033
5032 5034
5032 5035
5036 5037
5040 5042
5040 5107
5041 5042
5041 5108
5041 5111
5042 5112
5043 5044
5044 5056
5045 5046
5046 5049
5046 5548
5047 5048
5048 5049
5048 5549
5050 5051
5051 6539
5053 5053
5055 5056
5056 5060
5057 5058
5059 5061
5060 5061
5063 5064
5063 6547
5064 6548
5065 5757
5066 5067
5067 5759
5068 5069
5069 5756
5069 5757
5070 5071
5072 6433
5073 5084
5074 5082
5075 5085
5077 5096
5078 5090
5079 5098
5080 5091
5081 5092
5082 5100
5082 5106
5083 5094
5084 5086
5086 5098
5086 5095
5088 5094
5090 5091
5090 5103
5091 5093
5092 5106
5092 5096
5093 5097
5094 5100
5094 5102
5113 6190
5113 5114
5116 5117
5118 5119
5119 5122
5121 5122
5122 5124
5123 5124
5126 5132
5127 5129
5128 5129
5129 5131
5130 5131
5131 5132
5133 5134
5134 5135
5138 5143
5139 5145
5139 5142
5140 5141
5141 5142
5142 5144
5143 5145
5143 5144
5144 5145
5146 5151
5146 5147
5146 5148
5147 5149
5147 5148
5147 5817
5148 5155
5149 5150
5151 5155
5152 5153
5153 5154
5154 5156
5159 5160
5160 5161
5162 5163
5162 5164
5163 5165
5164 5167
5165 5166
5166 5762
5166 5167
5167 5761
5170 6267
5172 5173
5175 5177
5175 5179
5176 5183
5176 5182
5177 5178
5178 5180
5178 5179
5179 5181
5180 5182
5180 5181
5181 5183
5182 5183
5184 5186
5184 5185
5185 5186
5187 5188
5187 5189
5190 5735
5190 5191
5192 5331
5192 5333
5192 5733
5193 5734
5194 5195
5196 5197
5198 5199
5200 5202
5201 5204
5201 5206
5202 5204
5202 5203
5203 5203
5204 5205
5205 5205
5206 5207
5207 5209
5207 5208
5209 5211
5210 5211
5212 5214
5212 5213
5213 5213
5214 5215
5216 5217
5218 5220
5218 5225
5218 5221
5218 5223
5219 5797
5219 5221
5220 5797
5220 5222
5221 5797
5222 5223
5224 5225
5227 5228
5229 5230
5232 5233
5233 5235
5234 5235
5236 5237
5238 5239
5238 5242
5239 5240
5241 5243
5242 5243
5243 5244
5246 5247
5249 5250
5250 5910
5251 5252
5252 5255
5253 5254
5254 5589
5254 5255
5255 5497
5256 5497
5256 5257
5256 5263
5257 5258
5257 5588
5258 5258
5259 5263
5259 5260
5261 6501
5262 5263
5264 5265
5265 5265
5266 5283
5266 5338
5266 5337
5267 5268
5267 5272
5267 5278
5268 5271
5268 5282
5269 5273
5269 5280
5269 5276
5270 5275
5270 5286
5271 5366
5272 5366
5273 5283
5274 5732
5275 5280
5276 5283
5276 5281
5279 5639
5280 5284
5281 5334
5283 5937
5284 5286
5287 5732
5288 5289
5290 5291
5291 5292
5293 5752
5294 5295
5295 5296
5295 5297
5298 5299
5298 6282
5299 6282
5300 5304
5300 6301
5300 5302
5301 5698
5302 5303
5302 5698
5304 5305
5306 5310
5307 5309
5307 5323
5308 5309
5309 5310
5311 5312
5311 5314
5312 5313
5313 5314
5315 5317
5315 5323
5315 5316
5317 5325
5318 5322
5318 5325
5318 5324
5319 5320
5319 5321
5320 5329
5321 5322
5322 5327
5323 5327
5325 5326
5327 5328
5332 5333
5334 5337
5334 5335
5336 5337
5338 5339
5338 5342
5339 5340
5339 5343
5340 5344
5340 5341
5341 5344
5341 5347
5342 5348
5342 5343
5343 5344
5345 5347
5346 5347
5348 5349
5348 5937
5350 5351
5351 5439
5351 5389
5351 5353
5352 5439
5352 5463
5352 5441
5354 5355
5356 5357
5356 5358
5359 5360
5360 5635
5360 5361
5362 5365
5362 5469
5362 5363
5364 5365
5366 5367
5368 5370
5368 5369
5369 5371
5370 5372
5370 5371
5371 5373
5372 5373
5374 5950
5375 5950
5375 5376
5375 5377
5378 5379
5379 5383
5379 5380
5381 5382
5381 5383
5381 5385
5383 5384
5385 5469
5385 5399
5386 5552
5387 5554
5388 5389
5390 5391
5391 5393
5391 5409
5392 5393
5394 5395
5395 5470
5396 5397
5397 5398
5400 5401
5402 5467
5403 5466
5404 5466
5405 5406
5408 5409
5410 5411
5411 5412
5415 5478
5415 5416
5416 5422
5416 5420
5416 5634
5417 5418
5417 5422
5417 5421
5419 5420
5420 5421
5421 5422
5423 5424
5426 5427
5428 5429
5430 5431
5433 5434
5433 5436
5435 5436
5438 5439
5440 5441
5441 5442
5445 5448
5446 5450
5446 5448
5447 5448
5449 5450
5452 5453
5455 5456
5456 5458
5457 5458
5458 5460
5459 5462
5460 5462
5461 5462
5463 5464
5464 5465
5466 5950
5467 5468
5468 5469
5470 5471
5471 5472
5473 5474
5474 5687
5476 5477
5478 5634
5479 5482
5479 5483
5479 5484
5480 5481
5480 5482
5480 5635
5481 5483
5481 5634
5482 5483
5486 5487
5488 5489
5491 5636
5491 6291
5493 5493
5495 5496
5496 5929
5496 5497
5498 5499
5500 5546
5500 5500
5501 5502
5505 5790
5505 5789
5507 5509
5507 5508
5507 5511
5508 5509
5509 5510
5510 5511
5510 5660
5512 5525
5513 5515
5513 5525
5514 5520
5514 5533
5515 5520
5515 5516
5516 5517
5516 5519
5518 5521
5519 5521
5519 5520
5521 5522
5522 5522
5523 5524
5526 5528
5526 5529
5527 5529
5527 5528
5530 5531
5532 5541
5533 5535
5534 5535
5535 5539
5536 5537
5537 5537
5538 5539
5539 5541
5540 5541
5542 5543
5543 5959
5543 5946
5545 5546
5547 5548
5550 5551
5558 5562
5561 6347
5563 5564
5564 5565
5569 5570
5570 5571
5570 6471
5571 6471
5572 5573
5577 5578
5578 6548
5579 5580
5580 5581
5582 5583
5583 5585
5584 5585
5588 5588
5590 5829
5592 5605
5592 5604
5593 5604
5593 5600
5594 5595
5594 5598
5594 5610
5595 5600
5595 5599
5596 5605
5596 5597
5596 5599
5597 5601
5597 5609
5598 5611
5598 5603
5599 5604
5600 5604
5600 5610
5601 5606
5601 5603
5602 5607
5602 5606
5603 5607
5605 5609
5605 5608
5606 5607
5607 6292
5608 5609
5610 5611
5611 6292
5612 5624
5613 5930
5614 5621
5615 5616
5616 5618
5616 5840
5617 5618
5619 5620
5621 5622
5622 5623
5622 6165
5627 5774
5627 5631
5628 5630
5628 5629
5628 5774
5629 5630
5632 5905
5633 5905
5637 5638
5640 5641
5643 5644
5648 5714
5649 6104
5649 6097
5652 6104
5653 5654
5655 5658
5656 5657
5657 5742
5657 5740
5659 5663
5659 6100
5660 5663
5661 5662
5662 5664
5663 5664
5666 5676
5668 5669
5668 5670
5670 5677
5670 5671
5672 5673
5672 5681
5672 5682
5673 5674
5673 5788
5676 5677
5677 5782
5684 5686
5685 5686
5686 5687
5687 5691
5688 5688
5688 5689
5689 5691
5689 5690
5692 5692
5696 5697
5697 6571
5698 5699
5700 5704
5701 5702
5703 5705
5704 5705
5704 5720
5705 5718
5706 6280
5706 5707
5706 5708
5707 6281
5708 5709
5709 5710
5709 6279
5711 5751
5711 5749
5712 5713
5715 6105
5715 6103
5716 5717
5718 5719
5724 5728
5725 5726
5725 5728
5726 5727
5728 5737
5729 5735
5729 5733
5730 5731
5731 5734
5732 5733
5733 5736
5734 5736
5735 5736
5741 5742
5742 5743
5744 5745
5746 5746
5750 5752
5753 5855
5758 5759
5760 5979
5760 5974
5761 5762
5764 5766
5765 5766
5766 5768
5767 5769
5767 5768
5768 5769
5771 5772
5779 5849
5779 6455
5780 5781
5781 5787
5781 5786
5783 6532
5784 5787
5790 5791
5798 5799
5800 5801
5803 6148
5803 5804
5804 6149
5804 6162
5805 5806
5805 5872
5805 6149
5806 5875
5806 6148
5807 5872
5808 5809
5809 5810
5809 5811
5811 5812
5811 5814
5813 5814
5814 5815
5816 5818
5819 6062
5819 6057
5820 5823
5820 5825
5821 5835
5821 5822
5822 5827
5823 5827
5824 5837
5825 5837
5825 5829
5825 5832
5826 5827
5827 5830
5828 5829
5833 5835
5836 5837
5839 5840
5841 5842
5842 6163
5844 5845
5845 6147
5845 5846
5846 5847
5846 6165
5849 6450
5850 5851
5852 6454
5852 6023
5854 6305
5857 5858
5859 5860
5862 5863
5866 5867
5870 6212
5871 5872
5873 5873
5873 5874
5876 5877
5877 5878
5879 5880
5879 5879
5882 5985
5882 5883
5882 5983
5883 5886
5883 5993
5884 5885
5885 5993
5885 5983
5886 5982
5888 5889
5891 5892
5893 5894
5897 5898
5900 5901
5901 5902
5902 5903
5902 5904
5915 5916
5917 5920
5918 5919
5918 5920
5920 5921
5922 5923
5923 5923
5924 5928
5924 5925
5925 5927
5925 5926
5930 5934
5931 5932
5931 5934
5931 5933
5934 5935
5936 5937
5938 5939
5939 5961
5943 5944
5944 5946
5945 5946
5947 5948
5947 5949
5952 5953
5955 5957
5956 5957
5958 5959
5963 5964
5966 5966
5970 5971
5974 5975
5974 5981
5976 5980
5976 5976
5977 5981
5977 5979
5977 5978
5980 5981
5983 5986
5984 5987
5985 5986
5986 5987
5988 5989
5989 5995
5990 5992
5991 5992
5992 5993
5994 5995
5995 5996
5996 5997
5998 6001
5999 6000
6000 6001
6001 6003
6002 6003
6003 6032
6004 6005
6006 6007
6007 6017
6007 6018
6008 6009
6011 6012
6014 6015
6016 6018
6018 6020
6019 6020
6022 6023
6026 6027
6029 6031
6030 6031
6031 6032
6035 6036
6040 6041
6041 6053
6041 6406
6042 6043
6046 6047
6050 6051
6052 6053
6052 6406
6054 6055
6055 6407
6055 6356
6056 6056
6057 6063
6057 6059
6059 6076
6060 6061
6062 6063
6064 6066
6065 6318
6065 6066
6066 6068
6067 6068
6067 6067
6068 6069
6069 6071
6069 6319
6070 6071
6070 6072
6070 6073
6071 6073
6074 6075
6077 6079
6078 6079
6079 6080
6081 6459
6082 6466
6082 6089
6083 6086
6084 6086
6084 6087
6084 6085
6087 6089
6087 6088
6088 6089
6091 6092
6095 6095
6095 6096
6098 6099
6100 6101
6100 6104
6101 6114
6101 6102
6101 6113
6102 6118
6102 6103
6102 6117
6103 6110
6108 6110
6109 6110
6111 6112
6112 6114
6114 6116
6115 6116
6116 6118
6119 6121
6120 6121
6122 6151
6127 6128
6127 6139
6127 6140
6129 6130
6131 6132
6132 6134
6133 6134
6135 6140
6136 6140
6137 6141
6137 6138
6138 6144
6140 6141
6148 6149
6148 6168
6149 6150
6150 6162
6150 6160
6150 6161
6151 6152
6151 6159
6154 6157
6154 6155
6156 6157
6157 6158
6158 6159
6159 6160
6164 6165
6167 6286
6168 6286
6169 6170
6171 6172
6172 6182
6173 6174
6174 6177
6174 6179
6175 6177
6176 6177
6176 6180
6176 6182
6178 6179
6179 6180
6180 6181
6183 6195
6184 6195
6184 6185
6184 6187
6186 6201
6187 6189
6187 6188
6188 6189
6188 6191
6189 6197
6190 6191
6191 6193
6192 6193
6193 6194
6195 6196
6197 6199
6197 6198
6199 6201
6200 6201
6202 6203
6203 6204
6203 6207
6204 6204
6205 6206
6205 6249
6208 6221
6210 6211
6214 6215
6214 6218
6214 6222
6215 6216
6217 6220
6217 6221
6218 6223
6218 6220
6219 6222
6219 6223
6220 6224
6221 6224
6221 6295
6222 6223
6223 6224
6224 6295
6225 6226
6227 6228
6230 6231
6231 6232
6234 6364
6234 6362
6235 6237
6237 6238
6238 6239
6239 6264
6240 6241
6242 6403
6244 6245
6252 6303
6253 6258
6253 6254
6256 6257
6259 6260
6261 6263
6262 6263
6266 6267
6268 6270
6269 6270
6270 6271
6272 6273
6279 6280
6280 6281
6285 6286
6287 6288
6293 6517
6294 6295
6300 6301
6306 6307
6309 6310
6311 6312
6312 6314
6312 6315
6313 6314
6318 6319
6320 6321
6322 6322
6324 6533
6325 6533
6326 6353
6327 6328
6328 6429
6328 6330
6330 6430
6330 6331
6333 6334
6335 6405
6336 6337
6337 6345
6337 6341
6338 6339
6339 6340
6339 6341
6341 6342
6342 6343
6344 6345
6346 6347
6346 6349
6348 6348
6348 6349
6352 6353
6353 6354
6355 6356
6356 6407
6359 6360
6362 6363
6366 6367
6367 6368
6370 6371
6377 6379
6382 6383
6383 6385
6384 6386
6385 6386
6386 6387
6390 6392
6391 6392
6395 6397
6396 6397
6397 6399
6398 6407
6398 6399
6399 6405
6401 6402
6405 6407
6410 6411
6414 6415
6415 6418
6417 6418
6419 6420
6425 6426
6428 6429
6432 6433
6434 6435
6436 6437
6437 6444
6442 6443
6446 6447
6450 6454
6458 6459
6461 6462
6462 6465
6463 6464
6464 6465
6470 6471
6474 6475
6475 6479
6476 6478
6477 6478
6478 6479
6479 6480
6488 6492
6489 6490
6491 6492
6493 6493
6495 6496
6498 6499
6500 6501
6503 6504
6505 6506
6506 6507
6508 6514
6508 6515
6511 6513
6512 6513
6513 6514
6517 6519
6518 6519
6522 6523
6522 6524
6523 6524
6523 6525
6524 6525
6525 6526
6529 6530
6534 6535
6539 6540
6540 6541
6542 6558
6544 6546
6545 6552
6545 6546
6549 6551
6549 6553
6550 6551
6552 6553
6552 6556
6554 6555
6556 6557
6558 6560
6559 6560
6561 6562
6562 6563
6563 6564
6564 6565
6567 6568
6570 6571
