0 347
0 346
0 985
0 996
1 433
1 1020
1 1006
2 97
2 90
2 263
3 91
3 375
3 654
4 601
4 316
4 786
5 376
5 601
5 361
6 584
7 380
7 77
7 144
8 699
8 382
8 74
9 146
9 385
9 322
10 385
11 886
11 865
11 884
12 13
12 888
12 506
13 168
13 1609
14 164
14 87
14 163
15 85
15 128
15 129
16 128
16 799
16 158
17 158
17 157
17 47
18 800
18 1125
18 803
19 1164
19 800
19 36
20 69
20 230
20 124
20 125
21 575
21 65
21 1025
22 986
22 1644
22 654
22 1638
23 205
23 204
23 216
24 603
24 206
24 1615
25 1187
26 526
26 161
26 86
27 969
27 167
28 787
28 1042
28 570
29 120
29 173
29 172
29 560
30 375
30 182
30 1011
31 419
31 1213
31 1220
32 76
32 467
32 579
33 823
33 578
33 469
34 469
34 1207
34 35
35 470
35 471
36 793
36 510
37 1655
37 1405
37 1418
38 100
38 321
38 1147
39 1387
39 100
39 1147
40 41
40 1366
40 739
41 1348
41 59
42 1561
42 394
42 1555
43 1474
43 44
43 1105
44 893
44 1105
45 452
45 815
45 1293
46 1452
46 1450
46 1212
47 85
47 159
48 300
48 70
48 49
49 303
49 546
50 841
50 842
50 329
51 841
51 782
51 289
52 782
52 781
52 1069
53 317
53 311
53 315
54 55
54 377
54 585
55 363
55 376
56 1135
56 1093
56 1437
57 1090
57 1079
57 1091
58 98
58 443
58 1350
59 1348
59 1376
59 1349
60 1468
61 277
61 283
61 274
62 288
62 289
62 269
63 107
63 108
63 174
63 827
64 67
64 259
64 438
65 974
65 260
66 260
66 805
66 68
67 261
68 261
68 1024
69 135
69 113
69 121
70 517
70 516
71 130
71 72
71 894
71 793
72 1164
72 789
73 472
73 473
73 468
73 509
74 547
74 590
75 398
75 76
75 382
76 590
77 467
77 1461
78 421
78 486
78 1283
79 324
79 389
79 359
80 81
80 1435
80 1438
81 82
81 1553
82 83
82 1554
83 84
83 1340
84 396
84 1231
85 159
86 164
86 165
87 163
87 160
88 168
88 89
88 520
89 170
89 168
90 262
90 809
91 316
91 92
92 1011
92 659
93 179
93 323
94 95
94 1027
94 667
95 1027
95 1033
96 981
96 1638
96 655
97 1035
97 975
98 1463
98 956
99 1349
99 1350
99 443
100 810
101 1188
101 102
101 448
102 103
102 1166
103 104
103 1178
105 504
105 431
105 427
105 430
106 1025
106 108
106 1036
107 110
107 116
107 109
108 1233
109 540
109 575
109 1233
110 1610
110 115
110 540
111 1610
111 114
111 1605
112 430
112 119
112 118
112 114
113 136
113 138
113 124
114 1608
114 115
115 116
115 431
116 827
116 426
117 1609
117 118
117 1608
118 171
119 494
119 173
120 561
120 565
121 227
121 229
121 125
121 1633
122 230
122 504
122 123
122 494
123 505
123 976
123 125
124 231
125 977
126 852
126 851
126 1097
127 491
127 861
127 1042
128 129
129 163
130 236
130 131
131 1141
131 516
131 572
132 894
132 970
132 895
133 134
133 490
133 492
133 137
134 232
134 135
135 136
135 1633
136 137
136 493
137 493
138 559
138 139
139 231
139 798
140 485
140 1280
140 484
141 1587
141 456
142 143
142 501
142 379
143 486
143 379
144 389
144 455
145 383
145 387
145 1648
146 1267
146 152
147 148
147 1267
148 149
149 156
149 150
150 151
151 152
152 153
154 963
154 473
154 477
155 683
155 706
155 698
156 694
156 670
157 158
157 1398
159 459
160 162
160 802
161 162
161 969
162 802
164 165
165 166
166 799
166 526
167 1042
169 772
169 170
169 773
170 570
171 564
171 561
172 1041
172 1603
174 664
174 666
175 1010
175 179
175 664
176 1235
176 1010
176 663
176 828
177 1009
177 179
177 662
178 978
178 227
178 335
178 225
180 662
180 367
180 1047
181 660
181 1047
181 327
182 1640
182 660
183 201
183 225
183 1632
183 187
184 1411
184 202
184 211
185 187
186 193
186 1611
186 211
187 188
188 197
188 199
189 190
190 197
190 1616
190 192
191 224
191 223
191 1616
192 195
192 1612
193 194
193 205
193 204
194 208
194 206
195 224
195 196
195 1616
196 216
196 1613
196 1612
197 200
198 214
198 223
198 215
199 200
199 201
199 222
200 223
200 1616
201 221
201 627
201 1631
202 203
202 626
203 217
203 1611
204 1611
204 218
205 206
206 603
206 1615
207 208
207 210
207 434
208 209
209 1617
209 434
210 211
210 212
212 434
212 219
213 573
213 574
213 1411
214 222
214 217
215 218
215 216
215 224
217 218
219 1411
219 328
220 831
220 249
220 844
222 223
225 226
226 1627
226 227
228 335
230 231
231 494
232 233
232 1620
233 234
233 237
234 1620
234 243
235 236
235 518
235 896
236 239
237 1636
237 490
238 1260
238 241
238 242
239 241
239 1636
240 241
240 258
240 546
240 244
242 1636
242 248
243 248
243 556
243 249
243 247
244 246
244 248
245 1408
245 1152
245 246
246 546
246 1151
247 328
247 573
247 1635
249 328
250 251
250 843
250 831
251 557
251 830
252 253
252 830
252 1626
253 550
253 1626
254 832
254 256
254 257
255 257
255 843
255 256
256 844
257 550
259 338
259 264
259 974
260 804
261 807
262 370
262 519
263 264
263 1033
264 975
265 1244
265 535
265 541
266 833
266 299
266 878
266 298
267 834
267 279
267 299
267 274
268 270
268 269
268 298
269 287
270 878
270 1071
271 296
271 294
271 282
272 838
272 783
272 273
273 835
273 837
274 278
274 284
275 281
275 836
275 277
275 278
276 280
276 282
276 838
277 280
277 278
278 279
279 286
280 281
281 442
281 282
283 838
283 284
284 835
285 834
286 836
286 293
287 441
287 291
288 289
288 441
289 294
289 839
290 291
290 441
290 292
290 297
291 293
292 295
292 293
292 836
294 297
295 296
295 442
296 297
298 299
300 301
300 1412
301 302
302 1625
302 303
303 304
303 1624
305 714
305 318
305 307
306 307
306 1409
306 329
307 1625
308 317
308 311
308 312
308 318
309 313
309 315
309 495
309 317
310 1204
310 514
310 495
311 1069
312 313
312 1198
313 314
315 316
315 786
318 1378
318 841
319 1414
319 320
319 1145
320 652
320 321
320 1144
321 1413
321 810
322 384
322 387
323 1011
324 403
324 388
325 435
325 1022
325 341
325 996
326 436
327 1029
327 1639
328 1623
329 555
329 544
330 554
330 555
330 331
331 882
331 551
332 882
332 829
332 487
333 334
333 840
333 882
335 981
335 964
336 440
336 340
336 337
337 356
337 357
338 1026
338 1028
339 348
339 985
339 340
339 345
340 438
341 372
341 374
342 346
342 1023
342 1001
342 983
343 344
343 984
343 1026
344 345
344 983
345 982
346 1000
346 982
347 349
347 348
348 350
349 1022
349 350
350 352
351 353
351 1022
351 352
352 354
353 440
353 1021
354 355
354 1021
355 357
355 356
356 1021
356 357
358 400
358 381
358 1460
359 378
359 1458
360 362
360 581
360 363
361 376
361 362
362 363
363 376
364 393
364 365
364 366
365 391
365 393
366 392
366 394
367 661
367 588
368 432
368 369
369 809
369 370
370 371
371 519
372 373
372 374
373 436
373 992
374 992
374 439
375 658
377 1113
377 1380
378 379
378 400
379 380
380 457
381 1461
381 486
382 383
383 453
384 697
384 1653
385 386
386 387
388 581
388 1440
389 455
390 730
390 1212
390 1210
391 392
391 618
392 394
393 1203
393 1335
394 1426
395 1561
395 1559
395 1562
396 397
396 1231
397 1559
397 1338
398 399
399 1200
400 401
401 402
401 1202
402 402
403 455
403 454
404 1158
404 1326
404 1324
405 1380
405 1111
405 961
406 719
406 718
406 967
407 1294
407 893
407 735
408 1326
408 821
408 822
409 1321
409 1318
409 1158
410 415
410 413
410 1546
410 420
411 1445
411 1588
411 422
412 418
412 542
412 716
413 419
413 1548
414 478
414 416
414 417
415 420
415 419
416 1590
416 580
417 719
417 423
418 1275
418 1566
420 1547
421 1445
421 424
421 1446
421 1283
422 1318
422 481
423 1565
423 580
424 1282
424 1281
424 1283
425 1235
425 426
425 429
426 1045
427 428
427 1045
428 429
428 505
429 1030
430 431
431 1045
432 532
433 1003
433 1007
436 995
437 1014
438 1026
439 440
439 992
442 836
443 1350
444 810
444 447
444 1396
445 446
445 1352
445 1264
446 1222
446 1263
447 512
447 825
448 811
448 814
449 1228
449 1230
449 814
450 1229
450 1230
450 1227
451 1040
451 731
451 1552
452 731
452 1194
453 616
454 1037
454 973
456 457
456 1073
457 458
458 1073
458 1583
459 525
459 528
460 462
460 461
460 474
463 1547
463 465
463 466
464 579
464 465
464 599
465 599
466 467
466 579
468 472
468 548
469 1207
470 1539
470 471
471 578
472 547
472 473
474 475
474 1537
475 509
475 713
476 711
476 1192
476 713
477 706
477 963
478 1575
478 1578
479 1576
479 1575
479 577
480 483
480 481
480 482
481 1285
482 1576
482 1574
484 580
484 485
485 1279
487 832
487 553
488 571
488 540
488 1057
489 1057
489 575
489 804
490 895
491 491
492 971
493 559
495 1044
496 653
496 498
496 1044
497 576
498 639
498 645
499 500
500 1593
500 501
501 1587
502 1567
502 503
502 1569
503 1590
503 1588
503 1574
504 505
506 887
506 508
506 885
507 1237
507 508
507 769
508 1247
509 1207
510 1077
510 1419
511 1600
511 1076
511 1401
512 811
512 1129
513 950
513 1281
513 1218
514 515
514 784
515 786
515 785
516 572
517 896
517 518
518 572
519 807
520 564
520 565
521 867
521 523
521 522
522 523
523 868
524 1247
525 1053
526 1042
527 1241
528 531
528 530
529 531
529 530
529 968
530 802
531 1241
532 806
532 755
533 536
533 1149
533 705
534 752
534 541
534 751
535 1249
535 1187
535 768
536 702
536 701
537 702
538 539
538 1046
538 1186
539 1057
539 1150
540 571
541 1244
542 1082
542 715
543 1083
544 1410
544 549
545 1152
545 1153
545 557
547 548
548 1543
548 589
548 700
549 550
549 551
551 553
552 554
553 832
554 555
556 1153
556 1151
557 558
558 830
558 1410
559 1164
560 1104
560 562
561 563
562 569
562 787
563 565
563 564
565 566
566 567
566 568
566 1104
568 569
568 1104
569 570
571 850
573 1635
576 653
576 639
578 1515
581 583
582 1566
582 1287
582 1278
583 611
583 1278
583 584
584 585
585 1315
586 1037
586 1074
586 877
586 587
588 663
588 662
588 1010
589 700
589 590
591 597
591 1108
591 700
592 593
592 1108
592 594
595 597
595 1107
595 596
596 598
596 1547
597 598
598 599
600 601
602 606
603 604
605 606
606 986
607 964
608 1618
609 611
610 611
612 613
612 616
612 614
613 877
613 614
614 615
616 617
618 620
618 1317
619 620
619 621
619 623
620 622
621 1115
621 1114
622 623
624 625
624 1317
624 1124
626 1629
626 627
627 1628
628 629
628 639
628 632
629 630
629 1196
630 631
630 1269
632 634
632 637
633 634
634 635
635 636
635 638
636 637
639 1268
640 857
640 641
640 961
641 1313
641 1381
642 643
642 648
642 651
643 649
643 651
644 647
644 646
644 650
645 651
645 1204
646 648
646 647
647 649
648 649
652 1197
652 1148
653 1197
654 658
654 655
655 656
656 889
656 657
657 658
657 1637
659 1047
659 660
659 662
660 980
661 1639
661 663
663 1030
664 1009
665 667
665 666
665 1009
666 668
667 668
668 1034
669 671
669 670
669 675
670 1134
671 675
671 1656
672 674
672 679
673 676
674 1658
675 676
676 677
677 684
677 678
679 1256
679 1266
680 1257
681 1647
681 683
681 696
682 1658
682 685
682 847
683 688
683 694
684 685
684 686
685 1190
686 687
686 689
687 688
688 690
689 691
689 690
690 709
691 692
691 693
694 1652
695 1653
695 1652
695 1647
696 697
696 698
697 699
698 699
702 703
704 705
705 740
706 1536
707 709
708 710
709 711
710 712
710 1536
711 712
712 713
715 716
715 717
716 1439
717 967
717 1084
718 1321
718 1276
719 1285
720 1515
720 722
720 1523
721 1525
721 1523
721 1521
722 1517
722 1520
723 1519
723 725
723 724
724 728
724 727
725 1528
725 1219
726 1529
726 1526
726 1530
727 728
727 1529
728 730
729 730
729 1549
731 733
732 733
732 1428
732 1661
733 816
733 1434
734 1335
734 816
734 1336
735 820
735 821
736 1344
736 1488
736 1341
737 1486
737 1488
737 738
738 1494
738 1491
739 1346
739 1347
740 741
740 753
741 1245
741 743
742 1245
742 749
742 748
743 745
743 744
745 746
745 747
749 750
751 753
751 1242
753 754
755 760
755 756
756 761
756 759
757 758
757 763
757 762
758 759
758 761
759 760
760 767
761 762
762 764
763 764
763 765
764 766
765 766
767 768
769 770
769 1240
770 771
770 775
774 1185
774 1606
774 850
775 776
775 777
776 780
777 779
777 778
782 1071
787 1042
788 793
790 796
791 792
792 793
792 796
794 1425
794 1421
794 1422
795 1421
795 1141
795 796
797 860
798 801
798 851
799 860
800 801
801 1050
803 1048
803 1189
804 805
805 808
806 1024
806 808
807 1024
808 1234
809 1024
811 812
813 814
815 817
815 1210
816 1661
817 1443
817 1303
818 876
818 1296
818 1510
819 1296
819 820
819 1305
820 822
821 1311
822 1316
823 1220
823 824
825 826
825 1396
827 828
828 1235
829 1156
829 1136
830 1626
831 1153
833 879
834 835
843 844
845 1340
846 847
846 1434
846 1433
847 1532
848 849
849 1532
849 1040
850 1610
851 852
852 1603
853 1058
853 855
853 1064
854 1064
855 1373
855 856
856 1369
856 1392
857 1313
857 1373
858 859
859 1271
859 1381
860 861
861 1095
862 864
862 863
862 867
863 866
863 864
864 865
865 1042
866 884
866 869
867 968
868 870
868 1246
869 885
869 1246
870 883
870 874
871 872
872 874
872 873
874 875
876 1298
876 1302
877 1074
878 1065
879 881
880 880
880 881
881 1065
884 885
886 888
886 887
887 888
889 890
890 1641
890 1640
891 980
891 1029
891 1075
891 1012
892 1155
893 1155
894 895
896 1157
897 898
897 955
897 946
898 945
898 953
899 900
899 946
900 943
901 902
901 951
901 943
902 903
902 904
905 907
906 907
907 908
908 942
908 944
909 910
909 912
910 911
911 912
911 913
912 914
913 914
913 916
914 915
915 916
915 931
916 930
917 918
917 920
917 930
918 919
918 931
919 920
919 922
920 921
921 922
921 924
922 923
923 924
923 932
924 925
925 932
925 927
926 927
926 932
926 929
927 928
928 929
928 933
929 933
930 931
933 954
934 939
935 940
936 937
936 953
936 939
936 954
937 938
937 955
938 939
938 940
939 940
940 1461
941 942
941 943
941 952
941 945
942 947
944 952
944 948
945 946
945 947
947 954
948 949
948 950
948 952
949 951
949 950
951 952
953 954
953 955
956 957
956 960
957 959
957 958
961 1368
962 1535
962 1537
962 963
964 1012
964 979
965 966
965 1222
967 1276
968 1161
969 1161
970 971
970 1162
972 1276
973 973
974 975
974 1025
975 1025
978 981
978 1638
979 980
979 981
979 986
980 1029
982 983
982 985
983 984
984 1023
984 1031
987 1012
988 989
989 991
989 990
990 991
990 994
991 993
993 994
993 995
994 995
996 1000
996 1005
997 1005
997 1020
998 1019
998 999
998 1003
1000 1001
1000 1006
1001 1002
1001 1007
1002 1032
1002 1008
1002 1023
1003 1004
1003 1013
1004 1015
1004 1013
1004 1008
1005 1017
1005 1006
1006 1007
1007 1008
1008 1016
1013 1014
1014 1015
1015 1016
1016 1032
1017 1018
1017 1019
1019 1020
1027 1028
1028 1031
1029 1030
1030 1639
1031 1032
1033 1034
1034 1036
1034 1035
1035 1036
1037 1074
1038 1039
1039 1600
1039 1405
1040 1258
1043 1044
1046 1240
1046 1238
1048 1050
1048 1189
1049 1050
1051 1052
1051 1095
1051 1099
1052 1097
1052 1102
1053 1054
1054 1055
1055 1056
1058 1324
1058 1342
1059 1062
1060 1063
1061 1062
1062 1063
1063 1064
1065 1066
1067 1068
1068 1072
1068 1070
1069 1070
1070 1071
1073 1585
1076 1077
1076 1404
1077 1262
1078 1079
1078 1093
1078 1464
1079 1094
1080 1082
1081 1083
1082 1083
1084 1084
1085 1086
1086 1360
1086 1087
1087 1090
1087 1088
1089 1090
1092 1093
1095 1096
1097 1098
1100 1102
1101 1102
1103 1104
1105 1476
1106 1311
1106 1344
1106 1322
1107 1108
1109 1546
1109 1545
1109 1548
1110 1111
1111 1268
1112 1113
1113 1204
1114 1115
1114 1117
1115 1116
1116 1117
1116 1124
1117 1119
1118 1119
1119 1121
1120 1121
1121 1123
1122 1123
1123 1124
1125 1397
1125 1126
1126 1400
1126 1127
1127 1128
1127 1131
1128 1130
1128 1129
1129 1262
1129 1395
1130 1262
1130 1402
1132 1133
1132 1134
1133 1134
1135 1435
1135 1436
1135 1437
1137 1140
1137 1138
1137 1423
1138 1139
1138 1419
1139 1393
1139 1417
1140 1142
1140 1143
1141 1143
1142 1414
1142 1413
1143 1422
1146 1414
1146 1378
1146 1198
1147 1384
1147 1148
1148 1367
1149 1150
1151 1407
1152 1406
1154 1155
1158 1320
1159 1512
1160 1161
1162 1601
1162 1163
1165 1178
1165 1229
1165 1174
1167 1182
1167 1170
1167 1168
1168 1171
1168 1176
1169 1170
1170 1171
1171 1183
1172 1176
1172 1173
1172 1174
1173 1176
1173 1179
1174 1175
1175 1178
1175 1177
1177 1179
1177 1181
1178 1180
1179 1182
1180 1228
1180 1181
1181 1182
1183 1228
1183 1229
1184 1185
1185 1237
1187 1248
1188 1397
1188 1394
1189 1398
1191 1192
1192 1539
1193 1194
1194 1195
1197 1198
1199 1207
1200 1458
1200 1459
1201 1202
1201 1460
1203 1474
1203 1484
1205 1206
1206 1548
1206 1207
1207 1543
1208 1209
1209 1210
1209 1513
1211 1454
1211 1212
1211 1453
1213 1214
1213 1215
1214 1217
1214 1218
1215 1219
1215 1216
1216 1217
1216 1221
1217 1221
1217 1218
1219 1220
1221 1451
1222 1230
1223 1227
1224 1225
1225 1226
1225 1227
1231 1333
1232 1233
1236 1609
1237 1606
1239 1240
1241 1259
1243 1244
1244 1249
1246 1247
1248 1249
1250 1333
1250 1376
1250 1251
1251 1252
1251 1254
1253 1254
1254 1255
1256 1257
1261 1262
1265 1266
1266 1551
1268 1271
1270 1271
1272 1274
1273 1274
1274 1275
1275 1315
1277 1278
1279 1288
1279 1280
1280 1583
1281 1282
1282 1457
1284 1285
1286 1287
1286 1286
1287 1291
1288 1289
1289 1291
1290 1291
1292 1293
1293 1294
1294 1303
1295 1296
1297 1298
1298 1318
1299 1299
1299 1300
1300 1456
1300 1302
1301 1302
1301 1301
1303 1304
1306 1310
1307 1309
1308 1309
1309 1310
1310 1311
1312 1313
1314 1315
1317 1486
1319 1320
1320 1321
1323 1324
1325 1326
1327 1329
1328 1329
1329 1332
1329 1333
1330 1332
1331 1332
1334 1335
1337 1338
1338 1339
1340 1508
1343 1344
1345 1507
1348 1349
1350 1352
1351 1352
1351 1362
1351 1364
1353 1358
1354 1355
1355 1356
1355 1359
1357 1358
1358 1359
1359 1360
1360 1463
1361 1365
1363 1364
1364 1365
1365 1366
1366 1387
1370 1371
1371 1372
1371 1373
1374 1396
1375 1376
1377 1378
1379 1380
1381 1382
1382 1384
1382 1388
1383 1392
1384 1386
1385 1386
1386 1387
1389 1390
1390 1391
1390 1392
1397 1398
1399 1400
1400 1403
1405 1419
1406 1407
1408 1410
1408 1409
1409 1624
1413 1655
1415 1418
1416 1417
1417 1418
1420 1421
1422 1423
1423 1425
1424 1425
1427 1428
1428 1659
1429 1431
1430 1435
1430 1431
1430 1432
1431 1432
1432 1434
1437 1468
1439 1565
1439 1566
1441 1443
1442 1443
1444 1445
1447 1448
1448 1449
1448 1450
1450 1457
1451 1452
1454 1456
1454 1455
1455 1456
1455 1457
1458 1459
1459 1460
1462 1463
1465 1467
1466 1467
1467 1468
1469 1478
1469 1470
1470 1476
1471 1472
1472 1473
1472 1474
1475 1476
1477 1478
1478 1480
1479 1480
1480 1482
1481 1482
1482 1484
1483 1484
1485 1486
1487 1488
1489 1504
1490 1491
1491 1492
1493 1494
1494 1503
1495 1496
1496 1503
1496 1498
1497 1498
1498 1507
1499 1500
1500 1504
1500 1505
1501 1505
1502 1506
1503 1504
1505 1506
1506 1507
1509 1510
1510 1512
1511 1512
1514 1515
1516 1517
1517 1519
1518 1519
1522 1523
1524 1525
1525 1563
1526 1526
1527 1528
1528 1530
1529 1530
1531 1532
1533 1535
1533 1534
1533 1537
1534 1536
1534 1535
1538 1539
1540 1540
1540 1541
1541 1543
1541 1542
1544 1546
1549 1550
1556 1558
1557 1558
1558 1559
1560 1561
1564 1565
1567 1571
1567 1588
1568 1570
1568 1572
1568 1573
1569 1573
1569 1570
1570 1571
1571 1589
1573 1593
1574 1590
1575 1576
1577 1578
1578 1579
1580 1582
1580 1583
1580 1581
1581 1582
1584 1585
1585 1586
1585 1594
1589 1592
1589 1591
1591 1593
1591 1592
1595 1597
1595 1599
1595 1596
1596 1599
1596 1600
1598 1599
1602 1603
1604 1605
1605 1606
1607 1608
1612 1613
1612 1614
1613 1614
1614 1644
1615 1617
1617 1618
1618 1619
1620 1630
1621 1621
1621 1623
1622 1622
1622 1623
1624 1625
1631 1635
1631 1634
1632 1633
1632 1634
1633 1634
1637 1641
1642 1645
1643 1645
1644 1645
1646 1647
1648 1650
1648 1651
1649 1651
1649 1650
1650 1651
1652 1653
1654 1655
1656 1657
1657 1658
1660 1661
