0 999
0 4540
0 995
1 984
1 95
1 2384
2 66
2 2417
3 1398
3 6
4 663
4 1399
4 76
5 59
5 662
5 1399
6 62
6 410
7 948
7 8
7 2045
7 3149
8 11
8 2710
9 3149
9 2709
9 3148
10 1614
10 948
10 941
11 12
11 13
12 1566
12 13
13 935
14 1518
14 935
14 2812
15 1466
15 1518
15 934
16 2709
16 941
16 934
16 3591
17 2811
17 4686
17 1518
17 31
18 969
18 4686
18 22
19 4602
19 2241
20 425
20 886
20 25
21 972
21 426
21 2230
22 4016
22 2054
22 2067
23 4687
23 2067
23 968
24 439
24 968
24 424
25 26
26 2054
27 968
27 28
27 29
28 439
28 3455
29 33
29 30
30 32
30 31
31 4687
32 33
32 34
32 35
33 34
33 423
34 441
35 1465
35 4872
36 1465
37 4045
37 4046
37 1543
38 1543
38 1907
38 3728
39 1585
39 3591
39 3151
40 3730
40 677
40 964
40 3732
41 5140
41 5141
41 55
41 54
42 755
42 3549
42 3548
43 5011
43 617
43 476
44 5137
44 628
44 2548
45 3116
45 421
45 1018
46 4994
46 399
46 793
47 4556
47 805
47 785
48 53
48 812
48 3352
49 3962
49 3403
49 3955
49 3968
50 608
50 5003
50 623
50 3576
51 5101
51 5102
51 5005
52 5004
53 5142
53 811
53 650
54 5139
54 628
55 811
55 56
55 5142
56 57
56 2109
57 2121
57 58
58 806
58 2548
59 1400
59 2323
60 3152
60 2766
60 5060
61 698
61 5064
61 5065
62 417
62 416
63 3632
63 64
63 1459
64 65
64 907
64 4596
65 3214
65 644
65 1253
66 2447
66 77
67 68
67 693
67 1403
68 998
68 1015
69 1252
69 1253
69 401
70 72
70 710
71 2332
71 703
72 2449
72 76
73 704
73 2439
73 2444
74 383
74 2444
75 76
75 706
75 4628
77 703
77 706
78 1087
79 814
79 3508
79 3507
80 3510
80 3509
80 3512
80 3808
81 129
82 127
82 814
82 2161
83 125
83 3510
83 1148
84 123
84 2350
84 3826
85 4115
85 4712
85 4852
86 3489
86 3491
86 4595
86 3789
86 3490
86 4115
87 3491
87 1031
87 3790
88 3317
88 3215
88 4276
89 3267
89 2404
89 3265
89 3268
90 140
90 94
90 152
91 3499
91 3500
91 2410
91 5166
92 2409
92 3509
92 3508
93 3256
93 3253
93 3254
93 3255
94 3256
94 654
94 4527
95 96
95 2389
96 2389
96 630
97 4381
97 98
98 100
99 4382
99 100
100 4693
101 1852
101 128
101 1304
102 2894
102 103
102 4341
103 3124
103 104
104 351
104 2934
105 1891
105 106
105 351
106 120
106 121
107 362
107 4942
107 359
108 139
108 116
108 359
109 157
109 139
109 110
110 4845
110 111
111 160
111 156
112 122
112 5058
112 118
113 114
113 119
113 116
114 117
114 2897
115 119
116 5127
117 122
117 118
118 120
119 2897
119 5127
120 121
121 4942
122 4679
123 2955
123 2954
124 129
124 125
124 2174
125 226
126 144
126 3554
126 2933
127 228
127 3554
128 167
128 163
128 2866
129 275
130 3253
130 3251
130 4329
130 4328
131 3520
131 3518
131 3521
131 3514
132 4288
132 3255
132 4936
133 404
133 3949
133 3265
133 3268
134 654
134 4209
134 2381
135 136
135 764
136 820
137 4381
137 4382
137 4386
138 139
140 3218
140 3217
140 4526
141 3905
141 3216
142 4522
142 3905
142 143
143 1112
143 3216
144 2928
144 5110
145 214
145 2920
145 2907
145 2892
146 2863
146 2858
146 147
147 250
147 283
148 150
148 277
148 248
149 150
149 299
149 289
150 3679
151 247
151 3399
151 282
153 2827
153 863
153 3092
154 4845
154 231
154 155
154 4538
155 231
155 156
156 168
157 159
157 158
158 159
158 1250
159 259
160 349
160 5058
161 317
161 2862
161 349
162 3424
162 317
162 1885
163 166
163 2853
164 165
164 3426
164 2861
165 250
165 249
166 167
166 249
167 2861
168 349
168 273
169 1885
169 274
169 319
170 171
170 175
170 2349
171 2348
171 956
172 2342
172 173
172 956
173 174
173 2340
174 2941
174 175
175 2347
175 2947
176 4200
176 2401
176 3259
176 2421
177 3156
177 3389
177 3394
178 736
178 4025
178 4062
178 745
179 3158
179 891
179 3994
180 205
180 3385
180 2557
180 3389
181 2001
181 1991
181 1881
181 4561
182 3742
182 2172
182 1825
183 4599
183 2944
183 2941
184 4821
184 4823
184 2783
185 3734
185 2782
185 2016
186 2023
186 2019
186 2030
187 3071
187 191
187 190
188 3137
188 189
188 192
189 190
189 3138
190 4552
191 192
191 3139
192 4553
193 195
193 2725
193 194
193 2721
194 2720
194 196
194 2722
195 196
195 479
195 2726
196 2723
196 1499
197 2160
197 2153
197 3069
198 199
198 4824
198 4827
199 3794
199 201
200 2783
200 4824
200 2158
202 3167
202 3166
202 3164
202 3165
203 3811
203 3162
203 3810
203 3161
204 3392
204 3390
204 3387
205 3387
205 3382
205 3381
206 442
206 785
206 804
206 783
207 4832
207 4826
207 3390
208 2922
208 209
208 1147
209 4566
209 217
210 4676
210 2918
210 215
210 217
211 213
211 2929
211 2921
211 2913
212 315
213 2899
213 2910
213 224
214 2891
214 2892
215 4674
215 226
215 4537
216 2938
216 228
216 4533
217 3997
217 221
218 4565
218 219
219 315
220 4566
220 221
220 222
221 2918
222 2906
222 2898
223 224
223 2895
223 2902
224 3434
224 3435
225 4861
225 2896
225 2895
226 227
227 4537
227 2714
228 229
229 4533
229 2715
230 1688
230 3136
230 2717
231 347
232 2845
232 1476
232 347
233 2846
233 3687
233 3691
234 3687
234 258
234 3678
235 326
235 242
235 3678
236 243
236 326
236 237
237 354
237 325
238 378
238 4337
238 248
239 274
239 273
239 318
240 372
240 371
240 379
241 3067
241 367
241 257
242 3756
242 243
243 368
244 245
244 380
244 248
245 3422
245 379
246 3675
246 247
246 373
247 282
248 250
249 4337
251 4007
251 405
251 391
252 370
252 1171
252 4005
253 589
253 4662
253 369
254 4973
254 2843
254 255
254 2844
255 4006
255 2839
256 4975
256 257
256 367
257 4006
258 4975
258 4973
259 260
259 4695
260 457
260 2732
260 1979
261 4695
261 2726
261 2342
262 266
262 3413
263 5125
263 3399
263 2836
264 4870
264 3288
264 269
265 3400
265 3414
265 4866
266 3400
266 4108
266 3412
267 4029
267 268
267 3231
268 269
268 4864
269 4865
270 3041
270 369
270 589
271 1163
271 3719
271 3313
272 4991
272 1545
273 274
275 316
275 276
276 3997
276 316
277 311
277 278
278 283
278 286
279 3696
279 280
279 287
280 281
280 3692
281 3682
281 3679
282 3679
283 284
284 285
285 286
285 313
286 3699
287 288
287 3697
288 311
288 290
289 290
291 305
292 293
292 3697
292 307
292 305
293 294
293 295
294 310
294 295
295 302
296 308
296 309
296 297
297 3684
297 304
298 299
298 3684
298 3686
298 3685
299 3686
300 3686
300 301
300 306
301 302
301 307
302 303
303 304
303 308
304 3685
305 306
306 307
308 310
309 310
309 3697
311 312
313 4859
313 2857
314 4858
314 2889
314 358
315 2882
316 1149
317 318
318 1885
319 327
319 338
319 320
321 322
321 352
321 329
322 323
322 330
323 346
323 324
324 325
324 331
325 326
327 328
327 339
331 333
331 332
333 345
333 334
334 335
334 342
336 346
336 345
336 337
337 340
337 342
338 340
338 344
339 352
339 344
340 341
340 344
341 342
341 343
345 346
347 348
349 3123
350 3123
350 351
350 5058
353 354
354 378
355 3763
355 2161
355 357
356 3763
356 2900
356 2923
357 358
357 5155
358 2900
359 4944
360 4944
360 4943
360 361
361 1853
361 3110
362 363
362 4943
363 4598
363 4599
364 4598
364 2944
364 1590
365 3826
365 3284
365 5094
366 3809
366 5094
366 2407
366 3257
367 2838
367 3756
368 1913
368 377
369 4554
370 3315
370 4662
371 380
371 3677
372 5126
372 4933
373 3422
373 3042
374 4970
374 3035
374 3312
375 3048
375 376
375 5126
377 3677
377 378
378 4337
379 380
381 4712
381 4910
381 2223
382 4554
383 4628
383 3746
384 385
384 801
384 400
385 5029
385 3953
386 387
386 5029
386 5037
387 798
387 396
388 1845
388 976
388 1910
389 581
389 4733
389 3054
389 591
390 391
390 3064
390 405
391 3055
392 3556
392 721
392 405
393 2039
393 3879
393 394
394 3022
394 2039
395 396
395 592
395 976
396 5036
396 976
397 795
397 797
397 5036
398 794
398 656
398 795
399 5028
399 2574
400 799
400 3965
401 2547
401 1399
401 402
402 663
402 984
403 3535
403 655
403 1015
404 3942
404 3263
404 2382
406 4653
406 413
407 3477
407 1542
407 3858
408 409
408 418
408 3861
409 4588
409 1390
410 2674
410 698
411 2678
411 412
411 5158
412 2685
412 2689
413 3631
413 2695
414 2648
414 2649
414 2661
415 927
415 2639
415 2635
416 2635
416 417
417 2624
418 4688
418 4661
419 609
419 613
420 944
420 945
421 1452
421 458
422 607
423 3455
423 1572
423 440
423 884
424 433
424 425
425 429
426 2232
426 973
427 974
427 2232
427 2243
428 4808
428 796
428 3958
428 656
428 792
429 2245
429 972
430 1505
430 2245
430 2248
431 1544
431 437
431 433
432 1527
432 3802
432 2194
433 438
433 970
434 438
434 1893
434 4808
435 4811
435 436
435 437
435 1527
436 2216
436 3802
437 1870
438 1506
439 970
440 889
440 967
441 967
441 1572
442 5090
442 784
442 786
443 771
443 760
443 779
443 774
443 769
444 759
444 3408
444 4997
444 3409
445 2026
445 759
445 3388
446 3143
446 3144
446 2741
446 2742
447 3327
447 451
447 3486
447 4495
448 2353
448 3145
448 2769
449 4495
449 4877
449 4696
449 451
450 2356
450 3237
450 4607
451 2356
451 3487
452 3485
452 488
452 2768
453 4187
453 2402
453 4294
453 4217
454 455
454 4850
455 456
456 2349
456 4850
457 1355
457 483
458 474
458 4899
459 461
459 731
459 1402
460 1018
460 474
460 1330
460 1331
461 510
461 730
462 509
462 511
462 463
463 718
463 512
463 4592
464 5027
464 5104
464 537
465 533
465 740
465 2259
466 520
466 512
466 517
466 3296
467 2765
467 508
467 1802
468 729
468 1341
468 723
469 470
469 750
469 1225
470 4630
470 752
470 1408
471 731
471 2588
471 2141
472 2101
472 3304
472 2100
472 2119
473 2100
473 1331
473 2132
473 475
473 1332
474 475
475 894
476 652
476 2125
476 477
477 728
477 748
478 725
478 724
478 1815
479 1499
479 1714
479 4153
480 1355
480 2730
480 554
481 1500
481 3823
481 2730
482 4720
482 3823
482 1354
482 3592
482 2227
483 1504
483 554
483 1714
484 544
484 559
484 545
484 4978
485 567
485 569
485 568
486 2756
487 2769
487 2768
487 488
487 5077
488 489
488 3484
489 5076
489 5077
489 4935
490 2454
490 838
490 502
491 3899
491 840
491 493
492 500
492 2604
492 2596
493 2607
493 2527
494 498
494 2590
494 2589
494 4915
495 2528
495 2524
495 2527
495 2526
496 1223
497 3582
497 4136
497 2519
497 2520
498 844
498 2522
499 2211
499 500
499 503
500 502
500 505
501 4915
501 3356
501 505
501 2589
501 3449
502 503
503 504
504 2330
504 2764
505 2590
505 3448
506 2329
506 2332
506 2330
507 3309
507 712
507 713
507 3308
508 2517
508 2620
508 522
508 1295
509 1402
509 515
510 4346
510 1406
511 514
511 512
513 2256
513 729
513 3276
514 515
514 518
515 1406
516 957
517 3128
517 1428
518 3296
518 734
519 2545
519 2546
519 520
520 1386
521 720
521 3464
521 3466
522 3458
522 718
522 2620
523 4524
523 525
523 1409
524 525
524 4525
524 5180
525 2760
526 557
526 1489
526 1536
527 1949
527 3211
527 2000
528 535
528 2380
528 1382
528 1609
529 1384
529 5162
529 1428
530 3128
530 2259
530 3129
531 1609
531 532
531 534
532 3183
532 3182
533 3182
533 5027
534 1383
534 5164
535 1381
535 536
536 1380
536 674
536 2180
537 3183
537 2380
538 541
538 546
538 549
539 3702
539 541
539 3074
540 541
542 549
542 543
542 551
543 2227
543 3702
544 545
544 3593
545 551
545 4979
546 547
546 1422
547 548
547 557
548 3703
548 1382
549 550
550 551
550 552
552 1427
552 556
553 555
553 1497
553 3595
554 1498
555 4504
555 4502
555 4507
556 1425
556 1491
557 1383
558 1207
558 3593
558 4504
559 3592
559 3076
560 3604
560 562
560 566
561 562
562 4505
563 565
563 1463
563 566
564 3603
564 3604
564 3606
565 566
565 1167
567 570
567 568
568 3085
568 4499
569 2361
569 4508
570 1138
570 4951
571 577
571 574
571 1364
572 2756
572 2753
572 5047
572 2754
573 576
573 2732
573 2735
574 2747
574 579
575 3176
575 3173
575 2733
576 577
576 1954
577 2747
578 1364
578 2739
578 2749
579 2753
579 5071
580 3143
580 2005
580 3172
581 3879
581 721
582 3059
582 4019
582 721
583 4045
583 584
583 585
584 585
584 1878
585 2966
586 1817
586 978
586 1896
586 1829
587 3406
587 3955
587 3964
587 4047
588 2999
588 1845
588 1927
588 2992
589 3037
590 3004
590 591
591 3046
592 3004
592 3003
593 789
593 3350
593 650
594 964
594 808
594 627
594 5139
595 675
595 2562
595 600
596 678
596 1456
596 598
596 1594
597 598
598 3155
598 599
599 4600
599 2558
600 1560
600 601
601 964
601 606
602 3573
602 1571
602 603
603 5103
603 607
603 3714
604 605
604 626
604 964
605 606
605 3716
606 2554
606 3573
607 608
608 3575
608 5004
609 5081
609 2567
610 2563
610 612
610 756
611 612
612 613
613 2563
614 3299
614 622
614 624
615 756
615 5011
615 616
616 617
616 3300
617 2115
618 3300
618 1430
618 3807
619 3807
619 620
619 1814
620 726
620 5009
621 2577
621 732
621 3169
622 5006
622 623
622 4620
623 624
623 758
624 757
625 3285
625 3286
625 2094
626 2092
626 5102
627 5138
627 809
627 2092
628 5138
629 2384
629 1016
629 655
630 2570
630 693
630 1373
631 1494
631 3219
631 3366
632 3884
632 3894
633 2385
633 2387
633 1007
634 1721
634 4510
635 636
635 4904
636 3750
636 3894
637 1664
637 1555
637 1715
638 1664
638 1638
638 4447
639 1638
639 640
639 643
640 641
640 1276
641 4987
641 1641
642 643
642 1698
642 1641
643 1251
644 1513
644 1258
645 4658
645 1596
646 3313
646 4932
646 3030
647 3819
647 2811
647 3820
648 649
648 651
648 4556
649 3169
649 5039
649 3805
650 808
650 5141
651 5005
651 3285
652 4685
652 4255
652 3354
653 3120
653 1017
654 655
656 793
656 796
657 3488
657 658
657 3489
658 4853
658 4941
659 3636
659 5067
659 1400
660 661
660 3154
660 5067
661 1547
663 1403
663 986
664 2805
664 982
664 905
664 2803
665 3609
665 904
665 2394
665 3378
666 1521
666 1522
666 720
666 1523
666 901
666 902
667 4921
667 4920
667 3377
668 848
668 5021
668 2488
669 2491
669 2493
669 1747
670 5147
670 3456
670 2372
671 1801
671 2484
671 2475
672 3951
672 4728
672 5115
673 2493
673 2494
674 1606
674 1710
675 1370
675 3727
676 4833
676 1370
677 3726
677 3727
678 2560
678 942
679 938
679 1456
679 3155
680 2713
680 3112
680 3563
681 687
681 3649
681 954
682 1143
682 3201
682 3198
683 3210
683 1142
683 4568
684 1404
684 3781
684 2433
685 1241
685 3668
685 1233
686 4406
686 3671
686 4578
687 1013
687 687
688 996
688 995
688 998
688 1013
689 1512
689 1307
689 2196
689 4000
690 906
690 2770
690 696
691 1947
691 2770
691 2569
692 908
692 907
692 1398
693 988
694 979
694 4631
694 903
695 2490
695 963
695 906
696 3747
696 3746
696 2770
697 3622
698 699
699 5068
699 4652
699 3637
700 4652
700 3637
700 4551
701 702
701 4001
701 4629
701 5046
702 5064
702 5061
702 3153
702 5063
703 707
704 1087
704 705
705 708
705 2449
706 1121
707 708
707 2570
708 2445
709 2331
709 3308
709 711
709 2332
710 2619
710 711
711 3307
712 4917
712 992
712 3356
713 3307
713 992
713 3306
714 2520
714 959
714 845
715 3306
715 716
715 3304
716 753
716 4939
716 3305
717 894
717 1449
717 4375
718 719
718 2620
719 2184
719 3458
720 1409
720 989
722 723
722 737
722 3272
722 4528
723 1601
724 1340
724 3303
725 1814
725 726
726 3553
727 732
727 3271
727 3272
727 3302
728 2110
728 3368
729 3298
729 3070
730 1408
730 750
731 2129
732 1248
732 4842
733 735
733 3341
733 5039
734 957
734 2111
735 736
735 4529
736 4528
737 892
737 738
738 739
738 3903
739 2252
739 893
740 2111
740 1215
740 741
741 1812
741 3991
742 4025
742 891
742 743
743 2251
743 5136
743 4062
744 810
744 2556
744 3385
745 746
745 832
746 747
746 4025
748 749
748 3846
749 3072
749 4630
750 4346
751 752
751 1225
751 1340
752 3355
753 4375
753 1332
754 895
754 3548
754 1450
755 768
756 757
757 758
759 3409
760 4819
760 770
760 777
761 847
761 3126
762 763
762 3223
762 1152
763 824
763 3225
764 3366
764 3225
764 3580
765 993
765 3552
765 991
766 4918
766 990
766 993
767 3581
767 994
767 3552
768 991
768 990
769 770
769 3170
770 4818
770 4817
771 772
771 773
771 779
772 4997
772 773
773 774
774 777
774 775
775 776
775 780
776 777
776 2093
778 1174
778 3122
778 3140
778 3141
779 3141
780 791
780 781
781 791
781 2078
782 3351
782 783
782 5090
783 3351
784 785
784 789
786 788
786 787
787 788
787 928
788 5090
789 5101
790 3352
790 2069
790 805
791 2091
792 793
792 4809
793 5028
794 2574
794 5028
795 802
796 802
796 5032
797 5037
797 5030
797 802
798 1910
798 4049
798 976
799 5032
799 801
799 803
800 3965
800 1895
800 803
801 5031
801 3953
802 5031
803 5035
803 5033
804 805
804 3382
806 5132
806 807
806 3341
807 2548
807 809
807 2095
808 5140
808 3732
809 2094
809 5137
810 2109
810 5134
810 811
811 1501
813 3787
813 3495
813 4854
813 3498
814 2715
814 4275
815 817
815 4835
815 4834
816 4516
816 4833
816 3338
817 4834
817 4835
818 1244
818 1247
818 4833
819 3335
819 1553
819 3336
819 4835
820 3365
820 824
820 822
821 822
821 3093
821 3091
821 3365
822 3105
822 3097
823 4527
823 2827
823 3093
824 3292
825 3220
825 837
825 3223
826 4603
826 827
826 1987
827 4603
827 834
827 1707
828 2261
828 3244
828 2001
829 4142
829 4143
829 2261
830 2010
830 1632
830 1183
831 1598
831 833
831 1410
832 5104
832 2180
832 1598
833 1630
833 1668
834 2511
834 4155
835 4152
835 2507
835 2509
835 2505
836 2503
836 4142
836 2504
837 3222
837 1494
838 839
838 850
839 840
839 849
840 848
841 842
841 860
841 4347
842 2454
842 1438
843 2525
843 847
843 2267
843 4164
844 2523
844 2521
845 3550
845 4543
846 4384
846 4377
846 4376
847 2822
848 2466
849 2463
849 2458
850 2458
850 1779
851 3451
851 2530
851 3450
852 2197
852 1783
852 1443
852 3319
853 2777
853 1520
853 5017
854 2771
854 2282
854 1770
855 2277
855 1302
855 2530
856 2275
856 2529
856 1302
856 1625
857 1625
857 858
858 2614
859 1438
859 860
859 1432
860 861
860 1434
861 1434
861 2453
862 863
862 865
862 1009
863 864
865 1019
865 2823
866 877
866 2803
866 4666
867 5025
867 2802
867 2395
867 5024
868 3881
868 876
868 3882
869 3438
869 870
869 3437
870 871
870 876
870 877
871 875
871 872
871 878
872 878
872 873
873 4523
873 875
874 4523
874 878
874 5025
875 876
877 5026
877 5025
879 1175
879 4485
879 2315
880 1747
880 1752
880 2488
881 1746
881 3446
881 4724
881 3376
882 4921
882 904
882 3376
883 2078
883 4992
883 888
883 2097
884 887
884 1544
885 4814
885 4994
885 4811
886 2799
886 2801
887 2205
887 2194
888 890
888 889
889 2203
890 2203
890 1595
891 4023
892 893
892 5104
893 1215
894 4885
895 4893
895 4891
895 4895
896 1752
896 1724
896 909
897 3948
897 5114
897 5044
898 1762
898 962
898 3868
899 3445
899 4728
899 4724
900 3456
900 915
900 901
901 915
902 915
902 1409
902 1974
903 4631
903 914
903 2804
904 3375
904 3847
905 983
905 2416
906 2451
907 3597
908 1805
908 1373
909 5044
909 1745
909 2489
910 1803
910 2543
910 2542
911 2374
911 1762
911 1765
912 1421
912 2391
912 4727
912 5147
913 2391
913 3456
913 2398
914 2398
914 915
916 3331
916 1806
916 2443
917 1970
917 1983
918 4588
918 1807
918 1805
919 2307
919 2296
920 2307
921 3758
921 922
921 2622
922 1412
922 4688
923 2672
923 2661
923 2673
923 926
924 3634
924 927
924 2633
925 926
926 2328
927 2641
928 929
928 2060
929 933
929 932
929 930
930 2081
930 931
930 1245
931 1245
931 932
932 3350
934 952
935 950
936 950
936 2712
936 952
937 5103
938 3112
938 3710
939 2084
939 1604
939 1591
940 3709
940 941
940 5013
942 1368
942 1369
943 4897
943 4895
943 945
944 4893
944 3549
945 1452
946 1208
946 958
946 1211
947 1614
948 949
950 951
952 953
954 955
954 4580
955 1013
955 4579
956 2344
956 2346
957 1226
958 1419
958 2256
959 994
959 2519
960 961
960 1521
960 2370
961 3868
961 2371
962 3762
962 4215
963 2418
963 3747
965 3380
965 3287
965 2577
966 3578
966 5005
966 3577
967 1517
967 1243
969 3345
969 3453
970 971
974 2241
974 975
977 3960
977 5001
977 3407
978 3295
978 3294
979 2802
979 1974
980 1662
980 1252
980 4429
981 1252
981 1255
981 2547
982 5026
982 3438
982 983
983 2002
983 4000
984 2572
984 2547
985 2571
985 2572
985 1403
986 987
986 988
986 3329
987 1980
987 3330
987 1228
988 1997
988 3328
988 3329
989 1705
989 1659
990 3551
990 4939
991 3551
992 3305
992 4918
993 3551
993 5175
994 5172
994 5175
995 1015
996 997
996 1001
996 1016
997 998
997 2384
997 1003
998 4579
999 1152
999 1016
1000 1002
1000 1001
1000 1153
1000 1151
1001 1003
1001 1004
1003 1005
1004 1007
1004 1005
1005 1006
1006 1007
1006 1008
1008 2385
1008 1251
1010 3207
1010 3203
1010 3206
1011 1144
1011 1012
1011 4579
1012 2144
1012 1144
1014 1429
1014 3648
1014 3651
1017 3871
1017 3114
1017 3117
1018 3871
1019 1020
1020 3360
1021 4084
1021 1022
1022 4075
1023 1024
1023 4836
1023 4259
1024 4968
1024 1982
1025 3032
1025 3038
1025 1026
1025 3310
1026 1029
1026 3039
1027 4084
1027 3310
1027 3640
1028 4094
1028 1029
1028 3642
1029 4021
1030 1087
1030 2225
1031 4137
1031 4594
1031 3790
1031 1032
1032 3493
1032 2225
1033 3492
1033 3786
1033 5051
1033 3495
1034 4122
1034 4133
1034 1036
1035 1044
1035 1036
1035 1045
1036 1037
1037 1046
1037 1040
1037 1044
1038 1063
1038 1041
1038 1043
1038 3875
1039 1046
1039 1042
1039 1054
1039 1040
1040 4132
1040 4122
1041 4132
1041 1042
1041 4135
1042 1043
1042 1055
1043 1066
1043 1064
1044 1045
1045 1048
1045 1046
1046 1047
1047 1051
1047 1048
1047 1054
1048 1049
1049 1088
1049 1051
1050 1053
1050 1089
1050 1082
1051 1056
1051 1057
1052 1057
1052 1078
1052 1079
1052 1055
1053 1056
1053 1079
1053 1057
1054 1055
1054 1057
1055 1064
1056 1089
1056 1088
1058 1059
1058 1060
1058 1063
1059 1067
1059 1069
1060 1063
1060 1061
1061 1066
1061 1067
1061 1062
1062 1065
1062 1075
1062 1072
1063 1066
1064 1065
1064 1078
1065 1080
1065 1066
1067 1069
1067 1075
1068 1073
1068 1071
1068 1085
1069 1070
1070 1075
1070 1071
1071 1074
1072 1080
1072 1074
1072 1084
1073 1084
1073 1085
1073 1074
1074 1075
1076 1079
1076 1077
1076 1081
1076 1078
1077 1084
1077 1083
1077 1080
1078 1080
1079 1082
1081 1082
1081 1083
1083 1086
1084 1086
1085 4546
1085 1086
1088 1089
1090 1099
1090 1109
1090 1095
1091 1096
1091 1093
1091 1094
1091 1092
1092 1097
1092 1103
1093 5109
1093 1095
1094 5109
1095 4650
1095 1103
1096 1097
1097 1115
1097 1104
1098 1099
1098 1101
1098 1100
1098 1109
1099 1100
1100 1102
1101 1113
1101 1102
1101 1107
1102 1113
1103 1104
1103 1105
1104 1106
1104 1118
1105 1108
1105 1106
1106 1110
1106 1119
1107 1108
1107 1114
1107 1110
1108 1109
1110 1111
1111 1119
1111 1112
1112 1114
1112 1120
1113 1114
1115 1118
1115 1116
1116 1117
1117 1118
1117 1120
1118 1119
1119 1120
1122 1379
1122 1125
1123 2390
1123 1128
1123 1124
1124 1125
1124 1126
1126 1132
1126 2390
1127 1129
1127 1130
1127 3639
1128 3639
1128 1129
1129 1130
1130 2361
1131 1134
1131 2579
1131 1132
1132 3085
1133 3608
1133 1135
1133 4503
1134 2360
1134 1135
1135 2579
1136 4968
1136 1137
1137 1138
1138 4500
1138 4499
1139 3656
1139 1324
1139 3659
1140 1232
1140 1141
1140 4407
1141 3664
1141 4406
1142 1142
1142 1146
1143 3654
1143 1144
1145 3671
1145 1238
1145 4407
1148 1149
1148 4982
1149 2939
1150 2952
1150 2946
1150 3284
1151 3224
1151 1152
1154 3293
1154 2963
1154 1898
1155 2985
1155 1157
1155 1911
1156 2982
1156 1158
1156 1159
1157 1862
1157 1899
1157 1842
1158 2987
1158 1159
1159 4059
1160 1162
1160 2987
1160 1165
1161 3029
1161 1162
1161 4077
1162 1912
1163 3312
1163 3311
1164 1820
1164 1165
1164 1912
1165 1919
1166 1167
1166 1168
1166 1169
1167 3109
1168 1169
1168 3109
1169 2360
1170 2829
1170 3646
1170 1171
1171 3821
1172 4072
1172 2026
1172 4992
1173 3052
1173 3409
1173 1174
1174 1930
1175 3886
1175 3889
1176 1178
1177 1182
1178 1182
1179 1184
1179 1191
1179 1180
1179 1181
1180 1182
1180 1192
1180 1184
1181 1198
1181 1185
1181 1193
1183 1184
1183 3073
1184 1185
1185 1187
1186 1187
1187 1189
1187 1198
1188 1189
1189 1203
1190 1191
1190 1196
1190 1192
1191 1192
1191 1193
1193 1196
1193 1195
1194 1195
1194 1201
1194 1196
1194 3702
1195 1198
1195 1200
1197 1200
1197 1203
1197 1198
1197 1205
1199 1200
1200 1201
1201 1202
1203 1206
1203 1204
1207 4505
1207 3593
1208 1209
1208 1210
1209 1210
1209 1213
1210 1212
1211 1216
1211 1212
1212 1213
1212 1216
1213 2252
1213 1214
1214 3181
1214 4117
1215 3181
1216 4117
1217 1218
1217 3855
1217 1539
1217 1394
1218 1540
1218 1395
1219 1540
1219 1221
1220 3619
1220 1541
1221 3621
1222 1541
1222 2498
1222 3620
1223 3813
1223 5146
1224 1224
1224 5146
1225 1342
1226 1227
1226 1419
1228 1816
1228 1403
1229 4582
1229 1235
1229 3662
1230 1813
1230 1816
1230 1235
1231 1232
1231 3670
1231 3672
1231 1235
1232 3670
1233 3202
1233 3210
1234 3202
1234 3199
1234 3652
1236 1237
1236 1238
1236 1813
1238 1239
1240 1303
1240 1785
1240 1436
1241 4358
1241 4569
1242 1444
1242 1431
1242 1782
1243 1246
1243 1558
1244 1247
1244 1245
1246 2218
1247 2068
1248 5039
1248 3436
1249 1250
1249 4157
1251 3364
1251 3479
1252 1253
1254 2547
1254 1255
1254 1690
1255 4589
1256 4473
1256 1266
1256 3526
1257 2287
1257 2288
1257 3188
1258 3212
1258 3749
1259 1272
1259 1260
1259 2315
1260 2311
1260 4512
1261 2321
1261 1262
1261 3214
1262 1263
1262 1264
1263 2317
1263 1264
1264 2317
1265 2317
1265 2313
1265 2311
1266 4476
1266 1272
1267 1286
1267 2290
1267 1287
1268 2290
1268 1270
1268 1269
1269 2301
1269 4880
1269 3992
1270 1271
1270 2294
1271 4477
1271 2299
1272 4477
1273 4987
1273 4437
1273 4413
1274 4414
1274 4405
1275 1651
1275 4986
1275 4404
1276 4451
1276 2164
1277 1278
1277 4512
1277 1279
1280 2154
1280 1283
1280 2170
1281 4514
1281 4589
1281 1686
1282 3186
1282 3185
1282 4591
1283 4424
1283 2150
1284 1285
1284 3720
1284 4425
1285 4417
1285 4409
1286 3098
1286 4451
1287 2287
1287 2293
1288 1291
1289 1291
1289 1290
1289 2173
1290 1686
1290 1658
1290 3723
1291 2167
1292 3553
1293 1802
1293 1295
1293 1783
1294 1446
1294 1802
1294 2453
1295 3458
1295 3318
1296 4349
1296 1297
1296 1756
1297 1298
1297 4349
1298 1434
1298 1437
1299 1790
1299 1620
1299 1300
1300 1301
1300 2274
1301 1787
1301 2276
1302 2529
1303 1624
1303 2187
1304 2860
1304 3425
1305 3194
1305 2438
1306 2437
1306 2285
1306 4334
1306 3989
1306 4331
1307 1308
1307 4545
1309 2196
1309 3329
1309 1512
1310 1325
1310 1327
1310 1314
1311 1326
1311 1969
1311 1312
1312 1313
1312 3192
1313 3441
1313 3828
1314 3441
1314 3828
1315 1316
1316 1318
1316 1323
1317 1318
1318 1320
1319 1320
1320 1322
1321 1322
1322 1324
1324 3196
1325 1326
1327 1328
1327 2196
1329 3447
1329 1330
1329 2103
1330 5014
1331 5014
1332 1333
1334 1779
1334 1335
1334 3450
1335 1337
1335 1336
1338 1782
1338 1769
1338 1788
1339 1788
1340 1341
1341 1342
1342 1343
1344 2916
1344 2926
1344 2901
1345 1346
1345 1358
1345 1357
1346 1347
1346 1362
1347 1349
1347 1348
1348 1357
1348 1349
1349 1350
1350 1352
1350 1351
1351 1352
1351 4720
1352 1353
1353 3638
1353 1378
1353 1379
1354 1956
1354 2006
1355 3824
1356 2736
1356 2734
1356 4158
1357 2736
1358 1361
1358 1359
1359 1360
1359 2735
1360 1361
1360 2744
1361 1362
1363 2361
1363 1511
1364 2749
1365 5099
1365 5075
1365 3327
1366 1366
1366 2005
1367 1369
1369 1371
1370 1371
1371 3336
1372 3597
1373 1807
1374 1375
1374 3334
1374 3725
1375 1376
1375 1573
1377 5072
1377 1511
1377 5073
1378 1379
1378 4720
1379 2006
1380 1381
1380 1606
1380 3073
1381 3074
1381 1382
1382 1383
1383 5165
1384 1963
1384 1775
1384 5163
1385 2546
1385 2545
1385 1786
1385 1775
1386 4592
1386 3357
1387 1388
1387 3357
1387 1645
1388 1659
1388 1708
1389 3328
1391 1531
1391 3598
1391 1528
1392 1394
1392 3856
1392 3855
1392 1529
1393 3848
1393 1397
1393 1396
1394 3848
1394 1395
1395 3616
1395 1396
1396 3612
1396 3847
1397 1529
1397 3850
1398 2570
1401 1402
1404 3657
1404 3197
1404 3660
1405 1406
1407 1408
1409 1959
1410 1411
1410 3167
1412 1416
1412 1417
1413 1414
1414 1415
1414 1418
1416 1418
1419 1420
1421 3866
1421 2399
1422 1537
1422 1538
1423 1424
1423 1537
1423 3594
1424 1488
1424 1538
1425 3594
1425 1426
1426 1427
1426 3596
1427 3595
1428 2263
1428 2545
1429 4576
1429 3647
1430 2578
1430 3299
1431 1785
1431 3476
1432 1433
1432 2610
1433 1627
1433 1434
1435 1756
1435 1628
1435 1776
1436 1628
1436 1437
1437 1790
1437 1756
1438 4037
1439 2612
1439 1440
1439 2610
1440 1623
1440 1441
1441 2273
1441 1622
1442 2277
1443 1774
1443 2780
1444 1445
1444 2011
1446 4348
1446 1783
1447 4899
1447 1452
1447 4897
1448 4887
1448 4889
1448 1453
1449 1451
1449 1453
1450 1454
1450 1453
1451 4885
1451 4887
1454 4889
1454 4891
1455 1456
1457 1458
1457 3415
1457 3236
1458 4063
1458 4108
1458 3233
1459 1462
1459 2707
1460 2623
1460 1462
1460 2628
1461 2707
1461 1462
1461 2324
1463 4980
1463 1967
1464 1576
1465 1466
1466 3724
1467 3011
1467 2996
1467 1477
1468 1483
1468 1485
1468 1469
1469 1477
1469 1485
1470 3013
1470 4078
1470 4088
1470 1473
1471 3053
1471 1472
1471 2829
1472 1482
1472 3044
1473 4081
1473 4088
1473 1482
1474 3055
1474 1837
1474 1480
1475 1867
1475 1485
1475 1482
1476 3691
1476 2845
1477 2994
1478 1863
1478 1837
1478 1917
1479 1917
1479 3031
1479 3011
1480 4732
1480 1486
1481 1867
1481 1485
1481 3031
1483 4078
1483 4081
1484 3040
1484 1867
1484 3053
1486 3049
1486 1888
1487 1866
1487 2989
1487 2993
1488 1493
1488 3344
1489 3343
1489 1490
1490 1492
1490 3344
1491 3594
1491 1537
1492 3342
1492 1536
1493 1538
1493 3343
1494 2581
1494 3219
1495 3145
1495 2751
1495 3143
1496 4228
1496 4936
1496 4104
1496 2404
1497 3596
1497 4507
1498 1696
1498 2728
1499 4149
1499 1711
1500 2728
1500 1502
1501 3381
1501 2072
1502 3700
1502 4603
1503 2083
1503 2072
1503 2069
1504 2727
1504 1711
1504 1696
1505 2246
1505 1926
1506 3290
1506 3954
1507 4749
1507 3537
1507 2359
1508 4747
1508 4802
1508 2357
1509 4771
1509 4875
1509 4761
1510 4807
1510 4542
1510 4541
1512 2770
1512 2416
1513 4446
1513 4445
1513 1662
1514 2956
1514 2960
1514 2957
1514 4584
1515 3386
1515 1516
1515 3388
1515 3395
1517 1568
1517 2206
1518 4872
1519 2183
1519 1588
1519 1581
1519 1575
1520 2368
1520 5016
1521 1523
1522 1523
1522 2367
1523 2368
1524 1526
1524 3972
1524 3971
1524 3912
1525 1526
1525 1546
1525 3371
1525 3976
1525 3940
1526 3369
1526 3974
1526 3927
1527 4518
1528 1531
1528 1532
1529 3851
1530 3613
1531 1535
1531 3601
1532 1535
1532 3616
1533 3613
1534 3610
1535 3616
1535 3615
1536 1953
1539 1542
1539 1540
1539 3619
1540 5131
1542 3620
1543 4991
1543 1545
1544 4518
1546 2423
1546 3977
1547 2766
1547 3154
1548 1580
1549 1591
1550 1582
1550 1571
1550 1592
1551 1554
1551 2057
1551 1562
1552 2068
1552 2089
1552 1575
1553 1584
1553 1578
1554 2060
1554 1570
1555 4462
1555 1677
1556 1575
1557 1580
1558 1589
1558 1564
1559 3993
1560 1580
1561 1585
1561 3993
1561 1567
1562 2088
1562 1564
1563 1566
1563 3785
1563 2812
1564 1574
1565 4489
1565 4487
1565 3886
1566 3784
1568 1591
1568 1581
1569 1572
1573 3151
1573 3565
1574 2088
1574 1579
1575 1584
1576 5115
1576 5147
1577 4942
1577 3757
1577 1891
1581 2063
1583 2055
1583 1593
1583 2088
1584 2063
1585 1594
1586 2810
1587 2057
1588 2218
1588 2087
1590 5150
1590 2955
1593 2089
1593 3569
1594 3993
1595 2201
1595 4364
1595 4362
1596 3478
1597 2250
1598 1599
1600 3357
1600 3442
1601 4345
1601 3272
1602 1604
1603 2787
1603 2788
1604 2074
1605 1609
1605 1605
1606 1611
1607 1610
1608 1611
1610 1944
1610 1934
1611 4623
1612 2048
1612 1613
1612 2052
1613 2053
1613 2052
1614 1616
1615 1617
1615 2051
1615 2046
1617 2045
1617 2049
1618 1619
1618 2047
1618 2050
1619 2052
1619 2048
1620 1626
1620 1623
1621 2273
1621 2614
1621 2612
1623 1627
1625 2529
1626 1797
1626 1627
1628 2187
1629 3773
1630 1676
1630 1710
1631 1640
1632 1652
1633 2724
1633 1881
1633 1707
1634 4560
1634 4009
1634 2819
1634 1929
1635 1665
1635 1698
1635 1690
1636 1717
1636 1649
1636 1703
1637 2185
1637 3793
1637 2813
1638 1699
1639 4466
1639 4458
1639 4463
1640 1698
1640 4391
1640 1657
1641 4393
1642 1665
1643 2178
1643 1654
1643 1686
1644 1688
1645 2546
1645 5180
1646 4121
1647 4467
1647 4464
1647 4462
1648 3791
1648 3161
1648 2185
1650 1684
1651 1691
1651 4393
1652 4146
1653 1673
1654 4590
1654 1678
1655 1700
1655 3099
1655 4452
1656 1696
1658 1703
1658 1670
1659 2760
1660 3791
1661 4486
1661 4510
1661 1672
1662 4438
1663 1692
1664 1702
1665 4878
1665 1679
1666 1674
1666 4411
1666 4410
1667 1706
1668 1676
1668 1692
1669 1714
1671 3099
1671 4447
1671 4452
1672 4485
1672 2582
1672 3992
1673 1694
1673 1687
1674 4403
1674 1680
1674 4878
1675 4467
1675 1681
1675 4460
1676 3740
1676 2221
1677 4458
1677 4457
1680 4402
1680 4421
1681 4463
1681 4456
1682 1684
1682 1715
1682 4454
1683 1717
1684 4454
1685 4989
1685 5091
1685 1713
1688 1929
1689 4469
1689 4468
1690 4394
1692 2200
1693 1718
1693 1704
1693 4989
1694 4391
1694 1706
1695 1699
1697 1703
1699 1719
1700 3751
1700 2290
1701 2819
1701 4988
1701 4121
1702 4448
1702 4450
1705 3464
1705 1708
1706 4424
1707 1720
1708 3443
1709 4438
1710 2818
1711 1716
1712 2818
1712 2816
1712 3740
1712 4368
1713 4988
1713 4823
1715 4360
1717 1809
1721 4904
1722 3867
1723 4730
1724 1732
1724 4730
1725 4729
1725 1726
1725 5015
1727 1729
1727 1735
1728 1736
1728 1729
1728 1737
1729 1740
1729 1730
1730 1734
1730 1741
1731 1737
1732 3446
1732 1745
1733 1742
1734 1743
1735 1744
1735 5015
1737 1739
1738 1742
1738 4731
1738 5022
1739 1740
1739 4727
1740 1741
1741 1743
1742 4730
1743 3866
1745 3445
1746 5022
1746 3617
1747 1751
1748 1763
1748 2536
1748 1761
1749 1762
1750 1760
1751 1755
1751 1758
1752 1753
1753 1759
1754 1763
1754 1758
1754 1755
1755 2537
1757 1766
1758 1767
1759 2492
1760 1771
1760 2487
1761 2533
1761 2532
1763 2534
1764 1771
1764 1801
1764 4230
1765 2374
1765 1796
1765 2543
1766 2536
1766 2537
1768 2197
1768 1776
1768 1774
1769 1792
1769 3325
1770 1792
1770 3451
1771 5020
1772 1785
1772 1777
1772 1778
1773 2518
1773 1773
1774 1789
1774 1780
1775 1791
1776 4350
1777 1790
1777 1778
1778 1787
1778 3476
1779 1800
1780 2781
1781 2471
1781 2464
1781 2469
1782 1788
1783 2197
1784 1786
1784 1791
1784 3211
1786 1791
1787 3476
1792 2276
1792 2518
1793 2763
1793 2366
1793 3525
1794 2481
1795 2456
1795 2457
1795 2464
1796 2485
1796 1798
1798 1803
1798 2543
1799 4350
1800 2456
1800 2459
1801 5019
1803 5114
1804 2446
1804 1808
1804 2440
1805 3597
1805 1807
1806 2446
1806 2443
1808 2440
1808 2442
1809 4394
1809 4879
1810 3335
1810 1811
1810 2058
1810 2063
1813 1816
1814 3368
1817 1818
1817 1829
1818 1847
1818 1824
1819 2963
1819 1897
1819 2965
1821 1874
1821 1904
1821 2977
1822 4087
1822 4090
1822 4082
1823 2995
1823 1868
1823 3295
1825 3797
1825 2719
1826 4735
1826 1888
1826 1863
1827 1914
1828 1843
1829 3964
1830 1923
1830 1878
1830 2967
1831 1908
1832 3277
1832 4996
1832 1887
1833 1898
1833 1906
1833 1919
1834 1872
1834 4734
1834 3046
1835 1906
1836 2182
1836 1882
1836 2195
1837 3040
1838 1917
1839 1879
1840 1851
1841 1883
1843 2966
1843 1847
1844 1855
1844 1889
1844 3798
1845 1925
1846 4042
1846 1912
1846 1894
1847 1928
1848 1892
1848 1897
1848 2964
1849 1913
1850 2195
1850 1900
1850 2859
1851 1886
1851 4005
1852 4680
1852 3555
1853 2339
1853 4165
1854 1868
1856 1921
1856 3294
1856 3295
1857 3967
1858 4559
1858 1891
1858 3133
1859 1905
1860 1875
1860 1880
1861 1923
1861 2967
1861 2969
1862 1880
1862 1875
1863 4736
1864 1918
1865 1870
1866 2994
1866 2988
1868 2990
1869 3002
1869 3018
1869 3037
1870 1893
1871 1887
1871 1930
1871 3278
1872 1916
1872 4735
1873 1892
1873 1897
1873 2968
1874 2983
1874 2985
1876 1910
1877 3020
1877 3006
1877 3023
1878 2965
1879 1908
1879 1929
1880 3030
1881 1914
1883 1901
1883 1918
1884 2986
1886 3018
1886 4091
1887 1930
1888 4734
1889 1914
1889 3797
1890 1926
1892 1902
1893 1924
1895 3959
1895 5000
1896 1911
1896 4054
1898 1915
1899 1911
1899 1922
1900 2718
1900 2848
1902 1919
1902 2964
1903 2999
1903 4737
1903 1916
1904 1909
1904 2984
1905 1918
1905 1908
1906 1915
1907 3967
1907 3403
1909 1928
1909 2979
1913 3755
1913 5130
1915 3293
1916 4736
1920 4983
1920 3314
1920 3041
1921 2988
1921 2992
1923 2965
1926 3968
1927 4737
1927 3011
1928 2976
1931 2034
1931 2044
1931 4110
1932 1934
1933 1942
1933 4120
1933 3248
1933 3243
1934 1941
1935 1944
1936 1940
1936 3241
1936 3238
1937 1943
1938 1946
1938 2817
1938 4013
1939 1945
1939 1942
1939 1941
1940 3242
1940 3241
1941 2168
1942 3248
1943 1946
1943 1945
1944 3444
1945 2257
1946 3241
1947 1961
1947 1975
1947 2569
1948 1972
1948 1976
1948 2009
1949 1963
1949 2000
1950 4740
1950 3534
1950 1996
1951 1955
1952 1987
1952 1965
1952 2513
1953 3342
1953 1988
1954 2737
1954 3176
1955 2007
1955 4981
1956 2006
1956 4720
1957 4741
1957 4757
1957 4758
1958 1990
1958 2004
1958 1978
1959 3827
1959 1974
1960 1984
1960 1966
1960 1993
1961 1970
1961 1983
1962 2142
1962 1971
1962 1996
1963 1988
1964 1980
1965 2010
1965 2508
1966 2002
1966 1973
1967 3108
1967 4981
1968 1999
1969 1976
1969 2009
1970 2004
1971 1996
1971 4741
1972 2009
1972 2181
1975 1975
1976 4545
1977 3795
1977 2784
1977 2172
1979 1989
1979 3172
1980 1999
1981 3795
1984 1992
1984 1993
1985 1993
1985 2002
1985 3882
1986 2733
1987 2010
1988 2003
1991 2001
1991 4140
1994 2004
1995 4875
1995 4772
1995 4801
1995 4771
1997 2008
1998 3174
1999 4582
2000 2003
2003 3342
2005 2737
2007 2007
2008 2569
2012 3021
2012 2042
2012 4076
2012 3022
2013 2017
2014 2017
2014 2029
2014 2015
2015 2032
2015 2020
2016 2030
2016 2023
2017 2027
2018 4831
2018 2043
2018 4093
2019 2035
2019 2042
2020 2031
2020 4552
2021 2041
2021 2028
2022 2025
2022 2032
2022 4109
2023 3063
2024 3764
2025 2213
2025 2033
2026 4050
2028 2217
2028 2041
2030 3579
2032 3071
2033 2033
2034 2037
2034 2217
2035 2036
2035 3045
2036 2039
2036 2038
2037 2040
2037 3556
2040 2587
2040 2044
2042 4085
2043 3777
2043 4830
2044 2213
2045 3557
2046 2053
2046 3557
2047 2050
2047 2048
2049 2051
2053 3150
2054 2067
2055 2071
2055 2080
2056 2085
2056 2065
2056 2072
2057 2088
2058 2074
2059 2066
2059 2081
2059 2060
2061 2071
2062 2086
2064 2080
2064 2073
2064 2075
2066 2073
2066 2079
2068 2071
2069 2077
2070 3565
2070 2084
2071 2079
2073 2080
2075 2086
2076 2081
2076 2079
2076 2082
2078 2091
2087 3569
2087 2089
2090 4819
2090 2093
2090 2096
2091 2093
2091 2096
2092 2094
2094 2095
2095 5132
2095 5012
2096 2097
2098 3359
2098 5007
2098 3575
2099 2102
2099 2137
2099 2101
2100 2128
2101 2123
2102 2104
2102 2140
2103 2127
2103 2125
2104 2135
2104 2117
2105 2128
2106 2110
2107 4529
2107 3436
2107 3271
2108 2140
2109 2121
2109 5134
2110 3355
2111 2133
2112 3874
2112 2141
2112 3072
2113 2123
2114 2136
2115 2118
2115 3807
2116 2128
2116 2131
2116 2136
2119 2134
2119 2120
2120 2129
2120 2138
2121 3341
2122 2125
2123 2140
2124 2126
2126 2588
2126 2191
2129 2135
2130 3304
2132 2191
2132 3068
2135 2139
2136 2138
2138 2588
2141 3072
2142 3946
2142 2143
2143 2145
2143 3946
2144 2147
2144 3208
2146 2149
2146 2148
2146 3947
2148 2359
2148 4540
2150 4431
2150 4425
2151 2154
2151 2165
2151 2170
2152 3722
2152 2171
2152 4421
2154 3186
2154 3187
2155 4370
2156 2167
2157 2179
2157 2175
2157 3402
2158 4827
2158 2786
2159 2173
2160 2179
2160 3242
2161 3998
2162 2168
2163 2165
2163 3184
2163 3722
2163 2173
2164 4427
2164 4451
2165 2171
2166 4392
2167 4445
2168 4141
2169 4400
2170 3721
2171 3721
2172 4823
2172 4825
2173 3185
2173 4446
2175 3244
2175 3240
2175 4562
2176 3720
2177 3998
2179 3239
2179 3402
2183 2206
2184 3466
2184 3459
2185 3792
2186 2209
2186 2188
2186 3909
2187 4350
2188 2208
2188 3908
2189 2198
2189 2192
2189 2190
2190 2205
2190 2203
2191 2207
2192 2205
2192 2214
2192 2194
2193 2195
2196 3330
2198 2201
2198 2214
2199 2215
2200 3738
2200 3166
2201 2222
2202 2204
2204 2956
2204 3899
2208 3792
2208 2219
2209 2221
2209 2212
2210 2216
2210 2222
2210 2214
2211 2329
2211 2215
2212 4010
2212 3910
2213 4110
2214 4363
2215 2220
2216 4367
2217 4110
2219 3738
2219 3736
2221 4368
2222 4362
2223 4713
2224 4854
2224 3496
2224 3493
2225 3494
2226 3498
2226 3497
2226 3499
2227 2731
2228 4980
2228 3076
2228 3075
2229 2230
2229 2233
2230 2231
2232 2234
2234 2235
2234 2238
2236 2243
2237 2246
2238 2239
2238 2240
2241 2247
2242 2245
2243 2246
2244 2248
2248 4883
2249 2250
2250 3728
2252 3179
2253 2255
2254 2255
2255 2256
2257 2261
2257 2258
2258 3247
2258 3246
2259 2260
2262 4147
2262 4136
2262 5174
2263 3129
2263 2264
2265 4379
2265 2266
2265 4112
2266 4113
2266 4913
2267 2268
2267 2269
2269 2270
2269 2271
2271 2272
2271 2279
2272 2283
2272 3126
2272 4682
2273 2274
2274 2275
2275 2276
2277 2529
2278 2279
2279 2280
2281 3869
2281 2518
2281 2282
2282 2518
2283 2820
2284 4969
2285 4839
2285 4836
2286 2389
2287 2289
2288 4473
2288 2293
2291 2292
2291 4596
2291 2303
2292 2296
2292 5079
2293 2294
2294 4476
2295 3753
2295 4361
2295 3751
2296 2298
2297 2298
2298 5079
2299 2300
2299 2304
2300 2301
2300 2306
2301 2309
2302 3752
2302 4480
2302 3754
2303 2310
2303 2305
2305 5079
2305 2308
2305 2312
2308 2312
2308 2316
2310 2312
2310 5078
2311 4511
2314 2316
2315 4483
2316 2318
2318 3758
2318 3632
2319 2320
2320 2321
2320 2323
2321 2323
2322 2707
2324 2325
2324 2624
2325 2326
2325 2327
2329 3448
2329 2330
2331 3449
2331 4002
2331 3448
2333 5045
2333 4551
2333 2335
2333 5059
2334 2705
2334 2704
2334 4493
2335 4653
2335 4655
2335 2336
2335 4657
2336 5045
2337 3766
2337 3767
2337 3765
2338 2378
2338 2377
2338 3773
2339 2341
2339 2340
2340 2342
2340 5093
2341 2941
2341 4599
2342 2343
2343 4695
2343 2344
2344 2346
2345 4034
2345 3744
2345 4035
2346 2348
2346 3144
2347 4851
2347 2349
2347 4036
2348 3147
2348 2349
2350 3744
2350 4102
2351 3483
2352 3483
2352 2354
2354 2767
2354 3146
2355 5100
2355 5074
2355 2751
2356 5096
2357 4748
2357 4746
2357 4763
2358 3538
2358 5049
2358 5048
2359 4763
2360 3607
2362 3607
2362 3606
2362 3608
2363 3319
2364 2762
2364 3319
2364 2366
2365 3475
2365 2366
2365 2367
2367 2368
2369 2370
2370 5016
2371 2538
2371 2372
2372 2539
2373 2374
2374 2375
2375 2540
2375 2542
2376 3764
2377 2378
2377 3765
2378 3443
2378 3772
2379 2380
2381 4104
2381 4106
2381 2404
2382 3942
2382 3949
2382 2383
2383 3270
2383 3535
2385 2386
2385 3364
2386 3480
2386 2387
2386 3364
2387 2388
2388 3480
2388 4496
2390 3085
2391 2399
2392 5119
2392 3830
2392 3865
2393 2806
2393 2397
2393 2805
2393 3746
2394 5023
2394 2397
2395 5105
2395 4666
2396 2804
2396 3865
2396 2806
2397 3830
2398 5120
2399 5023
2399 5119
2400 3262
2400 3258
2400 3326
2401 2403
2401 2402
2401 3260
2402 3259
2402 3261
2403 3326
2403 3257
2405 3266
2405 2406
2405 3263
2406 3265
2406 3262
2407 3258
2407 3189
2408 4277
2408 4276
2408 4526
2408 2412
2409 2953
2409 4322
2409 4320
2410 3317
2410 5117
2410 4269
2411 3541
2411 3543
2411 2414
2411 3323
2412 4304
2412 3252
2413 3506
2413 2415
2413 5154
2414 3507
2414 3506
2415 3505
2415 3540
2415 3320
2416 2449
2417 2418
2417 2448
2418 2447
2419 5153
2419 3514
2419 3512
2420 3261
2420 3260
2420 3264
2421 4103
2421 2422
2421 4851
2422 4170
2422 4850
2422 3259
2423 2424
2423 2428
2423 2425
2424 2426
2424 2427
2428 3647
2428 4263
2429 4626
2429 4569
2429 3190
2430 3193
2430 4574
2430 3783
2431 3195
2431 4574
2431 4570
2432 3193
2432 4627
2432 3779
2432 2434
2432 3652
2433 4573
2433 3197
2434 2435
2434 3195
2435 2436
2435 4581
2435 3197
2435 3204
2436 3660
2436 3657
2437 2438
2437 4840
2437 3999
2439 4694
2439 2444
2440 3331
2440 5131
2441 2448
2441 2446
2441 2445
2442 2451
2442 2446
2443 2450
2445 2448
2447 2450
2450 4694
2451 2452
2453 4841
2454 4038
2455 2772
2455 3762
2455 2457
2456 2461
2457 2462
2458 2468
2459 2460
2459 2461
2461 2464
2462 2465
2462 2470
2463 2473
2463 2466
2465 2469
2465 2476
2466 2473
2467 2468
2468 2473
2469 2477
2470 2476
2470 2474
2471 2483
2471 2472
2474 5018
2474 2480
2475 5018
2475 4215
2476 2477
2477 2480
2478 2482
2479 2482
2480 5019
2481 2483
2481 2486
2482 2484
2483 5020
2484 4229
2485 2544
2485 4215
2487 2489
2487 5021
2488 2489
2491 4583
2491 2493
2494 4919
2495 2497
2495 2498
2495 3859
2496 2497
2496 4249
2496 2500
2497 2499
2498 2499
2499 2501
2500 2502
2500 4248
2500 2501
2501 3860
2502 3860
2502 3861
2503 2507
2503 4140
2504 2505
2504 2508
2505 2506
2506 2510
2506 2509
2507 2511
2508 2510
2509 2512
2510 2513
2511 4152
2512 4155
2512 4154
2513 4154
2514 4661
2514 3862
2514 2515
2515 3625
2515 3862
2516 3627
2516 3626
2517 2764
2517 2619
2517 3316
2519 2520
2519 5173
2521 2589
2521 2591
2521 3550
2522 2592
2522 2590
2522 2593
2523 2592
2523 2591
2523 3587
2524 3587
2524 2599
2524 2600
2525 4113
2525 5042
2526 2599
2526 3588
2526 2601
2526 3582
2527 2602
2527 2600
2528 2601
2528 2602
2528 3813
2531 2533
2531 2534
2531 2532
2532 2533
2534 2535
2536 2537
2541 2542
2542 2543
2544 4245
2544 4244
2544 4234
2547 4588
2549 2551
2550 2551
2551 2552
2552 3338
2552 3726
2553 2554
2554 2555
2556 3943
2556 5136
2557 3943
2557 4098
2558 2559
2558 2561
2560 2562
2560 2561
2561 2562
2563 2565
2564 2565
2565 2566
2567 5118
2567 2568
2568 5082
2568 3119
2571 2572
2571 2573
2574 4998
2575 5012
2575 3373
2575 3380
2576 2578
2577 5009
2578 5009
2579 4501
2580 2581
2580 3219
2582 4478
2582 4430
2582 4481
2583 3043
2584 4021
2585 3232
2586 4066
2587 3139
2587 4563
2591 3589
2592 2600
2593 2594
2593 2605
2594 2596
2594 2595
2595 2597
2595 2596
2598 3587
2598 2599
2598 3589
2598 3590
2601 3814
2602 3812
2603 2605
2604 2606
2604 2608
2605 2607
2606 2607
2606 2608
2608 2609
2610 2611
2612 2613
2614 2615
2616 5146
2617 3812
2618 2619
2619 2620
2621 3316
2622 2623
2622 2627
2623 2627
2624 2626
2625 2626
2626 2629
2627 2628
2628 2630
2630 2631
2630 2642
2631 3634
2631 2634
2632 2635
2633 2640
2633 2638
2636 2642
2637 2648
2638 2644
2638 2640
2639 2646
2639 2645
2640 2654
2641 2641
2642 2644
2643 2649
2644 2652
2645 2653
2645 2646
2645 2647
2646 2648
2649 2650
2651 2663
2652 2654
2652 2656
2653 2658
2653 2657
2654 2663
2655 2657
2657 2662
2658 2659
2658 2662
2660 2661
2662 2671
2663 2667
2664 2667
2665 2669
2666 2672
2667 2668
2668 2669
2668 2670
2669 2670
2670 2671
2671 2672
2673 2678
2673 2676
2674 5158
2674 5159
2675 2680
2677 2681
2678 2680
2679 2684
2680 2681
2681 3864
2682 2687
2682 2684
2682 5161
2682 5160
2683 2689
2684 2685
2684 2692
2685 2688
2686 2695
2688 2690
2688 2696
2689 2695
2690 2691
2690 4652
2691 2694
2691 2696
2693 2699
2694 2700
2694 2701
2695 2699
2696 2697
2697 2698
2697 2700
2698 5169
2698 2702
2699 5169
2700 2706
2702 2705
2702 2704
2703 5169
2704 4490
2705 2706
2706 5059
2708 2711
2709 2712
2710 3148
2710 2712
2711 2713
2711 3560
2713 3113
2714 3743
2714 2715
2715 3508
2716 3731
2716 3286
2716 3373
2717 2718
2717 2720
2718 2721
2719 3798
2719 2723
2720 2721
2720 2722
2721 4150
2722 2723
2722 5091
2723 4149
2725 2726
2725 4150
2725 5092
2726 4153
2728 2730
2729 2731
2729 3701
2729 3700
2731 3701
2732 2733
2734 2736
2734 2735
2737 2738
2738 2740
2738 2739
2739 2740
2740 2746
2741 2743
2741 3147
2742 2743
2742 3145
2743 3146
2743 4172
2743 4101
2744 2745
2744 2748
2745 2747
2745 2748
2746 2750
2746 2751
2748 2754
2749 2752
2750 2752
2750 2751
2752 2755
2753 2756
2753 2754
2755 5074
2755 5070
2757 5047
2758 5074
2758 5070
2758 5100
2759 2761
2760 2761
2761 3358
2762 3318
2762 3475
2763 3525
2763 2780
2764 3316
2765 3316
2765 4347
2767 2768
2767 2769
2771 2773
2771 2772
2772 3452
2774 2775
2774 2778
2774 3869
2775 2775
2776 2777
2776 2776
2777 3525
2778 2779
2778 5017
2779 2779
2780 2781
2782 4821
2782 4829
2783 4829
2783 2784
2784 3401
2784 2813
2785 4822
2786 4822
2786 4828
2787 2789
2787 2797
2788 2789
2788 2790
2789 2792
2790 2792
2790 2791
2791 3345
2791 2793
2792 2795
2793 3453
2793 2795
2794 2800
2795 2799
2796 2799
2798 2800
2800 2801
2802 4667
2803 5026
2803 4664
2804 4663
2805 4664
2806 4659
2806 3830
2807 4469
2807 4470
2807 4466
2808 4361
2808 2810
2808 4470
2809 4906
2809 4905
2809 4904
2810 4470
2811 3785
2811 2812
2813 2814
2814 2815
2814 3793
2814 3794
2816 4370
2816 4369
2817 4369
2817 2818
2818 3168
2820 3127
2820 4690
2821 3127
2824 2825
2825 2827
2825 2826
2828 4927
2829 2830
2830 2831
2830 4971
2830 3053
2831 3061
2831 2832
2833 2838
2834 3050
2834 2836
2834 2835
2835 3675
2835 2837
2836 2837
2837 3675
2838 3755
2839 2841
2839 2840
2840 2842
2840 4007
2843 2845
2843 4972
2847 2849
2847 2850
2847 4845
2848 2850
2848 3135
2850 2851
2852 2856
2853 3423
2853 2860
2854 2856
2855 3428
2855 2862
2855 3424
2856 2858
2857 2858
2857 2893
2858 2863
2860 3427
2861 2864
2862 2865
2863 2870
2864 4863
2864 2885
2865 3433
2865 3125
2866 4862
2866 2882
2867 4859
2867 3699
2867 5148
2867 3698
2868 5050
2869 5149
2870 2883
2870 2891
2871 2874
2871 2872
2872 2876
2873 5149
2873 2878
2873 5050
2874 2875
2874 2881
2874 2876
2875 2879
2875 2888
2876 2880
2877 4859
2877 2890
2877 2887
2878 2884
2878 5148
2879 2880
2879 2888
2880 2886
2882 4860
2882 2898
2883 2892
2883 3435
2884 4858
2884 2889
2885 4861
2885 2895
2885 3434
2887 4858
2887 2890
2888 2891
2889 3492
2890 2905
2892 2899
2893 2915
2893 2905
2894 2901
2894 2904
2896 4860
2896 2898
2897 4679
2899 2907
2900 2909
2901 3555
2902 4532
2902 2914
2903 2912
2905 2915
2906 2918
2906 4531
2907 2921
2908 2910
2910 2913
2911 2926
2911 2931
2911 2934
2912 2917
2912 2919
2913 2914
2914 4678
2914 4530
2915 2919
2918 4677
2919 2923
2919 2928
2920 2928
2920 2924
2921 2924
2922 3997
2922 2930
2923 5113
2924 2925
2926 2930
2927 2929
2928 2932
2929 4530
2930 2936
2930 2935
2931 2936
2931 3130
2934 3133
2935 2939
2935 2937
2936 2937
2937 3130
2938 4673
2938 4530
2939 2950
2940 2942
2941 2947
2942 2945
2942 5168
2942 3131
2943 3132
2943 2945
2943 2952
2944 2947
2945 2946
2946 3250
2947 4034
2948 3250
2948 3133
2948 5168
2948 3249
2949 2950
2950 3132
2951 4982
2952 4982
2953 3251
2953 4927
2953 4321
2954 3825
2954 3757
2954 5150
2955 3744
2956 2958
2957 4585
2957 4587
2959 2961
2960 4584
2960 4583
2961 2962
2961 4584
2963 2964
2966 2976
2967 2975
2968 2969
2968 5171
2969 2970
2970 2974
2970 2971
2971 2972
2971 2974
2972 2978
2972 2973
2973 2975
2973 2978
2974 2981
2975 2977
2976 2979
2977 2979
2978 2983
2980 2982
2981 2982
2981 2983
2984 4054
2985 2997
2986 2990
2986 2989
2987 5171
2988 2989
2990 2991
2991 3000
2991 2993
2992 2996
2993 2998
2994 2996
2995 3002
2995 3005
2998 3000
2998 3007
2999 4737
3000 3733
3001 4336
3001 3279
3001 4074
3002 3005
3003 3014
3003 4335
3005 3010
3005 3008
3007 3733
3007 3013
3008 3009
3008 3733
3009 3010
3009 3013
3010 3018
3010 3017
3012 4074
3012 4336
3012 3015
3014 3016
3014 4335
3015 3016
3015 4076
3016 3021
3017 4083
3019 4077
3019 3024
3019 3020
3020 3027
3021 3022
3023 3026
3023 4080
3024 3029
3024 3028
3025 4083
3026 3027
3026 4087
3027 3028
3028 3033
3029 3311
3030 4082
3031 3036
3032 3310
3032 3035
3034 3044
3035 3038
3037 3041
3037 4662
3038 4970
3038 3043
3040 3056
3041 3273
3042 4970
3042 3719
3043 3050
3044 4091
3046 3047
3047 3049
3047 4733
3047 4734
3048 3719
3048 5128
3049 4733
3050 3051
3052 3063
3052 3734
3054 4732
3054 4019
3055 3058
3057 3646
3058 3062
3058 3060
3059 3060
3059 3066
3060 3062
3062 3064
3063 3734
3064 3065
3067 4971
3067 3821
3068 3874
3068 3846
3069 3793
3069 3910
3070 3301
3071 3139
3071 4552
3073 3074
3075 3076
3075 3704
3075 3592
3076 4978
3077 3082
3078 3079
3079 3080
3079 3081
3080 3084
3080 3082
3082 3086
3083 3086
3086 3091
3087 3087
3087 3093
3088 3090
3089 3090
3090 3092
3091 3817
3092 3094
3094 3096
3094 3095
3096 3097
3096 3100
3097 3101
3098 4444
3098 3099
3100 3104
3100 3102
3101 3105
3101 3103
3102 3103
3102 3104
3103 3104
3105 3107
3106 3107
3107 3366
3108 4981
3108 3109
3111 3112
3111 3564
3111 3113
3114 3119
3114 3118
3115 5118
3115 3118
3116 3120
3117 3119
3117 3870
3118 3119
3118 5118
3121 3122
3122 4997
3123 3433
3124 4681
3124 3433
3125 3429
3125 4339
3126 4515
3127 4515
3128 3129
3130 3131
3131 3132
3133 3134
3134 3250
3134 3282
3135 3136
3135 3137
3136 3138
3136 3741
3137 3138
3137 4553
3138 4552
3139 3275
3140 3170
3140 4996
3141 3142
3143 3144
3144 3147
3145 3146
3148 3149
3150 5087
3151 3725
3152 5065
3152 3154
3152 5061
3153 5060
3153 4001
3154 5066
3156 3994
3156 3389
3156 3396
3157 4100
3158 4098
3158 4100
3158 3159
3160 4828
3160 3161
3160 3395
3160 3811
3161 3791
3161 3162
3162 3396
3162 3164
3163 3165
3163 3996
3163 4023
3164 3166
3164 3165
3165 3167
3166 3167
3169 3380
3170 4993
3171 3176
3172 3174
3173 3175
3173 3174
3177 4499
3178 3959
3179 3180
3181 4119
3182 3183
3184 3185
3184 3186
3187 3188
3189 3809
3189 3878
3189 4625
3190 3193
3190 4576
3191 3192
3192 3194
3193 3195
3194 3196
3195 3197
3196 4263
3198 3655
3198 3653
3199 3655
3199 3200
3200 3201
3200 3209
3200 3655
3201 3203
3202 3209
3203 3206
3204 4358
3204 4581
3205 3208
3206 3207
3206 3208
3207 4568
3209 4977
3210 4977
3211 5180
3212 4471
3212 4513
3213 4471
3213 4359
3213 4474
3214 4474
3215 4946
3215 4945
3215 3217
3217 4307
3217 4945
3218 3905
3218 4307
3221 3245
3222 3580
3222 3223
3225 3580
3226 4096
3227 3481
3227 4095
3227 4096
3228 3230
3229 4033
3229 3645
3229 3230
3229 4063
3230 3233
3231 4868
3231 3288
3232 3233
3232 3235
3234 3235
3235 3236
3236 4066
3237 3487
3237 3485
3239 3240
3239 3243
3240 3246
3242 4120
3243 3245
3244 3248
3245 3247
3246 3247
3247 3248
3251 4326
3251 4327
3252 3254
3252 4526
3253 4311
3253 4330
3254 4311
3254 3256
3255 4281
3255 4313
3256 4281
3257 5116
3257 4196
3258 4199
3258 5116
3259 4187
3260 3261
3260 3326
3261 5097
3262 4225
3262 3264
3263 3266
3264 4105
3264 3266
3265 3528
3267 3817
3267 3269
3267 4106
3268 3269
3268 3270
3269 4204
3269 3818
3270 3949
3270 4204
3271 3272
3273 3314
3273 4554
3274 4003
3274 4662
3274 4554
3275 4972
3275 4553
3276 3911
3276 4346
3277 3279
3277 3278
3278 3279
3280 4321
3281 3284
3282 4559
3282 3283
3285 3731
3286 5012
3287 4620
3287 4618
3288 4867
3289 4883
3289 3290
3291 4105
3291 4298
3291 3942
3291 3361
3294 3960
3296 3297
3299 3300
3301 3903
3302 3303
3302 3553
3303 4345
3305 3306
3305 4939
3306 3307
3307 3308
3308 4002
3309 3356
3309 4002
3309 3449
3310 3822
3311 4090
3311 3312
3312 4970
3313 4934
3313 4090
3314 4985
3314 4914
3315 4003
3315 5130
3315 3821
3317 4271
3317 5178
3318 3459
3318 3319
3320 3321
3320 4353
3320 3542
3321 4318
3321 4277
3321 4319
3322 4348
3323 3324
3323 3546
3323 3544
3324 4319
3324 4323
3324 4304
3326 5116
3327 3978
3327 4967
3328 3717
3329 3330
3331 5131
3332 3591
3332 3333
3332 3725
3332 3724
3335 3336
3337 3339
3338 4516
3339 4516
3339 3340
3341 5134
3343 3344
3345 3453
3346 3348
3347 3349
3348 4367
3348 3349
3349 4819
3350 3845
3351 4992
3352 4556
3353 3354
3353 4256
3353 4685
3354 5008
3355 4630
3359 3576
3359 5007
3361 4205
3361 3530
3362 4700
3362 4740
3362 4699
3363 4699
3364 3479
3365 3818
3367 3368
3370 3975
3372 3977
3373 4618
3374 3397
3374 3398
3374 4830
3374 4079
3375 3376
3375 4726
3375 3378
3376 3618
3377 5143
3378 5023
3378 3867
3379 3617
3379 5143
3379 4922
3379 5022
3381 3382
3381 3385
3382 3383
3384 3386
3385 3943
3386 4093
3386 4832
3386 3388
3387 3390
3387 3389
3390 3391
3391 3392
3391 3393
3392 3394
3392 3811
3393 3811
3393 4826
3393 3395
3394 3396
3394 3810
3399 4651
3400 3412
3400 3488
3401 3402
3401 3794
3403 3405
3404 4355
3404 3955
3404 3406
3404 3952
3405 3962
3405 4046
3406 3957
3406 4999
3407 5002
3407 4354
3407 5000
3409 3410
3411 3736
3412 4068
3412 3414
3413 4866
3413 4871
3414 4870
3414 4866
3415 3418
3415 3421
3416 3417
3416 4069
3416 3419
3417 3419
3417 3418
3418 3421
3419 4021
3420 3422
3421 5125
3423 3424
3423 3427
3425 3430
3426 3435
3426 3434
3427 3428
3428 3431
3429 3432
3429 3431
3430 3431
3432 4339
3432 4680
3437 3881
3437 3438
3439 4555
3439 4739
3439 5049
3439 4903
3440 3828
3441 3828
3442 3766
3443 3774
3444 4623
3444 4120
3445 3951
3445 4722
3446 5022
3450 3452
3451 3452
3454 3455
3457 3458
3459 3815
3460 3816
3460 3468
3460 3815
3461 3462
3462 3465
3462 3816
3463 3464
3463 3466
3463 3474
3464 3467
3465 3468
3465 3471
3466 3469
3468 3470
3469 3473
3469 3471
3471 3473
3472 3474
3473 3475
3474 3774
3477 4919
3477 3853
3479 3480
3481 4029
3481 4027
3481 3482
3482 4864
3482 4871
3484 3485
3484 4935
3484 3486
3486 3487
3486 4967
3489 4594
3489 3490
3490 4115
3490 4718
3491 3789
3491 4594
3492 5052
3493 4857
3493 3494
3494 3495
3494 4854
3495 3786
3496 4856
3496 3497
3496 5166
3497 3498
3497 4854
3498 4855
3499 3788
3499 5166
3500 5154
3500 4270
3500 3788
3501 3503
3502 3505
3502 4352
3502 4270
3503 3504
3504 3876
3505 4353
3506 3876
3506 4273
3507 4275
3507 3543
3508 4278
3509 4931
3509 3743
3510 5151
3510 3808
3511 4931
3511 4306
3511 3513
3512 3808
3512 3513
3513 3514
3513 3518
3514 4310
3515 3517
3515 4309
3515 4329
3516 4928
3516 3517
3516 3518
3516 4306
3517 3519
3518 3519
3519 3520
3520 4288
3520 3523
3521 3522
3521 3523
3521 4310
3522 3524
3522 4175
3522 4280
3523 3524
3524 4289
3526 3749
3526 4472
3527 4775
3528 4227
3528 4228
3528 5095
3529 4107
3530 3532
3530 3531
3531 4206
3531 4207
3532 3533
3532 4205
3533 4206
3533 4211
3534 4210
3534 3535
3536 3745
3536 4799
3536 4696
3537 4540
3537 3538
3538 3539
3540 4273
3540 4926
3540 3542
3541 4273
3541 4925
3541 3544
3542 3544
3542 4319
3543 3545
3543 3546
3545 3547
3545 4278
3546 4323
3546 4324
3547 4324
3547 4326
3548 3549
3550 4543
3552 5175
3554 5111
3555 4341
3556 4972
3557 3558
3559 3560
3560 3718
3561 5013
3562 3563
3563 5013
3565 3566
3567 3568
3568 3570
3568 3573
3569 3572
3571 3572
3572 3574
3575 3576
3577 5103
3577 3578
3578 5006
3579 4109
3579 3879
3581 5176
3581 5177
3582 3584
3582 3588
3583 3583
3583 3584
3584 4387
3585 3586
3586 3589
3586 3588
3588 4387
3590 3590
3591 3724
3595 3596
3597 4596
3598 3609
3598 3601
3599 3612
3599 3611
3599 3600
3600 3601
3600 3611
3601 3614
3602 3603
3602 3604
3602 4506
3603 4507
3604 3605
3605 3607
3605 3606
3607 3608
3609 3610
3610 3611
3612 3613
3613 3615
3614 3615
3614 4990
3617 3618
3618 4922
3619 3620
3621 3622
3621 3623
3622 3623
3623 3624
3625 3863
3625 3626
3626 3863
3627 3628
3628 3629
3629 3630
3630 3631
3632 4596
3633 3634
3635 3636
3636 5066
3637 4629
3637 5063
3638 5047
3638 3639
3640 3642
3640 3641
3641 4092
3641 3643
3642 3643
3643 4094
3644 4094
3645 4868
3645 4065
3645 4033
3646 4005
3647 4577
3647 4840
3648 3649
3648 3650
3649 3651
3651 4580
3652 4627
3653 3654
3653 4569
3654 4580
3657 3658
3659 3661
3659 4572
3659 4582
3660 4581
3662 3665
3662 4358
3662 3664
3663 3664
3666 3670
3667 4568
3668 4578
3668 3669
3671 3673
3673 3674
3673 4578
3676 3677
3678 3681
3680 3681
3681 3683
3682 4844
3684 3685
3687 3689
3688 3689
3689 3690
3691 3693
3692 3696
3692 4940
3693 3695
3693 3694
3696 3698
3698 3699
3700 3701
3704 3705
3704 4980
3705 3706
3705 4981
3707 3710
3708 3709
3709 3710
3711 3712
3712 3713
3712 3714
3714 3716
3715 3716
3720 4423
3720 4419
3721 4403
3722 3723
3723 4421
3726 3727
3728 4044
3728 3967
3729 3731
3730 3845
3730 3732
3730 4516
3735 3736
3737 3738
3739 3740
3742 3796
3742 4825
3742 3797
3743 5151
3745 4495
3745 4800
3746 3747
3748 4459
3749 4459
3750 4906
3750 4479
3751 4361
3751 4360
3752 3753
3752 4882
3753 3754
3753 4475
3754 4478
3754 4475
3755 3756
3757 5150
3758 3759
3760 3761
3761 3762
3761 4721
3762 5018
3763 5112
3764 3765
3766 3768
3769 3771
3770 3772
3771 3772
3771 3773
3774 3775
3776 3777
3777 4093
3778 3779
3779 4626
3780 3781
3781 4582
3782 3783
3783 4576
3784 5043
3785 3819
3786 3787
3787 5155
3787 4855
3788 4855
3789 4116
3789 4595
3790 4116
3790 4124
3791 3792
3792 3793
3794 3795
3795 4825
3796 4561
3796 4562
3797 3798
3798 4149
3799 3800
3800 3802
3800 3801
3803 3804
3803 5132
3804 3805
3805 3806
3807 5009
3808 5152
3809 4624
3810 3811
3812 3813
3813 3814
3814 5146
3815 3816
3817 4209
3817 3818
3818 4204
3819 3820
3819 5043
3820 5043
3821 4971
3822 4075
3822 4084
3823 3824
3824 4158
3825 4558
3825 3826
3827 5024
3827 4524
3829 3971
3830 5023
3831 3834
3832 3834
3833 3838
3834 3837
3835 3842
3836 3837
3837 3838
3838 3840
3839 3840
3840 3842
3841 3842
3842 3844
3843 3844
3844 3845
3846 3874
3847 3850
3848 3849
3850 3852
3852 4920
3852 3853
3853 3854
3855 3858
3856 3857
3856 3858
3860 3861
3862 3863
3865 5124
3866 3867
3868 4721
3869 4721
3870 3872
3870 4253
3871 3873
3874 4544
3875 4137
3875 4356
3875 4357
3876 4275
3877 5151
3878 4617
3878 4199
3880 3881
3883 3893
3883 3884
3885 3888
3886 3891
3887 3888
3888 3889
3889 3891
3889 3890
3891 3892
3893 4496
3893 4497
3895 4497
3895 4496
3896 3898
3897 3898
3898 3899
3900 3902
3901 3902
3902 3903
3904 4520
3906 3972
3907 3908
3908 3909
3909 3910
3912 3919
3912 3979
3913 3917
3913 3921
3913 3984
3913 3981
3914 3915
3914 3980
3914 3986
3915 3920
3915 3916
3915 3918
3916 3919
3918 3924
3918 3987
3919 3982
3919 3923
3920 3983
3920 3923
3922 3981
3922 3985
3922 3982
3923 3983
3923 3982
3924 3926
3924 3928
3924 3988
3925 3927
3926 3930
3927 3983
3927 3930
3928 3931
3928 4267
3929 3985
3929 3935
3929 3941
3930 3932
3931 3933
3932 3934
3932 3933
3933 3940
3934 3985
3934 3937
3936 3940
3937 3939
3937 3938
3944 3945
3944 3996
3944 3995
3946 3947
3947 4744
3948 3950
3948 4242
3950 4236
3950 4242
3950 4240
3951 5044
3952 3961
3952 4999
3953 5030
3954 4354
3954 5000
3954 5035
3956 3961
3956 5001
3956 4354
3957 3960
3957 3964
3958 3963
3958 5033
3959 3965
3959 5002
3960 5002
3961 4355
3962 4047
3963 5034
3963 4808
3966 3969
3966 4044
3967 3968
3968 4355
3970 3971
3972 3975
3972 3973
3975 3977
3978 4966
3978 4961
3981 3982
3986 3987
3986 4739
3987 3988
3988 3989
3989 4265
3990 3991
3991 5027
3992 4483
3994 3995
3994 4100
3994 4023
3995 3996
3998 5111
3998 5112
3999 4259
3999 4840
4001 5046
4003 4004
4006 4008
4007 4972
4007 4971
4008 4976
4010 4372
4010 4011
4011 4012
4011 4013
4013 4373
4014 4234
4015 4242
4017 4099
4017 4018
4017 4020
4019 4028
4022 4027
4022 4026
4022 4024
4023 4025
4024 4026
4024 4030
4026 4031
4026 4030
4027 4031
4029 4864
4029 4868
4030 4033
4031 4033
4032 4062
4034 4035
4035 4036
4036 4103
4037 4038
4039 4055
4040 4059
4040 4060
4040 4041
4042 4061
4043 4044
4044 4991
4045 4048
4046 4048
4047 4048
4050 4073
4051 4077
4052 4055
4053 4058
4055 4059
4056 4060
4057 4058
4058 4060
4063 4064
4063 4065
4064 4065
4064 4067
4065 4867
4066 4069
4067 4071
4067 4068
4068 4071
4069 4070
4071 4108
4072 4079
4072 4073
4073 4086
4074 4076
4078 4081
4079 4086
4080 4082
4080 4087
4086 4831
4087 4089
4088 4091
4092 4092
4096 4097
4097 4099
4098 4100
4102 4176
4102 4177
4103 4176
4104 4342
4105 4788
4106 4107
4107 4209
4109 4111
4112 4380
4112 5042
4113 5041
4113 5042
4114 4121
4115 4595
4116 4124
4117 4118
4122 4123
4123 4126
4123 4130
4123 4125
4124 4356
4124 4595
4125 4127
4125 4131
4126 4128
4126 4127
4127 4129
4128 4130
4128 4129
4129 4134
4130 4132
4130 4134
4131 4133
4131 4134
4133 4135
4134 4135
4136 4148
4137 4357
4137 4356
4138 4139
4139 4140
4139 4142
4141 4143
4141 4144
4143 4145
4144 4145
4144 4146
4145 4146
4147 5040
4147 4148
4147 4384
4148 4385
4150 4157
4151 4156
4151 4160
4152 4155
4153 4695
4154 4155
4156 4160
4156 4912
4157 4161
4158 4159
4159 4168
4159 4166
4160 4164
4161 4163
4161 4162
4162 4163
4162 4165
4163 4165
4164 4912
4167 4931
4169 4930
4171 4287
4171 4197
4171 4285
4173 4196
4173 4198
4173 4177
4174 4287
4174 4290
4175 4197
4175 4289
4175 4284
4176 4178
4177 4178
4178 4198
4179 4192
4179 4218
4179 4203
4179 4183
4180 4202
4180 4291
4180 5144
4181 4193
4181 4202
4181 4184
4181 5144
4182 4216
4182 4201
4182 4221
4183 4219
4183 4195
4183 4185
4184 4194
4184 4186
4185 4201
4185 4222
4185 4216
4186 4203
4186 4218
4188 4190
4188 4292
4188 5156
4189 4194
4189 5156
4189 4191
4190 4202
4190 4193
4191 4203
4191 4192
4192 4195
4193 5156
4193 4194
4194 4203
4195 4201
4196 4200
4197 4292
4197 4291
4198 4200
4199 4225
4205 4700
4206 4211
4207 4208
4207 4210
4208 4212
4208 4213
4210 4214
4211 4212
4212 4213
4213 4214
4214 4740
4216 4223
4216 4221
4217 4220
4218 4219
4219 4222
4220 4709
4220 5097
4221 4224
4222 4223
4223 4224
4224 5095
4224 5145
4225 5145
4226 4227
4226 4228
4226 4938
4227 5144
4229 4244
4229 4231
4230 4232
4230 4243
4231 4233
4231 4246
4234 4235
4234 4246
4235 4245
4235 4237
4235 4238
4236 4245
4236 4238
4238 4239
4238 4240
4240 4241
4240 4242
4244 4246
4246 4247
4248 4249
4248 4250
4249 4250
4250 4251
4252 4254
4252 4256
4253 4255
4253 4257
4254 5010
4255 4258
4256 5008
4257 4258
4257 4264
4258 4264
4259 4260
4260 4261
4260 4265
4261 4262
4261 4266
4262 4267
4262 4263
4265 4266
4266 4267
4268 4269
4268 4856
4268 5166
4268 4521
4269 4550
4270 5117
4271 4352
4271 4272
4271 5117
4272 4318
4272 4274
4274 4277
4274 4276
4276 4945
4277 4304
4278 4320
4279 4280
4280 4314
4281 4937
4282 4285
4282 4312
4282 4625
4282 4283
4283 4284
4283 4314
4284 4284
4285 4286
4286 4617
4286 4287
4288 4293
4288 4313
4289 4291
4289 4293
4290 4292
4293 4938
4294 4709
4294 4610
4295 4301
4295 4785
4295 4299
4296 4298
4296 4299
4296 4788
4297 4301
4297 4303
4297 4614
4298 4300
4299 4300
4299 4786
4300 4787
4301 4302
4302 4315
4302 4786
4302 4706
4304 4311
4305 4306
4307 4946
4308 4309
4308 4327
4308 4928
4309 4929
4310 4312
4310 5153
4311 4328
4312 4314
4313 4330
4315 4787
4315 4316
4316 4707
4316 4706
4316 4700
4317 4352
4317 4353
4317 4318
4320 4321
4321 4326
4322 4927
4322 4931
4323 4325
4324 4325
4325 4328
4326 4328
4327 4928
4327 4929
4327 4930
4329 4330
4329 4929
4331 4333
4332 5081
4332 5085
4332 5082
4332 5083
4333 4334
4334 4545
4335 4336
4338 4340
4339 4681
4340 4681
4340 4341
4340 4680
4342 4937
4342 4343
4344 4345
4347 4351
4348 4349
4357 4857
4360 4361
4362 4365
4364 4364
4366 4367
4368 4372
4369 4371
4370 4373
4372 4373
4374 4375
4376 4378
4376 4385
4377 4378
4377 4379
4378 4380
4379 4380
4381 4386
4383 4387
4384 4385
4386 4388
4389 4431
4389 4440
4389 4439
4390 4392
4390 4393
4390 4409
4391 4392
4391 4396
4394 4397
4395 4399
4395 4878
4395 4396
4396 4400
4397 4398
4397 4401
4397 4408
4398 4402
4398 4878
4399 4400
4399 4403
4401 4402
4401 4415
4404 4405
4404 4409
4405 4986
4406 4407
4412 4413
4412 4433
4412 4414
4413 4432
4414 4416
4416 4422
4416 4417
4417 4418
4420 4422
4422 4426
4423 4424
4423 4425
4425 4428
4427 4434
4427 4441
4428 4435
4428 4431
4429 4514
4429 4589
4430 4484
4430 4901
4432 4433
4432 4436
4433 4435
4434 4441
4434 4443
4435 4440
4436 4442
4436 4437
4437 4443
4438 4514
4438 4590
4440 4442
4441 4444
4442 4443
4443 4444
4445 4590
4445 4446
4446 4591
4447 4448
4448 4449
4449 4450
4449 4452
4450 4453
4452 4453
4453 4454
4455 4463
4457 4465
4457 4458
4459 4591
4459 4473
4461 4467
4462 4567
4465 4468
4465 4466
4468 4469
4471 4472
4472 4474
4473 4476
4475 4478
4476 4477
4477 4483
4480 4481
4480 4880
4481 4482
4483 4485
4485 4487
4486 4487
4486 4488
4487 4488
4488 4489
4488 4658
4489 4658
4490 4491
4490 4493
4491 4492
4492 4494
4493 4494
4494 4655
4495 4966
4498 4843
4499 4501
4500 4503
4500 4501
4501 4503
4502 4506
4502 4505
4504 4505
4506 4507
4508 4924
4508 4923
4509 4512
4510 4905
4510 4901
4515 4587
4517 4518
4519 4952
4520 4521
4520 4550
4520 4549
4520 4547
4520 4597
4521 4597
4522 4597
4522 4952
4523 4525
4524 4525
4527 5179
4528 4529
4530 4675
4531 4677
4531 4532
4532 4678
4533 4534
4534 4537
4534 4535
4536 4537
4538 4539
4539 4553
4541 4542
4541 4799
4542 4800
4542 4555
4543 4917
4547 4548
4547 4549
4547 4946
4549 5178
4550 5178
4551 5069
4551 4629
4555 5049
4555 4947
4557 4558
4558 4559
4561 4562
4564 4565
4565 4566
4567 4906
4567 4905
4568 4977
4570 4573
4570 4571
4571 4575
4571 4572
4572 4573
4574 4575
4575 4577
4576 4577
4583 4584
4586 4587
4592 4593
4598 5150
4598 4599
4600 4601
4604 4605
4604 4780
4604 4703
4604 4778
4605 4701
4605 4779
4605 4777
4606 4701
4606 4779
4606 4789
4606 4699
4607 4710
4607 4608
4608 4611
4608 4609
4610 4613
4610 4611
4611 4612
4615 4785
4616 4617
4618 4619
4620 4621
4622 4623
4624 4625
4624 5152
4625 5153
4626 4627
4628 4694
4629 5063
4631 4663
4631 5108
4632 4635
4632 4633
4632 4645
4633 4647
4633 4646
4634 4693
4634 4639
4635 4637
4635 4645
4636 4637
4637 4638
4638 4644
4638 4645
4639 4640
4639 4907
4641 4642
4641 4643
4641 4644
4643 4852
4643 4644
4646 4952
4646 4648
4647 4648
4648 4649
4651 5182
4651 5088
4652 5069
4653 4655
4653 4656
4654 4657
4654 4656
4655 5059
4659 4663
4659 4664
4660 4661
4663 4671
4664 4665
4665 4670
4665 4666
4665 4669
4667 5108
4667 5105
4668 5105
4668 4669
4668 5106
4669 4670
4670 4671
4671 4672
4672 5108
4672 5107
4673 4674
4673 4675
4674 4676
4675 4678
4675 4676
4676 4677
4677 4678
4679 5127
4682 4683
4682 4684
4684 4684
4685 5082
4686 4687
4688 4689
4691 4933
4691 5130
4691 4692
4693 4852
4696 4876
4697 4876
4697 4702
4697 4782
4698 4877
4698 4702
4698 4783
4701 4710
4701 4790
4702 4704
4703 4781
4703 4704
4704 4782
4704 4783
4705 4708
4705 4790
4705 4797
4706 4708
4706 4709
4707 4708
4707 4789
4708 4796
4709 4792
4710 4777
4710 4794
4711 5096
4711 4877
4711 4783
4712 4714
4712 4715
4716 4719
4717 4718
4718 4719
4719 4910
4722 4724
4722 4723
4725 4726
4726 5015
4727 4729
4728 4729
4732 4733
4734 4735
4735 4736
4736 4737
4738 4879
4739 4953
4741 4751
4742 4751
4742 4744
4742 4745
4743 4755
4744 4748
4745 4746
4745 4748
4745 4767
4746 4747
4746 4767
4747 4769
4749 4802
4749 4763
4750 4753
4750 4754
4751 4874
4752 4874
4752 4753
4754 4755
4755 4874
4755 4767
4756 4762
4756 4757
4756 4758
4757 4761
4758 4759
4759 4760
4759 4874
4760 4762
4760 4770
4761 4762
4764 4765
4764 4766
4764 4772
4765 4804
4765 4807
4766 4804
4766 4801
4767 4768
4768 4769
4768 4770
4769 4771
4770 4771
4772 4773
4772 4774
4773 4805
4773 4806
4773 4776
4774 4875
4774 4806
4775 4806
4775 4776
4776 4799
4776 4876
4777 4778
4778 5096
4779 4780
4780 4781
4781 4782
4784 4785
4786 4787
4788 5097
4789 4790
4791 4798
4792 4793
4792 4796
4793 4794
4793 4797
4794 4798
4795 4796
4796 4797
4797 4798
4799 4800
4801 4803
4802 4803
4803 4804
4807 5048
4808 4810
4809 4810
4809 4994
4810 4811
4811 4815
4812 4815
4812 4813
4812 4816
4813 4814
4813 4998
4814 4815
4816 4818
4816 4817
4817 4993
4818 4819
4820 4823
4820 4988
4820 4821
4821 4829
4822 4827
4822 4828
4824 4829
4824 4827
4826 4832
4830 4831
4833 4834
4836 4838
4837 4839
4839 4969
4842 4843
4844 4940
4844 5187
4846 4847
4847 5056
4847 5057
4848 4849
4848 4941
4848 5051
4850 4851
4853 5088
4853 5125
4856 4857
4858 4859
4860 4862
4860 4861
4861 4863
4862 4863
4864 4865
4865 4871
4865 4869
4866 4869
4867 4868
4867 4870
4869 4870
4872 4873
4876 4877
4879 4879
4880 4882
4881 4882
4883 4884
4885 4886
4886 4886
4887 4888
4888 4888
4889 4890
4890 4890
4891 4892
4892 4892
4893 4894
4894 4894
4895 4896
4896 4896
4897 4898
4898 4898
4899 4900
4900 4900
4901 4902
4903 4947
4903 4949
4903 4957
4907 4908
4908 4909
4909 4910
4910 4911
4912 5041
4913 5040
4913 5041
4915 4916
4916 4917
4917 4918
4918 4939
4919 4920
4920 4921
4921 4922
4923 4924
4923 4950
4923 4959
4924 5098
4927 4930
4932 4934
4932 4983
4933 4934
4934 4985
4935 4967
4936 4938
4936 4937
4940 5053
4941 5053
4943 4944
4947 4956
4948 4951
4948 4953
4948 4954
4949 4954
4949 4955
4950 4955
4950 4951
4953 4954
4955 4958
4956 4966
4956 4965
4957 4960
4957 4958
4958 4963
4959 5098
4959 4961
4959 4963
4960 4965
4960 4964
4961 5099
4961 4962
4962 4964
4962 4963
4964 4965
4968 4969
4973 4974
4974 4975
4974 4976
4978 4980
4983 4985
4984 4985
4986 4987
4988 4989
4989 5091
4993 4995
4995 4996
4995 4998
4999 5001
5003 5004
5006 5007
5008 5010
5010 5011
5016 5017
5018 5019
5019 5020
5020 5021
5024 5025
5029 5038
5030 5031
5030 5038
5031 5032
5032 5033
5033 5034
5034 5035
5036 5037
5037 5038
5040 5174
5045 5046
5047 5072
5048 5049
5050 5054
5050 5149
5051 5052
5052 5054
5052 5055
5053 5056
5054 5057
5055 5057
5055 5056
5059 5069
5060 5061
5061 5062
5062 5064
5062 5065
5063 5068
5064 5068
5065 5066
5066 5067
5070 5074
5070 5075
5070 5071
5071 5073
5071 5072
5073 5075
5075 5076
5076 5077
5077 5100
5080 5085
5081 5086
5083 5086
5083 5084
5085 5086
5088 5184
5089 5176
5092 5093
5095 5145
5098 5099
5101 5102
5105 5106
5106 5107
5107 5108
5110 5113
5110 5111
5112 5113
5114 5115
5119 5123
5120 5122
5120 5121
5121 5123
5121 5122
5122 5124
5123 5124
5126 5128
5128 5129
5133 5134
5135 5136
5137 5138
5139 5140
5141 5142
5148 5149
5152 5153
5154 5155
5157 5157
5157 5161
5158 5161
5162 5164
5162 5163
5163 5165
5164 5165
5167 5168
5170 5171
5172 5173
5172 5176
5173 5174
5181 5184
5182 5190
5182 5183
5184 5185
5186 5187
5187 5188
5188 5190
5188 5189
5190 5191
