0 2902
0 800
0 810
0 2898
1 4282
1 4292
1 2174
1 2999
2 467
2 2561
2 3
3 5408
3 2553
3 2555
4 2554
4 2553
4 5
5 4230
5 4229
5 487
6 2208
6 1678
6 2352
7 4170
7 156
7 4167
7 4169
8 1093
8 2457
8 2456
8 1097
9 2958
9 1358
9 1405
10 2450
10 1405
10 1063
11 1063
11 19
11 1406
12 1104
12 2459
12 1103
12 2908
13 997
13 189
13 994
14 5421
14 5324
14 152
15 2473
15 5371
15 2474
15 997
15 5022
16 2959
16 1105
16 2469
17 32
17 21
17 994
17 897
18 4707
18 1907
18 2450
19 897
19 20
20 1406
20 1104
20 2419
21 1067
21 29
22 1067
23 86
23 1012
23 24
24 105
24 25
25 925
25 183
26 27
26 925
26 1031
27 1029
27 1030
28 189
28 1035
28 187
29 2460
29 30
30 3693
30 1066
30 4707
31 2963
31 1417
31 2473
32 1105
32 1414
33 5370
33 57
33 2474
33 2964
34 4943
34 4940
34 4201
35 5064
35 2319
35 989
36 1391
36 2964
36 932
36 963
37 967
37 190
37 4201
37 129
38 992
38 2491
38 2492
38 131
39 4202
39 5066
39 46
40 993
41 2488
41 979
41 974
41 4184
41 938
42 2503
42 130
42 982
43 5074
43 2494
43 1554
44 2240
44 872
44 62
44 45
45 2825
45 63
45 1079
45 1433
46 2821
46 2482
46 934
47 76
47 1034
47 49
47 68
48 2476
48 1034
48 2935
49 5196
49 58
49 77
50 110
50 940
50 185
51 79
51 5021
51 3037
52 62
52 873
52 59
53 1017
53 184
53 1015
53 2285
54 4937
54 150
54 986
55 969
55 1441
55 1442
55 1439
55 2493
56 60
56 932
56 62
57 188
57 953
58 108
58 539
59 113
59 945
59 108
60 945
60 953
61 187
61 943
61 3043
62 945
63 3045
63 932
64 2484
64 942
64 2480
65 3029
65 75
65 1328
65 2931
66 1338
66 2933
66 1323
66 1341
67 1033
67 4180
67 2477
67 2476
68 872
68 1033
69 4523
69 2937
69 4522
70 3026
70 73
70 72
71 2935
71 1032
71 1338
72 74
72 76
73 1323
73 74
74 1032
75 3037
75 3026
76 77
77 538
78 5033
78 2465
78 505
78 2236
78 3034
79 3974
79 5033
80 5223
80 3974
80 5232
81 5383
81 1009
81 115
82 83
82 87
82 5383
83 3960
83 1037
84 3960
84 1432
84 116
85 104
85 87
85 1037
86 181
86 2452
87 88
88 92
88 2256
89 2256
89 1022
89 90
89 2285
90 1020
90 93
91 1014
91 101
91 1012
92 103
92 93
93 102
94 1022
94 1015
94 106
95 2092
95 96
95 2264
96 97
96 2091
97 2090
97 2263
98 2265
98 2093
98 2263
99 162
99 2264
99 2265
100 4991
100 4990
100 162
101 106
101 1021
102 103
102 1014
103 104
104 1055
104 4884
105 1024
105 182
106 1020
107 185
107 184
107 1027
108 109
109 939
109 112
109 4964
110 186
110 939
111 1027
111 112
111 3042
112 539
112 940
113 4964
113 114
113 943
114 946
114 188
115 3970
115 1432
116 1418
116 1036
117 121
117 1069
117 4523
118 1892
118 1893
118 2238
118 1891
119 2818
119 2489
119 2487
119 2490
120 2312
120 3484
120 1457
120 2313
121 2481
121 2478
122 2023
122 123
122 2024
122 3427
123 126
123 3415
123 3416
124 2022
124 2499
124 3443
125 2027
125 2026
125 2025
125 2028
126 2500
126 2490
126 2499
127 3378
127 2495
127 970
127 2820
128 4622
128 2366
128 4623
128 5092
129 987
129 5058
129 175
130 2358
130 178
131 2552
131 2551
131 5081
132 1115
132 2583
132 133
132 135
133 159
133 478
134 569
134 567
134 2583
135 159
135 136
136 4191
136 160
137 147
137 146
137 1112
138 2666
138 139
138 5401
139 4191
139 155
139 5072
140 4600
140 141
140 4980
141 5401
141 155
142 2986
142 143
142 4168
143 1590
143 4904
143 4501
144 5297
144 2920
144 1411
144 1412
144 2849
145 5323
145 4980
145 5250
146 1112
146 5323
147 5253
147 4813
148 153
148 5133
148 149
148 4174
149 1113
149 1114
149 2468
150 5133
150 5371
151 898
151 1356
151 2959
152 4175
152 173
153 4175
153 154
155 2040
156 5250
156 4171
157 571
157 574
157 2041
158 4173
158 2353
158 573
160 490
160 496
161 2042
161 496
161 3112
162 3689
162 2094
162 2958
163 2876
163 1401
163 2090
164 2437
164 876
164 2438
165 172
165 171
165 2440
166 2440
166 2438
166 2436
166 2439
167 172
167 2437
167 877
168 169
168 2091
168 2092
169 457
169 458
170 1094
170 4185
170 1402
170 1403
171 5398
171 1094
172 2878
173 1786
173 2479
174 1808
174 1806
174 5062
175 176
175 992
176 1808
176 1807
176 4944
177 983
177 178
177 342
178 1583
179 1369
179 2447
179 2449
179 2453
180 1390
180 2255
180 2447
181 2095
181 4445
182 183
182 1025
183 1028
184 1025
185 1028
186 3043
186 1030
187 947
188 948
189 949
190 965
190 963
191 4201
191 964
191 5370
192 2505
192 2504
192 2506
193 196
193 3453
193 3454
193 2517
193 1118
194 2030
194 3450
194 3449
194 2027
195 2518
195 2520
195 2519
195 2517
196 1118
196 2029
196 2031
197 2054
197 2055
197 2053
198 3443
198 3440
198 2029
199 2429
199 2432
199 895
200 208
200 2429
200 2428
201 1585
201 5411
201 2742
201 4746
202 5143
202 2444
202 2445
202 2443
203 2435
203 2433
203 2434
204 4973
204 228
204 875
204 1007
205 231
205 227
205 228
205 206
206 1290
206 232
206 1763
207 1784
207 875
207 2425
208 2425
208 1275
209 2567
209 2883
209 2568
209 2570
209 2572
210 2578
210 211
210 236
210 2577
211 261
211 2578
212 2985
212 1240
212 261
213 5042
213 1240
213 258
214 4565
214 893
214 739
215 4508
215 1285
215 718
216 585
216 723
216 718
216 720
217 683
217 722
217 586
218 680
218 586
219 5042
219 2984
219 5041
220 4911
221 4911
221 2576
221 2985
222 2577
222 238
222 1283
223 3099
223 725
223 1509
224 2417
224 2671
224 2880
225 4928
225 4506
225 2417
226 2418
226 5424
226 4788
226 1269
226 1289
227 1004
227 228
229 3102
229 3104
229 1000
230 3102
230 3098
231 1782
231 1771
232 233
232 1770
233 874
233 2569
234 1289
234 237
234 1282
234 874
234 2564
234 2565
235 2575
235 4920
235 238
235 236
236 1284
236 2579
237 2574
237 2565
237 1292
238 4917
238 2574
239 5419
239 240
239 1516
240 1514
240 5420
241 242
241 1769
241 1514
242 1512
242 1766
243 1826
243 244
243 1512
244 1513
244 2658
245 5019
245 1515
245 1513
246 1761
246 1756
246 2578
247 2635
247 2424
247 5019
248 2646
248 249
248 2644
249 911
249 2243
250 254
250 251
250 2635
251 1619
251 4863
252 277
252 1617
252 1610
253 1825
253 1619
253 254
253 1613
254 3086
255 256
255 261
255 262
255 258
256 260
256 257
257 259
257 1764
258 5171
258 259
259 5175
260 1766
260 1762
263 282
263 2063
263 283
264 1821
264 2667
264 2071
264 2669
265 894
265 1823
265 2670
266 1824
266 2670
266 5172
266 5175
267 1764
267 1826
267 2657
268 1819
268 1818
268 2068
268 1268
269 1816
269 273
269 3063
270 3064
270 1817
270 274
270 271
271 1602
271 2668
272 273
273 4374
274 4555
274 1602
275 279
275 1602
275 276
276 278
276 1605
277 1609
277 4599
279 879
279 324
280 2062
280 2063
280 1271
280 281
281 1258
281 282
282 894
283 1268
283 4758
283 1822
284 4467
284 4599
284 4470
284 4466
285 293
285 2193
285 291
286 292
286 4602
286 4500
287 288
288 289
288 293
289 4497
289 290
290 291
290 292
291 292
293 5316
294 5316
295 2654
295 321
295 1624
296 304
296 1680
296 4629
297 301
297 1082
298 1650
298 1640
298 308
299 5337
299 658
299 1629
299 316
300 4511
300 1623
300 1628
301 302
302 4511
303 1631
303 3665
303 1379
304 305
304 2388
305 1616
306 2387
306 309
306 307
307 1683
307 2381
308 5334
308 1635
309 310
309 4969
310 310
311 312
312 313
312 1635
313 4969
313 314
314 1961
315 318
315 4376
315 4877
316 1638
316 4879
316 662
317 4376
317 320
317 1316
317 322
318 5334
318 1630
319 1622
319 1082
319 5353
320 1620
320 1622
321 4630
321 322
321 1681
322 1626
322 1620
323 2611
323 4860
324 4876
325 4859
325 4596
325 4860
326 2637
326 4467
326 4492
327 2735
327 2442
327 5243
327 2737
328 2730
328 2430
328 334
328 2427
329 330
329 1473
329 2430
330 1472
330 2422
330 333
331 2423
331 4615
331 2660
331 2662
332 2662
332 5419
332 1516
332 5020
333 2722
333 2427
333 2423
334 2431
334 2428
335 339
335 2571
335 2715
336 3695
336 2579
336 1768
337 2715
337 3702
337 1472
338 3702
338 2661
338 339
339 3695
340 2659
340 1471
340 2422
341 488
341 5245
341 1400
342 2312
342 1436
343 4213
343 4165
343 4163
344 741
344 4582
344 5182
344 5178
345 4670
345 5189
345 4595
346 377
346 379
346 1136
347 1139
347 752
347 4743
347 2130
348 2136
348 4834
348 4568
348 4571
348 759
349 384
349 2110
349 2108
350 2114
350 776
350 4532
350 2112
350 4534
351 4591
351 4162
351 4164
352 1883
352 1882
352 1884
352 1881
353 2039
353 425
353 3577
353 3578
354 2142
354 2144
354 2143
354 2141
355 3054
355 3053
355 2141
356 1934
356 1579
356 1933
356 1935
357 2034
357 2033
357 4735
358 1881
358 360
358 2037
359 364
359 2036
359 2037
360 363
360 4724
361 2036
361 4724
361 362
362 1880
362 5141
363 5140
363 1880
364 425
364 1994
365 3563
365 5141
365 4721
366 3516
366 1852
366 3520
366 2532
367 1140
367 1134
367 4718
368 4718
368 371
368 370
369 5140
369 1878
369 1879
370 1878
370 1134
371 3556
371 1135
371 1866
371 1865
372 1851
372 1845
372 1850
373 1846
373 1847
373 3509
373 374
374 5386
374 2525
375 2516
375 2314
375 3497
375 3499
376 2633
376 1950
376 4858
376 4905
377 380
377 2131
378 380
378 382
378 4213
379 380
379 4372
380 381
382 383
382 2105
384 384
385 2977
385 2279
385 2978
386 2973
386 2971
386 2974
386 2972
387 3138
387 2971
387 868
388 864
388 3209
388 859
389 3209
389 863
389 390
390 2923
390 2019
391 2138
391 398
391 3304
392 2975
392 2973
392 400
393 3309
393 3308
393 394
393 407
394 397
394 395
395 3610
395 3637
396 3636
396 3637
396 3054
398 2975
398 2807
398 399
399 3142
399 401
399 400
400 3141
402 5428
402 2977
402 2976
403 3304
403 5043
403 3237
404 2139
404 1154
405 2281
405 2278
405 3162
406 3163
406 3622
406 2806
407 408
407 2138
408 409
408 3307
408 3306
409 524
409 2979
410 3291
410 3228
410 2005
410 1927
411 1995
411 1993
411 1992
411 1994
412 3608
412 3609
412 413
412 3610
413 3663
413 742
414 1998
414 3211
414 3206
414 417
415 2001
415 1998
415 421
416 2097
416 1995
416 2004
417 418
417 420
418 418
419 1987
419 521
419 1988
420 421
420 1987
421 1991
422 527
422 1990
422 1991
423 527
423 3199
423 3201
423 1988
424 3585
424 2032
424 5384
424 3582
425 2038
426 427
426 4578
426 5099
427 4396
427 4395
427 563
428 4397
428 4398
428 4403
428 563
429 434
429 818
429 2169
429 3009
430 2083
430 471
430 4416
431 3664
431 5110
431 5116
432 4400
432 1581
432 2241
433 4409
433 4411
433 4958
433 434
434 435
435 818
435 4435
436 788
436 4246
436 4429
436 4433
437 4251
437 4250
437 4261
438 787
438 4260
438 4256
439 446
439 2086
439 445
439 2557
440 485
440 4818
440 2234
441 4818
441 449
441 450
441 481
442 5117
442 5454
442 4251
443 562
443 582
443 487
443 4196
443 4231
444 2557
444 786
444 2559
445 1121
445 446
445 2556
446 2555
446 2554
447 448
447 5116
447 4418
447 465
448 3664
448 472
448 449
449 483
449 453
450 5397
450 5453
450 5109
451 480
451 494
451 491
451 454
452 453
452 4996
452 477
452 2289
453 474
453 479
454 484
454 483
455 572
455 4195
455 562
456 543
456 459
456 1314
457 462
457 458
457 3677
458 3673
458 460
459 1313
459 5150
460 461
460 2445
460 4902
461 4902
461 464
461 2444
462 1365
462 4903
462 4902
463 464
463 1503
463 1375
463 4903
464 2443
464 1502
465 788
465 1122
466 4800
466 2562
466 5279
467 2563
467 2560
467 2562
468 3001
468 3000
468 2563
469 4338
469 4335
469 4331
469 4324
470 471
470 473
470 475
471 472
472 474
473 474
473 4987
475 570
475 2170
476 4994
476 479
476 4996
477 478
477 2056
477 5394
478 4994
479 491
480 481
480 482
481 484
482 2045
482 580
483 484
486 2045
486 581
486 4818
487 4933
487 794
488 489
488 566
489 2058
489 564
489 2057
491 493
492 494
493 575
493 494
493 495
495 576
495 496
495 2043
497 2550
497 545
497 1518
498 2512
498 2513
498 2515
498 2514
499 1346
499 1327
499 1336
499 1325
500 1890
500 2237
500 505
501 1518
501 502
501 2237
502 503
502 2550
503 2235
503 1886
504 2236
504 1430
504 2235
505 2236
506 2508
506 2509
506 2507
507 822
507 1474
507 900
508 4633
508 3995
508 1477
509 1490
509 557
509 1785
510 1785
510 558
510 557
511 5458
511 5463
511 5457
512 2475
512 5437
512 3331
513 5435
513 4608
513 2258
514 2239
514 2053
514 2502
515 2522
515 2523
515 2524
515 2967
516 3251
516 2016
516 2013
516 2011
517 2016
517 2015
517 2956
518 2014
518 519
518 2010
518 2012
518 2015
519 2011
519 2012
519 2010
519 3246
519 2009
520 1908
520 1909
520 1910
521 1910
521 2018
522 523
522 1925
522 1929
522 2979
523 525
523 1925
524 1927
524 1928
524 1929
526 2968
526 531
526 529
527 1989
528 529
528 532
528 2020
529 2969
529 531
530 2085
530 2969
530 532
531 2970
532 2955
533 1896
533 4215
533 1894
533 2928
534 1894
534 536
534 5471
534 1890
534 2470
535 2927
535 2470
535 1697
536 2238
536 1895
536 5462
537 4695
537 1695
537 5437
538 3037
538 3040
539 3044
540 2449
540 2089
540 2247
541 1002
541 1307
541 1001
542 543
542 1002
543 1001
544 2089
544 3740
544 546
544 2462
545 2253
545 1517
546 2451
546 549
547 3740
547 2453
547 1886
548 825
548 2463
548 3981
549 2251
550 553
550 2249
550 554
551 1303
551 554
551 2246
552 1300
552 1312
552 553
554 555
556 2510
556 2511
556 2506
557 4634
558 821
558 559
559 560
559 2325
561 4634
561 820
562 4196
563 570
563 1581
564 5245
564 570
565 2316
565 1395
565 2552
565 2359
565 5083
566 567
566 568
567 2056
567 2057
568 569
568 1814
569 2582
571 574
571 4193
572 573
572 4194
573 4193
573 588
574 4774
574 2042
575 580
575 576
576 577
577 4777
577 2043
578 2044
578 2045
578 579
579 2044
579 580
581 582
581 4195
582 4196
583 5266
584 1126
584 2147
584 1128
585 4504
585 1201
586 1201
587 4504
588 590
588 1679
588 1678
589 5290
589 5289
589 596
590 591
590 5293
591 2209
591 5291
592 1676
593 5289
593 5291
593 1676
594 595
594 1550
594 5286
595 596
597 599
597 2046
597 5286
597 602
598 5305
598 1550
598 2192
599 5305
599 5307
600 601
600 4448
600 5292
601 2231
601 4447
602 626
602 2226
602 603
603 621
603 625
604 625
604 2076
604 5308
605 920
605 608
605 606
605 2077
606 617
606 623
607 2077
607 1317
607 5147
608 609
608 2077
609 5108
609 920
610 611
610 5317
610 2651
611 612
611 3095
612 2650
612 613
613 614
613 2652
614 2653
614 5147
615 3095
615 2649
615 664
616 638
616 636
616 635
617 619
617 618
618 619
618 622
619 620
620 630
620 622
621 622
621 627
621 623
622 628
623 625
624 2233
624 636
624 1830
626 637
626 627
627 628
628 631
629 1649
629 2184
630 649
630 1317
631 632
631 634
633 634
634 637
634 636
637 2233
638 639
638 2354
638 2701
639 2837
639 2355
640 796
640 4453
640 2885
640 797
641 2355
641 2684
641 642
642 3821
642 4454
643 2995
643 2994
643 2996
644 4265
644 2996
644 4431
645 3821
645 3808
645 2993
645 2992
646 647
647 649
647 2837
648 649
650 4380
650 3006
650 3007
651 4381
652 653
652 1088
652 1090
653 656
653 931
654 1266
654 1654
654 1267
655 5350
656 5352
656 1266
657 1088
657 5332
658 661
658 1380
658 1381
659 1660
659 1672
659 1657
660 661
661 1648
662 4880
662 1644
663 1651
663 1648
663 4880
664 665
664 1642
665 1543
665 5317
666 667
666 2410
666 671
667 2262
667 2261
668 669
668 1462
668 2261
669 670
669 883
670 2260
670 671
671 1461
672 2711
672 680
672 682
672 683
673 882
673 883
674 882
674 690
674 684
674 2409
675 1461
675 678
675 2260
676 1376
676 2261
676 2262
677 696
677 1377
677 1465
677 1464
678 4688
678 679
678 4674
678 1461
678 2260
679 881
679 880
679 685
679 1470
680 681
682 4692
682 4690
683 721
683 2411
684 685
684 5214
685 882
686 4849
686 5215
686 2409
687 1163
687 1141
687 4849
688 881
688 2405
688 1505
689 1187
689 1194
689 1141
690 1170
690 4572
691 692
691 1468
691 735
692 694
692 4575
693 694
694 695
695 2655
695 1466
696 1466
696 738
696 1467
697 710
697 1467
697 2412
698 699
698 2412
698 711
699 2413
699 700
700 717
700 739
700 2713
701 1270
701 1291
701 4565
702 703
702 890
702 707
703 704
703 708
704 705
704 708
705 706
705 1470
706 707
706 709
706 2673
707 709
708 4671
709 2301
710 711
710 712
711 713
712 732
712 733
713 715
713 727
714 4506
714 715
714 726
715 891
716 719
716 717
716 2413
717 718
719 721
719 720
720 722
721 722
724 1469
724 1360
724 2079
725 728
725 1508
725 4510
726 2671
726 729
727 729
727 734
727 732
728 730
728 729
728 736
730 1504
730 4557
730 731
731 733
731 734
732 734
732 733
733 734
735 5357
735 2311
736 1730
736 1740
737 1161
737 5359
737 2546
737 1199
738 1504
738 1468
739 891
740 2511
740 1843
740 3504
741 4581
741 5179
741 5181
742 1930
742 743
743 744
743 745
745 2102
745 3606
746 1930
746 1579
746 1931
747 748
748 1931
748 749
749 1932
750 2140
750 3647
750 3649
751 2137
751 2144
752 2129
752 4738
752 4742
753 4569
753 760
753 4740
754 756
754 763
754 765
755 756
756 766
756 757
757 758
757 762
757 761
758 4571
758 764
759 4571
759 760
760 4570
761 4570
761 766
762 763
762 764
763 764
765 2633
765 1137
766 4569
767 768
768 2096
768 772
769 770
769 1876
769 5185
769 5187
770 4585
770 5188
770 5184
771 781
771 4585
771 2096
772 4856
772 2099
773 2103
773 4371
773 2099
774 4540
774 1556
774 1072
775 2135
775 776
775 4533
776 4532
777 778
778 817
778 781
779 1129
779 1126
779 792
780 2146
780 4502
780 1124
781 4874
782 785
782 4270
782 787
782 790
783 790
783 1124
783 4300
784 4306
784 4295
784 4300
785 4295
785 786
786 787
788 789
789 790
789 4872
791 4306
791 5360
791 4331
792 4502
792 5360
793 2997
793 2999
793 2998
794 4930
794 4448
795 4449
795 1831
795 4930
796 4452
796 797
797 4793
797 4791
798 2832
798 2834
798 2177
798 801
798 799
799 2175
799 2176
799 4296
800 2898
800 2176
800 2179
800 2895
800 2896
801 802
801 4304
801 2177
802 810
802 2898
803 811
803 814
803 1562
804 4334
804 805
804 4347
805 2183
805 2182
805 813
805 2904
806 2894
806 2896
806 2829
807 2826
807 5260
807 4319
807 4323
808 4369
808 4370
808 1567
809 3046
809 4353
809 3047
810 2905
810 2902
811 1558
811 812
813 4312
813 2181
813 2902
814 4359
814 4347
815 1559
816 5387
816 5155
816 4582
817 2172
817 5325
818 1122
818 2171
819 1520
819 4050
819 4038
820 4038
820 821
821 4051
822 823
822 901
823 1887
823 1888
824 1888
824 825
824 2464
825 1887
826 4030
826 4032
826 827
827 1476
827 4633
828 4044
829 4042
829 4044
829 4047
830 841
831 2334
831 2335
831 3132
832 836
832 4056
832 1539
833 4066
833 836
833 846
834 837
834 843
834 844
835 3085
835 1086
835 4077
836 3124
837 846
837 838
837 844
838 840
838 843
839 4056
839 842
839 4047
840 842
840 841
841 842
843 2284
843 3118
844 845
845 3123
845 3129
846 3126
847 3129
847 3126
847 3131
848 2333
848 2334
848 2331
848 2332
849 2865
849 2868
849 2866
849 2867
850 2854
850 2335
850 4105
850 4217
851 2006
851 858
851 2010
852 856
852 3899
852 3266
852 2414
853 2870
853 1501
853 2869
853 2952
854 855
854 2017
854 2014
855 2872
855 3176
856 2872
856 858
856 2852
857 2873
858 2873
859 3137
859 865
860 2851
860 1492
861 862
861 3909
861 2416
863 3909
863 866
865 868
865 866
866 2868
867 868
867 3136
867 2346
869 2855
869 1147
869 1148
870 1541
870 3882
870 3866
871 2863
871 2755
871 2769
871 2777
872 5195
873 5196
873 5195
874 4923
874 1091
875 876
876 2432
878 2544
878 4684
880 1470
880 885
881 5214
884 885
884 2405
884 2404
885 4664
886 2287
886 2403
886 4664
887 2402
887 2287
887 2401
888 2535
888 1249
888 1787
889 1211
889 918
889 919
890 4684
890 2304
891 892
892 4505
892 893
893 2983
893 1258
894 5171
895 3712
895 2436
896 3712
897 1106
898 1103
898 1106
899 4020
900 4027
901 4025
902 2461
902 2590
902 4025
903 906
903 904
903 5361
904 2283
905 907
905 908
905 4050
906 1520
906 907
907 4050
909 5147
910 1317
911 2426
911 912
911 2643
912 2644
912 2641
912 2424
913 914
913 1247
914 2259
915 917
915 1234
915 2259
915 4693
916 918
916 1243
917 1247
917 1212
918 1211
918 2536
919 2965
920 2076
921 1634
921 2627
921 1636
921 2628
922 1311
922 924
922 1298
923 5150
923 1311
924 1003
924 3710
925 3742
926 1549
926 5193
926 927
927 5307
927 5308
928 929
928 1547
928 1548
930 5284
930 2227
930 4447
931 2652
931 2650
933 2824
933 1079
933 934
934 958
934 2823
935 936
935 2482
935 2488
936 2527
936 959
937 980
937 2494
937 2528
938 980
938 2527
939 940
939 4166
940 1027
941 3359
941 4182
941 3343
942 3345
942 3354
942 2240
943 4166
943 947
944 953
946 947
946 951
947 952
948 949
948 951
948 950
949 952
949 950
950 5392
951 952
954 1828
955 1829
956 2823
956 957
956 1829
957 1393
957 1391
958 1080
958 1078
959 5065
959 960
959 2528
961 963
961 1392
961 967
962 963
962 965
962 4951
964 965
964 984
964 2592
965 966
967 987
967 5066
968 976
968 969
968 2597
969 981
969 979
970 2497
970 2496
970 2498
971 2598
971 3390
971 2943
971 4199
972 2942
972 2943
972 2598
972 1453
972 1457
973 1460
973 3455
973 2510
974 4184
974 975
974 1435
975 1077
975 1080
975 2488
976 3359
976 4184
976 979
977 2528
978 2530
978 981
978 980
978 979
980 5068
981 1440
982 983
982 4208
983 1440
985 5371
985 5368
985 5369
986 988
986 5368
986 4940
987 991
987 993
989 5062
989 2483
990 2483
991 5077
991 992
992 2595
993 1456
994 995
994 1035
995 996
995 998
997 998
997 4947
998 4946
999 4946
1000 3098
1000 3099
1001 1315
1001 1002
1002 3668
1003 5148
1003 1370
1004 1364
1004 1007
1005 1006
1006 1007
1006 1370
1008 1307
1008 2087
1008 2446
1009 5021
1009 5226
1010 1011
1011 1012
1011 1014
1012 1013
1013 1021
1013 1024
1014 1020
1015 1023
1015 1016
1016 1022
1016 5375
1017 1018
1017 3038
1018 1019
1018 1027
1020 1022
1021 1024
1021 1023
1023 1026
1024 1026
1025 1026
1025 1028
1028 1030
1029 1035
1029 1031
1030 1035
1031 2460
1032 1318
1032 3324
1033 2593
1033 3335
1034 2593
1034 3324
1036 1037
1036 1047
1038 1039
1039 1044
1039 1043
1039 1054
1040 1041
1040 1045
1040 1049
1041 1043
1041 1042
1042 1048
1042 1043
1043 1045
1044 1045
1044 1046
1047 1827
1047 4992
1048 1049
1048 1054
1049 1827
1050 1052
1050 1051
1050 1827
1051 1057
1051 1058
1052 1056
1052 1061
1053 1145
1053 1144
1053 1065
1054 1055
1055 1058
1055 1827
1056 1057
1056 1062
1057 1058
1058 1059
1059 1062
1059 1060
1061 1062
1061 2095
1063 1064
1063 3692
1064 1406
1064 1065
1064 1404
1065 4186
1065 4185
1066 3692
1066 1067
1068 3353
1068 3348
1068 3351
1068 1892
1069 2486
1069 2485
1070 2939
1070 2938
1070 2481
1071 4520
1071 4533
1071 4532
1072 4539
1072 1574
1073 2124
1073 4542
1073 1556
1074 4545
1074 2164
1074 2166
1075 4520
1075 4567
1075 1076
1076 2121
1076 4539
1076 2122
1077 3354
1077 1078
1078 2240
1078 1079
1079 2825
1080 2482
1081 4900
1081 4898
1081 2546
1082 1623
1083 4712
1083 1790
1084 1817
1084 1815
1085 1086
1086 4088
1087 4032
1087 1476
1087 4035
1088 1089
1089 1090
1089 2186
1090 4380
1091 4922
1091 2568
1091 2565
1092 2419
1092 1097
1092 4186
1093 2906
1093 1096
1093 2458
1094 3687
1094 3688
1095 1100
1095 1096
1095 2458
1096 1097
1096 2419
1097 1098
1098 1144
1098 1108
1099 1103
1099 1104
1099 1106
1100 1104
1100 2459
1101 2908
1101 5032
1101 1102
1101 1410
1102 1355
1102 1107
1103 1355
1105 2591
1105 5035
1106 5035
1107 4174
1107 5036
1107 1356
1108 5027
1108 2456
1109 4948
1109 5371
1109 5372
1110 2591
1111 2878
1111 2876
1111 2877
1112 5256
1112 4815
1113 1410
1113 1114
1114 2467
1115 2582
1115 5205
1116 1806
1117 3548
1117 1851
1117 1865
1118 2030
1119 4200
1120 2393
1121 2559
1121 2558
1122 4426
1122 4432
1123 1131
1123 1128
1124 4872
1125 1126
1125 1127
1125 1129
1128 1131
1129 4338
1130 1132
1130 2146
1131 1565
1132 2149
1133 4883
1134 4721
1135 3559
1135 3561
1135 1876
1136 4739
1136 4808
1136 4736
1137 1138
1137 1139
1138 4883
1138 2634
1139 4740
1140 2532
1140 2533
1141 1197
1142 1197
1143 5363
1144 4186
1144 5363
1145 3688
1145 5363
1145 4185
1146 2909
1146 2911
1147 4159
1147 2911
1148 2861
1148 4152
1149 3641
1149 3629
1150 3629
1150 2982
1151 2339
1151 2919
1152 2982
1152 2981
1153 2919
1153 2857
1154 3645
1155 1174
1155 1189
1155 1168
1156 1174
1157 1160
1158 1177
1158 1162
1158 4847
1158 4844
1159 1171
1159 1194
1159 1180
1160 4524
1160 1196
1161 5202
1161 4524
1162 1174
1162 1189
1163 3097
1163 1191
1163 1188
1164 1183
1164 1179
1165 1198
1165 1169
1165 1190
1166 1182
1166 1196
1166 1177
1167 1195
1169 1171
1169 1175
1170 1173
1170 1184
1171 4573
1172 1182
1172 1176
1172 2610
1173 1195
1173 1192
1174 4847
1177 1196
1178 1188
1179 2609
1181 1199
1182 1191
1183 4839
1183 4843
1183 4845
1185 1194
1186 1197
1187 1195
1187 1193
1188 1199
1189 4845
1191 4847
1200 1201
1202 1213
1202 1206
1202 1232
1203 1262
1203 1259
1203 1230
1204 1255
1204 4657
1204 1238
1205 1229
1205 1257
1205 1218
1206 1232
1206 2397
1207 1245
1207 3015
1207 3012
1208 1218
1208 1253
1208 1262
1209 1212
1209 4657
1209 2536
1209 2535
1210 1259
1210 1253
1210 1251
1211 2396
1211 2965
1213 1260
1213 1231
1214 1241
1214 4666
1214 1231
1214 4659
1215 1245
1215 1250
1215 2420
1216 4712
1216 2965
1217 1252
1218 1244
1219 1225
1219 1263
1219 5198
1220 1254
1220 3018
1220 3022
1221 2542
1221 2538
1221 4646
1221 2402
1222 1244
1222 2060
1223 1241
1223 1238
1223 1248
1224 2966
1224 3018
1224 3017
1224 1256
1225 1233
1225 2420
1225 1260
1226 1228
1226 2538
1226 2400
1227 1233
1227 3010
1227 1260
1228 1235
1229 1236
1229 1262
1231 3013
1232 2397
1233 1245
1234 4694
1235 5197
1236 1237
1236 1242
1237 1251
1237 1252
1239 1244
1239 1253
1240 4909
1240 4907
1241 1255
1241 1248
1243 4694
1246 1250
1246 3021
1246 2421
1249 2536
1249 2396
1250 3015
1251 1257
1252 1259
1254 3019
1254 3022
1255 4659
1256 1264
1256 3016
1257 2404
1258 2984
1261 1809
1261 2398
1261 2966
1263 2400
1263 2397
1263 2537
1264 3014
1264 3011
1265 4869
1266 4869
1268 1278
1269 4918
1269 4919
1269 1290
1270 1285
1270 4508
1271 4374
1271 1273
1272 1288
1272 1293
1272 1277
1272 1279
1274 1288
1275 3706
1275 3705
1275 1778
1276 1281
1276 1286
1276 1291
1277 1288
1277 1285
1278 2068
1278 2069
1279 1291
1279 2713
1280 2065
1280 2066
1280 1287
1282 4919
1282 4921
1282 1290
1283 4917
1283 4914
1283 1511
1284 2925
1284 3697
1284 2567
1287 2064
1287 4756
1289 4919
1289 2564
1292 2564
1292 4917
1292 4789
1294 1310
1294 1308
1294 1299
1295 1302
1295 1304
1295 1300
1296 1309
1297 1305
1298 3666
1298 1311
1300 2246
1301 1309
1301 2246
1303 2087
1303 2088
1304 1312
1305 1310
1305 1307
1306 1310
1311 3667
1313 1502
1313 3667
1313 1314
1314 1315
1314 1503
1315 3671
1316 5337
1316 5335
1318 1338
1318 1323
1319 1340
1319 1352
1319 1320
1319 1348
1320 1340
1320 1348
1321 1346
1321 3329
1321 1337
1322 1348
1322 1342
1322 1331
1323 1341
1324 1891
1324 3330
1324 3321
1325 3320
1325 1330
1325 1897
1326 1353
1326 1332
1326 3329
1327 3327
1327 1354
1327 3322
1328 1333
1328 2930
1328 1896
1329 3323
1329 1340
1330 3322
1330 3318
1331 1343
1331 1342
1332 2932
1332 3319
1333 5034
1333 3314
1334 1351
1334 2930
1334 3317
1335 5376
1335 1891
1335 3334
1336 2286
1336 1337
1336 1349
1337 3319
1338 2934
1339 1352
1339 3338
1339 1342
1341 2932
1341 3029
1343 3361
1343 3356
1344 2934
1344 1350
1344 3325
1345 3338
1345 4522
1345 1347
1345 1352
1346 4522
1346 1347
1347 1354
1349 1351
1349 3320
1350 1353
1350 3332
1351 2286
1353 2937
1353 2933
1354 3323
1355 1356
1355 2908
1356 2960
1357 1455
1357 1437
1357 1454
1358 2265
1358 2958
1358 2093
1359 2078
1360 1506
1361 1371
1361 1368
1361 1372
1362 2235
1362 3966
1362 1886
1362 2454
1363 1373
1364 3109
1364 1373
1364 1371
1365 3678
1365 2255
1365 1374
1366 1368
1366 5425
1366 1510
1367 1371
1368 4928
1369 2454
1369 2448
1370 1373
1372 1758
1372 5425
1374 5473
1374 2448
1375 2255
1375 3675
1375 1390
1376 1377
1376 1462
1377 1463
1378 1379
1378 4221
1378 2184
1379 1632
1380 1631
1380 1381
1381 1649
1382 1383
1383 3665
1384 1795
1384 2294
1384 2298
1385 2301
1385 2300
1385 5052
1386 2293
1386 2300
1386 5119
1387 2298
1387 5048
1387 1388
1388 2291
1388 4661
1388 2299
1389 2541
1389 2290
1389 4646
1390 2446
1391 1392
1391 1393
1392 1394
1393 2821
1393 1394
1394 5059
1395 1814
1395 5084
1395 1396
1396 2316
1396 1397
1397 2317
1397 1398
1398 1399
1398 1400
1400 5086
1400 2317
1401 2263
1401 3683
1401 1402
1401 2090
1402 3685
1402 2093
1403 1404
1403 2093
1404 1405
1407 1408
1407 1409
1408 2850
1408 1412
1409 1410
1411 1412
1411 2850
1413 1414
1414 1416
1415 1416
1416 1417
1417 2471
1418 5473
1418 3958
1419 3958
1419 1420
1419 1426
1420 1421
1421 1422
1422 1423
1423 1424
1424 1425
1425 1431
1426 1427
1426 1428
1427 1429
1427 3967
1428 1429
1428 1431
1429 3968
1430 3967
1430 5217
1431 3965
1432 3965
1434 1435
1435 2484
1435 4216
1436 1441
1436 1438
1437 5455
1437 1438
1438 1438
1439 3379
1439 3375
1439 1443
1440 1441
1441 1450
1442 1444
1442 1445
1443 1446
1443 2496
1444 2987
1444 1450
1445 1446
1445 3387
1445 3389
1446 1447
1446 1449
1447 1448
1447 1449
1447 2497
1448 2498
1448 2941
1449 3389
1449 2941
1449 1452
1449 2942
1450 1451
1450 1454
1451 2987
1451 1453
1452 2942
1452 1453
1452 2987
1453 1454
1455 1457
1455 5455
1456 4204
1456 5066
1457 3482
1458 2946
1458 1459
1458 3482
1459 3489
1460 3497
1460 3456
1462 1463
1463 1464
1464 2656
1464 4574
1465 1467
1465 2411
1465 2262
1466 2656
1466 1468
1467 1504
1468 1504
1469 1732
1469 1507
1469 1506
1471 4610
1471 2661
1471 4614
1472 3704
1472 4613
1472 4614
1472 1473
1473 2726
1474 3992
1474 3993
1474 1475
1475 4000
1475 3995
1476 4036
1476 4034
1477 4003
1477 4004
1478 1480
1478 1479
1478 4003
1479 4004
1479 1481
1480 1482
1480 4000
1481 1484
1481 4007
1482 1483
1482 1486
1483 4012
1483 4010
1484 4009
1484 1485
1485 3030
1485 4014
1486 3030
1486 4015
1487 5431
1487 4008
1487 4010
1488 4015
1488 1489
1488 1491
1489 4018
1489 4820
1490 4007
1490 4009
1491 1493
1491 4012
1492 3032
1492 4014
1492 1785
1493 4820
1493 4819
1493 1495
1494 1495
1494 3406
1494 4819
1495 2513
1495 1496
1496 3408
1496 4820
1497 2330
1497 4073
1497 2322
1498 2330
1498 4071
1498 2327
1499 2948
1499 1500
1499 2870
1500 1501
1500 3901
1500 2870
1501 2951
1501 2871
1502 1503
1502 3669
1503 3671
1505 2609
1505 5215
1506 3748
1506 1731
1507 4509
1507 3749
1509 2880
1509 2879
1510 5424
1510 4787
1511 4787
1511 4788
1512 2657
1513 3089
1514 5018
1514 4610
1514 5420
1515 1516
1515 2639
1516 5020
1517 2464
1517 1986
1518 2550
1518 3082
1518 1519
1519 3082
1519 5246
1521 1524
1521 1522
1522 1523
1524 1525
1524 1531
1525 1527
1525 1534
1526 5143
1526 2435
1526 1527
1527 1536
1528 1531
1529 1532
1530 1535
1531 1534
1531 1532
1532 1535
1533 1537
1534 1538
1534 1536
1535 1537
1536 1538
1537 1538
1538 2877
1540 2755
1542 2243
1542 1543
1542 5026
1543 1544
1543 5318
1544 5026
1544 5318
1545 1546
1545 5320
1545 5026
1546 2193
1546 5314
1547 2072
1547 5301
1548 2073
1548 5303
1549 5308
1549 5303
1550 5193
1551 4751
1551 4204
1551 4779
1551 4203
1551 4778
1552 2501
1553 4780
1553 2356
1553 4779
1554 2501
1554 2503
1555 4541
1556 4541
1557 1558
1557 3047
1557 4354
1558 1562
1559 4359
1559 1560
1561 3757
1561 3768
1561 3049
1562 1563
1563 1568
1563 3049
1564 1565
1565 1566
1566 4383
1566 1569
1567 3773
1567 3051
1568 3052
1568 3051
1569 1570
1570 4631
1571 1960
1571 1574
1571 4537
1572 4537
1572 1573
1573 4538
1574 4538
1575 1576
1576 1949
1576 4535
1576 1577
1578 4535
1578 2135
1578 1960
1579 3624
1579 3630
1580 4399
1580 4396
1580 5100
1581 4401
1581 4399
1582 4414
1583 1584
1583 2269
1584 2272
1584 2269
1585 2394
1585 1586
1586 1591
1586 2394
1586 1597
1587 1590
1587 1588
1587 2394
1588 1593
1588 1589
1589 1594
1590 4498
1591 4748
1591 1592
1592 2456
1592 1595
1593 1595
1593 1594
1595 5312
1596 5309
1596 4904
1596 5311
1598 3933
1598 2158
1598 4901
1599 2163
1599 1600
1600 3942
1600 3943
1601 3943
1601 2125
1603 1607
1603 1606
1603 3066
1604 1605
1605 1607
1606 1609
1606 2669
1607 1609
1608 1610
1610 2071
1611 1617
1612 1614
1613 1615
1613 2667
1614 1615
1614 1618
1615 1618
1616 1682
1616 1621
1617 4863
1618 1619
1620 1682
1622 1625
1623 1625
1624 2612
1624 1683
1625 1629
1626 2654
1626 2612
1627 1628
1628 1629
1630 2386
1631 1633
1634 2626
1634 2384
1635 2080
1636 3002
1636 2629
1637 2626
1638 1644
1638 1640
1639 1647
1639 2080
1639 2081
1640 4882
1641 5025
1641 1653
1641 2648
1642 2648
1642 3005
1643 1646
1644 1657
1644 4881
1645 4880
1646 2628
1646 1652
1647 4866
1647 2082
1648 1655
1649 1655
1650 1654
1650 1657
1651 1656
1651 1660
1652 5342
1652 4546
1653 2629
1653 1661
1654 1672
1655 1658
1659 4551
1659 4868
1659 1664
1660 4851
1660 1663
1661 1664
1661 4546
1662 1665
1663 1670
1663 1671
1664 4554
1665 1668
1665 1666
1666 1669
1667 5346
1667 5349
1667 4553
1668 1671
1669 1671
1672 5332
1673 1675
1673 1674
1673 2194
1674 1675
1674 1676
1675 1678
1677 1679
1679 5291
1680 1682
1680 4629
1680 1681
1681 1682
1683 2622
1684 2622
1685 1688
1685 2897
1685 2903
1686 1687
1686 2897
1686 2890
1687 2890
1687 2891
1687 4298
1688 2903
1688 2268
1688 4343
1689 4318
1689 1691
1689 4315
1689 4328
1690 4328
1690 4336
1690 1691
1691 4342
1692 1879
1692 1693
1693 2814
1694 3568
1695 5443
1695 2472
1696 5443
1697 2472
1697 3947
1697 3949
1697 4695
1698 1702
1698 1840
1698 1705
1698 1718
1699 1713
1699 1839
1699 1715
1700 1718
1700 1704
1700 1702
1701 1702
1701 1707
1701 1705
1703 1713
1703 1714
1703 1706
1704 1709
1704 1841
1705 1708
1706 1707
1706 1714
1707 1839
1708 1839
1708 1840
1709 1841
1709 1718
1710 1717
1711 1841
1711 4829
1711 1712
1711 4830
1712 1840
1712 4828
1712 1717
1713 1715
1714 1715
1716 1718
1716 1840
1716 1841
1717 1839
1717 4826
1719 1721
1720 1721
1721 4175
1721 5206
1722 1942
1723 1786
1723 5060
1723 4189
1724 1728
1725 1728
1726 5242
1726 2874
1726 2949
1727 1729
1728 1729
1729 5242
1730 1733
1730 4562
1731 2078
1731 1732
1732 4561
1733 1734
1733 1737
1734 1735
1734 1736
1735 1738
1735 1740
1736 1737
1736 1738
1737 1739
1738 1743
1739 1741
1739 1744
1740 1743
1741 1742
1741 1743
1742 1745
1742 1746
1743 1746
1744 1745
1744 1748
1745 1748
1746 1747
1749 1756
1750 1757
1751 1753
1752 1753
1752 1755
1752 1754
1753 1754
1754 1755
1755 1758
1756 1757
1757 1759
1758 1760
1759 1761
1759 1762
1760 1763
1761 1762
1764 1767
1765 1767
1765 1766
1768 1769
1768 3696
1769 3699
1770 1771
1770 1772
1771 1780
1772 1773
1772 1775
1773 1774
1773 1775
1774 1776
1774 1777
1775 1776
1775 1779
1776 1777
1777 1778
1778 2573
1779 1780
1780 1782
1780 1781
1781 1783
1782 1784
1783 1784
1786 4188
1786 1804
1787 2539
1787 2399
1788 1789
1788 2539
1788 1791
1789 1790
1789 1791
1790 1794
1791 1792
1792 2296
1792 1793
1794 1796
1794 2296
1795 1796
1795 2296
1796 2321
1797 5050
1797 5048
1797 2297
1798 1805
1798 1799
1798 4940
1799 1807
1799 1802
1800 1801
1800 4941
1800 4938
1800 1806
1801 1804
1802 4944
1802 1803
1802 4941
1803 1808
1803 1806
1805 1807
1805 4943
1809 1810
1809 4529
1810 1813
1810 2599
1810 2600
1811 2060
1811 2600
1811 2601
1811 1812
1812 2604
1812 2603
1812 4648
1813 2401
1813 2603
1813 2602
1814 2581
1815 1816
1816 1817
1816 4526
1817 4527
1818 4757
1818 4375
1818 2068
1819 1821
1819 4757
1819 4758
1820 1821
1820 2669
1820 4757
1820 4527
1821 4759
1822 1823
1824 1825
1824 4758
1824 1826
1825 3086
1825 4759
1826 2657
1826 2658
1828 2824
1828 1829
1828 2825
1829 2822
1830 1836
1830 2676
1831 4453
1831 4451
1832 1833
1832 2674
1832 1837
1832 2677
1833 1834
1833 1836
1834 1835
1834 1836
1837 1838
1837 2678
1838 2676
1838 2700
1842 5081
1842 2581
1842 5205
1843 2521
1843 2967
1844 1850
1844 1849
1844 4556
1845 1847
1845 1849
1846 3510
1846 3512
1847 3511
1847 3513
1848 3517
1848 3519
1848 4581
1849 3522
1849 3525
1850 3536
1850 3541
1851 3544
1851 3545
1852 3547
1852 3549
1852 3548
1853 1854
1853 1858
1854 1863
1854 1859
1855 4584
1855 1857
1855 5182
1856 1861
1856 1860
1856 4584
1857 4961
1857 4960
1858 1861
1859 1862
1859 1864
1860 3067
1860 4960
1860 3113
1861 1863
1861 3113
1862 1868
1862 1870
1863 1864
1863 4711
1864 1868
1864 1867
1865 3556
1865 3558
1866 3557
1866 3560
1866 2534
1867 4711
1867 1874
1867 1869
1868 1870
1868 1869
1869 1875
1869 1873
1870 1873
1871 3067
1871 1872
1871 4963
1872 1874
1872 4711
1873 1877
1874 1875
1874 3114
1875 1877
1876 4801
1876 5186
1877 3115
1878 3565
1878 3564
1879 3567
1879 3568
1880 3575
1880 3576
1881 3588
1881 3587
1882 2039
1882 3587
1882 3590
1883 3589
1883 3592
1883 1885
1884 3593
1884 3591
1884 4735
1885 4591
1885 4803
1885 4804
1886 3078
1887 3989
1887 1888
1888 3991
1889 2237
1889 1890
1889 3083
1889 5472
1890 3084
1891 2843
1892 3334
1892 3342
1893 3341
1893 3337
1893 5457
1894 3310
1894 1895
1895 3315
1895 4215
1896 3314
1896 2929
1897 3317
1897 3318
1897 4215
1898 3316
1898 1899
1899 1900
1900 3326
1900 3322
1901 3374
1901 3367
1901 1902
1902 1903
1902 3367
1903 1904
1903 3374
1904 3371
1904 3382
1905 1906
1905 3382
1905 5456
1906 3377
1906 3385
1908 3175
1908 3177
1908 2956
1909 3178
1909 3182
1909 3255
1910 3180
1910 3181
1911 3183
1911 3185
1911 3182
1911 4385
1912 1913
1912 4385
1912 1925
1914 1915
1914 3213
1914 1916
1915 1917
1915 3216
1916 1917
1916 3217
1917 3219
1918 3217
1918 1923
1918 3223
1919 3216
1919 3220
1919 1921
1919 1920
1920 3219
1920 1923
1920 1921
1921 1922
1922 1926
1922 1924
1923 1926
1924 3228
1924 3207
1926 3225
1927 3296
1927 3295
1928 3298
1928 3299
1928 3663
1929 3297
1929 3300
1930 3611
1930 3612
1931 3614
1931 3613
1932 3615
1933 3625
1933 3623
1933 2035
1934 3626
1934 3631
1934 4738
1935 3630
1935 3632
1935 4762
1936 1939
1937 1939
1938 1942
1939 1942
1939 1941
1940 1941
1941 5401
1942 1943
1944 1946
1944 1948
1944 4925
1945 1946
1945 1949
1945 2110
1946 1947
1947 1948
1947 4857
1948 4857
1949 1952
1950 4834
1950 1954
1951 1953
1951 1955
1952 1954
1952 1956
1952 4837
1953 1959
1954 4905
1956 1958
1956 4540
1957 1959
1959 4536
1960 4536
1961 2386
1962 1966
1962 1965
1962 1963
1963 1964
1963 1965
1964 1972
1964 1967
1965 1967
1965 1968
1966 1969
1966 1968
1967 1975
1967 1970
1968 1970
1968 1971
1969 1971
1969 1974
1970 1978
1970 1973
1971 1973
1971 1974
1972 1975
1972 5044
1972 1980
1973 1982
1973 1976
1974 1976
1975 1977
1975 1980
1976 1984
1977 1979
1977 1978
1978 1981
1979 1983
1979 1981
1980 1983
1981 1982
1982 1984
1982 1985
1983 1985
1984 1985
1986 3990
1986 2847
1987 3192
1987 3196
1988 3194
1988 3196
1989 2020
1989 3200
1989 3198
1990 3203
1990 3202
1990 1993
1991 3203
1991 3201
1992 3282
1992 3280
1992 2970
1993 3281
1993 3204
1994 3283
1994 3284
1995 3285
1995 3205
1996 3211
1996 3207
1996 2002
1997 3211
1997 2002
1997 1999
1998 2000
1999 2000
1999 2003
2000 3220
2001 2004
2001 3215
2001 3214
2002 2003
2003 3220
2004 3218
2004 3221
2005 2097
2005 3222
2005 3287
2006 2007
2006 2009
2007 3243
2007 2008
2007 2009
2008 2949
2008 3246
2009 2010
2010 3249
2011 3248
2011 2013
2012 2813
2012 2013
2013 2813
2014 3253
2014 3169
2015 2813
2015 3170
2016 2813
2017 2924
2017 3188
2017 3256
2018 3191
2018 3257
2018 3206
2019 2924
2019 2922
2020 3279
2020 3278
2021 3194
2022 2023
2022 3417
2022 3418
2023 3419
2023 3421
2024 2026
2024 3420
2024 3422
2025 3423
2025 3425
2025 2500
2026 3424
2026 3430
2027 3433
2027 3431
2028 3428
2028 3432
2028 2505
2029 2030
2029 2031
2031 3451
2031 3452
2031 4198
2032 4650
2032 3598
2032 3597
2033 4650
2033 3602
2033 3601
2034 2035
2034 3603
2034 3604
2035 4654
2036 3569
2036 3570
2037 3572
2037 3571
2038 4726
2038 3574
2038 3573
2039 3579
2039 3580
2040 2041
2040 4172
2041 4173
2042 2043
2044 5402
2046 2228
2046 2221
2047 2049
2048 2049
2048 2050
2048 2441
2049 2050
2050 2051
2051 4617
2052 4494
2052 2391
2052 4617
2053 3394
2053 3393
2054 3395
2054 3397
2054 4198
2055 3398
2055 3396
2055 2507
2056 2586
2056 2585
2057 2588
2057 2587
2058 2588
2058 2589
2058 2288
2059 3463
2059 3465
2059 2520
2059 2522
2060 4529
2061 4649
2062 4754
2062 2068
2062 2064
2063 4755
2063 2064
2066 2067
2066 2069
2069 2070
2071 2669
2071 2667
2073 2074
2073 2075
2076 5108
2078 3747
2079 3749
2080 2632
2081 2632
2081 5208
2082 5342
2082 5207
2082 4867
2083 5405
2083 5403
2084 2234
2084 4934
2084 4236
2084 4935
2085 3476
2085 3264
2085 2519
2086 4239
2086 4241
2086 4935
2087 2088
2088 2247
2089 2247
2090 3682
2091 3684
2091 2092
2092 3734
2094 2264
2094 3686
2094 4990
2095 3736
2095 4992
2096 2101
2097 3286
2098 5384
2099 2100
2100 2104
2100 2101
2101 2107
2102 3596
2102 3585
2103 2104
2103 2106
2104 2107
2105 2108
2105 2115
2106 2109
2106 2111
2107 4567
2108 2117
2109 2113
2109 2114
2110 2112
2112 2116
2114 2119
2115 2115
2116 2116
2118 2119
2119 4567
2120 2121
2121 2123
2122 5395
2122 4543
2124 4543
2124 2162
2125 2166
2125 3940
2125 3938
2126 2132
2127 2133
2128 2133
2129 2130
2129 4737
2129 4807
2130 4739
2130 4736
2131 4925
2131 2136
2132 2133
2132 4925
2132 4833
2134 4534
2135 4534
2136 4833
2138 3305
2138 3303
2139 2140
2141 3652
2141 3650
2142 3651
2142 3649
2143 3653
2143 3655
2143 3062
2144 3656
2145 3062
2145 3661
2145 3660
2145 2306
2145 3655
2145 2308
2146 4874
2147 2148
2147 2150
2148 2149
2148 2151
2149 2152
2153 4632
2153 2634
2153 2154
2154 2157
2154 4901
2155 2156
2156 2158
2156 4525
2157 2159
2157 3931
2158 4525
2158 4632
2159 3932
2159 4545
2160 3934
2160 2161
2160 3933
2161 2163
2162 4544
2162 4220
2163 3935
2164 3936
2164 4220
2165 4544
2166 3939
2167 3939
2168 3936
2169 2170
2169 4412
2170 3009
2171 4434
2171 2172
2171 4435
2172 4435
2173 2834
2173 4298
2173 4284
2173 5449
2174 2829
2174 2828
2175 4296
2175 4301
2175 2894
2176 2177
2176 4301
2177 2898
2178 2900
2178 2901
2178 2179
2178 2180
2179 2181
2179 2902
2180 2181
2180 4311
2180 2182
2181 2182
2183 2904
2183 4327
2183 2826
2185 5328
2185 2186
2186 2187
2187 2189
2188 5327
2188 5328
2189 2190
2190 5327
2190 2191
2193 2194
2194 2195
2195 2196
2195 2197
2196 2196
2197 2198
2197 2199
2198 2200
2198 2201
2200 2204
2200 2203
2202 2208
2204 2206
2204 2207
2205 2208
2209 5290
2209 2211
2210 2215
2210 2211
2210 2217
2211 2212
2212 2213
2212 2214
2214 2216
2214 2218
2218 2219
2218 2220
2220 2222
2220 2223
2223 2224
2223 2225
2226 2227
2226 2233
2227 2232
2228 2231
2228 2230
2229 2231
2234 5454
2234 4233
2234 4934
2238 5458
2238 5460
2238 5462
2239 3383
2239 3381
2239 5463
2241 4402
2241 4401
2241 4952
2242 3004
2242 4224
2242 2646
2243 2643
2244 4456
2244 4466
2244 4487
2245 4492
2245 4473
2245 2627
2248 2249
2249 2251
2250 2251
2252 3987
2252 2463
2252 4514
2253 2462
2253 2548
2254 2254
2254 3987
2255 4903
2256 3036
2257 2258
2257 5435
2257 5436
2258 2502
2259 4693
2266 4283
2267 4709
2268 2905
2268 3046
2269 2315
2270 4619
2270 2315
2270 2271
2271 2272
2271 2360
2272 2361
2273 4621
2273 2274
2273 2276
2274 2275
2274 4622
2275 2367
2275 2282
2276 2277
2276 2369
2277 2370
2277 2282
2278 2805
2278 2281
2279 2759
2279 2341
2279 2343
2280 2338
2280 2748
2280 2772
2281 2756
2282 2368
2283 4040
2283 4053
2284 4053
2284 3116
2285 5021
2286 3319
2286 2931
2287 2605
2287 2543
2288 5394
2288 2289
2289 4983
2290 2540
2290 2399
2291 2540
2291 2541
2292 2542
2292 5118
2292 4663
2293 2543
2293 5118
2294 5445
2294 2299
2295 4145
2295 4926
2295 2858
2296 2297
2297 2298
2298 2299
2299 5051
2300 2673
2300 5120
2301 2673
2302 5040
2302 5056
2303 5040
2303 2304
2305 2309
2305 2307
2305 4743
2306 2307
2306 2308
2307 4742
2308 2310
2309 2310
2309 4745
2310 4744
2311 4557
2311 4895
2312 2315
2312 5455
2313 2314
2313 4619
2314 3487
2314 3485
2316 4782
2316 2317
2317 5085
2318 2483
2319 2483
2319 4188
2320 5445
2320 5052
2320 5444
2321 5056
2321 5053
2322 2325
2322 4063
2323 4063
2324 4062
2325 4062
2326 3120
2326 2329
2327 2947
2327 2328
2328 2329
2328 4082
2328 4081
2330 4069
2330 4068
2331 4103
2331 4099
2331 2853
2332 4104
2332 4098
2332 2415
2333 4112
2333 4111
2333 3134
2334 4096
2334 4097
2335 4066
2336 2744
2336 2746
2336 3895
2336 3897
2337 2339
2337 2744
2337 2345
2338 2343
2338 3891
2339 3895
2340 2344
2340 2342
2340 3879
2341 2349
2341 2763
2342 2344
2342 3872
2343 2345
2343 2344
2346 2351
2346 2791
2347 2793
2347 2790
2347 2795
2348 3923
2348 2794
2348 3919
2349 3927
2349 2762
2350 2351
2351 2790
2352 2353
2352 4170
2353 4171
2354 2682
2354 2355
2354 5136
2356 5083
2356 2492
2357 2358
2357 4752
2357 4207
2358 2359
2358 4753
2359 5244
2360 2361
2360 5089
2360 5090
2361 5092
2361 5094
2362 5090
2362 2363
2362 2365
2363 5091
2363 5093
2363 2364
2364 5095
2364 5096
2364 2365
2365 2366
2366 5097
2366 4621
2367 5099
2367 4578
2367 2368
2368 5103
2368 5101
2369 2370
2369 5102
2369 5105
2370 5107
2370 5106
2371 5101
2371 5103
2371 4400
2372 4406
2372 4407
2372 4412
2372 4403
2373 2865
2373 2864
2373 2374
2374 2788
2374 3916
2374 3840
2375 2376
2375 2788
2375 3849
2376 2377
2377 2379
2378 3865
2378 3849
2378 2379
2379 2380
2381 4462
2381 2382
2382 2383
2382 2384
2383 2385
2383 2387
2384 2385
2385 5208
2387 2615
2387 2614
2389 2391
2389 2442
2389 2390
2390 2393
2390 2391
2392 2394
2393 2395
2396 2539
2398 4528
2398 2966
2399 2537
2400 5200
2401 2605
2402 2538
2403 2605
2403 4648
2404 2606
2404 2607
2405 2608
2405 2607
2406 2407
2406 2408
2406 5215
2407 2408
2407 5214
2408 2409
2410 2710
2410 2411
2412 2413
2414 2950
2414 2871
2415 3906
2415 3907
2415 2416
2416 2954
2417 2879
2418 4789
2418 4790
2420 2421
2421 5198
2422 2423
2422 4614
2423 4615
2424 2640
2424 2426
2425 5365
2425 5364
2426 2639
2426 4530
2427 2430
2428 3708
2428 3706
2429 3708
2429 3707
2430 2727
2431 2726
2431 2727
2432 3714
2432 3713
2433 3715
2433 3716
2433 4978
2434 4767
2434 3715
2434 3717
2435 3720
2435 3718
2436 3722
2436 3726
2437 3724
2437 3723
2438 3725
2438 3722
2439 3726
2439 2440
2439 5411
2440 3725
2441 4617
2441 2735
2441 2442
2442 2737
2443 2444
2443 3670
2444 2445
2445 3672
2446 3732
2446 3733
2447 2448
2447 3962
2448 3963
2449 3737
2449 3964
2450 3692
2450 3691
2451 2455
2452 3739
2452 3738
2452 4884
2453 3964
2453 2454
2454 3966
2455 3981
2456 5028
2457 5029
2457 2849
2457 5031
2458 2906
2458 2459
2459 2907
2460 3744
2460 3693
2461 3035
2461 4024
2461 4021
2462 3984
2462 3983
2463 3988
2463 3985
2464 3986
2464 3990
2465 3080
2465 2928
2465 3081
2466 4228
2466 4814
2466 5256
2467 5422
2467 4228
2468 5422
2468 5421
2469 2591
2469 2961
2469 5135
2470 3311
2470 3946
2471 2962
2471 5135
2472 3950
2472 3948
2473 5022
2473 4946
2474 4949
2475 3951
2475 3952
2475 3954
2476 2593
2476 3336
2477 2480
2477 3335
2477 4181
2478 3344
2478 3340
2478 4180
2479 4942
2479 4936
2480 4182
2480 3345
2481 2594
2481 3349
2482 2526
2484 3354
2484 4183
2485 3360
2485 3363
2485 2938
2486 2818
2486 3361
2486 3363
2487 3364
2487 3368
2487 3355
2488 2527
2489 3370
2489 3378
2489 3365
2490 3372
2490 3369
2491 5076
2491 5070
2491 5064
2492 5078
2492 5077
2493 2597
2493 3375
2493 2940
2494 2530
2494 2529
2495 3386
2495 3384
2495 2504
2496 2497
2496 3385
2497 2498
2498 3388
2499 3411
2499 3413
2500 3412
2500 3414
2501 4206
2501 4205
2502 3392
2502 3391
2503 4207
2503 4208
2504 3434
2504 3436
2505 3435
2505 3437
2506 3437
2506 3438
2507 3400
2507 3399
2508 3401
2508 3402
2508 4608
2509 2512
2509 3404
2509 3403
2510 3447
2510 3445
2511 3448
2511 3446
2512 3407
2512 3405
2513 3406
2513 3408
2514 3409
2514 3260
2514 2518
2515 3410
2515 3261
2515 2875
2516 2525
2516 3500
2516 3499
2517 3459
2517 3457
2518 3262
2518 3458
2519 3462
2519 3262
2520 3461
2520 3460
2521 3466
2521 3467
2521 4556
2522 3469
2522 3471
2523 3474
2523 3472
2523 3516
2524 3475
2524 3473
2524 3514
2525 3502
2525 3505
2527 5067
2528 5069
2530 4208
2531 4205
2532 3524
2532 3523
2533 3534
2533 3533
2533 3538
2534 3538
2535 2536
2535 2537
2537 4645
2538 4645
2539 2540
2540 2541
2541 4647
2542 5121
2542 4647
2543 5121
2544 4692
2544 2545
2546 4784
2547 5191
2547 4784
2547 4900
2548 3983
2548 2549
2549 3079
2549 2550
2550 3079
2551 4192
2551 5079
2551 4189
2552 2580
2553 4237
2553 4240
2554 4238
2554 4240
2555 4240
2555 2556
2556 2558
2556 2560
2557 4242
2557 2559
2558 4243
2558 2560
2559 4244
2561 4245
2561 2562
2561 5279
2562 4249
2563 4252
2563 4248
2564 4790
2565 2575
2566 2925
2566 2926
2566 2579
2567 2568
2567 2925
2568 2569
2569 2573
2570 2883
2570 2571
2570 2926
2571 3700
2571 3706
2572 2573
2572 2883
2574 2575
2576 2577
2576 4916
2576 4915
2578 2579
2580 5081
2580 2581
2581 2582
2582 2583
2583 2584
2584 2585
2586 2588
2586 5394
2590 4020
2590 4023
2592 5370
2592 4951
2594 3362
2594 3344
2596 3362
2596 2597
2596 2940
2598 3481
2599 3019
2599 3022
2599 2602
2600 2603
2600 4529
2601 2606
2601 2604
2602 3025
2603 2605
2604 4649
2606 4649
2609 4848
2610 4848
2610 4524
2611 4716
2611 4457
2612 5257
2612 2620
2613 2614
2614 2616
2615 5209
2615 2625
2617 2654
2617 2617
2618 2654
2618 2619
2618 2620
2620 2621
2622 2624
2622 5257
2623 5257
2626 5207
2626 2628
2627 2630
2627 4462
2628 2629
2629 4225
2630 3002
2630 4224
2631 4225
2632 5209
2633 2634
2634 4632
2635 2640
2636 2645
2636 5020
2636 2639
2636 4530
2637 2638
2637 4492
2638 2642
2638 2641
2640 2641
2640 4599
2641 2642
2642 2644
2642 2646
2643 4530
2643 2735
2645 2725
2645 4605
2647 2648
2647 3003
2647 3005
2648 5212
2649 3092
2649 3094
2649 5210
2650 2652
2650 3094
2651 5318
2651 5108
2652 2653
2653 3006
2655 4576
2655 2656
2657 3088
2658 3089
2658 3086
2659 5420
2659 2660
2659 4610
2660 2662
2660 5419
2661 3703
2661 4609
2662 4612
2663 2664
2663 2722
2663 2729
2663 4616
2664 2724
2664 2714
2665 2666
2665 5400
2665 5401
2666 5060
2666 4190
2667 4759
2670 5171
2671 2880
2672 2673
2674 4451
2674 2677
2675 2676
2676 2699
2677 2678
2678 2680
2679 2701
2680 5136
2680 2681
2681 2682
2681 2884
2682 2683
2683 2684
2683 2685
2684 2689
2685 2689
2685 2686
2686 2688
2686 2687
2687 2688
2687 2884
2688 2690
2689 2704
2689 4454
2690 2691
2690 2693
2691 2692
2691 2886
2692 2693
2692 2888
2693 3832
2694 3832
2694 2695
2694 5448
2695 3835
2695 2836
2696 4785
2696 2697
2696 4274
2696 3838
2697 2830
2697 2833
2697 2836
2697 2698
2698 2833
2698 2832
2699 2701
2699 2700
2700 5136
2702 2703
2703 2705
2703 2704
2704 2705
2705 4454
2706 4618
2706 4876
2706 4596
2707 4510
2708 2710
2709 2711
2710 2711
2712 2713
2715 2721
2716 4606
2717 2721
2718 2721
2719 2724
2720 2726
2722 4615
2722 2729
2723 2724
2723 2728
2723 2725
2725 4606
2726 2727
2729 3711
2729 4605
2730 3711
2730 2731
2731 5243
2731 2732
2732 2734
2732 4604
2733 5243
2733 4531
2733 4605
2734 2736
2735 4531
2736 2739
2737 2742
2738 2739
2739 2740
2741 2742
2743 3893
2743 2744
2744 4226
2745 3893
2746 2747
2747 2751
2747 3891
2748 3891
2748 2753
2748 2772
2749 2750
2750 2751
2750 3889
2750 3882
2751 3888
2752 3888
2752 2753
2752 3889
2753 2770
2754 2797
2754 3874
2754 3859
2755 2799
2756 2981
2756 2980
2757 2759
2757 2758
2759 2760
2761 2762
2762 3923
2762 3879
2763 2793
2763 2792
2764 2792
2765 2768
2765 2863
2766 2767
2766 3856
2766 3855
2768 3852
2768 2769
2769 2776
2769 2782
2770 2797
2770 3878
2771 2772
2771 2773
2771 3878
2773 3876
2773 3881
2774 2782
2774 2779
2774 2778
2774 2775
2774 2780
2775 2785
2775 2776
2775 2783
2776 3843
2776 3844
2777 2882
2777 3843
2777 4139
2778 3876
2778 3855
2778 3875
2778 2779
2779 3872
2779 2780
2780 2785
2780 2781
2781 3867
2781 3865
2782 3855
2783 2784
2783 2785
2784 3845
2784 3848
2786 3842
2786 2882
2786 2864
2787 2789
2787 3841
2787 3842
2788 3841
2789 2789
2790 3921
2791 3224
2791 2972
2792 3928
2792 3235
2793 3924
2793 2794
2794 3927
2795 3919
2795 3867
2796 3877
2797 3877
2798 2801
2798 2799
2798 2802
2799 2800
2801 2803
2801 4116
2802 4116
2802 4105
2804 2807
2804 2976
2804 3148
2805 3159
2805 2978
2805 3153
2806 3160
2806 3159
2807 3236
2808 2809
2808 2811
2808 2812
2809 2810
2809 3236
2810 2811
2814 3563
2815 3483
2816 2817
2817 3491
2817 3489
2818 5379
2818 3365
2819 2820
2820 3376
2821 2823
2822 2823
2822 2824
2824 2825
2826 4321
2826 2904
2827 4321
2827 2828
2828 2900
2828 2901
2829 4297
2830 4297
2831 4274
2832 4287
2832 2835
2833 2835
2833 4709
2834 2835
2835 4283
2836 4709
2837 2839
2838 2989
2838 2842
2838 2840
2839 5138
2839 3775
2839 3776
2840 2990
2840 3808
2841 4431
2841 4425
2842 3073
2842 3814
2842 3812
2843 2844
2843 3330
2844 3327
2844 5376
2844 2845
2845 3330
2845 3326
2846 2847
2846 5247
2846 5246
2847 5246
2848 5247
2849 2850
2851 2852
2852 3265
2852 3267
2853 4109
2853 4101
2854 4101
2854 4107
2855 2856
2855 4147
2855 4146
2856 4637
2856 2859
2857 4644
2858 4641
2858 4148
2859 4638
2859 2860
2859 4640
2860 4642
2860 4643
2860 4637
2861 4144
2861 4142
2861 3866
2861 3871
2862 3859
2862 3857
2862 3858
2863 4140
2864 4133
2864 3839
2865 4129
2865 4128
2866 4130
2866 4131
2866 3136
2867 3913
2867 4127
2867 2957
2868 3915
2868 3914
2869 3903
2869 2953
2869 2954
2870 3902
2871 3900
2871 2950
2872 3271
2872 3268
2873 3269
2873 3270
2874 4823
2874 3241
2874 3240
2875 4823
2875 3239
2875 3238
2876 3681
2876 3680
2877 3680
2877 3679
2878 3676
2878 3674
2879 2880
2881 4137
2882 4137
2884 4453
2885 2886
2885 2887
2886 2887
2887 5277
2888 3835
2888 3837
2889 4265
2889 2891
2889 2890
2890 4271
2891 5449
2892 2893
2892 2899
2894 4296
2894 2895
2895 4301
2895 2896
2896 2900
2897 2899
2900 2901
2901 4308
2903 4304
2903 2905
2904 4311
2906 5031
2906 2907
2907 2908
2907 5032
2909 2910
2909 5362
2910 4635
2910 4636
2911 5362
2912 2914
2912 5362
2912 2915
2913 4519
2913 4635
2914 2916
2916 2918
2917 4926
2919 3892
2920 4227
2920 2921
2921 4168
2921 5253
2922 4927
2922 2924
2925 2926
2926 3698
2927 3945
2927 5247
2927 3946
2928 3312
2928 3313
2929 3317
2929 4215
2929 2930
2930 2931
2931 2932
2932 2933
2933 2934
2934 2936
2935 3324
2935 2936
2936 3325
2936 3336
2937 3329
2937 3332
2938 3358
2938 3357
2939 2940
2939 3362
2939 3366
2940 3373
2941 3390
2941 2943
2942 2943
2944 2945
2944 2946
2945 2946
2947 4084
2947 4083
2947 2948
2948 4094
2948 4092
2949 3244
2949 3242
2950 2951
2950 3904
2951 2952
2952 2953
2953 2954
2953 3905
2955 3251
2955 3250
2955 3252
2956 3172
2956 3174
2957 3134
2957 4122
2957 4120
2958 3690
2959 2960
2959 5035
2960 5036
2960 2961
2961 5132
2961 5037
2962 5038
2962 2963
2962 5132
2963 5039
2963 5022
2964 4950
2964 4951
2966 3022
2967 3470
2967 3468
2968 3478
2968 3274
2968 3554
2969 3480
2969 3479
2970 3277
2970 3276
2971 3229
2971 3226
2972 3227
2972 3230
2973 3234
2973 3231
2974 3232
2974 3233
2974 4786
2975 3293
2975 3294
2976 3143
2976 3145
2977 3144
2977 3146
2978 3149
2978 3151
2979 3301
2979 3302
2980 3165
2980 2981
2981 3167
2982 3168
2983 5041
2983 2984
2985 4910
2985 4908
2986 4168
2986 5251
2986 4501
2987 3389
2988 3070
2988 3068
2988 3789
2988 3781
2989 3803
2989 3807
2989 3070
2990 3072
2990 3811
2990 3810
2991 3819
2991 3823
2991 4425
2991 3073
2992 3824
2992 3826
2992 5448
2993 2994
2993 3822
2993 3826
2994 3828
2994 3831
2995 3074
2995 3830
2995 3829
2996 3833
2996 3834
2997 4259
2997 4257
2997 4797
2998 4258
2998 4269
2998 4800
2999 4264
2999 4273
3000 5276
3000 4278
3000 4275
3001 4277
3001 4279
3001 4324
3002 3003
3002 4225
3002 4224
3003 3004
3003 4224
3004 3005
3006 3008
3007 4381
3007 3008
3008 3096
3009 4421
3011 3012
3011 4655
3012 3014
3014 3016
3015 3021
3016 3018
3019 3020
3019 3023
3020 3021
3020 3024
3026 3027
3028 3029
3030 4017
3031 4017
3033 4022
3034 3972
3034 5233
3034 5216
3035 4022
3035 5124
3038 3040
3038 3039
3039 5374
3039 3041
3040 3041
3041 5373
3042 4993
3042 5373
3042 5374
3043 4166
3044 4993
3044 3044
3046 4344
3046 4343
3047 4354
3047 4352
3048 4357
3048 4356
3048 4353
3048 3751
3049 4362
3049 4361
3050 3773
3050 4364
3050 4365
3050 3768
3051 4367
3051 4368
3052 4631
3052 4359
3052 4368
3054 4761
3054 3646
3055 3057
3055 3056
3055 4761
3057 3059
3057 3058
3059 3061
3059 3060
3061 3659
3061 3658
3061 3062
3063 3065
3064 3066
3065 4375
3067 3113
3067 4963
3068 5138
3068 3777
3069 3783
3069 3777
3069 3780
3070 3782
3071 3075
3071 3816
3071 3783
3072 3818
3072 3815
3073 3816
3074 3818
3074 3825
3076 3077
3077 3815
3077 3825
3078 3740
3078 3079
3080 3313
3080 5034
3081 3312
3081 3084
3082 3083
3083 3946
3084 3310
3085 4091
3085 4087
3085 4095
3086 3089
3087 3090
3089 3090
3090 3091
3093 3094
3094 3095
3099 3100
3100 3101
3100 3104
3103 3106
3103 3109
3104 3105
3105 3107
3106 3110
3107 3108
3108 3109
3111 3112
3112 5072
3113 4711
3116 4061
3116 4071
3117 4061
3118 3120
3118 3121
3119 3122
3120 3121
3121 3123
3122 3124
3122 3128
3123 3125
3124 4077
3125 3130
3125 3127
3126 3131
3129 3130
3130 3132
3131 3132
3133 3134
3135 3136
3137 3138
3137 3140
3138 3141
3139 3140
3140 3141
3143 5429
3143 3236
3144 3930
3144 3235
3145 3146
3145 3237
3146 3147
3147 3148
3147 3150
3148 3154
3149 3165
3149 4518
3150 3152
3150 3151
3151 3152
3152 3153
3153 3155
3153 3154
3154 3156
3155 3157
3155 3156
3156 3160
3156 3158
3157 3159
3157 3160
3158 3161
3158 3160
3159 3162
3162 3164
3162 3163
3163 3164
3164 3167
3165 3166
3166 4518
3167 3168
3168 3622
3169 3171
3169 3170
3170 3172
3171 3173
3171 3188
3172 3173
3173 3175
3174 3177
3174 3252
3175 3178
3177 3180
3178 3183
3179 3910
3180 3194
3181 3184
3181 3186
3182 3255
3183 3190
3184 3187
3184 3257
3185 3255
3185 4387
3186 3187
3186 3255
3187 3189
3188 3197
3189 3257
3189 3207
3190 3197
3190 3302
3191 3192
3193 3208
3194 3199
3195 3208
3196 3201
3197 3210
3198 3199
3198 3278
3200 3202
3200 3279
3202 3281
3203 3214
3203 3204
3204 3205
3205 3218
3206 3207
3208 3209
3209 3210
3210 3288
3212 3213
3213 3215
3214 3218
3215 3217
3215 3221
3216 3259
3216 3219
3221 3222
3222 3223
3223 3225
3224 3230
3224 3921
3225 3228
3226 3227
3228 3295
3229 3231
3230 3232
3232 3235
3233 5430
3233 3234
3234 3294
3236 3294
3237 3304
3238 3410
3238 4822
3239 3241
3239 3261
3240 4822
3240 3242
3241 5242
3242 3243
3243 4832
3244 3245
3244 5242
3245 3247
3245 3250
3246 3247
3247 3248
3247 4714
3248 4714
3249 3253
3249 3269
3250 4714
3250 3264
3251 4714
3252 3278
3253 3271
3254 3256
3256 3258
3260 3262
3260 3261
3262 3264
3263 3265
3265 3266
3266 3900
3267 4832
3267 4064
3268 3899
3268 3275
3269 3272
3270 3271
3270 3273
3274 3555
3274 3277
3276 4386
3276 3280
3277 3282
3279 4386
3280 3281
3282 3283
3283 3569
3284 3285
3284 3573
3285 3286
3286 3287
3286 5385
3287 3291
3289 4387
3290 3297
3291 3596
3291 3296
3292 3303
3293 3293
3295 3297
3296 3298
3298 3607
3299 3307
3299 4710
3300 3301
3302 3306
3303 3306
3304 3305
3305 3309
3307 3308
3308 3617
3309 3620
3310 3312
3311 4697
3311 3949
3313 3314
3315 3316
3315 3321
3316 3318
3317 3320
3321 3326
3323 3328
3325 3339
3326 3327
3327 3328
3328 5376
3328 3361
3331 3333
3331 5461
3332 3350
3333 3346
3333 5467
3333 3952
3334 3348
3335 3345
3336 3339
3336 4180
3338 3352
3338 4523
3339 3340
3340 3347
3341 3342
3341 3383
3342 3351
3343 3344
3343 4181
3348 5377
3349 3360
3349 3357
3351 3368
3353 3355
3353 5377
3355 5378
3357 3360
3358 3366
3358 3371
3359 4183
3361 5379
3363 3371
3363 3365
3364 5378
3364 5379
3365 3376
3366 3373
3366 3367
3368 3369
3369 3411
3370 3380
3370 3372
3372 3412
3373 3377
3373 3374
3375 3377
3376 3378
3378 3380
3380 3384
3381 3391
3381 5467
3382 3385
3383 3394
3384 3434
3386 3388
3386 3436
3388 3390
3391 5441
3392 3393
3392 3401
3393 3396
3394 3395
3395 3451
3396 3399
3397 3398
3397 3452
3398 3400
3399 3401
3400 3404
3402 3976
3402 3403
3403 3405
3404 3407
3405 3406
3407 3409
3408 3410
3409 3458
3411 3444
3412 3425
3413 3415
3413 3417
3414 3423
3414 3416
3415 3419
3416 3420
3417 3419
3418 3421
3418 3442
3420 3424
3421 3426
3422 3430
3422 3429
3423 3424
3425 3428
3426 3427
3426 3439
3427 3429
3427 3440
3428 3435
3429 3441
3430 3431
3431 3449
3432 3437
3432 3433
3433 3450
3434 3435
3436 3438
3437 3446
3438 3445
3439 3440
3439 3442
3440 3441
3441 3449
3442 3443
3443 3444
3444 3451
3445 3455
3446 3468
3447 3448
3447 3498
3448 3464
3450 3454
3452 3453
3453 3457
3454 3459
3455 3456
3455 3494
3456 3495
3456 3496
3457 3458
3459 3460
3460 3463
3461 3462
3461 3465
3462 3476
3463 3469
3465 3471
3466 3522
3466 3506
3467 3470
3467 3508
3468 3469
3470 3472
3471 3473
3472 3520
3473 3478
3474 3535
3474 3475
3475 3515
3476 3479
3477 3515
3477 3555
3477 3546
3477 3551
3478 3479
3480 3480
3481 3482
3481 3486
3482 3484
3483 4199
3483 3486
3484 3485
3485 3496
3486 3488
3487 3500
3487 5087
3488 3490
3488 3489
3490 3492
3490 3491
3491 3493
3492 3494
3492 3493
3493 3495
3494 3495
3496 3497
3497 3498
3498 3499
3499 3502
3500 3505
3501 3503
3502 3503
3502 5386
3503 3504
3504 3506
3504 5386
3505 3510
3506 3507
3507 5386
3507 3509
3508 4556
3508 3520
3508 3541
3509 3511
3510 3517
3511 3522
3512 3513
3512 3519
3513 3545
3514 3515
3514 3546
3515 3518
3516 3539
3517 5165
3518 3551
3518 3532
3519 3521
3520 3547
3523 3569
3523 3540
3524 3533
3524 3526
3525 3536
3526 3528
3526 3527
3527 3531
3527 3529
3529 3542
3529 3549
3530 3537
3532 3553
3532 5410
3533 3537
3534 3560
3537 3538
3537 3542
3541 3544
3542 3543
3544 3547
3545 3558
3546 3554
3548 3550
3549 3550
3550 3556
3551 3553
3552 3557
3553 3555
3554 3555
3556 3557
3558 3559
3559 3562
3561 3565
3561 5186
3563 5163
3563 4722
3564 4722
3564 3567
3565 3588
3565 5407
3566 3567
3568 5164
3570 4725
3570 3571
3571 4725
3572 3577
3572 3587
3573 3581
3574 3578
3574 4727
3575 5164
3575 5163
3576 3576
3577 3579
3578 3580
3579 3587
3580 3590
3581 3582
3581 5384
3582 3583
3582 4726
3583 4727
3583 3597
3584 3585
3584 5384
3584 3596
3585 3586
3586 3605
3586 3598
3588 3589
3589 4803
3590 3591
3591 3594
3592 3593
3592 4804
3593 3604
3595 3601
3596 3599
3597 3601
3598 4651
3600 3611
3602 4651
3602 3603
3603 4654
3604 3625
3608 4710
3608 3618
3609 3615
3609 3612
3610 4710
3611 3624
3612 3613
3613 3616
3614 3621
3614 3630
3615 3634
3619 3640
3622 3628
3623 4654
3623 3624
3625 3626
3626 3627
3628 3629
3628 3639
3630 3635
3631 3632
3631 3633
3632 4763
3634 3637
3634 3635
3635 3636
3636 3638
3636 4762
3637 3640
3638 4761
3638 4764
3639 3641
3639 3643
3640 3646
3641 3645
3642 3646
3643 3645
3643 3647
3644 3650
3646 4760
3647 3648
3648 3649
3648 3651
3650 3651
3652 3653
3652 4761
3653 3658
3654 3659
3655 3656
3656 3662
3657 3658
3659 3660
3660 3661
3661 4741
3663 4710
3664 5109
3665 4511
3666 3709
3667 5150
3667 3710
3669 3729
3669 3670
3670 5144
3671 3675
3672 3673
3672 5142
3673 3684
3674 3730
3674 3679
3675 3732
3676 3687
3676 3681
3677 3734
3677 3678
3678 5475
3679 3731
3680 3682
3680 5142
3681 3683
3682 3684
3683 3685
3685 3687
3686 3736
3686 3734
3688 5398
3689 3690
3689 3735
3690 3691
3691 3743
3693 3742
3694 3695
3694 3698
3694 3700
3695 3696
3696 3699
3697 4922
3697 4920
3698 3700
3699 4609
3701 3702
3702 3703
3703 4613
3708 3712
3710 5149
3711 4605
3712 3726
3715 3715
3716 3720
3716 5478
3717 3718
3717 4771
3718 5144
3719 3723
3720 5142
3721 3722
3723 5478
3724 3725
3724 3728
3726 3727
3732 3956
3733 3957
3733 3962
3736 5475
3737 3962
3737 3961
3740 3964
3741 3742
3742 4707
3744 3746
3744 3745
3745 4892
3745 4893
3750 3751
3751 3754
3752 3754
3753 3772
3754 3757
3755 3759
3755 3758
3755 3756
3756 3759
3756 3757
3758 3762
3758 3760
3759 3762
3760 3763
3760 3761
3761 3767
3761 3766
3762 3763
3763 3767
3764 3770
3764 3765
3764 3769
3765 3771
3765 3772
3767 4363
3768 4363
3772 4366
3773 4366
3774 3775
3775 3777
3776 5137
3776 3778
3777 3781
3778 3785
3778 3795
3779 3789
3779 5137
3779 3785
3780 3782
3780 3784
3781 3782
3782 3801
3783 3790
3784 3792
3784 3787
3785 3796
3786 3791
3786 3790
3786 3787
3787 3788
3788 3792
3788 3791
3789 3803
3789 3800
3790 3793
3791 3793
3792 3794
3792 3798
3793 3794
3794 3798
3795 3806
3795 3799
3796 3797
3797 3805
3797 3806
3798 3801
3800 3802
3800 3804
3801 3807
3802 3803
3802 3804
3803 3805
3804 3805
3806 3808
3806 3821
3807 3812
3808 3809
3809 3813
3809 3810
3809 3822
3810 3813
3811 3815
3811 3814
3812 3816
3813 3817
3814 3823
3815 3820
3816 3819
3817 3818
3817 3829
3818 3820
3819 4424
3820 3825
3821 3824
3822 3828
3823 4427
3824 3832
3825 3830
3826 3827
3827 5450
3827 3831
3828 3829
3830 3833
3831 3834
3832 3835
3833 4430
3834 4262
3835 3838
3836 3837
3837 4785
3837 3838
3839 3840
3839 3842
3840 3841
3841 3848
3842 3843
3843 3846
3847 4140
3848 3849
3848 3853
3850 4140
3851 3861
3852 3854
3852 3856
3854 3857
3854 3863
3856 3860
3857 3874
3858 3877
3858 3886
3859 3861
3861 3869
3862 3863
3863 3870
3864 4144
3865 3867
3866 3871
3868 3870
3870 3873
3871 3882
3872 3881
3872 3879
3873 3874
3873 3875
3874 3878
3875 3876
3877 3885
3878 3880
3879 3884
3881 3883
3887 3889
3888 3891
3890 3898
3892 4147
3892 3895
3894 3896
3894 3898
3896 3897
3897 3898
3899 3904
3900 3901
3901 4094
3902 3903
3902 4092
3903 3906
3904 3905
3905 3911
3906 4098
3907 3908
3907 4104
3908 3909
3908 3914
3909 3910
3910 3912
3913 4120
3913 3914
3915 4130
3916 3918
3916 4129
3917 4131
3919 3922
3920 3923
3921 3924
3924 3928
3925 3928
3926 3927
3927 3929
3931 3934
3931 3932
3932 3935
3932 3937
3933 4901
3934 3935
3935 3942
3936 3939
3936 4544
3937 4545
3937 3938
3938 3941
3939 3940
3941 3942
3941 3943
3944 3945
3945 3947
3947 3948
3948 5443
3949 4696
3952 3955
3953 3954
3954 3955
3954 5438
3955 5441
3958 3963
3958 3965
3959 3960
3960 5383
3963 3966
3965 3969
3966 3967
3967 3968
3968 3969
3968 5219
3969 3970
3969 5234
3970 3971
3970 5218
3971 5225
3971 5381
3972 3973
3972 5232
3973 5033
3973 3974
3974 5367
3975 5433
3975 3976
3975 5431
3976 4608
3976 4819
3977 3982
3978 5240
3979 3984
3980 3983
3981 3982
3981 3985
3982 3986
3984 3986
3985 5235
3987 3988
3987 5122
3988 3989
3989 4026
3990 3991
3991 3992
3992 4001
3993 4029
3993 3994
3994 3995
3994 4031
3995 3996
3996 3998
3996 3997
3997 3999
3997 3998
3998 4002
3999 4000
3999 4002
4000 4001
4001 4008
4002 4003
4003 4004
4004 4005
4005 4036
4005 4006
4006 4007
4006 5366
4007 4009
4008 4010
4009 4011
4010 4012
4011 4013
4012 4015
4013 4014
4014 4016
4015 4018
4016 4017
4016 4058
4017 4018
4019 4020
4019 4023
4020 4021
4021 4022
4022 4513
4024 5122
4024 4026
4025 4026
4027 4028
4027 4029
4028 4030
4029 4031
4030 4031
4032 4033
4033 4034
4035 4037
4036 4037
4037 5366
4038 4039
4039 4051
4039 4059
4040 4041
4041 4054
4042 4043
4043 4046
4044 4045
4045 4048
4045 4057
4046 4047
4047 4048
4048 4057
4049 5361
4051 5146
4051 4062
4052 4053
4052 5361
4052 4070
4053 4054
4055 4056
4055 4055
4056 4057
4060 5361
4061 4081
4061 4072
4062 4063
4063 4068
4065 4066
4065 4076
4065 4085
4066 4067
4067 4093
4067 4078
4068 4070
4069 4074
4069 4084
4070 4071
4071 4072
4072 4081
4075 4082
4077 4080
4079 4087
4082 4083
4083 4092
4084 4094
4086 4095
4087 4090
4088 4091
4089 4096
4091 4218
4095 4217
4096 4098
4097 4100
4097 4099
4099 4100
4100 4101
4101 4108
4102 4105
4102 4200
4102 4125
4103 4109
4103 4112
4104 4111
4105 4106
4106 4110
4106 4107
4107 4108
4107 4109
4108 4109
4111 4114
4112 4122
4113 4115
4115 4116
4115 4121
4116 4117
4117 4123
4117 4118
4119 4120
4122 4127
4124 4126
4125 4126
4127 4128
4128 4133
4129 4131
4132 4136
4133 4136
4134 4138
4135 4139
4136 4137
4137 4138
4138 4139
4141 4142
4143 4145
4143 4519
4143 4926
4144 4147
4145 4148
4146 5362
4146 4638
4148 4149
4149 4639
4149 4638
4149 4636
4150 4155
4150 4152
4150 4153
4151 4159
4152 4154
4153 4161
4153 4156
4154 4160
4154 4157
4155 4158
4158 4159
4162 4163
4162 4589
4163 4592
4164 4165
4164 4594
4165 4595
4166 4964
4167 4170
4167 5254
4169 5254
4169 5251
4171 4172
4172 4980
4172 4173
4173 4193
4174 5372
4176 4485
4176 4177
4176 4468
4176 4480
4177 4178
4177 4486
4178 4459
4178 4179
4179 4471
4179 4482
4179 4480
4180 4181
4181 4182
4182 4183
4183 4216
4184 4216
4187 4188
4188 4189
4189 5061
4190 5061
4190 5071
4191 5072
4191 5071
4192 5063
4192 5080
4193 4194
4194 4195
4194 4774
4195 4196
4197 4198
4199 4493
4200 4218
4202 4203
4202 5074
4204 5077
4205 4750
4206 4207
4206 4751
4209 4587
4209 4627
4209 4704
4210 4588
4210 4592
4210 4855
4211 4588
4212 4213
4212 4588
4212 4592
4213 4214
4214 4595
4214 4670
4217 4218
4218 4219
4220 5395
4221 4850
4221 4222
4222 4223
4227 4813
4227 4228
4229 4232
4229 4238
4230 4237
4230 5145
4231 4233
4231 4234
4233 4234
4234 4235
4235 4934
4235 4239
4236 4253
4236 4241
4237 5408
4238 4239
4241 4242
4242 4247
4243 4244
4243 4248
4244 4288
4245 5409
4245 5408
4246 4440
4246 4250
4247 4254
4248 4277
4249 4252
4249 4269
4250 4440
4250 4441
4251 4255
4251 4440
4252 4275
4253 4254
4253 4256
4255 4256
4255 4261
4256 4260
4257 5145
4257 4258
4258 4799
4259 4264
4259 4798
4260 4263
4260 4261
4261 4270
4262 4265
4262 5451
4263 4268
4264 4282
4265 4271
4266 4295
4267 4303
4268 4270
4269 4273
4270 4272
4271 4436
4272 4441
4272 4316
4273 4292
4274 4281
4274 4792
4275 4319
4276 4287
4277 4322
4278 4279
4278 5275
4279 4325
4280 4282
4283 4284
4284 5451
4285 4287
4286 4291
4289 4293
4290 4294
4291 4293
4291 4296
4292 4309
4293 4294
4294 4297
4298 4304
4299 4300
4300 4307
4302 4308
4303 4306
4303 4326
4305 4308
4306 4307
4307 5360
4308 4311
4308 4310
4312 4317
4312 4314
4313 4320
4314 4315
4314 4344
4315 4317
4317 4330
4319 4320
4320 4321
4322 4324
4322 4326
4323 5259
4323 4327
4324 4325
4325 4333
4326 4331
4327 4348
4328 4329
4328 4330
4330 4334
4331 4332
4332 5360
4332 4339
4333 4335
4333 5269
4334 4336
4335 4337
4335 5270
4336 4346
4337 4338
4337 4351
4337 4341
4338 4339
4339 4340
4343 4356
4344 4352
4345 4346
4346 4347
4347 4348
4348 4359
4349 4352
4350 5265
4353 4354
4354 4355
4355 4361
4355 4357
4356 4358
4357 4361
4360 4363
4362 4367
4362 4365
4363 4364
4364 4366
4365 4367
4366 4369
4368 4370
4372 4373
4372 4891
4374 4375
4376 4377
4377 4878
4377 4378
4378 4879
4378 4878
4379 4380
4381 4382
4383 4384
4385 4387
4386 4388
4387 4389
4390 4965
4391 4395
4392 4402
4393 4395
4394 4397
4396 4399
4397 4406
4398 4401
4398 4404
4399 4400
4401 4405
4402 4953
4403 4404
4404 4405
4404 4407
4405 4414
4406 4417
4407 4413
4408 4955
4408 4411
4408 4959
4408 4958
4410 4965
4410 4424
4411 4437
4412 4413
4413 4414
4413 4420
4415 4419
4416 4421
4416 4422
4416 4419
4418 5405
4418 4426
4419 4421
4421 4423
4422 4423
4422 4428
4423 4428
4424 4425
4425 4427
4426 4428
4427 4430
4429 4438
4429 5114
4430 4431
4431 4436
4432 4434
4432 4439
4433 4442
4433 4441
4434 4443
4435 4437
4437 4444
4438 4440
4438 5113
4445 4991
4445 4446
4447 4448
4449 4451
4449 5284
4450 5282
4452 4933
4452 5282
4455 4456
4455 4464
4455 4462
4456 4715
4457 4715
4457 4717
4458 4459
4458 4489
4458 4481
4459 4460
4460 4471
4460 4463
4461 4489
4461 4464
4461 4463
4462 4630
4463 4474
4464 4475
4465 4476
4465 4468
4465 4467
4466 4597
4467 4477
4468 4470
4469 4470
4469 4699
4469 4485
4471 4482
4471 4474
4472 4490
4472 4491
4472 4474
4473 4475
4473 4484
4475 4483
4476 4477
4476 4480
4477 4482
4478 4699
4478 4479
4478 4487
4479 4486
4479 4481
4481 4488
4483 4484
4483 4490
4484 4491
4485 4486
4487 4488
4488 4489
4490 4491
4494 4495
4494 4498
4495 4496
4495 4499
4495 4617
4496 4496
4498 4499
4499 4601
4499 4501
4500 4500
4501 5255
4502 4503
4504 4508
4506 4507
4512 4513
4513 4514
4513 5235
4514 5124
4515 4640
4515 4517
4515 4516
4516 4641
4517 4642
4519 4636
4520 4521
4524 5201
4526 4527
4526 4757
4528 4529
4530 4531
4532 4533
4533 4539
4534 4535
4535 4536
4536 4537
4537 4538
4538 4540
4539 4543
4540 4541
4541 4542
4542 4858
4542 4545
4543 4544
4546 5339
4547 5338
4547 4867
4547 4549
4548 4550
4548 4866
4548 4549
4549 4550
4550 5349
4552 4553
4552 5338
4552 4554
4553 5344
4554 5212
4554 5211
4557 4559
4558 4559
4558 4896
4558 4561
4559 4560
4559 4563
4560 4562
4560 4564
4561 4563
4562 4564
4563 4564
4565 4566
4568 4740
4568 4739
4569 5190
4569 4570
4570 4571
4572 4574
4572 4573
4573 4575
4574 4576
4575 4576
4577 5094
4577 4623
4577 5092
4578 4624
4579 4620
4579 5105
4579 5167
4580 5151
4580 5103
4580 5107
4581 5167
4581 5180
4582 5177
4582 4583
4583 5182
4583 4584
4584 4960
4585 4586
4585 5183
4586 4705
4586 5188
4587 4852
4587 4705
4587 4856
4588 5406
4589 4853
4589 4592
4589 4590
4590 5407
4590 4802
4591 4802
4591 4593
4593 4594
4593 4806
4594 4595
4594 4807
4596 4618
4596 4599
4597 4598
4597 4859
4600 4981
4600 5400
4601 4603
4601 4602
4602 5255
4606 4607
4607 4607
4609 4610
4611 4612
4612 4616
4613 4614
4615 4616
4618 4875
4619 5088
4620 5088
4620 4621
4621 4622
4622 4624
4623 4624
4625 5186
4625 4626
4625 5407
4626 4627
4626 5187
4626 4853
4627 4855
4627 4628
4628 5406
4628 4852
4628 4854
4629 4630
4630 5213
4632 4901
4633 5366
4634 5366
4635 4636
4637 4644
4639 4640
4639 4641
4640 4642
4643 4644
4645 4646
4646 4647
4648 4649
4650 4651
4651 4652
4653 4654
4655 4656
4656 4656
4657 4658
4659 4660
4661 4663
4661 5119
4662 4663
4664 4665
4666 4668
4667 4668
4668 4669
4670 4891
4670 4808
4671 4673
4671 4672
4672 4675
4672 4679
4673 4703
4673 4675
4674 4703
4674 4675
4675 4679
4675 4688
4676 4686
4676 4684
4677 4685
4678 4681
4679 4681
4680 4682
4681 4682
4682 4683
4683 4690
4685 4687
4685 4691
4686 4687
4686 4689
4687 4689
4688 4690
4689 4692
4695 4696
4696 4697
4697 5459
4698 4699
4700 4702
4701 4702
4702 4703
4704 4705
4704 5188
4705 4706
4708 5323
4708 4817
4708 4981
4709 5450
4712 4713
4715 4717
4716 5213
4716 4864
4717 5213
4718 4719
4719 4720
4719 4719
4721 4722
4722 4723
4724 4725
4725 4728
4726 4727
4727 4729
4730 4732
4731 4733
4732 4733
4732 4735
4733 4734
4736 5189
4737 4738
4737 4811
4738 4766
4740 5190
4741 4742
4741 4766
4742 4743
4743 4883
4746 4747
4746 4748
4747 4748
4747 5398
4749 4751
4751 4752
4752 4753
4753 4780
4753 4783
4758 4759
4762 4763
4763 4764
4763 4766
4764 4765
4767 4768
4767 5148
4768 4773
4768 5149
4768 4769
4769 4770
4769 4771
4771 4772
4774 5004
4775 5004
4776 5017
4777 5402
4777 5017
4779 4780
4780 4781
4784 4894
4785 4791
4786 5428
4786 5430
4787 4788
4788 4789
4789 4790
4791 4792
4792 4794
4792 4796
4793 4795
4793 4794
4794 4798
4794 4796
4795 4797
4795 5145
4796 4798
4797 4798
4799 4800
4799 5409
4799 5145
4801 5185
4801 5396
4802 4803
4804 4805
4805 4806
4805 4810
4806 4807
4806 4810
4807 5189
4808 4809
4808 5189
4810 4811
4811 4812
4813 5256
4814 5256
4814 4815
4814 4816
4815 4817
4815 5324
4816 5423
4816 5324
4817 5324
4819 5431
4820 4826
4821 4822
4821 4827
4821 4824
4822 4823
4825 4831
4826 4827
4827 4828
4828 4829
4829 4830
4830 4831
4831 4832
4833 4837
4833 4925
4834 4835
4835 4836
4835 4838
4837 4857
4840 4842
4841 4842
4842 4843
4843 4845
4846 4848
4848 4849
4852 4854
4853 4855
4853 5407
4854 4856
4854 5406
4855 5406
4858 4905
4859 4861
4860 4862
4863 4865
4866 4867
4869 4870
4871 4872
4873 4874
4875 4876
4877 4878
4877 4879
4884 4885
4886 4887
4886 4889
4887 4890
4888 4889
4889 4890
4890 4891
4894 4894
4895 4896
4897 4898
4898 4899
4899 4900
4899 5170
4902 4903
4904 5294
4906 4907
4907 4908
4908 4911
4911 4915
4912 4914
4913 4918
4914 4915
4918 4924
4920 4922
4921 4923
4928 4929
4930 4931
4931 4932
4932 4933
4934 4935
4936 4939
4936 4937
4937 4939
4939 4941
4943 5058
4944 4945
4948 5039
4948 5022
4952 4953
4952 4954
4953 4955
4953 4957
4954 4955
4954 4958
4955 4956
4956 4959
4960 4962
4961 5184
4961 4962
4962 5183
4962 4963
4965 4966
4967 4970
4967 4967
4968 4974
4969 4971
4970 4972
4971 4975
4972 4973
4972 4974
4973 5477
4974 4977
4975 5209
4976 4979
4976 4977
4977 4979
4977 4978
4978 5477
4980 4981
4982 5402
4983 4985
4983 4984
4984 4986
4984 4987
4987 4988
4989 4990
4991 4992
4993 4993
4994 5391
4995 4998
4995 4997
4995 5391
4996 5389
4997 5000
4997 5001
4998 5001
4998 5389
4999 5000
5000 5002
5001 5002
5003 5006
5003 5004
5003 5007
5004 5005
5005 5009
5005 5007
5006 5014
5006 5008
5007 5009
5008 5014
5008 5010
5009 5012
5010 5015
5010 5011
5011 5013
5011 5012
5012 5017
5013 5016
5013 5248
5014 5015
5015 5016
5016 5017
5019 5020
5021 5367
5023 5024
5023 5152
5023 5107
5024 5178
5024 5152
5028 5388
5028 5029
5029 5030
5031 5032
5033 5034
5036 5037
5037 5131
5038 5131
5038 5039
5041 5042
5043 5044
5045 5049
5046 5047
5047 5049
5047 5048
5048 5050
5049 5050
5051 5120
5051 5052
5052 5054
5053 5054
5053 5444
5054 5056
5054 5055
5055 5055
5057 5058
5060 5061
5061 5063
5062 5064
5063 5073
5071 5073
5073 5380
5074 5075
5080 5081
5080 5380
5082 5083
5083 5393
5086 5244
5086 5245
5088 5090
5090 5092
5094 5244
5098 5099
5099 5100
5100 5101
5101 5104
5105 5107
5105 5179
5109 5110
5110 5117
5110 5111
5111 5112
5111 5113
5112 5113
5112 5115
5114 5116
5114 5115
5115 5116
5117 5397
5118 5119
5118 5121
5119 5120
5122 5124
5122 5123
5125 5126
5126 5127
5126 5372
5126 5134
5127 5128
5127 5134
5129 5130
5129 5134
5129 5131
5131 5132
5132 5135
5133 5372
5137 5138
5137 5139
5140 5164
5141 5163
5142 5143
5143 5144
5148 5149
5151 5152
5151 5387
5151 5177
5153 5168
5154 5387
5154 5168
5154 5169
5155 5157
5155 5325
5156 5159
5157 5169
5157 5159
5158 5159
5160 5387
5161 5168
5162 5169
5163 5164
5166 5396
5167 5179
5172 5173
5173 5174
5174 5176
5174 5175
5176 5176
5177 5178
5178 5179
5180 5181
5180 5396
5181 5182
5181 5185
5183 5184
5184 5185
5186 5187
5187 5188
5191 5446
5192 5194
5192 5314
5193 5194
5195 5196
5198 5199
5201 5203
5201 5202
5204 5380
5205 5380
5207 5208
5208 5209
5210 5212
5210 5211
5211 5346
5211 5343
5216 5218
5216 5233
5217 5233
5217 5219
5218 5234
5219 5234
5220 5223
5220 5221
5220 5367
5221 5226
5221 5228
5222 5224
5222 5232
5222 5225
5223 5224
5224 5230
5224 5227
5225 5227
5226 5229
5227 5231
5228 5230
5228 5229
5229 5231
5230 5231
5233 5234
5235 5236
5236 5237
5236 5238
5236 5240
5239 5240
5240 5241
5248 5248
5249 5250
5249 5251
5249 5252
5251 5252
5252 5253
5254 5255
5258 5259
5259 5260
5259 5262
5260 5261
5261 5267
5261 5262
5262 5263
5262 5268
5264 5265
5265 5269
5265 5266
5266 5270
5267 5271
5267 5268
5268 5272
5268 5269
5269 5270
5271 5272
5271 5276
5272 5275
5272 5273
5274 5275
5275 5276
5278 5409
5279 5409
5280 5408
5281 5282
5283 5284
5285 5286
5287 5288
5287 5289
5288 5290
5292 5293
5294 5295
5294 5298
5295 5296
5296 5298
5297 5311
5297 5298
5299 5321
5300 5321
5301 5321
5301 5320
5302 5303
5304 5305
5306 5307
5309 5312
5309 5310
5311 5312
5313 5314
5315 5316
5317 5318
5319 5320
5321 5322
5325 5326
5329 5330
5330 5332
5330 5331
5333 5334
5336 5337
5338 5339
5339 5341
5340 5341
5341 5342
5345 5346
5347 5348
5348 5349
5348 5350
5350 5351
5351 5352
5354 5355
5355 5357
5355 5356
5357 5359
5358 5359
5368 5369
5369 5370
5373 5373
5374 5374
5376 5377
5377 5378
5378 5379
5382 5383
5389 5391
5390 5391
5397 5453
5399 5400
5399 5399
5404 5405
5411 5412
5412 5415
5412 5413
5414 5415
5415 5417
5416 5417
5417 5418
5419 5420
5421 5423
5422 5423
5424 5425
5426 5427
5426 5430
5427 5429
5428 5429
5429 5430
5432 5433
5433 5434
5433 5440
5434 5436
5434 5435
5436 5442
5437 5439
5438 5442
5438 5439
5440 5442
5440 5443
5441 5442
5444 5445
5446 5447
5448 5450
5449 5451
5450 5451
5452 5453
5453 5454
5458 5469
5458 5468
5459 5462
5459 5461
5460 5468
5460 5461
5460 5470
5461 5464
5463 5464
5464 5467
5464 5466
5465 5466
5466 5468
5471 5472
5473 5475
5474 5475
5476 5478
5477 5478
