0 688
0 1404
0 2212
1 1166
1 5
1 674
2 671
2 668
3 1247
3 83
3 688
4 5
4 1254
4 1253
6 689
6 16
6 2213
7 1242
7 10
7 9
8 9
8 150
8 1245
9 10
10 11
11 12
11 188
12 13
12 188
13 1246
13 14
14 1246
14 327
15 1218
15 16
15 1633
16 2213
17 866
17 1823
17 1821
17 1822
18 924
18 955
18 584
19 653
19 578
19 1471
20 21
20 750
20 2269
21 618
21 2268
22 23
22 28
22 539
23 1259
23 2062
24 25
24 713
24 1259
25 26
25 713
26 27
26 54
27 28
27 54
28 539
29 1262
29 55
29 751
30 31
30 56
30 739
31 32
31 56
32 33
32 130
33 751
33 752
34 641
34 1278
34 2505
35 36
35 1126
35 641
36 37
36 1126
37 38
37 57
38 1278
38 57
39 40
39 900
39 1292
40 41
40 894
41 42
41 894
42 43
42 2427
43 2553
43 44
44 45
44 902
45 900
45 902
46 47
46 703
46 704
47 48
47 700
48 702
48 700
49 692
49 697
49 694
50 696
50 51
50 692
51 52
51 696
52 693
52 81
53 1729
53 2267
53 2268
54 1261
55 731
55 991
56 2116
57 1123
58 591
58 595
58 2154
59 587
59 1124
59 1108
60 2545
60 61
60 585
61 566
61 564
62 891
62 1467
62 563
63 783
63 109
63 64
63 1081
64 2224
64 888
65 92
65 2224
65 66
66 1841
66 1067
67 982
67 2497
67 1092
68 69
68 1092
68 2497
69 2494
69 2491
69 1889
70 1000
70 1085
71 2432
71 1096
71 1098
72 1070
72 2438
72 2442
73 2413
73 2407
73 2410
74 899
74 1764
74 2404
75 1764
75 2400
75 76
76 1047
76 77
77 2401
77 1763
77 605
78 1766
78 901
78 918
79 704
79 912
79 913
80 701
80 281
80 702
81 699
81 693
82 304
82 910
82 935
83 1247
83 1893
84 286
84 85
85 986
85 1380
86 1391
86 1386
86 366
87 290
87 1392
87 88
88 290
88 89
89 683
89 2211
90 685
90 786
90 289
91 887
91 129
91 588
92 1319
93 1093
93 2438
94 942
94 97
94 1105
95 1291
95 897
95 895
96 97
96 1105
96 2588
97 1098
98 140
98 111
98 99
99 974
99 100
100 248
100 259
101 219
101 265
101 275
102 114
102 254
102 252
102 989
103 261
103 993
103 1470
104 260
104 1470
105 257
105 260
105 271
105 219
106 268
106 257
106 108
107 561
107 258
107 269
107 240
108 251
108 275
109 110
109 256
109 1486
110 978
110 980
111 1989
111 973
112 266
112 1989
112 1111
113 1999
113 557
113 2534
114 1834
114 1837
115 628
115 629
115 2401
116 235
116 1025
116 1981
117 1982
117 932
117 931
118 2147
118 2036
119 1110
119 120
119 1144
120 1136
120 1132
121 954
121 1135
121 2536
122 123
122 1137
122 1119
123 124
123 1109
124 1125
124 125
124 126
125 1119
125 586
125 587
126 1012
126 1141
127 745
127 1971
127 1303
128 1885
128 1125
128 1120
128 1124
129 738
129 1091
129 135
130 1138
130 2509
131 636
131 191
131 639
132 2105
132 191
132 196
132 192
133 551
133 588
133 135
134 1887
134 1888
134 154
134 1104
135 589
136 782
136 553
136 1203
136 1067
137 244
137 238
137 256
138 139
138 1101
138 2460
139 1987
139 1100
140 1099
140 141
141 259
141 142
142 1099
142 145
143 944
143 990
143 1831
144 582
144 581
144 990
145 1102
145 1115
146 1906
146 303
146 592
147 1796
147 1888
147 1816
147 160
148 1984
148 1794
148 1798
148 159
149 1844
149 353
149 1079
150 322
150 1245
151 1274
151 318
151 1277
152 299
152 1641
152 1238
152 331
153 1044
153 172
153 1768
153 159
153 1043
154 155
154 552
155 553
155 782
156 597
156 157
156 1768
157 598
157 159
158 161
158 160
158 1984
160 512
161 166
161 165
162 167
162 168
162 164
163 165
163 168
163 164
164 166
165 166
167 169
167 754
168 169
169 1793
170 204
170 205
170 512
171 1326
171 201
171 205
172 1026
172 320
173 995
173 1084
173 1096
174 2133
174 997
174 1002
175 661
175 662
175 1889
176 553
176 555
176 1089
177 914
177 916
177 601
178 2419
178 895
178 1291
179 1402
179 2539
179 864
180 607
180 954
180 948
181 1601
181 182
181 1600
182 578
182 876
183 584
183 253
183 184
184 185
184 253
185 2243
185 2241
186 1991
186 1830
186 1992
187 1993
187 924
187 1991
188 363
189 904
190 450
190 191
190 389
190 904
192 450
192 642
193 468
193 194
193 462
193 196
194 462
194 195
195 549
195 502
196 642
197 433
197 428
197 510
198 427
198 1459
198 424
199 441
199 1441
199 1041
200 739
200 740
200 889
201 202
201 485
202 2214
202 1546
203 498
203 1441
203 2214
204 206
204 205
206 207
206 208
207 209
210 229
210 220
210 787
210 211
211 810
211 822
211 228
212 804
212 805
212 2368
212 822
213 1815
213 2158
214 1237
214 1235
214 1236
214 1231
215 216
215 448
215 421
216 434
216 400
217 292
217 293
218 1830
218 253
218 241
219 261
220 230
220 229
221 1561
221 850
221 1316
221 873
222 1318
222 1239
222 226
223 2113
223 809
223 230
224 1622
224 1405
224 796
225 643
225 1248
225 227
226 866
226 1821
227 1248
227 1531
228 1624
228 827
229 802
229 825
229 797
230 233
230 1624
231 1480
231 925
231 616
232 2483
232 938
232 616
233 797
233 798
234 2474
234 2477
234 1619
235 630
235 1025
236 798
236 799
236 823
237 981
237 983
237 242
237 977
238 256
238 273
239 1998
239 255
239 264
240 273
240 268
241 1830
241 2241
242 980
242 1111
242 975
243 249
243 275
243 974
244 973
244 971
245 247
245 265
245 249
246 989
246 262
246 267
248 267
248 2068
249 1837
250 1753
250 931
250 985
250 2371
252 2241
252 272
254 276
254 272
255 271
255 263
256 972
257 263
258 1999
258 1196
259 274
260 264
261 992
263 1998
264 271
265 276
266 976
266 970
267 274
268 273
269 2534
269 1197
270 2460
270 2455
270 2457
272 993
274 1833
276 992
277 281
277 279
277 280
278 279
278 2170
278 283
279 283
280 919
280 2223
281 693
282 283
284 288
284 768
284 775
285 682
285 678
285 288
286 1386
286 1382
287 296
287 682
287 1251
288 2210
289 685
289 1410
290 1410
291 2567
291 2572
291 2570
292 2569
292 293
293 1631
294 675
294 295
294 679
295 677
295 2289
296 675
296 2293
297 1966
297 1001
297 1097
298 331
298 604
298 1238
299 1351
299 1238
300 328
300 2072
300 354
300 1064
301 312
301 305
301 313
302 1240
302 1314
302 2357
303 1761
303 1762
303 2396
304 312
304 632
305 910
305 1216
306 1220
306 1027
306 698
307 1761
307 311
307 2071
308 1894
308 921
308 1877
309 1877
309 922
309 1414
310 313
310 1893
310 1879
312 1879
313 1218
314 1715
314 2565
314 1709
315 1680
315 1683
315 2147
316 1162
316 1596
316 712
317 323
318 1078
318 323
319 328
319 324
319 1767
320 1045
320 1078
321 323
322 1483
322 2072
325 327
325 1248
325 326
326 2540
326 327
328 1356
329 1352
329 1347
329 330
330 1482
330 352
331 603
332 753
332 334
332 757
333 334
333 1263
333 1270
334 757
335 1045
335 1270
335 1275
336 1674
336 705
336 442
337 484
337 2155
338 347
339 349
339 1483
339 1299
340 350
340 346
340 2144
341 343
341 347
341 351
342 1517
342 1855
342 350
344 1516
344 348
344 1515
345 1244
345 1526
345 1518
346 1856
346 2143
347 1521
349 1855
349 1856
350 351
351 1524
352 357
352 1077
353 356
353 1482
354 355
354 1079
355 1231
355 1346
358 642
358 1547
358 376
359 360
359 439
359 444
360 444
361 362
361 1534
361 397
362 363
362 1535
363 1243
364 1435
364 2583
364 1534
365 1373
365 1371
365 1620
366 1379
366 367
367 1379
367 1380
368 369
368 1372
368 1402
369 372
369 1394
370 1620
370 2028
370 371
371 986
372 373
372 2028
373 2035
374 413
374 431
375 420
375 429
375 398
375 399
376 414
376 1449
376 403
377 380
377 431
377 384
378 386
378 2000
378 426
379 417
379 408
379 409
380 2124
380 381
381 423
381 447
382 387
382 409
382 386
382 391
383 2119
383 392
383 394
384 481
384 431
385 1042
385 436
385 1456
386 405
387 406
387 420
388 410
388 417
389 1040
389 453
390 1457
390 457
390 452
390 1456
391 2120
391 423
392 2118
392 396
393 419
393 1777
393 424
394 432
394 396
394 1446
395 2122
395 416
395 427
396 404
397 1676
398 405
398 422
399 432
399 406
399 440
400 401
400 2119
400 1773
401 406
401 432
402 1042
402 2118
402 443
403 414
403 2118
404 407
404 414
404 1444
405 420
407 2379
407 453
408 413
409 2121
410 426
410 412
411 434
411 423
411 1458
412 426
412 497
414 453
415 1321
415 461
415 476
416 2123
416 418
418 425
418 436
419 1457
419 1775
421 1461
421 1776
422 429
422 1445
424 2122
424 428
425 435
425 1461
425 469
426 430
427 1460
427 545
428 438
429 454
430 1443
430 500
430 497
432 445
433 1459
433 1460
434 447
435 1042
435 1774
436 1775
437 472
437 1446
437 1444
438 1547
438 1448
439 456
439 499
440 454
440 445
441 461
441 1040
442 484
442 473
443 464
443 1449
444 456
445 472
446 468
447 448
448 2125
449 450
451 1890
451 1455
451 1454
452 1455
452 466
454 475
455 2379
455 472
455 459
456 1901
457 463
458 2125
458 1496
458 469
459 461
459 476
460 462
460 2079
460 2105
463 1457
464 1451
464 1890
465 474
465 1448
465 468
467 473
467 469
467 2101
470 474
471 1496
471 1867
471 473
472 2379
474 1450
475 1321
475 476
477 497
477 498
477 490
478 2375
478 2376
478 483
478 1331
478 481
479 483
480 486
480 484
480 499
481 490
482 492
482 484
483 485
485 489
486 488
486 499
487 494
487 491
487 501
490 2214
491 495
493 1443
493 1442
493 500
494 1500
494 1432
495 501
495 1873
496 550
496 1497
496 1494
498 500
501 1495
502 2153
502 2104
502 505
503 2094
503 1807
503 2106
504 2174
504 2176
504 2175
505 2082
505 509
506 2184
506 2233
506 2157
507 508
507 1751
508 627
508 903
509 2081
509 2086
510 2225
510 549
511 1229
511 1816
511 1227
512 513
514 522
514 1301
514 524
515 728
515 1902
515 517
516 1769
516 2097
516 527
516 519
517 2585
517 730
518 534
518 532
519 520
519 526
519 722
520 521
520 530
521 2097
521 528
522 2518
522 524
523 721
523 531
523 2381
524 2525
525 2519
525 2521
525 2515
527 2529
527 2096
527 719
528 2104
528 2090
529 2523
529 2521
529 2524
531 2384
531 725
532 2092
533 533
533 724
534 717
535 1805
535 538
536 1804
536 1805
537 729
537 538
537 667
538 1805
538 667
539 1728
539 1180
539 2265
540 544
540 1742
540 1752
541 2150
542 548
542 903
542 713
543 2086
543 2094
543 1772
544 1281
544 1285
545 1463
545 2083
546 2152
546 903
546 2150
547 1466
547 2083
547 547
548 1752
548 1747
549 1772
550 1341
551 590
551 1069
552 1029
552 597
553 555
554 1841
554 555
554 982
556 923
556 2573
556 560
557 2574
557 1778
557 2577
558 561
558 559
559 2535
560 2532
560 2533
561 1486
562 565
562 887
562 567
563 891
563 565
564 566
564 568
565 567
566 567
568 2250
568 891
569 882
569 570
569 578
570 577
570 576
571 574
571 932
571 582
572 573
572 576
572 577
573 574
573 645
574 926
575 869
575 870
575 840
576 871
577 647
579 580
579 648
579 1474
580 1476
580 659
580 1477
581 931
581 582
583 648
583 1471
583 653
584 1477
585 586
585 2055
586 587
588 1319
589 1071
589 590
590 1075
591 1004
591 1024
591 2154
592 593
592 594
593 594
593 1024
594 1024
595 596
595 1107
597 598
598 1887
599 1985
600 1274
600 2027
600 1273
601 603
601 994
602 604
602 1028
602 1185
602 1186
603 604
604 700
605 606
605 1032
606 1031
607 1155
607 1154
607 1612
608 615
608 613
608 617
609 615
609 612
609 617
610 920
611 616
611 936
611 2543
612 2239
612 967
613 1898
613 1478
614 936
614 920
614 1898
615 1478
617 925
617 1480
618 623
618 2267
619 622
619 621
619 624
620 1287
620 623
620 624
621 2272
621 625
622 625
622 2266
623 1256
624 2272
626 750
626 1206
626 1256
627 1181
627 740
628 1105
628 943
629 630
629 1025
630 2477
631 635
631 1046
631 906
632 933
632 1894
633 911
633 937
633 2542
634 921
634 2240
634 920
635 2468
635 1063
636 640
636 639
637 639
637 2510
637 638
638 746
638 747
640 1106
640 2503
641 2502
643 1186
643 644
644 1186
644 1350
645 647
645 944
646 1020
646 652
646 1629
647 1472
647 649
648 649
649 1471
650 2348
650 1629
650 2349
651 655
651 654
651 1601
652 2348
652 1603
653 660
654 660
654 659
655 1603
655 966
656 2349
657 1825
658 2498
658 1824
658 1822
659 660
659 1476
661 662
661 941
662 1029
663 665
663 666
664 665
665 666
666 727
668 669
669 1252
670 1288
670 1255
670 671
671 1255
672 1252
672 673
672 1254
673 1431
674 1251
674 2209
675 768
676 2364
676 680
676 677
677 680
678 683
678 681
679 684
679 686
680 2145
681 682
681 685
683 2209
684 1312
684 686
686 2145
687 2368
687 818
687 1821
688 1250
689 690
689 691
690 1250
690 691
691 1249
692 697
694 698
694 699
695 696
695 2170
695 2173
697 2168
698 699
701 703
701 702
703 704
706 716
706 719
706 723
707 723
707 717
707 718
708 1367
708 2538
709 956
709 714
709 711
710 712
710 956
710 1828
711 1173
711 1161
712 1162
714 1828
714 1157
715 744
715 2383
715 2382
716 727
716 720
717 718
719 723
720 727
721 729
721 1804
722 730
722 726
724 726
724 729
725 728
725 2383
726 730
728 2382
731 1262
731 740
732 743
732 1779
732 736
732 745
733 2392
733 1917
733 735
734 745
734 1008
734 736
735 2391
735 742
736 1310
736 743
737 2396
737 1762
737 1907
738 741
738 1970
739 889
741 2397
741 748
742 748
742 2390
743 1885
744 2269
744 2270
745 1308
746 747
746 1106
747 1141
748 2398
749 1083
749 1309
749 1007
750 2270
751 752
752 1749
753 760
753 1275
754 759
754 756
755 1043
755 758
755 1270
756 759
756 1009
756 1264
757 1265
758 1267
758 1266
758 1044
759 1263
760 1184
760 1275
761 769
761 767
761 771
762 777
762 768
762 775
763 774
763 2277
763 2319
764 2315
764 2276
764 2284
764 2285
765 2311
765 2310
765 2313
766 2307
766 2309
766 777
767 2298
767 2294
769 2294
769 1922
770 773
770 2298
770 2301
771 2298
771 2302
772 2280
772 2312
772 2284
772 2314
773 775
773 2294
774 2316
774 2313
774 2318
776 2287
776 1312
777 2295
778 1897
778 1312
778 779
779 2330
779 2329
780 2333
780 1932
780 1939
781 1939
781 1950
782 1202
783 2052
783 888
784 2545
784 2059
784 1905
784 1468
785 796
785 789
785 808
786 825
786 823
787 812
787 791
788 1622
788 799
788 820
789 795
789 1623
790 826
790 818
790 1412
792 821
792 816
792 826
793 1421
793 1431
793 1418
794 814
794 1625
794 813
795 2113
795 808
796 811
797 824
798 809
799 809
800 1316
800 810
800 1572
801 802
802 806
803 811
803 826
803 1412
805 813
805 827
807 810
808 820
810 817
811 815
813 2064
815 821
815 819
816 1623
816 1625
818 1420
819 819
820 1622
821 1623
822 827
823 825
823 1410
828 1557
828 1556
828 881
829 830
829 868
829 847
830 842
830 831
831 2356
831 847
832 845
832 867
832 870
833 883
833 844
833 837
834 878
834 2067
834 869
835 852
835 862
835 1578
836 845
836 1586
836 1588
836 860
837 841
837 844
838 872
839 2355
839 1582
839 886
840 844
840 869
842 2356
842 876
843 875
843 1554
843 1556
844 884
845 2355
846 856
847 1590
847 866
848 1556
848 1564
848 1559
849 851
849 2145
849 1313
850 873
850 872
851 1033
851 865
852 1594
852 855
853 962
853 886
853 1574
854 867
855 1592
855 859
856 1564
856 1570
857 1038
857 1578
857 1239
858 1388
858 864
858 1398
859 1586
859 1576
860 1581
860 863
861 1318
861 1037
861 1239
861 1038
862 1584
862 1590
863 1840
863 1575
864 987
865 1553
865 1554
867 878
868 1595
868 869
870 871
871 884
872 881
873 1558
873 1557
874 883
875 1627
875 1820
876 1600
877 885
877 1838
877 2218
877 1839
878 1537
879 1577
879 1839
879 1838
880 1039
881 1627
882 884
882 883
885 1570
885 1034
886 1039
887 888
889 1262
890 898
890 1293
890 893
892 1080
892 2559
892 897
893 1875
894 1096
894 2429
894 2428
895 1193
895 1874
896 1875
896 1290
896 899
897 2413
899 1765
900 2424
901 917
901 2467
902 2556
904 1041
905 910
905 907
905 908
906 909
906 1766
907 908
907 911
908 935
909 2223
909 911
912 1972
912 919
913 914
913 1972
915 1194
915 999
915 1344
916 999
916 998
917 998
917 918
918 919
918 1972
921 933
923 2536
923 924
925 2239
926 929
926 938
927 930
928 929
929 930
930 932
933 934
934 935
934 2240
936 937
937 2240
938 2239
939 941
939 940
939 994
940 1084
940 941
941 1026
942 943
942 1112
943 1983
944 2243
945 952
945 947
945 2050
946 1154
946 949
946 2049
947 1139
947 2043
948 951
948 953
949 950
949 2049
950 2050
950 2051
951 2049
951 953
952 953
952 1139
954 966
955 966
955 1477
956 1161
957 1036
957 1636
957 1637
958 1036
958 963
958 959
959 965
959 961
960 965
960 962
960 964
962 1573
963 968
963 1190
965 1573
967 968
967 969
968 969
969 1478
971 972
971 976
972 975
973 974
975 976
977 980
977 979
977 978
978 979
979 2224
981 983
981 982
983 2544
984 1754
984 1753
984 985
985 1115
986 2034
987 1384
987 1385
988 989
990 1832
991 1183
991 1177
992 993
994 1002
995 996
995 2427
996 1635
996 1002
997 2553
997 1634
998 999
1000 2491
1001 1967
1001 1112
1003 1290
1003 1293
1003 2416
1004 1006
1004 1117
1005 1007
1005 1006
1005 1268
1006 2389
1007 1008
1008 1117
1009 1271
1009 1793
1010 1011
1011 1071
1011 1104
1012 1123
1012 1118
1013 1020
1014 1021
1014 1019
1014 1015
1015 1630
1015 1016
1016 1158
1016 1020
1017 1019
1018 1019
1022 1630
1023 1023
1023 1604
1026 1768
1027 2114
1027 1028
1028 1186
1029 1201
1030 1052
1031 1052
1032 1763
1032 1054
1033 1639
1033 1568
1034 1035
1034 1562
1035 1035
1036 1639
1037 1572
1037 1038
1039 1579
1040 1041
1043 1044
1045 1184
1046 2543
1046 2542
1047 1050
1047 1049
1047 2401
1048 1050
1050 1051
1052 1057
1053 1059
1053 1054
1053 1062
1054 2467
1055 1058
1055 1060
1055 1061
1056 1063
1056 2468
1056 1057
1057 1059
1058 1059
1058 1062
1060 1062
1060 1766
1060 1061
1061 1063
1064 1079
1064 1276
1065 2141
1065 1363
1065 1663
1065 1362
1066 2132
1067 1841
1068 1103
1070 2371
1070 2372
1071 1075
1072 1759
1072 1073
1073 1365
1074 1760
1075 1203
1076 1842
1076 1650
1076 2140
1077 1669
1077 2001
1078 1979
1080 2410
1080 1192
1081 1817
1081 2052
1082 1920
1082 1760
1082 1913
1083 1302
1083 1116
1084 1097
1084 1889
1085 1094
1085 1086
1086 1889
1087 1889
1087 2260
1088 1780
1088 1116
1088 1781
1089 1889
1089 1090
1091 1780
1091 1783
1092 2372
1093 1094
1093 1114
1094 2129
1095 2260
1095 2488
1095 1113
1097 1098
1097 2437
1098 2434
1098 2433
1099 1115
1102 1832
1102 2463
1103 1965
1103 1964
1103 1963
1104 1202
1104 1975
1106 1278
1107 1120
1107 1122
1108 1116
1108 1779
1109 1110
1109 1138
1110 1137
1111 1987
1112 1295
1113 2129
1113 1114
1114 1295
1117 2154
1118 1121
1118 1125
1119 1818
1120 1121
1121 1122
1122 1123
1124 1125
1124 1779
1126 2502
1127 2502
1127 2116
1127 2504
1128 1150
1128 1129
1128 1147
1128 1149
1129 1131
1129 1134
1129 1142
1130 1189
1130 1148
1130 1131
1131 1182
1132 1133
1132 2043
1133 1150
1133 1144
1133 1146
1134 1143
1134 1731
1135 1139
1135 1140
1136 1140
1136 1137
1138 1141
1142 1144
1142 1150
1143 1749
1143 1144
1145 2051
1145 2050
1145 2043
1145 1146
1146 1153
1146 2051
1147 2344
1147 1148
1148 1188
1149 1151
1149 1153
1151 1700
1151 1153
1152 1705
1152 2344
1152 1696
1153 1617
1154 1155
1155 2048
1156 1613
1156 1158
1156 1612
1157 1607
1157 1158
1159 2500
1159 1160
1159 1162
1160 1161
1160 2500
1163 2500
1163 2036
1163 2499
1164 1697
1164 1165
1164 1166
1165 1166
1165 1682
1167 1702
1167 1703
1167 1178
1168 1169
1168 1611
1168 1170
1168 1608
1169 2148
1169 1606
1170 1171
1170 1692
1172 1173
1173 1606
1174 1176
1174 2056
1174 1189
1175 1188
1175 2345
1175 1703
1176 2057
1176 1182
1177 2343
1177 1182
1177 1183
1178 1688
1178 1187
1179 1710
1179 1702
1179 1714
1180 1730
1180 1727
1180 2342
1180 1261
1181 1183
1181 1785
1182 1730
1184 1277
1185 1238
1185 1350
1187 1696
1187 2345
1187 1690
1188 1703
1188 1189
1190 1900
1190 1897
1191 2556
1191 1194
1191 1193
1192 1195
1192 1194
1193 1195
1195 2559
1197 1198
1197 2253
1199 1798
1199 1984
1199 1795
1200 1797
1200 1984
1200 1794
1202 1203
1204 2338
1205 1210
1205 1739
1205 1209
1206 2271
1206 1257
1206 2388
1207 1209
1207 1210
1207 2088
1208 2088
1208 2093
1209 2387
1210 2080
1211 2386
1211 1968
1211 2387
1212 1223
1212 1222
1213 1221
1213 1223
1213 2215
1214 1215
1214 1222
1214 1220
1215 1219
1215 1220
1216 2168
1216 1217
1217 1224
1217 1225
1218 1222
1226 1965
1226 1964
1226 1228
1227 1964
1227 1228
1228 1229
1229 1816
1230 1233
1230 1237
1230 1232
1231 1235
1232 1510
1232 1236
1233 1300
1233 1234
1234 1237
1234 1346
1235 1272
1236 1272
1237 1346
1240 1554
1240 1820
1241 1244
1241 1242
1241 1859
1242 1859
1243 1859
1245 1246
1247 2213
1249 2212
1249 1631
1250 2212
1251 1311
1253 1254
1253 1255
1256 2388
1257 1288
1257 2388
1258 1279
1258 1260
1258 1865
1259 1260
1260 2062
1260 1740
1261 1785
1263 1264
1264 1267
1265 1297
1265 2023
1266 1271
1266 1800
1267 1271
1268 1781
1268 1269
1269 1783
1269 2397
1272 1502
1273 1644
1273 1361
1274 2025
1276 1481
1276 2070
1277 2023
1279 1729
1279 2266
1279 1280
1280 1281
1280 1282
1281 1282
1282 1283
1283 1284
1283 1285
1285 1752
1286 1287
1287 1288
1289 1290
1291 2416
1292 1874
1292 2421
1292 2419
1293 2421
1294 2421
1295 1983
1296 1661
1296 1659
1296 1652
1297 1651
1297 1659
1298 2184
1298 2182
1298 1815
1299 1300
1302 1303
1302 1304
1303 1305
1306 1307
1306 1308
1307 1309
1308 1309
1311 2361
1312 1313
1313 2146
1314 2364
1314 2365
1315 1316
1317 1318
1320 1437
1320 1322
1320 1540
1321 1442
1323 1324
1324 1329
1324 1327
1325 1331
1326 1328
1326 1333
1327 1338
1327 1329
1329 1330
1330 1335
1330 1332
1331 2373
1332 1334
1333 1342
1333 1336
1334 1339
1334 1343
1335 1337
1335 1343
1336 1340
1336 1338
1337 1338
1337 1340
1339 2373
1339 1343
1339 1341
1340 2377
1341 2376
1342 2377
1345 1355
1348 1351
1348 1349
1348 1355
1350 1354
1351 2138
1353 1354
1353 1485
1353 1356
1354 1355
1356 2070
1357 1915
1357 1963
1357 1358
1358 1985
1358 1914
1359 1361
1359 1360
1359 1433
1360 1433
1360 1363
1361 1364
1362 1363
1362 1364
1364 1644
1365 1913
1365 1909
1366 2537
1366 1383
1366 2538
1367 1368
1367 1370
1369 1372
1370 1385
1370 1388
1372 1384
1373 1378
1373 1375
1374 1377
1375 1376
1375 1381
1376 2063
1376 1377
1377 1379
1379 1381
1380 1386
1381 1387
1382 1390
1383 1384
1383 1385
1385 1388
1387 1392
1387 1389
1391 1392
1391 1404
1393 1397
1394 1405
1394 1395
1395 1396
1395 1399
1397 1408
1397 2539
1398 1401
1398 2539
1400 1401
1401 1406
1402 1405
1403 1501
1403 1408
1403 1411
1404 2211
1404 1414
1406 1409
1406 1407
1408 1413
1411 1417
1412 1418
1414 1900
1415 1419
1416 1418
1417 1419
1417 1802
1418 1423
1419 1426
1420 1421
1420 1422
1421 1422
1422 1425
1424 1430
1426 1429
1426 1430
1427 1429
1427 1428
1427 1802
1429 1803
1430 1431
1433 1980
1434 1529
1434 2541
1435 2578
1436 1437
1437 1438
1439 2105
1440 1539
1440 1441
1440 2370
1442 1445
1443 1445
1444 1446
1447 1451
1448 1452
1449 1451
1453 1454
1454 1455
1456 1890
1458 1458
1459 1460
1461 1462
1463 1466
1463 1464
1464 1465
1465 1466
1467 2252
1467 2052
1469 1994
1469 1470
1469 1996
1472 1474
1472 1473
1474 1475
1476 1477
1479 1480
1481 1482
1481 1663
1483 1518
1484 2114
1486 1487
1488 2501
1488 1489
1488 1491
1489 2501
1490 2381
1490 1492
1490 2384
1491 2205
1491 2206
1492 2205
1492 1903
1493 1496
1495 1498
1495 2375
1497 1499
1498 1500
1498 1499
1499 1500
1502 1845
1502 1507
1503 1852
1504 1852
1504 1505
1504 1511
1505 1506
1505 1851
1506 1508
1506 1853
1507 1853
1507 1510
1508 1513
1508 1512
1509 1848
1510 1521
1514 1516
1516 1517
1517 1519
1518 1526
1520 1857
1521 1858
1522 1523
1523 1524
1523 1525
1527 1528
1528 1529
1528 1633
1529 2541
1530 1531
1531 1633
1532 2583
1532 2540
1532 2541
1533 1535
1534 1535
1536 2253
1536 2534
1536 2256
1537 1538
1537 1588
1539 1541
1539 2369
1540 1542
1542 1543
1543 1546
1543 1544
1544 2369
1544 1546
1545 2369
1547 1548
1548 1549
1548 1550
1550 1551
1551 1552
1552 1552
1555 1557
1558 1559
1558 1562
1559 1560
1561 1567
1561 1563
1562 1563
1563 1566
1564 1565
1567 1571
1567 1577
1568 1640
1568 1569
1569 1574
1569 1570
1571 1575
1571 1572
1573 1636
1574 1640
1575 1576
1576 1578
1577 2354
1577 1581
1579 1580
1579 1582
1580 1582
1580 2351
1581 2352
1583 1585
1583 2066
1583 1584
1584 1585
1585 2127
1586 1587
1587 1589
1587 1591
1588 1589
1589 1591
1590 2128
1591 1592
1592 1593
1593 1594
1593 2067
1594 1595
1595 2067
1596 1826
1596 2499
1596 2498
1597 1827
1597 1597
1598 1601
1599 1600
1602 1604
1602 2378
1603 1605
1606 1608
1607 1609
1607 1608
1609 1611
1609 1610
1611 1614
1612 1613
1613 1614
1614 1615
1614 2048
1615 1616
1615 1617
1616 2048
1616 1617
1618 2483
1618 2480
1618 1619
1619 2471
1620 1621
1624 1625
1626 1627
1628 2378
1629 2378
1630 2550
1631 1632
1634 1635
1636 1638
1637 1638
1637 1639
1638 1640
1641 1643
1641 1980
1642 2139
1642 2070
1642 1643
1643 1663
1644 1657
1645 2111
1645 1647
1645 1646
1646 2110
1646 1650
1647 2112
1647 1648
1648 2587
1648 1649
1650 2110
1650 1653
1651 2007
1651 1659
1654 2110
1655 2111
1656 2112
1657 2587
1657 1660
1658 2587
1661 1664
1661 1662
1662 1664
1662 1665
1664 1666
1665 1666
1667 1668
1667 2560
1667 1670
1668 1669
1668 1670
1669 1671
1670 1673
1671 1672
1672 1891
1673 1673
1674 1675
1677 1681
1677 2347
1677 2036
1678 2346
1678 2347
1678 1687
1679 1681
1680 1682
1680 1685
1681 1684
1682 1685
1683 1688
1683 1686
1684 1686
1684 1687
1685 1689
1685 1693
1686 1688
1687 1690
1689 1693
1689 1691
1690 2148
1692 1704
1692 2047
1693 1698
1694 1696
1694 1705
1694 2047
1695 2149
1695 1697
1695 1708
1697 1709
1698 1701
1698 1702
1699 1700
1700 1704
1701 1706
1701 1707
1703 1712
1704 1705
1706 1710
1706 1707
1707 1708
1708 1713
1709 1715
1710 1711
1711 1713
1711 1720
1712 1714
1712 1716
1713 1715
1714 1719
1716 1717
1716 1726
1717 1719
1717 1727
1718 1725
1719 1727
1719 1721
1720 1722
1720 1723
1721 1722
1721 1727
1722 2564
1723 2564
1723 2565
1724 1725
1724 2565
1724 2061
1725 2220
1728 2061
1728 2220
1729 1733
1730 1734
1731 1745
1731 1737
1732 1733
1733 1738
1734 2342
1734 2343
1735 1742
1736 1739
1736 1743
1737 1746
1739 1743
1740 1741
1741 1742
1744 1747
1745 1746
1745 1749
1747 1748
1750 1751
1753 2449
1754 2455
1754 2452
1755 1756
1755 2544
1755 2449
1756 2452
1756 1757
1757 2457
1757 2037
1758 1759
1759 1760
1761 1762
1763 1764
1769 1770
1770 1771
1772 2081
1773 1774
1773 1776
1773 2119
1774 1776
1775 1777
1777 2123
1778 2573
1778 2576
1780 1782
1781 1782
1782 1784
1782 1783
1785 1787
1786 1787
1787 1788
1788 1790
1788 1789
1789 1790
1789 1791
1790 1792
1793 1797
1794 1800
1795 1799
1795 1796
1796 1799
1797 1800
1798 1799
1801 1802
1804 1805
1806 1808
1806 1810
1807 1811
1807 1809
1808 1809
1808 1812
1809 1811
1810 2174
1811 1812
1812 1813
1813 1814
1813 2158
1813 2174
1814 2175
1814 1815
1815 2158
1819 2245
1819 2274
1819 1820
1822 1824
1823 1825
1823 2356
1824 1825
1824 1826
1825 1827
1826 1827
1826 1828
1827 1829
1831 2464
1831 1832
1833 2463
1833 2464
1834 1836
1834 1835
1837 2068
1838 1839
1842 1986
1842 2027
1843 2140
1843 2001
1843 2012
1844 1845
1844 1848
1845 1846
1846 1847
1846 1849
1847 1850
1847 1851
1848 1849
1849 1850
1850 1851
1850 1852
1853 1854
1854 1857
1854 1858
1855 1856
1857 1858
1860 2272
1861 1863
1862 1863
1863 1864
1863 2265
1865 2265
1865 2062
1866 1867
1867 1869
1868 1869
1869 1871
1870 1870
1870 1871
1871 1872
1872 1873
1874 2424
1876 1881
1877 1896
1878 1882
1879 1882
1880 1881
1881 1882
1883 1884
1884 2471
1884 2468
1885 1886
1887 1888
1892 1895
1892 1894
1892 2366
1893 1895
1895 2367
1897 1900
1898 1899
1904 1905
1904 2053
1904 2059
1905 2045
1906 2395
1906 2390
1907 2395
1907 2391
1908 1985
1908 1912
1908 1918
1909 1910
1909 1911
1910 1973
1910 1914
1911 1914
1911 1912
1912 1913
1915 1963
1915 1973
1916 1970
1916 1917
1916 1920
1917 1918
1918 1920
1918 1919
1919 1985
1919 2392
1920 1970
1921 1924
1922 1925
1922 1923
1923 1927
1923 1928
1924 1926
1924 1929
1925 1926
1925 1927
1926 1932
1927 1928
1929 1931
1929 1930
1930 1932
1930 1934
1931 1934
1931 1933
1933 1935
1933 1936
1934 1935
1935 1938
1936 1937
1936 1938
1937 1940
1937 1941
1938 1939
1938 1941
1940 1942
1940 1943
1941 1942
1942 1945
1943 1945
1943 1944
1944 1947
1944 1946
1945 1947
1946 1948
1946 1951
1947 1951
1948 1954
1948 1949
1949 1956
1950 1953
1950 2334
1951 1952
1952 1953
1952 1954
1953 1955
1954 1957
1955 1958
1955 1960
1956 1957
1957 1958
1958 1959
1959 1960
1959 1961
1960 1961
1961 1962
1963 1965
1965 1975
1966 2437
1966 2261
1967 2261
1967 2488
1968 2271
1968 1969
1973 1974
1974 1975
1974 1976
1977 1983
1977 1981
1977 1982
1978 1979
1979 1980
1981 1982
1986 2012
1986 2026
1987 1988
1989 1990
1991 1992
1992 1994
1993 1997
1993 1995
1994 1995
1995 1996
1995 1997
1996 2577
1997 2576
1998 1999
2001 2002
2002 2011
2002 2014
2003 2011
2003 2013
2003 2004
2004 2024
2004 2019
2005 2008
2005 2010
2005 2024
2006 2007
2006 2008
2006 2023
2007 2560
2008 2009
2009 2010
2009 2022
2010 2024
2011 2016
2011 2017
2012 2013
2013 2026
2015 2017
2016 2019
2016 2017
2016 2020
2018 2020
2019 2020
2019 2022
2021 2022
2025 2026
2025 2027
2028 2030
2029 2033
2031 2034
2032 2033
2033 2034
2037 2038
2037 2544
2038 2039
2038 2040
2041 2051
2042 2043
2044 2054
2044 2053
2044 2052
2045 2053
2045 2054
2046 2047
2054 2252
2055 2546
2055 2549
2057 2060
2057 2058
2059 2549
2061 2562
2064 2065
2064 2368
2068 2069
2071 2071
2072 2073
2074 2082
2075 2083
2076 2106
2077 2085
2077 2078
2078 2095
2078 2096
2080 2080
2081 2089
2082 2086
2084 2098
2085 2095
2087 2103
2087 2090
2087 2099
2088 2093
2090 2102
2091 2107
2094 2106
2095 2103
2096 2103
2097 2100
2098 2107
2098 2108
2104 2107
2109 2160
2110 2111
2111 2112
2112 2587
2114 2115
2116 2117
2121 2124
2122 2123
2125 2126
2129 2485
2129 2484
2130 2131
2131 2132
2131 2134
2132 2133
2133 2134
2134 2135
2136 2138
2137 2139
2138 2139
2140 2142
2148 2346
2150 2151
2151 2153
2151 2152
2152 2153
2155 2156
2159 2160
2160 2233
2161 2163
2161 2172
2161 2169
2161 2167
2162 2172
2164 2165
2165 2166
2165 2172
2167 2168
2167 2169
2170 2171
2171 2171
2174 2175
2176 2225
2176 2180
2177 2180
2178 2179
2179 2180
2179 2181
2182 2201
2182 2198
2182 2184
2183 2191
2183 2189
2183 2193
2183 2187
2185 2201
2185 2189
2185 2194
2186 2197
2186 2188
2187 2198
2187 2201
2187 2192
2188 2190
2188 2196
2189 2195
2189 2190
2190 2191
2190 2197
2191 2199
2192 2193
2192 2198
2193 2199
2194 2200
2194 2195
2195 2196
2195 2200
2196 2200
2197 2199
2202 2204
2203 2204
2204 2205
2206 2207
2207 2208
2209 2210
2210 2211
2216 2218
2216 2217
2216 2350
2217 2219
2217 2218
2220 2221
2222 2223
2225 2226
2226 2228
2226 2227
2227 2229
2227 2228
2228 2230
2229 2231
2229 2230
2230 2232
2231 2232
2233 2234
2234 2237
2234 2238
2235 2237
2236 2238
2236 2237
2242 2243
2244 2245
2245 2247
2246 2247
2247 2249
2248 2249
2249 2275
2251 2252
2253 2257
2254 2255
2254 2256
2254 2258
2255 2257
2255 2258
2256 2257
2258 2575
2259 2260
2261 2262
2262 2263
2262 2264
2265 2266
2266 2267
2267 2268
2268 2380
2269 2270
2269 2380
2270 2271
2273 2328
2273 2330
2273 2331
2276 2277
2276 2278
2277 2317
2278 2285
2278 2279
2279 2280
2279 2286
2280 2281
2281 2287
2281 2286
2282 2283
2282 2287
2283 2286
2284 2285
2288 2289
2289 2293
2290 2291
2291 2292
2291 2293
2295 2303
2295 2305
2296 2312
2296 2311
2296 2297
2299 2303
2300 2301
2301 2302
2301 2303
2302 2304
2303 2304
2304 2306
2305 2306
2305 2307
2306 2308
2307 2308
2308 2310
2309 2311
2309 2310
2311 2312
2312 2313
2314 2315
2314 2316
2315 2317
2316 2317
2318 2319
2318 2320
2319 2321
2320 2321
2320 2322
2321 2323
2322 2323
2322 2324
2323 2325
2324 2325
2324 2326
2325 2327
2326 2327
2326 2328
2327 2329
2328 2329
2330 2332
2331 2332
2331 2333
2332 2334
2333 2334
2335 2336
2336 2386
2336 2338
2337 2338
2339 2341
2340 2341
2341 2387
2342 2343
2344 2345
2346 2347
2348 2349
2350 2354
2350 2351
2351 2353
2352 2353
2352 2355
2353 2354
2358 2359
2358 2360
2359 2360
2360 2361
2361 2365
2362 2364
2362 2363
2363 2365
2371 2446
2371 2445
2372 2444
2372 2443
2373 2376
2374 2375
2375 2376
2380 2382
2381 2384
2382 2383
2383 2384
2385 2386
2389 2399
2389 2398
2390 2393
2390 2399
2391 2392
2391 2393
2393 2395
2394 2396
2395 2396
2397 2398
2398 2399
2402 2404
2403 2404
2404 2407
2405 2407
2406 2407
2408 2410
2409 2410
2411 2413
2412 2413
2414 2416
2415 2416
2417 2419
2418 2419
2420 2421
2422 2424
2423 2424
2425 2427
2426 2427
2430 2432
2431 2432
2432 2588
2435 2437
2436 2437
2438 2439
2440 2442
2441 2442
2442 2494
2447 2449
2448 2449
2450 2452
2451 2452
2453 2455
2454 2455
2456 2457
2458 2460
2459 2460
2461 2463
2462 2464
2463 2464
2465 2467
2466 2467
2468 2543
2469 2471
2470 2471
2472 2474
2473 2474
2474 2480
2475 2477
2476 2477
2478 2480
2479 2480
2481 2483
2482 2483
2486 2488
2487 2488
2489 2491
2490 2491
2492 2494
2493 2494
2495 2497
2496 2497
2498 2499
2503 2505
2503 2511
2504 2505
2504 2508
2506 2508
2506 2507
2506 2513
2507 2509
2507 2512
2508 2509
2510 2512
2510 2511
2511 2513
2512 2513
2514 2514
2514 2517
2515 2517
2515 2516
2516 2516
2517 2518
2518 2519
2519 2520
2520 2522
2521 2522
2525 2527
2525 2526
2527 2529
2527 2528
2529 2530
2529 2531
2532 2535
2532 2533
2533 2574
2535 2536
2537 2538
2540 2541
2542 2543
2546 2548
2546 2547
2547 2548
2547 2549
2548 2548
2551 2553
2552 2553
2554 2556
2555 2556
2557 2559
2558 2559
2560 2561
2561 2561
2562 2563
2562 2564
2566 2567
2567 2569
2568 2569
2571 2572
2573 2574
2576 2577
2578 2579
2580 2582
2581 2582
2582 2583
2584 2585
2585 2586
2588 2589
