0 172
0 23
0 29
0 218
1 2341
1 150
1 1732
2 17
2 1009
2 37
3 935
3 936
3 2091
4 89
4 162
4 19
4 165
5 2035
5 2034
5 12
6 167
6 77
6 74
7 219
7 2309
7 216
8 15
8 2197
8 1654
9 401
9 385
9 152
10 1400
10 87
10 1399
11 1497
11 139
11 25
12 30
12 168
13 907
13 28
13 271
14 171
14 2001
14 27
15 1785
15 860
16 2280
16 1621
16 1007
16 2278
17 24
17 1027
18 966
18 1650
18 1651
19 74
19 1731
19 1855
19 95
20 2211
20 169
20 175
21 1398
21 2296
21 338
21 2097
22 1008
22 343
22 1056
23 220
23 27
23 221
24 1024
25 1495
25 1466
26 1615
26 550
26 1614
27 222
28 908
28 1738
29 217
30 167
30 1858
31 1658
31 184
31 300
32 1919
32 2343
32 1661
33 106
33 1488
33 1795
34 2162
34 97
34 1795
35 2331
35 98
35 84
35 2162
35 2165
36 2109
36 1619
36 1015
37 1017
37 1619
38 1007
38 1521
38 1016
38 1039
39 1516
39 40
39 787
39 1006
40 786
40 784
40 1517
41 771
41 830
41 42
41 782
42 773
42 59
42 831
43 2430
43 2436
43 52
44 2434
44 2436
44 2437
45 47
45 711
45 46
46 712
46 718
47 50
47 711
48 1361
48 49
48 1373
49 1373
49 1378
50 714
50 715
51 52
51 716
51 717
52 2437
53 1446
53 1444
53 1445
54 1569
54 2287
55 419
55 1829
55 1828
56 1851
56 880
56 891
57 1531
57 1534
57 1530
58 1844
58 500
58 501
59 775
59 826
60 112
60 824
60 774
60 2415
61 1537
61 1538
61 503
61 1534
62 920
62 1403
63 1388
64 905
64 258
65 1738
66 67
66 2002
66 156
67 71
67 68
67 2002
68 81
68 86
68 131
69 1393
69 160
69 144
70 144
70 140
70 141
71 141
71 130
72 127
72 73
72 1611
73 1817
73 97
74 75
75 164
75 76
76 77
76 1972
77 170
78 1836
78 139
78 2040
79 2040
79 2323
79 1837
80 131
80 132
80 138
80 1476
81 128
81 82
82 88
82 127
83 1817
83 88
83 1485
84 1819
84 1820
85 88
85 1478
85 103
86 136
86 134
86 103
87 124
87 99
89 1837
89 1835
89 142
90 1668
90 91
90 184
91 185
91 2213
92 199
92 200
92 1401
92 303
93 2189
93 1822
93 2192
93 513
93 1824
94 1548
94 508
94 510
95 142
95 1836
96 1484
96 1457
96 105
97 1819
97 129
98 1622
98 2050
98 1485
98 2049
99 101
99 102
99 100
100 148
100 2051
102 148
102 124
102 145
103 1479
104 1478
104 105
104 1484
105 1465
106 107
106 1489
107 129
107 1608
108 1526
108 111
108 110
109 110
109 843
109 1799
110 1527
111 1956
111 1525
112 843
112 117
113 424
113 1596
113 116
114 115
114 425
114 1549
115 426
115 1061
116 1060
116 1062
117 774
117 1956
118 2409
118 1279
119 1157
119 1260
119 1511
120 410
120 122
120 152
121 153
121 1612
121 122
122 123
122 1652
123 1507
123 147
124 147
125 1612
125 1469
125 126
126 154
126 155
127 128
128 1610
129 1611
130 131
130 132
131 136
132 133
134 1394
134 137
134 1479
135 138
135 136
137 138
137 139
140 1413
140 1834
140 1835
141 1413
142 2323
143 144
145 147
145 146
146 149
146 148
148 150
149 150
149 1499
151 874
151 410
151 1477
152 153
153 2168
154 1730
154 2168
155 1919
155 2343
156 1609
156 1665
157 2228
157 1393
157 1668
158 2228
159 161
159 162
159 160
160 197
161 1859
161 197
162 163
163 165
163 2199
165 166
166 167
166 1858
168 170
168 169
169 170
171 2211
171 177
172 2001
172 173
174 175
175 178
176 179
176 178
176 223
178 225
179 181
179 930
180 181
181 182
183 227
183 225
183 226
184 185
184 1696
185 2215
185 186
186 187
186 188
188 1421
188 209
189 190
189 299
189 191
190 306
190 298
191 202
191 2215
192 202
192 193
193 194
194 1946
195 2213
195 208
196 2047
197 2310
198 205
198 2178
198 199
199 206
200 2031
200 1861
201 2174
201 202
201 306
203 204
203 2174
203 1946
204 2172
204 1917
205 2082
205 206
206 207
207 2031
207 2003
208 1421
208 1420
209 210
209 1944
210 2046
210 2310
211 2310
211 212
211 216
212 214
212 1860
213 2461
214 215
214 1949
215 2461
215 901
216 2035
217 2309
217 218
218 2309
220 2324
220 221
221 232
222 247
222 2068
223 275
223 928
224 225
226 261
227 251
227 1498
228 230
228 239
228 235
229 231
229 1985
229 236
230 2036
230 231
231 234
232 243
232 2070
233 237
234 235
234 241
235 240
236 237
236 238
237 244
240 260
240 259
241 244
241 254
242 243
242 2068
242 2069
243 244
244 245
245 2038
245 257
246 256
246 247
246 249
247 252
248 249
249 255
250 252
251 261
251 263
252 256
253 2038
256 257
257 1736
258 902
258 901
258 900
259 260
259 901
260 903
262 263
263 265
264 265
264 270
264 268
265 266
267 269
267 932
268 269
270 272
270 273
271 906
271 1737
272 1871
274 275
274 999
274 926
275 926
276 281
276 278
276 320
277 278
277 317
277 1950
277 316
278 279
279 281
279 280
279 1950
280 283
280 318
281 1952
281 282
282 284
282 283
283 285
284 295
284 285
285 286
286 1954
286 302
287 288
287 1826
288 1953
288 347
289 1832
289 295
289 2300
290 292
290 2300
290 291
292 293
292 366
293 294
293 296
294 367
294 301
295 1945
297 298
298 304
299 301
299 379
300 380
301 377
302 1987
302 303
303 1986
304 305
304 1986
305 306
305 307
308 309
308 311
308 310
309 1827
309 408
309 1826
310 1061
310 1418
311 314
311 312
312 314
312 316
313 314
313 315
315 320
316 320
317 318
317 319
318 1950
321 1001
321 322
321 2280
322 1440
323 326
323 1750
323 333
324 1016
324 327
324 1406
325 1748
325 326
325 1747
326 327
327 1490
328 329
328 1491
328 1490
329 1747
329 331
330 1756
330 1746
330 331
330 1758
331 1758
332 1440
332 1621
333 334
333 1749
334 335
334 1753
334 1752
335 1756
335 1751
335 1749
336 2346
337 2346
337 341
337 2095
338 2297
338 339
338 1398
339 2297
339 1017
340 2098
340 343
340 341
341 342
341 1620
342 2097
342 2297
343 1617
344 1730
344 2063
344 399
345 351
345 1730
345 346
346 356
346 1660
347 360
347 353
348 1953
348 1833
348 1831
349 360
349 1833
349 363
350 351
351 352
353 2063
353 355
354 355
355 358
356 358
356 369
357 358
357 368
357 359
360 1422
361 364
361 1422
361 1423
362 1423
362 1426
362 1425
363 1425
363 1830
364 365
364 372
365 377
365 367
367 1427
368 369
368 372
369 371
370 371
371 1659
371 373
372 374
374 377
374 375
376 380
378 379
379 380
381 1664
381 1658
381 1662
382 386
383 391
384 385
385 854
386 388
386 387
386 389
387 392
387 403
388 396
388 389
389 398
390 391
391 393
392 402
392 393
393 401
394 1825
394 395
394 1829
395 397
395 1825
396 398
396 404
397 399
397 398
399 400
401 407
402 403
402 406
403 404
404 405
406 407
408 1826
408 1827
408 2060
409 410
411 1934
411 416
411 543
412 413
413 883
413 884
414 1934
414 536
414 1933
415 416
416 417
418 419
418 2272
418 1901
419 420
420 547
420 2273
421 428
421 1061
421 2254
422 1549
422 501
422 1599
422 425
423 1599
424 1599
424 883
424 1596
424 1409
425 1596
426 1062
426 1061
427 1059
427 1062
428 429
428 2255
429 2249
429 2247
430 433
430 561
430 431
431 432
431 555
432 433
432 554
432 553
433 559
433 434
434 572
434 556
435 444
435 561
435 562
435 454
436 674
436 613
436 562
437 614
437 613
437 443
438 439
439 440
439 442
439 441
440 614
440 441
441 445
442 449
442 448
443 444
443 446
444 459
444 462
445 446
445 449
446 463
447 448
447 450
447 452
448 615
449 450
450 451
451 465
451 486
452 487
452 488
453 563
453 570
453 2152
454 459
454 456
455 584
455 2154
455 586
456 2312
456 2311
457 1544
457 458
457 459
458 469
458 474
459 461
460 461
460 462
460 467
460 471
461 470
462 463
463 464
464 466
464 465
465 485
466 467
466 468
467 468
468 472
469 470
469 480
470 471
471 472
472 486
473 475
473 1541
473 1594
474 481
474 475
475 476
476 477
476 484
477 1594
477 478
478 1543
478 479
479 1894
479 2008
480 482
480 481
481 482
482 483
483 484
483 1932
484 1894
486 487
487 552
488 2020
488 493
489 492
489 2338
489 503
490 495
490 2315
490 1545
491 511
492 2340
492 498
492 2338
493 495
493 496
494 497
495 497
497 500
498 499
498 512
499 2327
499 2326
500 1546
501 531
502 504
502 505
502 1980
503 2339
504 2339
504 511
505 507
505 506
507 512
507 2022
508 575
508 1629
509 526
509 510
509 520
510 2022
511 2338
512 513
513 1824
514 539
514 538
514 2194
515 516
515 538
515 2186
516 518
516 517
518 522
518 2283
519 2189
519 520
519 521
520 2022
521 524
521 525
522 523
522 542
525 2275
525 527
526 527
526 1416
527 528
528 1909
528 1923
529 530
529 1615
529 1417
530 1909
530 1908
532 2066
532 1412
532 533
532 2062
533 534
533 540
534 2176
534 535
535 2176
535 536
536 537
537 543
537 1933
538 1899
539 2066
539 540
540 543
541 2194
541 2289
541 2328
542 1899
542 544
544 1900
544 545
545 2042
545 2275
546 549
547 2042
547 549
548 550
549 852
550 866
551 852
551 853
551 866
553 571
553 572
555 562
555 673
556 557
556 569
557 559
557 558
558 563
558 570
559 560
560 561
560 563
564 571
564 653
564 572
565 566
565 568
565 577
566 568
566 567
568 569
569 584
569 570
571 670
573 1983
573 576
573 1628
574 576
575 576
575 1629
577 710
577 578
579 2234
579 582
579 1956
580 581
581 582
581 586
582 583
583 585
583 584
586 587
587 1529
587 1630
588 1329
588 596
588 589
589 590
589 2232
590 592
590 594
591 593
591 592
593 594
593 595
594 597
595 597
595 598
596 603
596 597
598 599
598 600
599 600
599 601
600 602
601 602
601 603
602 772
603 773
604 1850
605 606
605 1850
605 617
606 668
606 615
607 668
607 608
607 609
608 612
608 660
609 610
609 611
610 613
610 612
611 615
611 614
612 674
616 636
616 639
616 689
617 639
617 642
618 2086
618 713
618 2424
619 2424
619 678
619 675
620 678
620 621
620 676
620 2085
621 622
621 676
622 696
622 2087
623 625
624 625
624 627
624 690
624 632
624 688
625 636
626 627
627 628
628 629
628 637
629 630
629 633
631 633
631 632
631 645
632 694
632 706
633 635
634 645
634 635
634 646
635 647
636 637
637 638
639 2078
640 641
641 642
641 647
642 643
643 659
643 668
644 645
644 706
644 653
647 650
648 651
649 650
649 663
649 651
650 659
651 656
652 655
653 655
654 657
654 655
654 656
656 658
658 670
658 662
659 660
660 666
661 663
661 662
663 664
664 669
664 666
665 666
666 667
667 671
667 674
669 670
669 671
671 672
672 673
675 676
675 678
677 790
677 2424
677 2087
678 2084
679 680
679 802
679 815
679 798
680 689
681 683
681 2087
681 686
682 684
683 685
683 684
684 692
685 698
685 697
685 693
686 687
686 815
687 690
687 2006
688 690
688 691
692 694
692 693
693 703
694 695
698 702
698 700
699 700
700 701
701 710
701 708
702 703
702 704
703 706
704 708
704 705
705 707
705 709
708 709
709 710
711 1446
712 713
712 718
713 1293
714 716
714 715
715 1312
716 717
717 2428
718 2434
719 2148
719 1605
719 2122
720 722
721 722
721 2428
721 723
721 2130
722 2133
723 724
723 725
724 725
724 726
726 2133
726 2130
727 1153
727 733
727 1166
728 730
729 1317
729 730
729 1201
730 731
731 1483
732 734
732 1875
732 1874
733 736
733 1483
733 734
734 1874
735 736
736 737
737 1700
737 739
738 1701
738 1700
738 752
739 771
739 740
740 754
740 742
741 742
742 770
743 1272
743 1296
743 744
744 746
744 1713
745 746
745 1296
745 1086
745 1712
746 1711
747 1131
747 1049
747 1340
748 1040
748 1049
748 763
749 751
749 1169
749 750
750 751
750 1710
751 753
751 1701
752 754
752 753
753 2217
754 755
755 756
755 778
757 758
758 762
758 2217
759 760
760 780
760 762
761 762
763 1032
763 767
764 767
764 1712
764 766
765 766
765 1708
765 768
766 1451
767 1034
767 1451
768 2219
768 1451
769 1988
769 787
769 786
770 783
770 777
771 783
771 773
772 773
772 2413
774 776
775 2415
775 2414
776 2295
776 2413
776 2414
778 779
778 781
780 785
780 1725
781 785
781 783
782 827
782 784
784 785
784 1520
785 1697
786 787
786 1697
787 788
788 1006
788 1717
788 1047
789 1723
789 1727
789 1989
791 2207
791 1391
791 796
792 793
792 796
792 1929
793 1930
793 794
794 795
794 1387
795 797
795 803
796 1930
796 1931
796 798
797 1931
797 800
798 1849
799 801
800 813
800 802
801 802
801 1931
804 1928
805 806
806 807
807 810
808 810
808 813
808 814
809 811
809 810
809 812
811 812
811 1928
812 1928
813 815
816 820
816 2224
816 819
817 1994
817 818
817 967
817 1036
817 1995
818 2226
818 842
818 819
819 2094
820 840
820 821
821 845
821 1548
822 2224
822 823
822 934
823 2179
823 847
824 2052
824 826
824 2053
825 826
825 841
825 831
827 830
827 828
828 834
828 2201
829 833
829 836
829 2201
830 832
831 838
832 838
832 834
833 834
833 837
835 1517
835 836
835 1516
836 837
837 1669
838 839
839 841
839 842
840 2056
840 841
840 2055
842 1669
843 1798
844 1531
845 846
845 848
846 2179
846 849
847 937
847 849
848 849
848 851
850 937
850 936
850 941
851 1657
851 943
852 2170
853 854
853 855
854 859
855 856
855 2170
857 2198
857 858
857 859
858 859
858 871
860 2074
860 2048
861 1654
861 865
861 1656
862 2200
862 2048
862 1655
863 865
863 864
864 867
865 1788
866 867
867 868
869 1595
869 2305
869 2075
869 963
870 875
870 2072
871 2209
871 872
872 2208
872 874
873 874
873 2208
873 1803
874 2208
875 876
875 1653
875 877
876 879
876 2077
877 1803
877 2209
878 1802
878 1803
878 879
879 1454
879 1500
880 885
880 896
880 881
881 2023
881 882
882 2027
882 2028
883 2025
886 888
887 896
888 890
888 889
889 894
889 893
890 892
890 895
890 893
890 891
891 892
892 895
893 894
894 895
896 897
898 900
898 899
899 1401
899 2258
900 1861
903 904
903 905
905 1938
909 1738
909 910
910 912
910 911
911 914
911 912
912 913
915 916
915 1000
915 980
916 1943
916 917
918 919
918 921
918 926
919 923
919 1943
920 921
920 932
921 2416
922 923
922 2416
922 924
923 1375
924 925
924 2416
925 933
925 1353
927 928
928 929
929 930
929 931
930 931
931 932
933 1362
934 967
934 2091
935 2090
935 2220
936 939
937 1657
938 1036
938 2090
938 1766
939 940
939 2222
939 2220
940 1759
940 941
941 1657
941 942
942 944
942 1690
943 944
943 1657
944 1785
945 1765
945 946
945 1764
946 1740
946 948
947 948
947 1692
947 1691
948 1693
949 1693
949 1616
949 951
950 2095
950 951
950 1693
951 1735
952 959
952 1590
952 2308
953 957
954 956
955 956
955 1008
955 957
956 958
957 960
958 1735
958 1588
959 966
959 963
960 961
960 981
962 1472
962 1452
962 1471
963 2110
964 965
964 2071
964 2114
966 1589
967 2226
968 970
969 971
970 971
970 972
971 1651
972 1455
972 1869
973 975
973 974
973 1939
975 1447
975 983
976 983
977 978
977 992
977 1462
978 986
978 979
981 1940
981 982
982 1940
982 985
983 984
984 988
984 2229
985 989
985 997
986 2229
986 987
988 991
988 990
989 997
989 990
990 998
990 994
991 992
991 995
992 2334
993 1731
993 2334
993 2333
994 995
994 996
995 996
996 999
997 1000
998 999
998 1000
1001 2276
1001 2045
1002 1431
1002 1013
1002 1769
1003 1570
1003 2322
1004 1893
1004 1022
1004 1047
1005 2044
1005 1882
1005 1030
1006 1518
1006 1684
1007 1621
1007 2278
1008 1584
1009 1051
1009 1021
1010 1034
1011 2044
1011 2045
1011 1773
1012 1670
1012 1995
1012 1671
1013 1057
1013 1041
1014 1886
1014 1893
1014 1040
1015 2322
1015 1024
1016 1523
1017 1033
1018 1056
1019 1089
1019 1560
1019 1113
1020 1058
1020 1030
1020 1042
1020 1717
1021 1037
1021 1048
1022 1040
1022 1032
1023 1046
1024 1405
1025 1052
1026 1048
1027 1038
1027 1571
1028 2106
1028 1053
1028 1044
1029 1673
1029 1492
1029 1494
1030 1058
1031 1056
1031 1369
1031 1052
1032 1034
1033 1048
1033 1054
1034 1047
1035 1350
1035 1884
1035 1886
1036 1494
1038 2238
1038 2241
1039 1406
1039 1055
1039 1613
1041 1432
1041 1051
1042 1684
1042 1058
1042 1686
1043 1052
1044 1046
1044 2103
1044 2107
1045 1553
1045 1994
1045 1441
1046 2107
1049 1338
1049 2166
1050 1567
1050 1113
1050 1051
1051 1437
1053 2107
1053 1977
1054 1397
1054 1398
1055 1406
1055 1396
1057 1560
1057 1075
1058 2279
1059 1868
1059 1060
1061 1597
1063 2290
1063 1843
1063 1412
1064 1412
1064 1065
1064 2289
1065 2328
1065 1823
1066 1823
1066 1067
1066 2330
1067 2288
1067 2327
1067 2330
1068 1107
1069 1141
1070 1127
1070 1104
1070 1109
1071 1101
1072 1109
1072 1142
1072 1119
1073 1131
1074 1078
1074 1103
1074 1140
1075 1089
1075 1105
1076 1132
1076 1080
1076 1112
1077 1104
1078 1118
1078 1138
1079 1407
1079 1111
1079 1135
1081 1108
1082 1131
1082 1116
1082 1112
1083 1133
1083 1140
1083 1125
1084 1992
1084 2449
1084 2450
1085 1088
1085 1115
1085 1128
1086 1136
1086 1126
1087 1134
1087 1097
1087 1099
1088 1099
1088 1096
1089 1105
1090 1115
1090 1156
1090 1276
1091 1107
1091 1097
1092 1123
1093 1348
1093 1448
1093 1119
1094 1130
1094 1100
1094 1348
1095 1098
1095 1133
1095 2450
1096 1134
1096 1099
1097 1110
1098 1114
1098 1290
1100 1348
1100 1122
1101 1117
1101 1344
1102 1118
1102 1123
1102 1108
1103 1141
1103 1125
1104 1120
1105 1113
1106 1225
1107 1138
1108 1123
1109 1129
1110 1138
1110 1140
1112 1990
1115 1217
1116 1225
1116 1126
1117 1407
1117 1563
1118 1141
1119 1120
1120 1122
1121 1142
1121 1129
1122 1130
1124 2457
1125 1332
1126 2118
1127 1554
1127 1130
1128 1276
1128 1151
1128 1194
1133 1480
1134 1481
1134 2451
1136 1248
1136 1211
1137 1428
1137 2454
1137 1336
1137 2459
1139 1481
1139 1482
1139 1480
1142 1992
1143 2362
1144 2371
1145 2399
1146 1369
1146 1847
1146 1352
1147 1257
1148 1238
1148 1170
1149 1192
1150 1229
1150 1167
1150 1704
1151 1275
1151 1188
1152 1273
1152 1236
1152 1206
1153 1515
1153 1258
1154 1241
1154 1308
1154 1195
1155 1204
1155 1223
1155 1235
1156 1244
1156 1217
1158 1187
1158 1251
1158 1189
1159 1308
1160 1183
1160 1246
1160 1181
1161 1275
1161 1510
1161 1188
1162 1274
1162 1259
1162 1237
1163 1202
1163 1211
1163 1232
1164 1247
1164 1203
1164 1231
1165 1226
1165 2204
1165 2352
1165 2389
1166 1268
1166 2206
1167 1269
1167 1704
1167 1309
1168 1258
1168 1179
1168 1274
1169 1317
1169 1320
1170 1260
1171 1254
1171 1224
1171 1200
1172 1211
1172 1236
1172 2118
1173 1262
1173 1234
1173 1195
1174 1263
1174 1277
1174 1270
1174 1222
1175 2390
1176 1264
1177 1179
1177 1237
1177 1214
1178 1278
1178 1216
1178 2265
1179 1190
1180 1198
1180 1197
1180 1237
1181 1246
1181 1253
1182 1269
1182 1273
1182 1703
1183 1270
1183 1200
1183 1243
1184 1192
1185 1220
1185 1233
1185 1213
1185 1217
1186 1243
1186 1205
1186 1223
1187 1601
1187 1202
1188 1227
1189 1320
1189 1326
1190 1239
1190 1214
1191 1230
1191 1262
1191 1234
1192 1261
1193 1196
1194 2409
1194 1275
1195 1256
1196 1218
1196 1264
1197 1209
1197 1212
1198 1214
1198 1242
1199 1229
1199 1311
1199 1313
1200 1250
1201 1291
1201 1268
1202 1248
1203 1212
1203 1267
1204 1235
1204 1254
1205 1223
1205 1224
1206 1242
1206 1702
1207 1208
1207 2358
1207 2202
1208 1252
1208 2206
1209 1221
1209 1247
1210 1220
1210 1213
1210 1233
1210 1990
1212 1262
1213 1231
1213 1220
1215 1226
1215 2205
1215 1258
1215 1265
1216 1999
1216 2263
1216 1289
1218 1261
1218 1299
1219 1256
1220 1233
1222 1257
1222 1270
1224 1235
1225 1266
1226 2389
1227 1228
1227 1267
1228 1244
1228 1231
1229 1268
1230 1241
1230 1303
1232 1273
1232 1271
1234 1241
1236 1245
1239 1702
1239 2206
1240 2352
1240 2391
1240 2364
1242 1245
1243 1254
1244 1276
1245 1266
1246 1277
1247 1990
1248 1602
1249 2403
1249 1487
1249 1486
1250 1255
1250 1253
1251 1300
1251 1271
1252 2386
1252 2372
1253 1277
1255 1261
1255 1305
1256 1267
1257 1264
1259 1303
1259 1274
1260 1513
1265 2389
1265 2381
1266 2118
1269 1271
1272 1713
1272 1302
1279 1508
1280 1286
1280 1289
1280 1283
1281 1289
1282 1287
1282 1284
1282 2406
1284 1316
1284 1444
1285 2408
1285 2405
1285 2404
1287 1316
1287 1569
1288 2263
1288 2447
1288 2445
1291 1319
1291 1311
1292 1330
1294 1305
1295 1321
1296 1302
1297 1307
1298 2427
1298 2426
1298 1306
1299 1310
1300 1309
1300 1326
1301 1315
1302 1602
1303 1308
1304 1331
1305 1314
1305 1324
1306 1331
1306 1327
1307 1315
1307 1325
1309 1311
1310 1312
1312 1603
1314 1318
1314 1603
1314 1514
1315 1321
1316 1330
1317 1319
1319 1326
1320 1601
1321 1331
1322 1325
1323 1997
1325 1998
1325 1328
1327 1997
1327 1329
1329 2426
1330 2286
1330 2418
1333 1349
1333 1429
1334 1342
1335 1346
1335 1339
1335 1773
1336 1429
1336 1345
1337 1345
1338 1350
1338 1340
1339 1346
1339 1351
1340 1343
1341 1880
1341 1877
1341 1428
1342 1345
1342 1349
1343 1350
1343 1449
1346 1773
1347 1880
1347 1927
1347 1558
1353 1364
1353 1845
1354 1357
1354 1365
1354 2099
1355 1362
1356 1382
1356 1358
1356 1360
1357 1374
1357 1363
1359 1964
1359 1380
1360 1847
1360 1376
1361 1376
1361 1372
1362 1379
1363 1959
1363 1365
1364 1375
1364 1377
1365 1381
1366 1373
1367 1382
1368 1383
1368 1959
1368 1374
1369 1370
1369 1371
1374 1378
1375 1384
1378 1383
1380 1973
1380 1958
1381 2105
1381 2099
1382 1846
1383 1974
1385 1391
1386 1390
1387 1392
1388 2418
1389 2181
1390 2422
1391 2181
1392 2418
1392 2419
1393 2046
1394 1497
1395 2096
1395 1396
1395 1743
1396 1741
1397 1398
1397 2441
1399 2164
1399 1816
1399 1400
1400 2165
1401 2262
1402 1403
1403 1593
1404 1926
1404 1428
1405 2322
1407 1408
1407 1430
1410 2026
1410 2027
1410 2028
1411 1849
1414 1937
1414 1415
1414 1936
1415 1418
1415 1937
1416 1548
1416 1792
1417 1791
1417 1788
1418 1419
1419 1419
1420 2047
1420 1421
1422 1425
1423 1424
1424 1426
1424 1427
1426 1427
1427 2304
1428 1429
1430 1430
1431 1432
1431 1433
1432 1434
1433 1434
1433 1435
1434 1436
1435 1436
1435 1770
1436 1438
1437 1966
1437 1438
1438 1439
1439 1767
1439 1966
1441 1442
1441 1552
1442 1443
1444 1445
1445 1446
1447 1447
1448 1450
1448 1449
1449 1450
1450 1881
1452 1453
1452 2041
1453 1499
1453 1454
1454 2041
1455 1457
1455 1456
1456 1458
1456 1689
1457 1624
1458 1839
1458 1838
1459 1460
1459 1466
1459 1840
1460 1841
1460 1842
1461 1939
1461 1462
1461 1463
1462 1464
1463 1689
1463 1464
1464 1731
1465 1495
1465 1496
1466 1689
1467 1612
1467 1652
1467 1469
1468 1796
1468 2337
1468 1652
1469 1470
1470 2163
1470 1796
1471 1473
1471 2111
1471 2117
1472 2111
1472 2115
1472 1474
1473 1475
1473 2117
1473 2111
1474 2112
1474 2114
1475 2117
1475 2112
1476 2040
1476 1837
1477 1802
1477 2113
1478 1479
1480 1481
1480 1482
1482 2449
1484 1485
1485 1820
1486 1999
1487 1999
1487 2316
1488 2163
1488 1797
1489 2282
1489 2281
1489 1921
1490 1491
1491 1672
1492 1493
1492 1675
1493 1672
1493 1494
1495 1496
1496 1497
1499 1501
1499 2117
1500 1501
1500 1801
1501 1800
1502 1503
1502 1506
1502 1800
1503 1504
1503 2113
1504 1506
1504 1505
1506 1507
1507 2113
1508 1510
1508 1509
1509 1511
1510 1511
1512 2292
1512 1513
1512 1514
1513 1515
1514 1515
1516 1517
1516 1518
1517 1520
1518 1670
1518 1519
1519 1684
1519 1522
1519 1683
1520 2201
1521 1686
1521 1523
1522 1686
1522 1687
1522 1523
1524 1525
1525 1526
1525 1529
1526 1528
1526 1530
1527 1528
1527 1799
1528 1531
1529 1532
1530 1532
1531 1533
1532 1630
1532 1535
1533 1534
1533 1537
1534 1535
1535 1536
1535 1538
1536 1539
1536 1649
1537 1983
1537 2339
1538 2314
1538 2313
1539 1543
1539 1649
1540 2154
1540 1541
1540 1542
1541 1544
1542 2149
1542 1544
1543 2314
1543 2340
1545 2315
1545 1546
1546 2329
1547 2329
1547 2330
1547 1843
1549 1597
1549 1600
1550 1680
1550 1681
1550 1779
1551 1553
1551 1775
1551 1552
1552 1776
1553 1673
1554 1556
1554 1555
1555 2351
1555 1557
1555 2452
1556 1557
1557 2350
1558 2351
1558 2349
1559 1560
1559 2350
1559 1564
1561 2349
1561 1562
1561 2460
1561 1565
1562 1563
1562 1566
1563 1567
1564 1565
1564 2349
1565 1566
1566 1567
1568 1569
1572 2106
1573 1574
1574 1575
1574 1577
1576 1577
1577 1578
1577 2266
1579 1581
1580 1581
1580 1587
1580 1582
1581 1585
1583 1584
1584 1586
1585 1586
1588 1589
1588 1590
1589 1590
1591 1593
1592 1593
1594 1633
1595 1694
1595 1695
1597 1598
1600 2062
1600 2290
1601 1602
1603 1604
1604 2145
1604 2123
1606 1665
1606 1607
1606 1664
1607 1608
1607 1609
1608 1663
1609 1611
1610 2002
1610 1611
1613 2439
1613 2440
1614 1615
1614 1908
1616 1694
1616 1695
1617 2098
1617 1618
1618 1620
1618 1976
1618 2098
1619 1620
1620 1924
1621 2441
1622 1623
1623 2050
1623 1624
1624 1870
1625 1870
1625 1626
1625 2050
1626 2049
1626 2051
1627 1799
1627 1628
1627 1798
1628 1629
1630 1644
1631 1648
1631 1632
1631 1636
1632 1644
1632 1634
1633 1638
1633 1643
1633 1639
1634 1637
1634 1643
1635 1637
1636 1637
1636 1648
1639 1641
1639 1640
1641 1642
1641 1643
1644 1647
1645 1646
1645 1649
1645 1647
1646 1647
1646 1648
1650 1939
1650 1651
1654 1656
1655 2196
1655 2200
1656 2198
1658 1659
1659 1660
1660 1661
1661 1662
1662 1663
1663 1664
1665 1666
1666 2228
1666 1668
1667 2228
1669 1670
1670 1671
1671 1678
1671 1683
1672 1676
1673 1674
1674 1675
1674 1682
1675 1676
1676 1685
1676 1677
1678 1679
1678 1680
1679 1685
1679 1683
1680 1682
1681 1682
1681 1780
1685 1687
1687 1688
1690 1691
1690 1761
1691 1692
1692 1764
1694 1695
1697 1727
1698 1701
1699 1700
1702 1703
1703 1704
1705 1711
1705 1709
1705 1716
1706 1710
1706 1709
1706 1708
1707 1722
1708 1709
1708 2216
1710 1716
1711 1712
1713 1714
1715 1716
1717 1718
1718 1719
1718 1720
1718 1721
1722 2216
1722 1724
1723 1728
1723 1989
1724 1726
1724 1725
1725 1727
1726 1728
1726 1727
1728 1729
1732 2051
1732 2342
1733 2342
1734 1735
1736 1737
1739 1765
1739 1745
1739 1740
1740 1742
1741 1743
1741 1742
1741 2160
1742 1743
1744 1745
1744 1784
1744 2160
1745 2160
1746 1747
1746 1748
1748 1757
1749 1750
1750 1757
1753 1754
1753 1755
1756 1757
1758 1781
1759 1761
1759 1763
1760 1763
1760 1762
1760 1764
1761 1762
1762 1763
1765 1766
1766 2222
1767 1768
1767 2276
1768 1770
1768 1771
1769 1772
1769 1771
1770 1772
1771 1772
1773 1774
1775 1776
1775 1778
1776 1777
1777 1778
1777 1779
1778 1780
1779 1780
1781 1782
1781 1784
1782 1783
1783 1784
1785 1787
1786 1787
1788 1790
1789 1794
1789 1790
1789 1791
1790 1793
1791 1923
1792 1793
1792 1794
1793 1794
1795 1797
1796 2161
1797 2161
1798 1799
1800 1801
1801 1802
1804 1811
1804 2161
1804 1808
1805 2162
1805 1811
1805 1806
1805 1810
1806 1814
1806 1812
1806 1810
1807 2164
1807 1814
1807 1808
1807 1816
1808 1809
1810 1816
1810 2165
1811 1812
1812 1813
1814 1815
1817 1818
1818 1819
1818 1820
1821 1824
1821 2288
1821 2326
1822 1823
1822 2288
1825 2060
1827 1828
1828 1829
1830 1831
1830 1832
1830 1833
1831 1952
1831 1832
1834 1837
1834 1835
1836 2039
1838 1839
1838 1841
1839 1840
1840 1841
1843 1844
1844 2290
1846 1848
1846 1847
1850 1851
1851 1852
1853 1856
1854 1859
1856 1857
1856 1858
1857 2034
1857 2199
1859 2199
1861 1862
1863 2254
1863 2251
1863 1864
1864 1864
1865 1867
1866 1866
1866 1867
1867 1868
1869 2342
1869 1870
1872 1875
1873 1874
1875 1876
1877 1878
1877 1879
1878 1879
1878 1880
1879 1927
1881 1884
1881 1882
1882 1885
1883 1885
1884 1887
1885 1888
1886 1888
1888 1890
1889 1890
1890 1892
1891 1893
1894 2013
1895 2009
1895 2008
1895 1896
1896 2340
1896 2315
1897 1898
1897 1900
1898 1899
1900 2272
1901 1905
1901 1906
1902 1905
1902 1903
1902 1935
1903 1905
1903 1904
1905 1906
1906 1907
1907 1935
1907 1937
1908 1909
1910 1916
1911 1918
1911 1915
1911 1917
1912 1913
1913 1916
1913 1915
1914 1918
1915 1948
1916 1918
1917 1948
1919 1921
1920 1921
1922 1923
1924 2109
1924 2108
1925 1976
1926 1927
1933 1934
1935 1936
1936 1937
1940 1941
1941 1942
1941 1943
1944 1947
1944 1951
1945 1954
1946 1948
1947 1955
1947 1949
1949 1951
1951 2089
1952 1953
1957 1958
1958 1975
1959 1962
1960 1961
1960 1962
1961 1962
1963 1964
1963 1965
1964 1974
1966 1969
1967 1969
1967 1968
1968 1969
1970 1972
1971 1972
1976 2108
1977 2109
1977 2108
1978 1982
1978 1981
1978 1979
1979 1982
1979 1983
1980 1981
1980 1982
1984 1985
1985 2324
1986 1987
1987 2178
1988 1989
1988 2219
1991 1992
1993 2442
1994 1995
1996 1996
1996 1998
1997 1998
2000 2001
2000 2000
2003 2004
2003 2093
2004 2461
2004 2033
2005 2033
2007 2013
2007 2016
2007 2010
2008 2012
2009 2010
2009 2016
2010 2012
2011 2012
2013 2014
2015 2016
2017 2020
2017 2021
2017 2018
2019 2020
2024 2025
2025 2026
2026 2029
2027 2028
2027 2029
2029 2030
2031 2032
2034 2035
2037 2038
2039 2040
2039 2323
2041 2076
2042 2043
2044 2045
2046 2047
2048 2073
2049 2051
2049 2050
2052 2058
2052 2054
2053 2054
2053 2159
2054 2057
2055 2056
2055 2057
2056 2058
2057 2058
2059 2060
2061 2062
2063 2064
2065 2066
2067 2068
2071 2341
2072 2073
2072 2077
2073 2074
2074 2075
2075 2076
2076 2077
2079 2080
2080 2082
2080 2172
2081 2082
2083 2085
2084 2086
2084 2085
2086 2234
2088 2089
2089 2464
2089 2462
2090 2091
2092 2093
2093 2464
2095 2096
2096 2439
2097 2296
2099 2104
2100 2102
2101 2102
2102 2103
2103 2104
2104 2105
2105 2106
2107 2108
2109 2322
2110 2116
2110 2115
2111 2112
2114 2115
2119 2120
2119 2129
2119 2121
2120 2124
2120 2129
2121 2127
2121 2122
2122 2132
2124 2125
2124 2127
2126 2146
2126 2132
2126 2133
2127 2131
2128 2129
2130 2131
2131 2132
2134 2135
2134 2146
2134 2136
2135 2137
2135 2146
2136 2137
2136 2138
2137 2139
2138 2139
2138 2140
2139 2141
2140 2141
2140 2142
2141 2143
2142 2143
2142 2147
2143 2144
2144 2145
2144 2147
2145 2148
2147 2148
2149 2312
2149 2156
2150 2151
2151 2157
2151 2152
2152 2158
2153 2155
2154 2155
2155 2156
2156 2157
2157 2158
2158 2311
2161 2163
2164 2337
2167 2168
2169 2170
2171 2172
2173 2174
2175 2176
2177 2178
2179 2180
2182 2186
2183 2184
2184 2186
2184 2188
2185 2186
2187 2188
2188 2190
2189 2190
2190 2192
2191 2193
2192 2193
2193 2194
2195 2209
2195 2198
2195 2196
2196 2197
2197 2200
2202 2203
2203 2364
2208 2209
2210 2211
2212 2213
2214 2215
2216 2217
2218 2219
2220 2227
2221 2222
2223 2224
2225 2226
2229 2230
2231 2232
2232 2233
2234 2235
2235 2236
2235 2237
2238 2239
2239 2240
2241 2241
2242 2244
2243 2244
2244 2245
2245 2246
2245 2247
2247 2248
2250 2251
2251 2252
2253 2254
2256 2257
2257 2262
2257 2260
2259 2260
2261 2262
2263 2264
2265 2268
2265 2269
2266 2267
2266 2268
2268 2269
2269 2270
2271 2272
2274 2275
2276 2277
2278 2279
2279 2280
2284 2317
2284 2321
2284 2417
2285 2318
2285 2321
2289 2328
2291 2403
2291 2292
2293 2452
2293 2294
2296 2440
2298 2299
2298 2301
2298 2302
2300 2301
2301 2302
2302 2304
2303 2304
2305 2306
2305 2308
2306 2307
2307 2308
2311 2312
2313 2314
2313 2340
2316 2319
2316 2320
2317 2321
2318 2320
2319 2420
2319 2320
2324 2325
2326 2327
2327 2329
2331 2331
2332 2333
2333 2334
2335 2337
2336 2337
2338 2339
2341 2342
2343 2344
2345 2348
2346 2348
2347 2348
2350 2351
2352 2353
2354 2373
2354 2391
2354 2390
2355 2397
2355 2373
2355 2364
2356 2360
2356 2399
2356 2365
2357 2358
2357 2360
2357 2359
2358 2400
2360 2361
2362 2365
2362 2367
2362 2363
2364 2371
2365 2366
2367 2369
2367 2368
2369 2371
2369 2370
2372 2384
2372 2378
2373 2374
2374 2376
2374 2375
2376 2380
2376 2377
2378 2380
2378 2379
2380 2381
2381 2382
2382 2384
2382 2383
2384 2385
2386 2388
2386 2387
2388 2393
2388 2392
2390 2391
2393 2394
2393 2395
2395 2400
2395 2396
2397 2399
2397 2398
2400 2401
2402 2407
2402 2405
2402 2403
2404 2405
2406 2408
2406 2407
2407 2408
2409 2410
2411 2413
2412 2415
2413 2414
2414 2415
2417 2420
2417 2421
2419 2421
2419 2420
2421 2422
2422 2423
2425 2426
2427 2430
2427 2428
2429 2433
2429 2435
2429 2430
2431 2432
2432 2433
2434 2435
2435 2436
2436 2437
2438 2441
2439 2440
2440 2441
2442 2443
2442 2444
2443 2444
2443 2445
2444 2446
2445 2446
2446 2447
2447 2448
2449 2450
2451 2451
2453 2458
2454 2457
2454 2458
2455 2459
2456 2459
2457 2458
2458 2459
2460 2460
2463 2464
