0 3297
0 2
1 2
1 3
1 353
2 5
3 279
3 4
4 279
4 6
5 1597
5 1603
6 7
6 13
7 8
7 2215
8 9
8 2215
9 10
9 14
10 11
10 16
11 12
11 116
12 13
12 116
13 1597
14 1237
14 22
15 16
15 141
15 21
16 141
17 18
17 23
17 24
18 429
18 19
19 20
19 1164
20 21
20 35
21 22
22 23
23 1237
24 173
24 1239
25 1239
25 26
26 2199
26 1240
27 28
27 1035
27 2199
28 1049
28 142
29 30
29 1805
29 1804
30 31
30 1593
31 32
31 2016
32 33
32 1410
33 1993
33 34
34 35
34 1526
35 36
36 1804
36 1166
37 298
37 299
37 3136
38 39
38 299
38 311
39 3135
39 3236
40 1591
40 428
40 1170
41 1871
41 3235
41 312
42 2683
42 2679
42 1951
43 2285
43 1465
43 2236
44 998
44 82
44 2295
45 1054
45 1056
45 82
45 1009
46 1055
46 47
46 197
46 1053
46 1054
47 48
47 1052
47 1050
48 3147
48 1050
49 1724
49 568
49 1728
50 51
50 1722
50 1724
51 3203
51 3202
51 567
52 1766
52 1065
52 2289
52 71
53 1768
53 1766
53 54
53 2086
54 3201
54 1945
55 658
55 1765
55 659
55 56
56 57
56 3218
57 1753
57 657
58 3013
58 59
58 1070
59 2056
59 60
60 61
60 1066
61 682
61 62
62 677
62 682
63 3216
63 64
63 1030
64 65
64 169
65 1797
65 683
66 2209
66 3230
66 685
66 2201
67 261
67 1792
67 1863
68 1637
68 2328
69 2156
69 1975
69 2528
70 3021
70 2156
70 3022
70 3033
71 648
71 647
71 3020
72 1190
72 3297
73 815
73 3300
73 3303
74 761
74 3037
74 836
75 1987
75 76
75 739
76 111
76 760
77 78
77 111
77 760
78 740
78 79
79 80
79 740
80 1867
80 884
81 1873
81 1609
81 2469
82 1165
82 1009
83 84
83 609
83 3148
84 1851
84 997
85 195
85 591
85 201
86 2729
86 1890
86 2161
87 2690
87 545
87 2691
88 1961
88 833
88 2034
89 2372
89 106
89 1949
90 1222
90 566
90 571
91 559
91 92
91 2855
92 93
93 219
94 1070
94 1067
94 2056
95 3014
95 96
95 1763
96 646
96 3025
97 3027
97 3019
97 3025
98 1974
98 663
98 648
98 162
99 2082
99 100
99 2085
100 660
100 101
100 3195
101 1236
101 1860
101 1234
102 1588
102 229
102 230
103 1645
103 1647
103 318
103 2685
103 1646
103 2687
104 671
104 1647
104 678
105 673
105 3013
105 670
106 107
106 684
107 684
107 108
108 687
108 109
108 686
109 687
109 688
109 686
110 1782
110 743
110 742
111 1988
111 760
112 2479
112 2647
112 113
112 2653
113 2430
113 2455
114 2458
114 855
114 2245
114 2244
114 2243
115 2450
115 2447
115 2451
116 2214
117 2881
117 118
117 1341
118 156
118 1357
119 2882
119 120
119 122
120 1665
120 121
121 1072
121 122
122 1666
123 124
123 142
123 2153
124 2154
124 125
125 126
125 2154
126 2150
126 1128
127 128
127 133
127 145
128 158
128 129
129 130
129 159
130 146
130 131
131 132
131 1114
132 1111
132 3309
133 145
133 3309
134 135
134 149
134 136
135 2846
135 136
136 148
137 138
137 154
137 2829
138 3224
139 2829
139 174
140 3089
140 3054
140 369
141 3051
141 385
141 3097
141 3062
142 2153
143 1124
143 2058
143 1131
144 1123
144 1122
144 145
144 3105
145 1121
145 3311
146 1114
146 1117
146 3307
147 1115
147 148
147 1117
148 1112
149 150
149 2828
149 2846
150 151
150 2828
150 2845
151 2839
151 2838
152 2834
152 2836
152 2831
153 154
153 2831
153 3225
154 2829
155 873
155 3224
156 2241
156 3047
156 3271
157 159
157 3214
157 158
158 159
158 2885
159 3307
160 1153
160 1151
160 1788
161 1973
161 1978
161 666
162 1974
162 1973
163 668
163 1646
163 1977
164 675
164 689
164 1645
165 3015
165 679
165 3016
166 167
166 171
166 170
166 3015
167 168
167 683
167 684
168 807
168 3045
169 170
169 680
170 679
171 314
171 317
172 734
172 724
172 730
173 2019
175 1217
175 2357
175 345
176 177
176 1162
176 2357
177 1683
177 345
178 2043
178 1168
178 1160
179 2043
179 180
179 1216
180 1936
180 2087
181 1005
181 3130
181 1011
182 1038
182 2661
182 183
182 612
183 2235
183 2295
184 3143
184 630
184 623
185 186
185 1619
185 633
186 635
187 1618
188 1618
188 615
188 189
189 603
189 190
190 595
190 191
191 2668
191 605
192 2668
192 1213
192 200
192 201
193 2669
193 206
193 1213
194 588
194 589
194 2669
195 2878
195 591
195 3122
196 2873
196 2878
196 2874
197 1050
197 3148
197 198
197 1055
198 607
198 1055
199 200
199 610
199 2865
200 1004
201 202
201 2696
202 2775
202 552
202 994
203 204
203 2895
203 2775
204 227
204 992
205 519
205 512
205 518
206 1213
206 3326
207 542
207 1983
207 343
207 212
208 1958
208 3007
208 2511
208 2503
209 1966
209 2500
209 2270
210 3322
210 1728
210 1744
211 534
211 554
211 1023
212 3212
212 213
212 2198
213 214
213 542
214 215
214 511
215 2000
215 528
216 217
216 2000
216 2953
217 218
217 3018
218 1585
218 222
219 220
220 221
220 991
221 1650
221 509
222 2937
223 2931
223 2935
223 2934
224 1653
224 517
224 225
225 513
225 1982
226 532
226 521
226 2940
226 2908
227 521
227 518
228 532
228 2905
228 2902
229 1202
229 241
230 1723
230 231
231 232
231 1197
232 989
232 233
233 1976
233 2282
234 1197
234 235
235 1626
235 2282
236 241
236 440
236 438
236 1201
236 1626
237 1976
237 238
237 989
238 464
238 1193
239 1210
239 989
239 1207
240 242
240 244
240 1191
241 290
241 469
242 1856
242 1057
242 1165
243 2025
243 1980
243 3146
244 1042
244 1776
245 1209
245 1845
245 1776
246 2493
246 466
246 247
246 1204
247 1843
247 1842
247 2492
248 2492
248 463
248 462
249 2144
249 1143
249 250
250 1143
250 251
251 1144
251 252
252 2424
252 1614
253 1614
253 475
253 501
254 501
254 2141
254 255
255 256
255 266
256 1135
256 499
257 264
257 2142
257 258
258 2732
258 497
259 260
259 262
259 1043
260 1607
260 1863
260 3234
261 1864
261 1866
262 1158
262 1771
263 1132
263 264
263 1158
264 1772
265 1154
265 2207
265 1156
266 1140
266 267
266 1138
267 1613
267 1141
267 2424
268 2862
268 1141
268 2236
268 2861
269 1203
269 1205
269 1613
269 1842
270 2735
270 1778
270 1042
270 1195
271 2601
271 272
271 274
272 273
272 340
273 2600
273 274
274 1990
275 1990
275 402
275 303
276 2586
276 2587
276 339
277 278
277 2731
277 3135
278 1219
278 3136
278 1168
279 280
279 2445
281 2451
281 2271
281 283
282 868
282 282
283 1595
283 868
284 1599
284 1596
284 285
284 1601
285 1603
285 1596
286 455
286 287
286 444
286 456
286 449
287 2443
287 455
288 436
288 470
288 443
289 2145
289 290
289 1026
289 436
290 437
290 468
291 1956
291 442
291 451
292 451
292 2267
293 1610
293 294
293 1012
293 3142
294 1180
294 1017
295 1604
295 1223
295 1187
295 1464
296 297
296 1176
296 1223
296 1008
297 298
297 1176
298 299
299 312
300 2466
300 1038
300 301
301 2235
301 1039
302 3299
302 814
302 3300
302 332
303 3154
303 1674
303 1324
304 1672
304 1671
304 1673
304 1675
305 2014
305 3239
305 427
305 1594
306 938
306 903
306 930
307 2478
307 945
307 2476
308 946
308 945
308 2480
309 949
309 2483
309 875
310 877
310 1521
310 883
311 312
311 877
311 2858
312 1608
313 1178
313 1044
313 2473
314 315
314 3017
315 316
315 1196
316 1233
316 324
317 1233
317 2377
318 2685
318 693
318 2687
319 346
319 668
319 2523
320 347
320 666
320 346
321 2045
321 322
321 674
322 691
322 1196
323 324
323 690
324 723
325 2372
325 326
325 2371
326 2006
326 2392
327 328
327 1964
328 329
328 785
329 330
329 782
330 770
330 1984
331 824
331 819
331 828
331 762
332 763
332 1242
332 809
333 3035
333 840
333 3037
334 2422
334 2803
334 2340
335 2012
335 3247
335 3238
335 936
336 3011
336 1403
336 1406
337 2620
337 338
337 2622
338 2609
338 2608
339 2592
340 2598
340 2549
341 3199
341 3195
341 3353
341 1770
342 1999
342 2690
343 545
344 601
344 2645
345 2490
347 1634
348 832
348 2040
349 1629
350 1574
350 354
350 2980
351 2671
351 831
351 1573
352 2673
352 2672
352 2036
354 835
355 356
355 3179
356 366
357 2849
357 358
357 3129
358 2321
358 2322
359 2323
359 2280
359 2281
360 2796
360 2798
361 363
361 3111
361 1700
362 3110
362 2779
362 3111
363 1698
363 1699
364 3222
364 2798
364 364
364 1700
365 2847
367 3284
367 3291
367 3283
368 1411
368 1992
368 402
369 409
369 389
370 1682
370 371
370 406
371 372
371 404
372 1714
372 373
373 391
373 389
374 1674
374 1710
374 375
375 3171
375 376
376 1687
376 1680
376 1679
377 1681
377 378
377 386
378 387
378 379
379 380
380 381
381 382
381 393
382 383
383 390
384 385
384 390
386 387
386 1712
387 388
389 390
391 393
391 392
393 394
395 401
395 396
395 1682
396 1681
396 401
397 401
397 400
397 398
398 400
398 1713
399 400
402 1991
403 404
403 3171
403 407
404 1538
404 1715
405 409
405 1530
405 414
406 1680
406 407
407 408
408 408
409 410
410 411
410 416
411 412
411 415
412 413
412 1714
413 414
413 1714
414 1715
417 1991
417 1537
417 1542
418 1531
418 1540
419 420
419 1523
419 1531
420 2441
420 421
422 3152
422 1324
422 1322
423 425
423 1325
423 1392
424 1456
424 1086
424 2883
425 3152
425 426
426 1710
426 1555
427 3247
427 2013
427 3249
428 1594
428 1591
429 431
429 1683
430 431
431 432
433 434
433 472
433 489
434 482
434 478
435 437
435 445
435 436
437 440
438 467
438 441
439 467
439 1976
439 1228
440 1201
441 1956
441 1201
442 446
442 449
443 446
443 444
444 471
445 446
445 1956
447 448
447 457
447 452
448 2267
448 1717
449 450
450 452
450 451
452 453
453 456
453 454
454 1149
454 1148
455 456
457 458
457 1146
457 1147
458 459
458 461
459 1145
459 460
460 474
460 503
461 504
461 2144
462 2494
462 1224
462 504
464 1841
464 465
466 1841
466 1224
467 2282
468 1760
468 1026
469 1760
469 1758
470 471
470 472
471 472
473 496
473 482
473 475
474 475
474 1614
476 477
476 494
476 493
477 484
477 478
478 2284
478 479
479 481
479 482
480 493
480 492
480 1794
481 1795
481 1794
482 2443
483 2145
483 484
483 487
484 2410
485 1033
485 486
485 1972
486 487
486 1972
487 488
489 2145
490 499
490 492
490 500
491 492
491 495
491 1802
493 495
494 2644
494 2410
495 2644
496 500
496 1795
497 498
497 499
500 2141
501 502
504 505
506 543
506 3018
506 2934
507 2916
507 2928
507 2921
508 1212
508 1889
508 531
508 1648
509 1660
509 2462
509 530
510 522
510 1660
510 1998
510 528
511 515
511 1998
512 3212
512 515
513 2947
513 1655
514 2947
514 2946
514 2973
515 526
516 1658
516 538
516 1657
517 1654
517 1655
518 519
519 520
521 2948
521 2944
522 1997
522 536
523 1997
524 1995
524 538
524 1659
525 1995
526 2535
526 527
528 2959
529 1656
529 1654
529 1657
530 1652
530 531
531 2905
532 2033
532 2943
533 558
534 992
534 2977
535 2977
536 1996
536 1659
537 2949
538 1994
539 1994
540 543
540 542
540 541
541 544
543 544
545 546
545 2689
546 2691
546 2689
547 548
547 2161
547 591
548 2166
548 2184
549 2895
549 2892
549 2893
550 2296
550 2197
550 2160
551 2305
551 2403
551 2409
553 1850
553 1854
553 1851
554 2960
554 1854
555 556
555 2960
555 2962
557 1744
557 1850
557 2500
557 3002
558 1022
558 3007
558 1023
559 560
559 563
560 561
560 2991
561 1212
561 2996
562 2991
562 2993
562 2855
564 1887
564 565
564 569
565 570
565 567
565 566
566 3200
566 3202
567 568
568 569
569 2737
570 571
570 2987
571 574
572 2988
573 1953
574 2988
574 1952
575 576
575 1958
575 1955
576 578
576 1954
577 1020
578 579
578 580
579 2993
579 580
580 581
582 586
583 587
583 584
583 586
584 2993
584 1134
585 586
588 589
588 2002
588 590
589 3122
590 592
592 594
592 593
596 598
596 603
596 602
597 2389
597 2387
597 599
597 600
598 601
598 2391
599 1007
599 602
599 2805
600 1040
600 2386
600 2388
601 2390
602 1625
603 1625
604 1625
605 606
605 2381
607 608
607 609
609 636
611 612
611 1016
611 2663
612 2660
613 2380
613 623
613 1018
614 632
614 1621
614 1617
615 616
615 1048
615 631
616 617
616 631
617 618
617 1048
617 2001
618 619
618 1620
618 624
619 626
619 625
619 620
620 1617
620 627
620 1621
621 622
621 1617
621 632
622 629
622 623
624 626
624 1047
625 1620
625 1621
626 633
627 633
627 628
628 629
628 1617
629 630
630 1619
631 2001
632 2380
634 1047
635 1047
635 1618
636 1001
636 999
637 2855
637 643
637 644
638 639
638 2394
638 640
639 642
639 640
640 643
640 641
641 643
641 2395
642 643
642 1222
644 645
644 2498
646 647
646 656
647 655
648 1065
648 653
649 1059
649 650
649 1638
650 1061
650 1060
651 1059
651 653
651 652
653 654
653 663
655 658
655 2857
656 1885
656 657
657 658
659 2082
659 661
660 661
660 662
661 662
662 1764
663 667
664 667
664 1637
664 1888
665 1058
665 1888
665 1059
666 667
668 669
670 3014
670 672
671 3033
671 672
672 673
673 681
674 675
674 1196
675 3016
675 678
676 677
676 680
676 678
676 681
677 1030
678 679
679 680
681 682
683 685
684 731
685 3191
686 688
687 806
688 3046
690 2374
690 2376
691 700
691 692
692 699
692 697
693 2688
693 2051
694 2023
694 2367
694 725
695 696
695 1934
695 698
696 2044
696 2688
697 698
697 2044
698 699
699 2023
700 702
700 701
702 2374
702 703
704 705
704 713
704 2047
705 2049
705 715
706 2050
706 708
706 1934
707 1934
707 711
707 1752
708 709
708 710
709 715
709 710
710 711
711 2666
712 717
712 726
712 728
713 728
713 714
714 715
714 716
716 2664
716 717
717 2666
718 2372
718 720
718 719
718 734
719 720
719 2369
720 2371
721 730
721 722
721 2378
725 2366
725 1751
726 1750
726 727
727 2364
727 729
728 729
730 731
731 732
732 2377
732 733
734 735
736 2209
736 1152
736 3181
737 3189
737 3193
738 773
738 2035
738 1784
739 760
739 744
740 744
740 742
740 741
740 743
741 742
741 1864
743 744
745 756
746 747
747 748
747 756
748 751
748 753
749 750
749 1787
749 1793
750 752
750 751
750 1787
751 1793
752 754
752 753
753 756
754 755
754 757
755 758
755 757
756 757
758 759
758 1783
759 1783
759 1782
761 1986
761 767
762 763
762 1986
763 2695
764 765
764 1987
764 3035
765 766
765 774
766 1984
766 768
767 768
767 772
768 769
769 770
769 771
770 824
773 1947
773 775
773 803
774 779
774 1985
775 778
775 776
776 777
776 781
777 781
777 778
778 779
779 780
780 781
780 1985
782 783
782 785
783 786
783 784
784 786
784 787
785 786
787 788
787 791
788 789
788 792
789 790
789 793
790 791
790 797
791 801
793 794
793 805
794 799
794 803
795 796
795 799
795 802
796 797
796 798
796 799
797 800
803 804
807 808
807 2860
809 819
809 811
810 813
810 823
810 2672
811 820
811 812
812 814
812 813
813 822
814 2749
815 1808
815 2749
816 823
816 826
816 2979
817 821
817 828
817 818
818 820
818 819
820 822
821 830
821 822
823 830
824 825
825 826
825 829
826 827
828 829
829 830
832 1632
832 2034
833 1960
833 2392
834 2053
834 1960
834 1628
835 2984
836 2351
836 861
837 838
837 3036
837 2804
837 861
838 839
838 2648
839 847
839 2651
840 3036
840 852
840 3035
841 844
841 843
841 847
842 848
842 844
842 847
843 845
843 2653
844 2427
845 2427
845 846
846 2653
846 1988
848 850
848 849
850 852
850 851
852 853
854 857
854 2646
854 859
855 859
855 2244
855 2243
856 2347
856 2418
856 857
857 2310
858 2419
858 2244
858 2420
859 1584
859 860
860 2343
860 2420
861 2800
862 863
862 2211
862 2695
863 2330
863 2331
863 1242
864 2802
864 2333
864 2330
865 2331
865 2211
865 2312
865 2329
866 2340
866 867
866 2342
867 2329
867 1041
868 1596
869 2271
869 3299
869 872
870 872
871 872
873 2446
873 874
875 915
875 1521
875 1505
876 915
876 879
876 3236
877 878
879 880
879 881
882 884
882 883
882 2859
883 1489
885 894
885 890
885 893
886 887
886 1509
886 1928
887 888
887 1925
888 1488
888 1904
889 1517
889 1488
889 1518
890 1924
890 1906
891 1923
891 1931
891 1922
891 1518
892 1520
892 1510
892 1511
893 1502
893 1496
894 1923
894 1924
894 1496
895 1505
895 1506
895 1522
895 1511
896 1931
896 1897
896 1909
896 1914
897 1910
897 1510
897 1508
898 1897
898 1492
898 1895
898 1495
899 1494
899 1489
899 1901
900 1498
900 1556
900 1507
901 1508
901 1513
901 1500
902 2479
902 1505
902 948
903 2475
903 3010
904 2487
904 3041
904 911
904 926
905 906
905 2487
905 3042
905 909
906 1163
906 2730
907 934
907 916
907 919
908 934
908 916
908 923
909 928
909 923
910 3043
910 3245
910 3044
911 932
911 914
912 935
912 914
912 913
913 3044
913 3042
914 935
915 916
917 947
917 2486
917 2482
918 921
918 2486
918 925
919 921
919 920
921 922
923 927
924 925
924 2489
924 934
925 929
926 2488
926 929
927 928
927 2489
928 2488
929 2489
930 931
930 932
931 937
931 935
932 933
936 1431
936 3348
936 3250
937 1426
937 1417
938 1308
938 1417
939 940
939 948
939 960
940 956
940 941
941 946
941 943
942 980
942 946
942 944
943 961
943 982
944 1582
944 981
945 1639
947 2483
947 2481
948 949
949 950
951 954
951 952
951 961
952 965
952 953
953 963
953 2436
954 955
954 2430
956 961
956 957
957 2429
957 960
958 2429
958 2428
958 2430
959 2428
960 2479
962 2436
963 964
963 972
965 966
965 972
966 974
966 2431
967 2435
967 969
967 2431
968 1662
968 1340
968 2881
969 974
969 970
970 971
970 2434
972 973
974 2431
975 1662
975 976
975 2435
976 978
976 977
978 2432
978 979
980 982
980 1809
981 986
981 1583
981 982
983 1583
984 1670
984 2009
984 1563
984 3259
985 1476
985 1382
985 1667
986 1420
986 1485
987 1312
987 1437
987 1471
988 2645
988 1040
989 990
989 1862
990 1207
990 1193
991 2460
992 2944
993 994
994 995
995 996
995 2168
997 999
997 2853
998 1616
998 1024
998 1780
999 1000
999 3346
1001 1002
1001 1232
1002 1615
1002 1003
1003 2867
1004 2697
1004 2963
1005 1006
1005 1232
1006 1232
1006 2381
1007 1624
1008 3137
1008 1223
1009 1849
1010 1011
1010 1025
1010 1037
1011 1017
1012 1018
1012 3130
1013 3141
1013 1186
1013 1017
1013 1015
1014 1015
1014 1185
1014 1181
1015 1016
1016 1181
1018 1019
1020 1954
1020 1955
1021 1022
1022 1651
1023 3004
1024 2867
1024 2295
1025 2661
1025 1623
1026 1755
1027 1067
1027 1028
1027 1857
1027 1859
1028 1803
1028 1755
1029 2146
1029 1800
1029 1032
1029 3151
1030 3151
1031 1032
1031 1033
1031 2283
1032 1803
1033 1803
1034 1764
1034 1754
1034 1071
1035 1238
1036 2082
1038 2465
1039 1205
1039 1465
1041 2334
1041 2803
1043 1773
1043 1771
1044 2861
1044 2519
1045 2517
1045 2512
1045 2285
1046 2381
1047 2001
1048 1620
1051 2029
1051 3146
1051 1848
1051 3147
1052 1762
1052 1981
1053 1849
1053 1762
1054 1055
1054 1849
1057 1586
1057 1743
1057 3319
1062 1063
1063 1064
1063 1065
1066 1857
1066 2056
1067 1069
1067 2887
1068 1069
1068 1885
1068 2887
1069 1070
1070 1763
1071 1758
1071 3219
1071 3217
1072 1073
1072 3276
1073 1074
1073 1091
1073 1099
1074 1075
1074 1090
1075 3314
1075 3315
1075 1099
1076 3313
1076 3314
1076 1077
1077 1099
1077 3272
1078 1661
1078 3272
1078 3048
1079 3315
1079 1081
1079 1080
1080 1459
1080 3314
1081 1082
1081 2869
1082 1083
1082 1090
1083 1084
1083 1444
1084 1444
1084 1085
1085 1460
1085 1703
1086 1703
1086 1666
1087 3317
1087 3316
1087 2869
1088 1089
1089 1090
1089 3315
1090 1091
1091 1092
1093 1094
1093 1451
1093 1457
1094 1989
1094 1095
1095 1097
1095 1098
1096 1422
1096 1098
1096 1097
1097 1100
1098 1443
1100 1440
1100 1109
1101 1102
1102 1440
1102 1104
1103 2657
1105 1108
1105 1107
1105 1677
1106 1108
1108 1422
1110 3085
1110 3310
1110 1111
1111 3310
1111 1120
1112 1118
1112 1115
1112 1113
1113 2692
1113 2813
1114 1119
1114 2692
1115 1117
1116 1118
1118 2813
1118 2844
1119 2814
1119 1120
1120 3308
1121 1122
1121 2885
1122 1130
1124 1129
1124 1689
1124 1130
1125 3318
1125 1126
1125 1689
1126 1128
1126 1127
1127 3223
1127 3222
1127 1699
1128 2150
1128 3318
1129 2784
1129 1130
1130 1131
1131 3105
1132 1156
1132 1133
1133 1790
1133 1153
1133 3234
1135 2142
1135 1136
1137 1951
1137 1138
1137 1773
1138 1142
1139 1142
1140 1141
1140 1142
1143 2144
1150 2732
1151 1152
1151 1788
1151 3232
1152 1791
1153 1155
1153 3233
1154 3233
1154 1157
1155 1157
1155 3233
1156 1157
1158 1159
1160 1170
1160 2018
1161 1169
1161 1455
1162 1215
1162 1169
1163 1170
1163 1168
1164 1166
1164 1167
1165 1856
1166 1167
1167 1169
1171 1173
1172 1173
1172 2007
1172 1174
1173 1174
1174 2751
1175 1179
1175 1176
1175 1182
1175 1464
1176 1884
1177 1189
1177 1466
1177 1467
1177 1181
1178 1182
1178 1189
1180 3138
1180 3141
1181 1187
1181 2467
1182 1466
1183 1611
1183 1604
1183 1188
1184 1188
1184 1187
1184 1185
1185 1186
1186 1188
1187 1466
1189 2512
1190 3303
1190 3298
1191 1210
1191 1211
1192 1846
1192 1194
1192 1209
1193 1206
1194 1206
1194 1208
1195 1774
1195 1205
1198 1200
1198 1199
1198 1610
1204 1209
1204 1845
1205 1612
1206 1207
1208 1210
1208 1211
1211 2497
1211 1846
1212 2996
1212 2995
1214 2018
1214 1216
1214 2043
1215 2752
1215 2356
1215 1806
1216 1806
1217 2356
1217 1684
1217 2768
1218 3137
1218 1979
1218 1219
1219 1606
1219 1220
1220 2043
1220 1936
1221 3329
1221 2856
1222 2498
1224 1821
1225 1717
1225 1820
1225 1226
1226 1816
1226 1815
1226 1812
1227 1807
1227 1811
1227 1813
1228 1811
1228 1813
1228 1810
1229 1832
1229 1830
1229 1967
1230 1829
1230 1824
1230 1719
1231 1830
1231 1820
1231 1719
1233 2378
1235 1236
1236 1588
1237 1240
1238 2200
1239 1241
1240 2200
1242 2801
1243 1247
1243 1246
1243 1260
1244 1254
1244 1256
1244 1567
1245 1254
1245 1255
1245 1256
1246 1305
1246 1250
1247 1271
1247 1590
1248 1263
1248 1274
1248 1351
1249 1263
1249 1250
1249 1305
1250 1258
1251 1483
1251 1669
1251 3259
1252 1567
1252 1253
1252 1669
1252 1269
1253 1274
1253 1388
1254 1255
1255 2009
1256 1565
1257 1270
1257 1273
1257 1268
1258 1262
1258 1267
1259 1267
1259 1580
1259 1393
1260 1580
1260 1289
1261 1262
1261 1375
1261 1267
1262 1326
1263 1570
1264 1273
1264 1270
1264 1276
1265 1360
1265 1316
1265 1281
1266 1289
1266 3168
1266 1590
1268 1271
1268 1269
1269 1270
1271 1567
1272 1294
1273 1275
1274 1276
1275 1570
1275 1305
1276 1570
1277 1348
1278 1304
1278 1283
1278 1292
1279 1291
1280 1291
1280 1284
1280 1300
1281 1580
1281 1296
1282 3167
1282 1673
1282 1571
1283 1299
1283 1304
1284 1299
1284 1295
1285 1287
1285 1318
1285 1398
1286 1287
1286 1290
1286 1300
1287 1296
1288 1291
1288 1303
1288 1298
1289 1296
1292 1295
1292 1304
1293 1303
1294 3168
1294 3167
1294 1297
1295 3166
1297 3169
1297 1301
1299 3165
1300 1318
1302 1568
1302 3165
1302 1569
1303 3164
1306 1309
1307 1309
1307 1308
1307 1564
1308 1672
1309 1311
1309 1310
1310 1311
1310 1564
1311 1312
1312 1670
1313 1387
1313 1359
1313 1396
1314 1317
1314 1339
1314 1393
1315 1344
1315 1578
1315 1361
1315 3155
1316 1335
1316 1360
1317 1379
1317 1333
1318 1398
1319 1343
1319 1372
1319 1363
1320 1333
1320 1374
1320 1373
1321 1342
1321 1323
1321 1347
1322 3156
1322 1338
1323 1377
1323 2642
1324 3155
1325 1365
1325 1555
1326 1351
1326 1349
1327 3034
1327 3047
1327 2248
1328 1343
1328 1384
1328 1374
1329 1378
1329 1389
1329 1342
1330 1579
1330 1381
1330 1383
1331 1364
1331 1377
1331 1334
1332 2275
1332 2274
1332 1381
1333 1356
1333 1379
1334 2642
1334 1346
1336 3260
1336 1435
1336 1439
1336 1388
1337 1380
1337 2449
1337 2246
1337 2454
1338 3157
1338 1552
1339 1368
1339 1370
1340 1382
1340 1664
1341 3048
1341 1357
1342 1579
1343 1384
1344 1578
1344 3156
1345 1551
1345 1395
1345 1705
1346 1362
1346 3261
1346 1399
1347 2642
1347 1367
1347 1378
1348 1349
1348 1375
1349 1354
1350 1375
1350 1376
1350 1394
1351 1354
1352 2275
1353 1370
1353 1369
1353 1394
1354 1389
1355 2882
1355 3159
1355 1390
1356 1633
1356 1373
1357 1380
1358 1396
1358 1392
1358 1371
1359 1365
1359 1371
1360 1379
1361 1363
1361 1372
1362 2642
1362 1366
1363 1578
1365 1387
1366 1389
1366 1378
1366 1388
1368 1369
1368 1393
1369 1376
1370 1633
1371 1396
1372 1398
1373 3158
1374 1572
1376 1393
1377 2275
1380 3034
1381 1664
1382 3261
1384 1572
1385 1397
1385 1554
1386 3159
1386 1386
1387 1555
1390 3158
1390 1552
1391 1579
1392 1551
1394 1633
1395 1554
1395 1397
1400 2617
1400 1401
1400 2615
1401 1412
1401 1414
1402 2562
1402 2558
1402 1411
1402 2560
1403 1406
1403 2638
1404 2613
1404 2566
1404 2611
1405 1993
1405 1411
1405 2560
1406 3347
1407 2638
1407 2632
1407 2641
1408 1545
1408 2641
1408 1592
1409 2574
1409 2572
1409 2610
1410 1412
1410 1543
1412 1547
1413 2611
1413 2578
1413 2579
1414 2615
1414 2613
1415 1416
1416 1433
1416 1419
1417 1432
1418 3252
1418 1431
1418 1675
1419 1429
1419 1427
1420 1561
1420 1471
1421 1677
1421 1425
1421 1430
1422 1706
1422 1427
1423 3251
1423 2278
1423 1432
1424 1483
1424 1476
1424 3260
1425 2362
1425 1434
1426 3250
1426 1432
1427 1454
1428 2277
1429 1454
1429 1446
1430 1706
1430 1434
1431 3251
1432 1562
1434 1676
1436 1561
1436 1560
1437 1642
1437 2276
1438 2276
1440 2657
1441 2277
1442 2278
1443 1454
1443 1450
1443 1453
1444 1458
1445 1460
1445 1463
1445 1446
1446 3265
1446 1460
1447 1452
1447 1461
1447 1459
1448 1449
1448 1462
1448 1461
1449 2870
1449 3317
1450 1451
1450 3317
1451 1462
1452 1457
1452 1459
1453 1463
1453 1458
1455 1683
1456 1704
1456 3264
1456 1676
1457 1462
1457 1461
1458 1463
1458 2869
1460 3265
1461 2870
1464 1589
1464 1466
1465 1467
1467 2285
1468 1484
1469 1484
1469 1479
1469 1486
1470 3258
1470 1482
1470 1477
1471 1474
1472 1486
1472 1484
1472 1667
1473 1477
1474 2736
1474 1480
1475 1481
1475 1482
1475 1479
1476 3257
1477 1478
1478 1482
1478 2736
1479 1480
1480 1485
1480 1481
1481 2736
1483 3258
1484 3257
1485 1486
1487 1900
1487 1558
1487 1929
1488 1515
1488 1904
1489 1497
1490 1906
1490 1506
1490 1916
1491 1557
1491 1518
1491 1496
1491 1923
1492 1498
1492 1499
1493 1495
1493 1927
1493 1898
1494 1509
1494 1920
1495 1512
1495 1896
1497 1901
1497 1504
1497 1503
1498 1927
1499 1895
1499 1500
1500 1519
1501 1921
1501 1515
1501 1514
1502 1557
1502 1517
1503 1516
1503 1559
1504 1900
1504 1559
1506 1907
1507 1927
1507 1558
1508 1912
1509 1932
1510 1911
1511 1907
1512 1919
1512 1898
1512 1894
1513 1912
1513 1519
1514 1914
1514 1931
1515 1930
1516 1558
1516 1556
1516 1559
1517 1557
1519 1895
1519 1926
1520 1903
1520 1907
1521 1556
1523 1992
1523 2807
1524 2279
1525 2808
1525 2650
1525 1527
1526 3089
1526 2279
1527 2807
1527 2650
1528 1531
1529 1537
1529 1539
1529 1541
1530 2441
1530 1532
1533 1536
1534 2269
1535 1536
1536 1542
1537 2437
1538 2437
1538 2269
1540 1542
1543 1545
1543 1547
1544 2623
1544 1549
1544 2621
1545 2550
1546 2627
1546 2553
1546 2625
1547 1549
1547 2551
1548 2619
1548 1549
1548 2617
1550 2553
1550 2551
1550 2550
1551 1553
1552 1668
1553 1554
1553 1668
1560 1561
1563 1566
1563 3255
1564 3255
1565 1590
1565 2010
1566 2010
1566 1671
1568 3166
1568 3154
1569 1571
1569 3164
1571 3169
1572 3157
1573 1631
1574 2981
1575 2674
1575 1581
1576 1577
1576 2363
1577 2364
1581 2670
1582 1583
1582 1639
1584 2243
1584 2455
1585 2460
1586 3324
1586 3319
1587 1744
1587 3325
1587 1761
1588 1721
1590 2011
1591 2016
1591 2017
1592 2014
1592 2015
1593 2018
1593 2017
1594 2015
1595 1599
1595 1598
1597 1601
1598 1600
1598 1599
1601 1603
1602 1603
1604 1605
1605 2104
1605 2101
1605 2098
1606 2360
1606 3237
1607 2684
1607 1951
1608 1875
1608 1874
1608 2474
1609 1870
1609 3235
1609 1871
1610 3143
1611 3138
1611 2092
1612 1844
1612 2493
1613 2494
1615 1781
1615 1780
1616 1781
1616 1778
1622 1623
1623 2868
1626 1627
1628 1632
1628 1959
1628 1961
1629 2040
1630 1632
1631 2673
1632 1959
1634 3145
1635 1636
1635 2003
1635 2024
1636 1638
1636 1963
1637 2003
1638 2521
1639 1643
1640 1641
1641 1643
1641 1642
1642 2476
1643 1644
1645 3124
1645 3123
1646 3128
1646 3127
1647 3126
1647 3125
1648 2995
1648 1649
1649 2994
1649 1650
1650 2994
1651 2910
1651 2032
1652 2975
1652 2974
1653 2904
1653 2912
1654 2912
1654 2911
1655 2911
1656 2975
1656 2912
1656 2976
1657 2976
1658 2911
1658 1995
1658 2973
1659 2951
1659 2952
1660 1996
1661 1663
1661 3274
1661 3273
1662 3256
1662 1667
1663 1665
1663 3039
1663 3275
1664 3262
1664 3261
1665 3268
1665 3276
1666 3038
1666 1703
1667 3257
1668 3267
1668 3152
1669 3260
1670 3255
1670 3259
1671 3254
1671 3162
1672 3254
1672 3253
1673 3162
1673 3160
1674 1711
1674 3170
1675 3160
1675 3253
1676 1707
1676 2237
1677 2886
1677 2658
1678 1679
1678 1708
1678 2362
1678 1685
1679 1709
1679 1710
1680 3171
1681 1713
1682 1713
1684 2356
1684 2769
1685 2886
1685 2362
1685 1709
1686 2884
1686 2658
1686 3214
1687 1688
1687 3213
1688 1712
1688 3213
1689 2783
1690 3109
1690 2783
1690 1696
1690 1692
1691 3113
1691 1693
1691 3103
1692 1693
1692 1696
1693 1695
1693 1694
1694 1695
1694 3103
1695 1697
1696 3110
1696 1698
1697 1701
1697 3110
1698 3112
1698 3111
1699 1700
1701 2779
1702 3267
1702 1705
1702 3266
1703 1704
1704 3265
1704 1707
1705 2883
1705 3263
1706 1707
1708 2237
1708 3263
1709 3213
1710 1711
1711 3152
1712 1713
1715 2439
1716 2857
1716 2086
1716 2085
1717 1718
1718 2267
1718 1812
1719 1824
1720 1722
1720 3203
1720 1860
1721 1722
1721 1725
1721 1723
1723 1727
1724 1726
1725 1727
1725 1726
1726 1728
1727 3325
1728 1729
1729 1730
1729 1733
1730 2737
1730 1732
1731 1735
1731 2737
1731 1747
1732 1733
1732 1735
1733 1734
1734 1737
1734 1738
1735 1736
1736 1737
1736 1957
1737 1739
1738 1740
1738 1741
1739 1745
1739 1742
1740 1741
1740 1761
1741 1742
1742 1745
1743 3324
1743 3325
1745 1746
1746 1747
1746 1761
1747 1748
1748 3002
1748 1887
1749 2365
1749 1751
1749 1750
1750 1752
1751 1752
1753 3220
1753 2888
1753 1754
1754 2888
1754 3217
1755 1756
1756 1758
1756 1757
1757 1759
1759 1760
1762 1856
1763 3012
1764 3219
1764 3218
1766 1767
1767 1971
1767 1768
1767 2856
1768 1769
1768 1945
1769 2856
1769 1945
1770 3194
1770 3195
1771 1772
1772 1773
1774 1775
1774 1845
1775 1777
1775 1776
1778 1779
1780 1781
1782 3184
1783 1787
1784 1786
1784 1785
1785 1950
1785 1790
1788 3234
1788 1791
1789 1792
1789 1790
1789 1793
1791 1792
1794 1795
1796 2234
1796 1797
1796 2201
1797 2233
1798 3216
1798 2233
1798 1802
1798 1799
1799 1802
1799 2149
1800 2149
1800 1801
1801 2644
1801 2283
1804 1805
1805 1806
1807 1810
1807 1812
1808 2036
1810 1811
1811 1813
1814 2496
1814 1824
1815 1825
1815 1828
1816 1820
1816 1825
1817 1829
1817 1818
1817 2496
1818 1822
1818 1831
1819 1826
1819 1821
1819 1822
1821 1840
1822 1823
1822 1831
1823 1826
1823 1833
1825 1827
1825 1830
1826 1834
1827 1832
1827 1828
1828 1832
1829 1835
1831 1836
1831 1835
1833 1838
1833 1834
1833 1837
1834 1840
1835 1836
1836 1837
1837 1838
1838 1839
1839 1840
1839 1841
1842 1844
1844 2493
1846 1847
1848 2027
1848 1981
1848 1980
1850 1851
1852 1855
1853 1855
1854 1855
1857 3151
1858 2888
1858 2887
1858 1859
1859 3217
1860 1861
1861 3202
1861 3194
1863 1865
1864 1866
1865 2684
1865 1868
1865 1869
1866 1867
1866 1869
1867 1871
1867 2858
1867 2859
1868 1870
1868 2684
1868 1872
1869 1870
1869 1871
1870 1872
1872 1873
1873 2683
1874 2472
1874 2470
1875 1877
1875 1876
1876 1879
1876 1877
1877 1878
1878 1880
1878 1881
1879 1880
1879 1884
1880 1881
1881 1882
1883 1884
1885 1886
1887 2987
1889 2996
1889 2509
1890 2193
1891 2021
1891 2022
1892 2020
1892 2181
1893 1924
1893 1922
1893 1923
1893 1905
1894 1921
1894 1896
1894 1933
1895 1915
1896 1914
1896 1897
1897 1915
1898 1929
1898 1918
1899 1903
1899 1922
1899 1917
1899 1905
1900 1901
1900 1902
1901 1920
1902 1918
1902 1929
1902 1920
1903 1916
1903 1911
1904 1930
1904 1925
1905 1906
1905 1916
1906 1924
1907 1916
1908 1910
1908 1909
1908 1926
1908 1917
1909 1913
1909 1915
1910 1911
1910 1912
1911 1917
1912 1926
1913 1931
1913 1917
1913 1922
1914 1921
1915 1926
1918 1919
1918 1932
1919 1928
1919 1933
1920 1932
1921 1930
1925 1933
1925 1928
1927 1929
1928 1932
1930 1933
1935 2062
1935 1936
1935 1938
1936 2361
1937 2062
1937 1938
1937 2063
1937 2067
1938 2065
1939 2072
1939 2071
1939 2074
1940 2072
1940 2361
1940 2077
1940 2070
1941 2090
1941 1943
1941 1942
1942 2361
1942 1944
1943 2089
1943 1944
1945 3362
1946 1971
1946 3328
1947 2006
1947 1948
1948 1949
1948 2035
1949 1950
1950 2035
1952 1953
1952 2989
1953 2990
1954 1955
1958 3000
1958 2999
1959 2986
1959 2985
1960 1961
1960 2393
1961 2727
1962 1963
1963 2024
1964 2393
1965 3192
1965 3182
1965 3183
1966 2675
1966 3005
1968 2056
1969 3218
1970 3327
1971 3327
1972 2410
1973 2533
1974 2159
1975 2157
1975 2156
1977 1978
1979 2360
1979 2132
1980 3320
1981 2027
1982 2940
1982 2942
1983 2021
1984 1985
1986 2351
1987 1988
1990 3161
1991 3170
1991 1992
1992 1993
1994 2976
1994 2952
1995 2951
1996 2952
1996 2949
1997 2951
1997 1998
2000 2958
2003 2004
2004 2005
2004 2024
2006 2393
2007 2752
2007 2008
2009 2010
2009 3259
2010 2011
2011 3162
2012 3347
2012 3348
2012 2013
2013 2637
2013 2014
2014 2015
2015 2016
2016 2017
2017 2018
2020 2022
2023 2376
2025 3321
2025 2028
2025 3319
2026 2027
2027 3320
2030 2868
2031 2033
2032 2033
2032 2906
2036 2037
2037 2039
2037 2038
2041 2042
2042 2370
2042 2368
2044 2045
2045 2687
2046 2047
2047 2048
2048 2049
2049 2050
2050 2686
2051 2686
2052 2053
2052 2984
2052 2054
2053 2054
2054 2055
2055 2055
2057 3278
2057 2059
2057 2320
2058 3318
2058 2059
2059 2699
2059 2698
2060 2064
2060 2061
2061 2063
2061 2062
2063 2064
2065 2066
2065 2067
2066 2068
2066 2069
2067 2069
2068 2071
2068 2070
2069 2071
2070 2072
2072 2075
2073 2074
2073 2073
2074 2076
2074 2075
2075 2078
2075 2077
2076 2078
2076 2080
2077 2079
2078 2079
2079 2081
2080 2081
2080 2382
2081 2384
2083 2085
2084 2857
2086 2857
2087 2088
2087 2090
2090 2667
2091 2091
2091 2358
2092 2373
2092 2096
2093 3139
2093 2094
2093 2095
2096 3139
2096 2097
2099 2100
2099 2102
2099 2101
2100 2108
2100 2114
2101 2102
2102 2103
2104 2105
2105 2106
2107 2110
2107 2108
2107 2109
2108 2109
2109 2115
2110 2111
2110 2112
2113 2119
2113 2124
2113 2126
2115 2117
2115 2116
2117 2119
2117 2121
2117 2123
2118 2121
2119 2122
2120 2122
2121 2122
2124 2128
2124 2126
2125 2128
2126 2127
2126 2130
2128 2129
2129 2131
2130 2131
2130 2136
2132 2133
2132 2134
2133 2133
2135 2136
2135 2137
2136 2137
2137 2138
2138 2139
2138 2140
2139 2139
2141 2495
2142 2143
2146 2147
2146 2283
2148 2149
2150 2151
2151 2152
2152 2153
2154 3222
2155 2401
2155 2175
2155 2308
2157 2159
2157 2158
2159 2528
2160 2740
2160 2196
2160 2192
2161 2170
2162 2296
2162 2183
2162 2811
2162 2743
2163 2301
2163 2170
2163 2197
2164 2301
2164 2166
2164 2165
2166 2187
2167 2180
2167 2300
2167 2172
2168 2173
2168 2171
2168 2180
2169 2272
2169 2300
2169 2890
2170 2187
2171 2184
2171 2890
2172 2179
2172 2188
2172 2405
2173 2179
2173 2298
2174 2175
2174 2325
2174 2179
2175 2739
2175 2405
2176 2299
2176 2297
2176 2182
2177 2178
2178 2297
2178 2643
2179 2180
2180 2890
2181 2210
2181 2193
2182 2748
2182 2185
2183 2186
2183 2899
2183 2889
2184 2899
2185 2198
2185 2740
2185 3212
2186 2301
2186 2296
2187 2301
2188 2971
2188 2969
2189 2298
2190 2195
2190 2191
2190 2196
2191 2193
2191 2210
2192 2195
2192 2198
2194 2198
2194 2210
2194 2195
2195 2196
2196 2197
2199 2200
2201 3231
2202 2732
2202 2203
2202 2205
2203 2204
2203 2234
2204 2205
2204 3231
2205 3231
2205 2206
2206 2207
2206 3230
2207 2208
2208 2209
2208 3181
2211 2800
2212 2216
2212 2213
2212 2217
2213 2218
2213 2219
2214 2217
2214 2221
2215 2446
2217 2228
2220 2228
2221 2229
2221 2230
2222 2223
2222 2229
2222 2230
2223 2227
2223 2225
2224 2229
2224 2450
2224 2226
2225 2230
2225 2228
2226 2232
2226 2231
2231 2232
2233 2234
2235 2236
2237 3264
2237 2362
2238 2239
2238 2882
2238 3159
2239 3268
2239 3040
2240 3048
2240 3262
2240 3269
2241 2432
2241 3256
2242 3270
2242 2248
2242 2457
2243 2457
2244 3049
2245 2453
2245 3049
2245 2246
2246 2458
2246 2247
2247 2248
2247 3034
2248 2458
2249 2454
2249 2250
2249 2255
2250 2251
2250 2262
2251 2261
2251 2271
2252 2253
2252 2261
2252 2264
2253 2259
2253 2254
2253 2263
2254 2261
2254 2260
2254 2262
2255 2257
2255 3049
2255 2256
2256 2257
2256 2258
2257 2262
2258 2262
2258 2803
2258 2260
2259 2802
2259 2260
2259 2263
2260 2334
2263 2801
2263 2265
2264 2265
2264 2266
2265 2266
2266 3299
2268 2269
2270 3000
2270 3006
2272 2811
2272 3208
2273 2396
2273 2400
2273 3208
2276 2277
2278 3252
2279 2806
2280 2842
2280 2281
2281 2840
2283 2412
2286 2286
2286 3204
2287 3201
2287 3353
2287 3204
2288 2289
2289 2292
2290 2294
2291 2292
2292 2294
2293 2294
2296 2740
2297 2302
2298 2325
2299 2971
2299 2967
2299 2649
2300 2969
2302 2303
2302 2409
2303 2738
2303 2967
2304 2409
2304 2307
2304 2643
2305 2309
2305 2307
2305 2306
2306 2402
2306 2891
2307 2309
2308 2891
2308 2894
2309 2893
2309 2402
2310 2648
2310 2311
2311 2313
2311 2804
2312 2315
2312 2318
2312 2314
2313 2318
2313 2315
2313 2707
2315 2316
2317 2417
2317 2335
2317 2318
2319 2706
2319 2703
2319 2778
2320 2700
2320 2703
2320 2699
2321 3050
2321 2848
2321 2849
2322 2323
2322 3175
2323 2843
2323 2847
2324 2325
2326 2327
2326 2799
2327 2490
2328 3145
2329 2332
2330 2332
2331 2332
2332 2333
2333 2334
2335 2348
2335 2350
2336 2350
2337 2349
2338 2422
2338 2416
2338 2415
2339 2340
2339 2345
2339 2422
2341 2342
2342 2346
2343 2347
2343 2344
2344 2421
2344 2413
2345 2346
2345 2417
2346 2417
2347 2413
2348 2418
2348 2349
2349 2350
2351 2695
2352 2671
2352 2355
2352 2354
2353 2355
2353 2670
2353 2354
2354 2355
2356 2357
2358 2359
2358 2360
2364 2365
2364 2366
2365 2366
2367 2376
2367 2368
2368 2369
2370 2371
2374 2375
2377 2378
2379 2380
2382 2384
2382 2385
2383 2385
2383 2384
2388 2389
2388 2390
2389 2391
2390 2391
2392 2393
2394 2425
2394 2395
2395 2425
2396 2397
2396 2398
2398 2649
2398 2399
2401 2403
2401 2891
2402 2891
2403 2738
2404 2406
2404 2970
2404 2407
2405 2406
2406 2408
2407 2408
2407 2738
2408 2739
2409 2643
2410 2412
2411 2412
2413 2418
2414 2415
2415 2419
2419 2421
2420 2421
2423 2424
2426 2427
2428 2429
2432 2433
2433 3270
2433 2434
2434 2435
2436 2456
2437 2438
2438 2439
2438 2440
2439 2440
2440 2441
2442 2443
2444 2445
2445 2446
2447 2448
2447 2449
2448 2451
2448 2449
2450 2451
2452 2453
2453 2454
2455 2456
2456 2457
2457 2458
2459 2460
2461 2462
2461 2954
2463 2465
2463 2466
2463 2464
2464 2467
2464 2466
2465 2467
2468 2469
2469 3235
2470 2471
2470 3133
2470 3134
2471 2472
2471 2473
2472 3235
2473 2474
2474 3133
2475 2478
2475 2476
2477 2478
2480 2481
2480 2482
2481 2482
2483 2484
2484 2485
2484 2486
2487 2488
2490 2491
2492 2494
2498 2499
2500 3001
2501 3001
2501 2502
2501 3000
2503 2999
2503 2505
2504 2999
2505 2998
2505 2507
2506 2998
2507 3003
2507 2509
2508 3003
2509 2997
2510 2997
2511 3006
2511 2677
2512 2513
2514 2518
2514 2516
2515 2516
2515 2519
2515 2518
2516 2517
2517 2519
2520 2522
2521 2522
2523 2524
2523 2685
2525 2526
2526 2527
2526 2532
2526 2533
2527 2528
2527 2533
2527 2531
2529 2530
2529 2532
2530 2531
2531 2532
2534 2535
2534 2534
2535 3174
2536 2638
2536 2639
2536 2537
2536 2633
2537 2640
2537 2641
2537 2634
2538 2539
2538 3243
2538 3242
2539 2540
2539 3241
2540 3240
2540 3245
2541 3243
2541 2542
2541 3238
2542 3244
2542 3246
2543 2592
2544 2596
2545 2599
2546 2547
2547 2599
2547 2598
2548 2549
2549 2602
2550 2551
2552 2632
2552 2553
2552 2631
2554 2555
2555 2566
2555 2563
2556 2557
2557 2563
2557 2562
2559 2560
2561 2562
2563 2564
2565 2566
2566 2567
2568 2607
2568 2569
2568 2605
2569 2571
2569 2580
2570 2609
2570 2571
2570 2607
2571 2573
2572 2573
2572 2609
2573 2575
2574 2576
2574 2575
2575 2577
2576 2579
2576 2577
2577 2578
2578 2579
2580 2581
2580 2583
2581 2605
2581 2603
2582 2583
2582 2584
2584 2603
2584 2601
2585 2590
2585 2591
2586 2593
2586 2587
2587 2588
2588 2589
2588 2590
2589 2593
2589 2595
2591 2595
2591 2600
2592 2594
2593 2594
2594 2596
2595 2596
2596 2599
2597 2599
2597 2600
2597 2598
2601 2602
2602 2604
2603 2604
2604 2606
2605 2606
2606 2608
2607 2608
2610 2611
2610 2612
2612 2613
2612 2614
2614 2615
2614 2616
2616 2617
2616 2618
2618 2619
2618 2620
2619 2621
2620 2621
2622 2623
2622 2624
2623 2625
2624 2625
2624 2626
2626 2627
2626 2628
2627 2629
2628 2629
2628 2630
2629 2631
2630 2631
2630 3011
2632 3011
2633 2639
2633 2635
2634 2640
2634 2636
2635 2636
2635 2637
2636 2637
2639 2640
2646 2647
2646 2648
2647 2651
2649 2969
2650 2808
2651 2652
2654 2655
2655 2656
2655 3190
2657 2658
2659 2660
2660 2661
2660 2663
2662 2663
2664 2665
2665 2666
2668 2669
2672 2673
2674 2981
2674 2982
2675 3004
2675 2676
2676 2678
2676 3004
2677 2678
2677 3007
2678 3005
2679 2862
2679 2680
2681 2684
2681 2682
2681 2683
2686 2688
2687 2688
2692 2814
2693 2817
2693 2814
2694 2813
2694 2818
2696 2962
2696 2964
2697 2966
2697 2964
2699 3318
2700 3278
2701 2705
2702 2778
2703 2777
2704 2777
2705 2706
2705 2778
2707 2800
2707 2804
2708 2709
2708 2721
2708 2720
2710 2711
2710 2714
2710 2727
2711 2713
2711 2727
2712 2713
2713 2715
2714 2715
2714 2717
2715 2716
2716 2717
2716 2718
2717 2724
2718 2719
2718 2724
2719 2726
2719 2720
2720 2721
2720 2722
2721 2726
2722 2723
2722 2724
2725 2726
2725 2725
2728 2729
2730 2731
2733 2735
2734 2735
2738 2739
2740 3209
2741 2742
2742 2743
2742 2744
2743 2748
2743 3208
2744 2745
2744 3207
2745 2747
2745 2746
2746 3207
2746 3206
2747 3209
2747 3211
2747 3206
2748 3207
2749 2750
2750 2750
2752 2753
2754 2769
2754 2770
2755 2756
2756 2773
2756 2766
2757 2773
2757 2758
2757 2760
2759 2760
2760 2764
2761 2762
2762 2764
2762 2763
2764 2765
2766 2767
2766 2770
2768 2769
2769 2771
2770 2771
2770 2774
2771 2773
2772 2773
2776 3204
2777 2778
2780 2781
2781 2782
2781 2783
2783 2784
2784 3117
2785 2796
2786 2787
2787 2794
2787 2793
2788 2789
2788 2790
2789 2791
2790 2791
2790 2795
2791 2792
2791 2793
2793 2795
2794 2796
2794 2795
2796 2797
2801 2802
2807 2808
2809 2810
2810 2812
2810 2900
2811 2889
2813 2814
2815 2817
2816 2822
2817 2818
2817 2820
2818 2822
2819 2820
2820 2821
2822 2823
2823 2825
2823 2824
2826 2831
2826 3225
2826 2836
2826 2833
2827 2834
2828 2835
2830 2835
2831 2832
2834 2839
2835 2839
2835 2836
2836 2837
2840 2841
2840 2842
2840 3229
2841 3228
2841 3226
2842 2846
2842 2843
2843 2844
2844 2846
2847 2848
2848 3228
2849 2852
2850 2852
2851 2852
2853 2962
2853 3149
2854 3149
2858 2859
2860 3185
2860 3187
2861 2862
2863 3298
2864 3146
2865 3346
2865 2866
2867 2868
2869 2870
2871 3122
2872 2874
2872 2877
2872 2876
2873 2879
2873 2875
2878 3326
2880 3326
2881 3256
2881 3262
2882 3153
2883 3264
2883 3266
2884 3215
2884 2886
2885 3215
2889 2890
2889 2900
2892 2896
2892 2893
2894 2897
2894 2896
2895 2897
2896 2897
2897 2898
2899 2900
2901 2904
2901 2902
2901 2942
2902 2903
2902 2943
2903 2904
2903 2905
2906 2908
2906 2910
2907 2910
2908 2909
2913 2917
2913 2915
2913 2914
2915 2922
2915 2916
2916 2920
2917 2918
2918 2919
2918 2920
2921 2922
2921 2929
2923 2924
2923 2926
2923 2928
2924 2929
2924 2925
2925 2926
2925 2932
2926 2927
2928 2933
2929 2930
2931 2932
2932 2933
2933 2934
2935 2937
2935 2936
2937 2939
2938 2939
2939 3018
2940 2941
2941 2943
2941 2942
2944 2945
2946 3174
2946 2948
2947 2948
2949 2950
2951 2968
2954 2955
2954 2959
2955 2956
2955 2958
2957 2958
2958 2959
2960 2961
2963 2966
2963 2965
2964 2965
2965 2966
2967 2970
2970 2971
2972 2973
2974 2976
2974 2975
2977 2978
2979 2980
2979 2983
2980 2983
2980 2984
2981 2982
2982 2983
2984 2986
2985 2986
2987 2988
2991 2992
2994 2995
2996 2997
2997 3003
2998 2999
2998 3003
3000 3001
3001 3002
3005 3006
3008 3041
3009 3041
3009 3010
3012 3013
3012 3014
3015 3017
3016 3017
3019 3020
3019 3021
3020 3021
3022 3023
3022 3029
3023 3030
3023 3031
3024 3026
3025 3026
3026 3028
3027 3028
3027 3029
3028 3030
3029 3030
3031 3032
3031 3033
3034 3271
3036 3037
3038 3153
3038 3266
3039 3040
3039 3273
3039 3268
3040 3269
3042 3043
3043 3044
3045 3046
3047 3271
3047 3270
3048 3272
3050 3227
3050 3229
3051 3054
3051 3095
3052 3053
3052 3095
3052 3094
3053 3090
3053 3091
3054 3090
3055 3099
3055 3063
3055 3076
3056 3064
3056 3061
3056 3099
3057 3069
3057 3064
3057 3068
3058 3074
3058 3069
3059 3075
3059 3065
3059 3087
3059 3097
3060 3066
3060 3100
3061 3101
3061 3068
3062 3097
3062 3065
3063 3077
3063 3070
3063 3064
3065 3072
3065 3078
3066 3067
3066 3101
3067 3100
3067 3102
3069 3070
3070 3071
3072 3074
3072 3073
3075 3078
3075 3076
3076 3077
3077 3078
3079 3312
3079 3293
3079 3085
3080 3312
3080 3083
3080 3082
3081 3084
3081 3082
3081 3083
3082 3084
3083 3084
3085 3308
3086 3086
3086 3308
3087 3088
3087 3100
3089 3092
3090 3093
3091 3092
3091 3093
3092 3093
3095 3096
3097 3098
3099 3102
3101 3102
3103 3106
3104 3106
3105 3119
3106 3107
3106 3119
3107 3108
3107 3121
3109 3115
3109 3117
3113 3115
3113 3114
3115 3116
3117 3118
3119 3120
3130 3131
3132 3133
3135 3136
3135 3236
3136 3137
3138 3139
3140 3141
3143 3144
3147 3148
3149 3150
3151 3216
3153 3267
3154 3163
3154 3161
3155 3156
3155 3163
3156 3157
3157 3158
3158 3159
3160 3167
3160 3348
3161 3169
3162 3164
3163 3166
3164 3165
3165 3166
3167 3168
3168 3169
3170 3171
3172 3178
3172 3295
3172 3279
3173 3173
3173 3174
3175 3284
3175 3176
3177 3278
3177 3295
3177 3296
3178 3292
3178 3290
3179 3287
3179 3288
3180 3181
3180 3191
3180 3190
3182 3189
3182 3183
3183 3191
3184 3193
3184 3186
3185 3186
3185 3188
3186 3188
3187 3192
3187 3188
3189 3190
3192 3193
3194 3195
3196 3197
3196 3355
3196 3352
3197 3349
3197 3358
3198 3349
3198 3354
3200 3360
3200 3361
3201 3204
3202 3203
3205 3206
3209 3210
3214 3215
3219 3221
3224 3225
3226 3227
3226 3229
3227 3228
3230 3231
3230 3232
3232 3233
3238 3250
3238 3246
3239 3245
3239 3240
3240 3248
3241 3248
3241 3242
3242 3244
3243 3244
3246 3249
3246 3247
3248 3249
3250 3251
3251 3252
3252 3253
3254 3255
3257 3258
3260 3261
3263 3264
3269 3273
3272 3274
3274 3275
3275 3276
3277 3295
3277 3278
3277 3289
3279 3296
3279 3286
3280 3286
3280 3288
3280 3281
3281 3282
3281 3291
3282 3283
3282 3292
3283 3291
3283 3294
3284 3285
3286 3287
3287 3288
3287 3296
3288 3291
3289 3290
3289 3312
3290 3294
3290 3293
3292 3294
3293 3294
3295 3296
3297 3298
3298 3302
3299 3301
3300 3301
3301 3302
3301 3304
3302 3303
3302 3305
3306 3307
3309 3310
3310 3311
3311 3312
3319 3320
3321 3322
3321 3323
3322 3323
3323 3324
3328 3329
3330 3331
3331 3340
3331 3341
3332 3333
3332 3336
3332 3337
3333 3338
3333 3335
3334 3338
3335 3345
3335 3346
3336 3340
3336 3338
3337 3344
3337 3345
3339 3340
3340 3344
3342 3343
3342 3344
3343 3345
3347 3348
3349 3359
3350 3359
3351 3358
3353 3354
3356 3358
3357 3359
3360 3361
