0 516
0 22
0 1445
1 2075
1 1445
1 2413
2 6119
2 2441
2 2452
3 3339
3 2440
3 2939
4 3042
5 1345
5 1333
5 2873
5 1383
6 2360
6 793
6 3465
7 309
7 3219
7 2872
8 337
8 730
8 1147
8 340
9 5529
9 332
9 148
10 2869
10 813
10 148
11 817
11 2093
11 2094
12 2868
12 2862
12 108
12 2093
13 4599
13 4601
13 4605
14 512
14 15
14 513
15 4728
15 513
16 514
16 2116
16 4541
17 4689
17 2113
17 4535
17 2110
18 771
18 2111
18 129
19 2152
19 2151
20 66
20 2153
20 2151
21 1643
21 907
21 934
22 522
22 524
22 3445
23 5542
23 5544
23 5543
24 5539
24 5541
24 5389
25 5539
25 3362
25 5538
26 5384
26 6590
26 5385
27 2550
27 5537
27 6593
28 29
28 5536
28 216
29 217
29 216
30 219
30 218
31 174
31 1740
31 56
32 1242
32 58
32 2713
32 1279
33 3645
33 6065
33 1239
33 1233
34 187
34 6281
34 6282
35 36
35 187
35 188
36 37
36 197
37 6279
37 6282
38 74
38 85
38 6425
38 184
39 777
39 181
39 6418
40 2704
40 3639
40 2705
41 640
41 775
41 5307
42 639
42 43
42 775
43 637
44 192
44 2399
44 120
45 5794
45 1495
45 5196
46 1188
46 48
46 1867
47 1881
47 49
47 1188
48 2528
48 50
49 778
49 1188
50 3120
50 3113
51 2777
51 1586
52 207
52 792
52 1248
53 207
53 5948
53 191
53 2775
54 2874
54 2875
54 2876
55 56
55 85
55 182
56 6423
57 809
57 58
57 2865
58 808
58 6278
59 795
59 3463
59 112
60 3444
60 3443
60 1411
60 3442
61 5291
61 62
61 3165
62 3166
62 3165
63 3173
63 3199
63 453
64 235
64 612
64 3175
65 3491
65 3492
65 3489
65 3490
66 2418
66 2154
67 2077
67 2418
68 181
68 2037
68 1285
68 6419
69 2691
69 6581
69 3098
70 802
70 6279
70 5039
70 789
71 92
71 90
71 796
72 73
72 92
72 804
73 6587
73 1578
74 1238
74 1240
75 185
75 1238
75 5239
76 77
76 173
76 78
77 2071
78 1270
78 130
79 1152
79 3037
79 552
80 1151
80 1152
80 1156
81 3438
81 3436
81 3435
81 3437
82 1404
82 1434
82 1337
83 2071
83 174
83 1259
84 3113
84 778
84 781
85 100
86 2038
86 2033
86 100
86 99
87 2026
87 2030
87 2677
88 801
88 89
88 3536
89 5834
89 800
90 801
90 1317
91 166
91 92
91 93
93 168
93 801
94 95
94 167
94 2121
95 2023
95 96
96 98
96 5628
97 2049
97 98
97 2047
98 6310
99 2865
99 100
101 2857
101 2876
101 102
102 103
102 106
103 2842
103 2879
104 2881
104 105
104 2842
105 2880
105 106
106 2878
107 5631
107 108
107 2881
108 2093
109 110
109 1585
109 794
110 111
110 648
111 112
111 1425
112 795
113 115
113 1439
113 1370
114 1439
114 1362
114 2335
114 1411
115 1438
115 116
116 117
116 1370
117 1412
117 118
118 1359
118 1416
119 1237
119 1234
119 191
119 787
120 791
120 1234
121 122
121 189
121 199
121 3530
122 2432
122 3645
123 2312
123 124
123 1736
124 1735
124 2314
124 1736
124 2313
124 2320
125 1734
125 1953
125 2322
126 3442
126 5689
126 134
127 5689
127 133
127 3083
128 129
128 5229
128 3044
129 2107
130 173
130 1283
131 3441
131 3440
131 3435
131 3439
132 548
132 5929
132 2703
133 5689
133 1411
134 3437
134 3082
135 138
135 3020
135 3377
136 3020
136 3483
136 3019
136 3484
137 142
138 2149
138 140
138 142
139 140
139 5915
139 3467
140 141
141 1425
141 3461
142 143
143 1414
143 2148
144 5707
144 5609
144 3316
145 147
145 2774
145 146
146 5858
146 147
146 2880
147 5859
147 2878
148 1185
148 325
149 150
149 155
149 736
151 152
151 736
151 153
152 153
152 155
153 2066
154 156
155 156
156 2068
157 158
157 3365
157 163
158 159
158 5970
159 160
159 3369
160 161
160 3368
161 162
161 3367
162 163
162 3366
163 3364
164 5973
164 5976
164 3493
164 3494
165 3474
165 3369
165 251
165 245
166 5308
166 804
167 168
167 2022
168 5833
169 2123
170 3786
170 2438
170 171
171 6113
171 6082
172 177
172 173
172 175
174 1275
175 1326
175 176
178 1227
178 2352
178 179
179 1250
179 1230
180 2044
180 6408
180 6407
181 6414
182 2039
182 2043
183 184
184 1744
185 5265
185 1225
186 1739
186 5265
186 1242
187 188
188 2433
189 190
189 1252
190 1315
190 1249
191 193
192 193
192 1237
193 2773
194 2086
194 2401
194 2399
195 2399
196 5268
197 198
197 791
198 787
198 199
199 786
200 819
200 201
200 815
202 203
202 5845
202 204
203 822
203 821
204 3325
204 2405
205 2356
205 1204
205 1499
205 1610
206 459
206 2413
206 2076
207 208
209 210
209 1262
209 2426
209 6050
210 1276
210 1289
210 6051
211 212
211 214
211 3584
212 215
212 213
213 214
213 3583
214 3582
216 221
217 218
217 222
218 222
219 220
220 221
220 2072
221 2072
223 1500
223 785
223 3072
224 2615
224 2618
225 244
225 266
225 3472
226 232
226 5991
226 3492
227 3494
227 275
227 5185
228 6003
228 3490
228 6006
229 1150
229 230
229 6018
230 3409
230 3410
231 6018
231 3472
231 3409
231 6017
232 236
232 233
233 236
233 3423
234 250
234 1460
234 2143
234 236
235 411
235 6470
237 238
237 267
237 268
238 3356
238 3424
239 244
239 246
239 3424
240 3330
240 368
240 252
240 413
241 3370
241 3372
241 247
241 3371
242 2781
242 243
242 256
243 246
243 247
244 245
245 3471
246 251
247 251
248 6017
248 3471
248 6003
249 6006
249 3473
249 3474
250 6374
250 612
251 5970
252 371
252 368
253 3330
253 2785
253 3337
253 3453
254 828
254 407
254 1641
255 256
255 3384
255 5147
256 3356
257 3447
257 258
257 260
258 3036
258 2778
259 1154
259 1151
259 274
260 5874
260 3301
260 270
261 266
261 269
261 3225
262 3347
262 269
262 3447
263 3189
263 321
263 3188
264 265
264 281
264 286
265 3584
265 3585
266 267
267 268
268 3187
269 5232
270 3034
270 3300
271 3222
271 2783
271 3191
271 3349
272 3155
272 273
272 1151
273 274
273 5700
274 5884
275 276
275 3367
275 2143
276 3323
276 277
277 373
277 369
278 279
278 3324
278 3323
279 2143
279 1454
280 296
280 5701
280 5707
281 297
281 282
282 283
282 287
283 5702
283 298
284 293
284 287
284 294
285 3451
285 289
285 290
286 288
286 287
288 289
290 291
290 293
291 292
291 3451
292 5707
292 5606
292 293
294 295
294 5698
296 5710
296 5708
297 321
297 298
298 299
298 319
299 302
299 301
300 301
300 359
300 5703
301 361
302 322
302 360
303 312
303 6400
303 6401
304 3194
304 3195
304 3223
305 6399
305 6378
305 3383
306 3349
306 3223
306 3358
307 311
307 335
307 6399
308 6401
308 315
308 6376
309 2871
309 3389
309 3221
309 2870
310 339
310 347
310 311
311 336
312 317
312 313
313 314
313 335
314 316
314 315
315 6399
317 834
317 324
317 348
318 352
318 3189
318 6400
319 320
319 350
320 321
320 351
322 355
322 837
323 324
324 334
325 327
325 330
326 333
326 331
326 339
327 328
327 331
329 330
330 333
331 332
332 6347
333 336
333 3578
333 5655
334 335
334 5655
336 338
337 5529
337 6347
338 6347
338 339
340 344
340 346
341 343
341 342
341 345
343 3388
343 3387
344 345
344 3387
345 346
346 347
347 5323
348 349
348 354
350 351
350 354
351 352
352 353
354 355
355 356
357 835
358 814
359 362
359 361
360 830
360 364
360 829
361 364
362 5706
362 5264
363 365
363 364
363 5264
365 829
365 818
365 812
366 5277
366 454
366 377
367 386
367 378
367 5157
368 3364
369 370
369 372
370 371
370 3366
371 2851
372 2851
372 374
373 3323
373 1469
374 375
374 385
376 4069
376 390
376 2852
377 2287
377 2289
378 379
378 381
379 412
379 380
380 381
380 2289
381 382
382 2276
382 5272
383 384
383 2282
383 2276
385 386
385 387
385 2278
386 5272
387 392
387 391
388 389
388 397
388 392
390 433
390 399
390 392
393 396
393 5269
393 3497
393 424
394 395
394 402
394 396
395 404
395 397
396 428
397 398
399 400
399 3363
400 401
400 402
401 432
401 428
402 403
405 433
405 444
405 4069
406 486
406 2297
406 2295
407 409
407 2781
408 1641
408 2784
408 3454
409 2782
409 3454
410 6470
410 6471
410 6473
411 412
411 6471
411 5830
412 1454
413 3371
413 3575
414 2288
414 2277
414 2281
415 2287
415 5274
415 416
416 417
416 2288
417 3497
417 418
418 420
418 3329
419 2277
420 424
420 3328
421 426
422 2278
422 5269
422 423
424 425
425 2305
425 486
426 427
426 438
428 429
429 430
429 6539
430 2947
430 2290
431 432
431 436
431 6539
432 437
433 434
434 435
434 440
437 438
437 2948
438 439
440 2948
440 441
440 3579
441 445
441 444
442 3340
442 444
442 443
443 3339
443 3338
445 3338
445 5752
446 448
446 2291
446 447
447 448
447 3327
448 2295
449 450
449 2294
449 3682
451 6469
452 5749
452 2929
452 2924
453 2990
453 3292
454 3292
454 5277
455 5026
455 2356
455 1592
456 458
456 457
456 610
457 1465
457 458
458 609
459 5682
459 3057
460 6167
460 5022
460 462
461 475
463 6148
463 469
463 2369
463 6151
464 1984
464 3097
464 1985
464 5022
465 6145
465 473
465 496
466 467
466 6145
466 489
467 3677
467 5025
468 3298
468 469
468 473
469 470
470 471
470 473
472 496
474 500
474 6151
474 4325
475 476
475 478
476 492
476 484
477 478
477 486
477 482
478 479
479 480
479 483
480 481
480 482
482 487
483 3326
483 484
484 485
485 492
485 488
486 2305
487 3682
487 6469
488 499
488 6469
489 495
489 490
491 5322
491 3681
491 4279
492 499
493 496
493 494
493 5020
494 4277
494 495
495 4277
497 4424
497 5695
497 4475
498 5322
498 5695
498 4278
499 3681
500 504
500 4346
501 4411
501 4422
501 4400
502 503
502 4411
502 4393
503 504
503 506
504 505
505 506
505 1567
506 1975
507 2412
507 4586
507 2409
508 2409
508 4609
508 509
509 2410
509 2411
510 3501
510 3206
510 4581
510 3481
511 2116
511 515
511 3205
512 515
512 2117
513 2118
514 2118
514 2119
515 3205
516 524
517 2534
517 518
517 1632
518 770
518 2533
519 6558
519 770
519 2532
520 2530
520 2529
520 6558
521 1632
521 2531
521 2530
522 523
522 1626
523 1619
523 3445
524 2537
524 1626
525 1493
525 1472
525 3679
526 527
526 1461
526 1474
527 5110
527 1473
528 6188
528 6186
528 6191
529 6173
529 2568
530 2556
530 5117
530 2555
530 5113
531 540
531 531
532 534
532 5524
532 3295
533 535
533 1398
533 5191
534 535
534 543
535 3544
536 6131
536 6375
536 538
536 6174
537 538
537 6131
537 5247
538 539
539 540
539 1490
539 541
540 3545
541 542
542 3546
543 1452
543 544
543 1490
544 2702
544 5558
545 1479
546 1450
547 5248
547 1452
547 3680
548 1353
548 2702
549 2436
549 5891
549 3413
550 1186
550 6186
550 3212
551 1468
551 591
551 593
552 3035
552 3317
552 3082
553 3577
553 2437
553 5891
553 5894
554 3446
554 5700
554 3155
555 3212
555 1478
555 3123
556 6136
556 2593
556 5446
557 567
557 5755
557 5753
557 5754
558 560
558 579
558 3415
559 560
559 3207
559 565
560 1475
561 562
561 3333
561 563
562 562
563 5523
563 590
564 5514
564 568
564 5528
565 583
565 581
566 6140
566 567
566 3333
567 6141
567 6142
568 6334
568 3333
569 5129
569 5132
570 5133
570 5448
570 5129
571 5450
571 5447
571 5133
572 5466
572 5460
572 578
573 5464
573 5457
573 5466
574 5456
574 5463
574 5450
575 6135
575 5455
575 5456
576 577
576 5459
576 5460
577 578
577 5461
578 606
579 3415
579 1494
579 1482
580 584
580 1494
580 586
581 582
581 590
582 584
582 583
583 3208
584 585
586 590
586 1590
586 592
587 589
587 588
587 593
589 3336
589 1482
591 594
591 596
592 598
592 594
593 594
595 600
596 597
596 598
597 611
597 1478
598 599
599 600
599 3346
600 602
601 607
602 3346
602 604
603 604
603 5280
603 5281
604 1603
605 5477
605 5478
605 1459
606 5475
606 5478
607 1603
607 3210
608 610
608 1459
608 609
609 3124
610 5278
611 3122
611 3346
612 1460
612 3346
613 3030
613 1310
613 1282
614 1433
614 3513
614 1384
615 1277
615 1272
615 617
616 617
616 3417
616 3416
617 1277
618 2797
618 3508
618 619
619 2429
619 1354
619 2427
620 6065
620 1232
620 6066
621 622
621 1394
621 1363
622 5959
622 3013
623 1372
623 1396
623 5633
624 3099
624 6082
624 2885
625 5629
625 3100
625 3322
626 641
626 2062
626 5306
627 1622
627 631
627 5532
628 3318
628 3065
628 3067
629 630
629 3318
629 5038
630 908
630 2496
631 2532
632 1497
632 2760
632 2989
633 1676
633 1712
633 2512
634 2667
634 2662
634 2417
634 1669
635 1714
635 1658
635 2662
635 1681
636 2062
636 639
636 2060
637 5162
637 638
637 2913
638 5172
638 639
640 2704
640 3595
641 1748
641 6430
642 1383
642 1405
642 1442
643 644
643 1140
643 886
644 6491
644 5075
645 5074
645 646
645 2150
645 2152
646 5075
647 648
647 1579
647 1585
648 2429
648 3448
649 5654
649 786
650 1252
650 792
650 5654
651 692
651 674
651 652
652 6121
652 660
653 688
653 699
653 708
654 697
654 658
654 733
655 6544
655 683
655 3400
656 704
657 671
657 673
657 684
658 668
658 711
659 700
659 679
659 1034
660 1036
660 698
661 667
661 709
661 5332
662 671
663 709
664 733
664 707
664 3216
664 3217
665 692
666 675
666 6124
666 6121
667 5044
667 5043
668 1008
668 3304
668 962
669 5209
669 942
669 5044
670 5804
670 2976
670 6090
671 711
672 683
673 5208
673 690
674 675
674 5041
675 2971
676 706
676 684
676 687
677 754
677 712
677 722
678 702
678 695
678 3398
679 696
679 1032
680 3394
680 3216
680 733
681 686
682 704
683 6545
683 696
684 5208
685 706
686 702
686 699
687 962
687 3396
688 695
688 699
689 703
689 733
689 707
690 3398
690 711
691 712
691 3217
691 701
691 710
692 698
693 706
694 3218
694 3219
694 707
695 3400
696 5333
696 6545
698 700
700 704
701 747
701 3215
702 5209
705 2971
705 6124
705 5804
708 5332
708 6544
709 5331
710 747
710 767
712 3218
712 6181
713 740
713 734
714 762
714 738
714 750
715 749
715 4874
715 6554
715 752
716 724
716 2069
716 752
717 719
718 728
718 730
719 735
719 5029
720 737
721 760
721 725
721 756
722 3380
722 759
723 740
724 2069
724 5030
725 2882
725 765
726 737
726 2430
726 5030
727 743
727 745
727 2156
728 748
729 742
729 753
729 768
730 760
731 756
732 5028
732 5029
732 752
734 2069
734 6553
735 750
735 749
736 737
738 757
738 762
739 766
739 747
739 764
741 768
741 762
741 750
743 763
743 5007
744 758
744 5260
744 6303
745 6551
745 2067
746 751
746 749
746 763
748 3378
748 759
751 1074
751 5260
753 765
753 6303
754 767
754 764
755 769
755 758
755 2882
756 760
758 766
759 2769
761 5028
761 5315
761 768
763 5011
764 767
764 769
765 5315
766 3216
766 1027
769 2769
770 5532
771 2109
771 2111
771 2108
772 4679
772 2112
772 2111
773 4679
773 4685
774 6407
774 1748
774 3556
775 3588
776 3587
776 3796
777 6428
777 2709
777 3638
778 781
779 2134
779 1510
779 5144
780 1548
780 1899
780 1917
781 1952
782 783
782 2398
782 3069
783 784
783 3063
784 3070
784 3063
785 3073
785 3072
786 787
788 791
788 790
788 6337
789 5149
789 6337
792 1231
793 5128
793 1382
794 795
794 5947
797 5834
797 5835
797 5833
798 3534
798 809
798 3532
799 800
799 802
799 1322
800 2674
802 1267
802 1331
803 806
804 5068
805 5140
806 5070
806 5072
807 808
808 5039
809 3533
810 818
810 2779
810 2869
810 3016
811 818
812 817
812 818
813 815
813 6547
814 830
814 2779
815 816
817 5610
819 822
819 824
820 2959
820 824
820 822
821 822
821 3325
823 824
825 2364
825 2394
825 1704
826 2388
826 827
826 3644
827 2394
827 2388
828 3315
828 5147
828 2781
829 833
830 832
831 837
832 2754
832 5614
834 836
834 5262
835 836
835 5615
836 838
837 2754
839 6070
840 903
840 4245
840 860
841 903
841 850
841 863
842 902
842 844
842 846
843 936
843 900
843 1992
843 6088
844 854
844 846
845 859
846 857
847 905
847 898
847 866
848 864
848 904
849 860
849 6386
849 6384
850 858
850 856
851 860
851 4242
851 855
852 858
853 4240
853 854
853 857
854 855
855 865
856 6385
857 923
858 864
859 861
859 863
861 6313
861 6087
862 4245
862 4250
862 4244
863 904
865 878
865 4243
866 897
866 878
867 924
867 6088
867 877
867 5798
868 6086
868 879
868 6379
869 4248
869 4241
869 2963
870 872
870 6086
870 885
871 893
871 6481
871 896
872 937
872 874
873 889
873 876
873 898
874 919
874 923
875 881
875 890
875 896
877 879
877 6088
878 4241
879 6380
880 881
881 6490
882 898
882 894
882 897
883 895
883 888
883 890
884 887
884 899
884 891
885 6388
885 6379
886 6093
886 952
887 905
887 906
888 909
888 903
889 894
889 893
890 891
890 6094
891 3563
892 906
893 894
896 906
897 3564
900 5832
900 6087
901 939
901 5809
901 913
902 6383
902 6388
904 6313
905 4250
907 2298
907 920
908 5487
908 916
909 921
909 911
910 5798
910 5797
910 2983
910 933
912 922
912 927
912 5035
913 935
913 976
914 2353
914 5795
914 925
915 925
915 929
915 2976
916 6096
916 6095
917 5813
917 927
917 5822
918 933
918 2353
918 6098
920 5795
920 6098
920 938
920 2353
922 5032
922 940
923 930
924 6083
924 6088
924 6089
925 6572
926 6095
926 928
926 5487
926 931
927 5034
929 6090
929 932
930 4239
930 937
931 938
931 6096
932 933
932 2983
934 6097
934 2153
935 950
935 939
936 6089
936 2972
937 6084
937 4226
938 941
939 3244
939 5806
940 5819
940 5033
941 6098
941 6097
942 5810
942 945
943 5310
943 955
943 963
944 945
945 953
946 954
946 2695
946 3420
947 953
948 955
949 996
949 2697
949 976
950 5832
950 951
951 5207
951 3420
952 1179
952 956
953 955
957 1058
957 967
957 5099
958 5097
958 961
958 998
959 969
959 962
959 968
960 990
960 1010
960 964
961 980
961 970
963 990
963 3396
964 980
964 970
965 968
965 5089
965 970
966 1052
966 987
966 993
967 975
967 985
968 3306
971 989
971 3504
971 988
972 5097
972 5098
972 992
973 5099
973 983
973 5098
974 998
974 979
974 982
975 978
976 5310
977 1005
977 2698
977 5825
978 5312
979 1809
979 1813
980 991
981 5825
981 1792
981 1798
982 992
982 3502
983 3562
983 992
984 2002
984 5668
984 2323
984 6574
985 1000
985 988
986 3505
986 3504
986 3503
986 3502
987 997
987 1042
988 1000
990 996
991 999
991 998
991 995
992 3561
993 1002
993 1007
994 5320
994 6327
994 6315
994 2912
995 1813
995 1770
996 1770
997 1061
997 1007
1000 5746
1001 3308
1001 1023
1001 3304
1002 1464
1002 1476
1003 1018
1003 1004
1003 1014
1004 1014
1004 1009
1005 5746
1005 5745
1006 3432
1006 3429
1006 3428
1007 1014
1007 1099
1008 6432
1008 1020
1009 1012
1009 1019
1011 1016
1011 1013
1011 1025
1012 1019
1012 1015
1013 3216
1013 6433
1015 1017
1015 1018
1016 1486
1016 1020
1016 1028
1017 5667
1017 1018
1019 1096
1020 6433
1020 3308
1021 1096
1021 1100
1021 1109
1022 1464
1022 1486
1022 1023
1023 3306
1024 5080
1024 1458
1024 6440
1024 1028
1025 1026
1025 1027
1027 5826
1028 5826
1029 1035
1029 5327
1029 1030
1030 1034
1030 1032
1031 1035
1032 1038
1033 1036
1034 1037
1034 1036
1035 5333
1039 5328
1040 1060
1040 1044
1040 1754
1041 1048
1041 1066
1041 1056
1042 1050
1042 1064
1043 1047
1043 1817
1043 1753
1044 1053
1044 1046
1045 1049
1045 1817
1045 1809
1046 1054
1046 1059
1047 1759
1047 1049
1048 1806
1048 1056
1049 1053
1050 1058
1050 1061
1051 1066
1051 1055
1051 1804
1052 1491
1052 1064
1053 3507
1054 1065
1054 1059
1055 1063
1055 1062
1056 1772
1057 1066
1058 5093
1059 1062
1060 1063
1060 1065
1061 5312
1062 1065
1063 1754
1064 5090
1067 1078
1067 1081
1067 1074
1068 1083
1068 1072
1068 1077
1069 1075
1069 1076
1069 1089
1070 1122
1070 2712
1070 1738
1071 1087
1071 1076
1071 1074
1072 1080
1072 1086
1073 1083
1073 1090
1073 1088
1076 6300
1079 2155
1079 6300
1079 2070
1080 1084
1080 1082
1081 1087
1083 2157
1084 2155
1084 1085
1088 1737
1088 1093
1088 1092
1091 5711
1091 2747
1091 1127
1092 1737
1092 1122
1093 1120
1093 1113
1094 1096
1094 1106
1094 1111
1095 1114
1095 1955
1095 1123
1096 5258
1097 1102
1098 1110
1099 1102
1099 2157
1100 1119
1100 1112
1101 1116
1101 5258
1101 1112
1102 1111
1103 1121
1104 1116
1104 1124
1104 2698
1105 5210
1105 2900
1105 2752
1106 1738
1106 1117
1107 1121
1107 1110
1107 1123
1108 1115
1108 5211
1108 1127
1109 2712
1109 1119
1110 1115
1110 1123
1111 1117
1112 1115
1114 1119
1114 2712
1116 1124
1117 1737
1118 1121
1118 5221
1118 5223
1122 1738
1124 2747
1125 1129
1126 5824
1126 1132
1126 1136
1127 2747
1127 2749
1128 1130
1128 1730
1128 2909
1129 1134
1129 1133
1130 1131
1130 2911
1131 2904
1131 1947
1132 1938
1132 2912
1133 1779
1133 1814
1135 5824
1137 1142
1137 1139
1137 1816
1138 1139
1139 1818
1140 1145
1140 2694
1141 1795
1141 5202
1141 1143
1142 1755
1142 6327
1143 1144
1144 1145
1145 6274
1146 1149
1146 1148
1146 2406
1147 1148
1147 2350
1148 5529
1150 3036
1150 3035
1150 1153
1152 5883
1152 3037
1153 5240
1153 1155
1154 1157
1154 3033
1155 1157
1155 5877
1156 3033
1156 3037
1156 5880
1157 5879
1157 5877
1158 5205
1158 1160
1158 1161
1159 1760
1159 1164
1159 1165
1160 1162
1160 1163
1161 1161
1162 1764
1162 2699
1163 1797
1163 5204
1165 5204
1165 5202
1165 1781
1166 2034
1166 1768
1166 5205
1167 1174
1167 1181
1167 1182
1168 1781
1168 1785
1168 1178
1169 1172
1169 1174
1169 1180
1170 1171
1170 1181
1170 1763
1171 3420
1171 1179
1173 1182
1174 1177
1175 1178
1175 1177
1175 1180
1176 1180
1177 1178
1179 5207
1181 1182
1183 5633
1183 1402
1183 2853
1184 1334
1184 1393
1184 1356
1184 1375
1185 6547
1185 6546
1186 1468
1186 1187
1189 1981
1189 6241
1189 4309
1190 1194
1190 1193
1190 1210
1191 3609
1191 3613
1191 1198
1192 3609
1192 3226
1192 3616
1193 3226
1193 6154
1194 3613
1194 1198
1195 3606
1195 1198
1195 1220
1195 6562
1196 1221
1196 5253
1196 1213
1197 1217
1197 1220
1197 1219
1198 3610
1199 3615
1199 3611
1199 3616
1200 1201
1200 1218
1200 1217
1201 1202
1201 1205
1202 1203
1202 3620
1203 2354
1203 2357
1204 1217
1204 1205
1205 2357
1206 2641
1206 1210
1206 2373
1206 2377
1207 2377
1207 1208
1207 2379
1208 1210
1208 1209
1210 2641
1211 1212
1212 1213
1212 1214
1213 1215
1214 1215
1214 1222
1215 6479
1216 6479
1216 1217
1216 2358
1218 1219
1218 3615
1219 3612
1219 1220
1220 1221
1221 3606
1222 1499
1223 2635
1223 5253
1223 5249
1224 2639
1224 2637
1224 2626
1225 3526
1225 1242
1226 3530
1226 1229
1226 1239
1227 5239
1227 1241
1228 1238
1229 1239
1229 5657
1230 1235
1230 1245
1231 1243
1231 1244
1232 1248
1232 1236
1233 1289
1233 1246
1234 1237
1236 1248
1236 1243
1238 1247
1243 1251
1244 1249
1244 5657
1244 1252
1246 6066
1246 6065
1249 3528
1250 3527
1250 3646
1251 5657
1251 3529
1253 1268
1254 1269
1254 1257
1254 1318
1255 1296
1255 1318
1255 1269
1256 1313
1257 1320
1257 1268
1258 1313
1258 1263
1258 1299
1260 1276
1261 1325
1261 1264
1261 1290
1262 1305
1262 1295
1264 1273
1264 1312
1265 1292
1265 1284
1265 1289
1266 1330
1266 1305
1266 1295
1267 1317
1267 5047
1268 1307
1269 1280
1270 1285
1271 1290
1271 1278
1271 1310
1272 1313
1272 5224
1273 1302
1273 1293
1274 1285
1275 1294
1276 1292
1277 1293
1278 1281
1278 1282
1279 3645
1279 1324
1280 1300
1280 1320
1280 1295
1281 1290
1281 1321
1282 3032
1283 3560
1283 2352
1284 1291
1284 1327
1286 1322
1287 1319
1287 1371
1287 1299
1288 1301
1292 1314
1293 1302
1294 1329
1297 1306
1297 1309
1297 5047
1298 1324
1299 1303
1300 1328
1300 3604
1301 3536
1301 5048
1302 3416
1304 1324
1305 3514
1306 1317
1306 1309
1308 1329
1309 5048
1310 5224
1311 1326
1312 1320
1312 1436
1314 2834
1314 2831
1316 1319
1319 3576
1322 3534
1323 6058
1323 6057
1323 6048
1326 1329
1328 2800
1328 2795
1332 1342
1332 1352
1332 3296
1333 5961
1333 2145
1334 3513
1334 1430
1335 1415
1336 1408
1336 1371
1336 1374
1337 1417
1337 1421
1338 1406
1338 1429
1338 1389
1339 1409
1339 1381
1339 1373
1340 1420
1340 1433
1340 1391
1341 1380
1341 3417
1341 5226
1342 1360
1342 5831
1343 3509
1343 3513
1343 1374
1344 5954
1344 1410
1344 2790
1345 3013
1345 2144
1346 1406
1346 1437
1346 1352
1347 3076
1347 3041
1347 1397
1348 1395
1348 1369
1348 1376
1349 1363
1350 2853
1350 1413
1350 3498
1351 2835
1351 1364
1351 2841
1352 1401
1353 1434
1353 1421
1354 5761
1354 2429
1354 2873
1355 1390
1355 1424
1355 3296
1355 3458
1356 1361
1356 2790
1357 1420
1358 1364
1359 2342
1359 2345
1362 1366
1362 1432
1363 1410
1364 1431
1365 1368
1365 1437
1365 1426
1366 1412
1366 1438
1367 3297
1369 1376
1369 3519
1370 2347
1370 2342
1371 2793
1372 2147
1372 2146
1373 1376
1373 1409
1374 3576
1375 1440
1375 1418
1377 1379
1377 1426
1377 1395
1378 1401
1378 1485
1378 2539
1378 5848
1379 1395
1379 3520
1380 1433
1380 1384
1381 1418
1381 3515
1382 3084
1382 2360
1383 5961
1384 3576
1385 5226
1385 5227
1385 1391
1386 5282
1386 1401
1386 1403
1387 1400
1387 2538
1388 3000
1388 1427
1388 5637
1390 3498
1390 1424
1391 1420
1392 1399
1392 3458
1392 1441
1393 1429
1393 1440
1394 1410
1394 1427
1396 5963
1396 6071
1398 3293
1398 5050
1399 3549
1399 3548
1400 1436
1400 1407
1402 2144
1402 5959
1403 1435
1403 1419
1404 5175
1404 1417
1405 1442
1405 1425
1405 2147
1405 5961
1406 1422
1406 1423
1407 3552
1407 3551
1409 3518
1411 3196
1412 1416
1412 3376
1413 6068
1413 6071
1414 5161
1414 1425
1415 3521
1415 1426
1416 3376
1417 5241
1418 3517
1419 5282
1419 1437
1421 1434
1422 5284
1422 5831
1424 5284
1424 5285
1427 3511
1428 1431
1428 3456
1428 3484
1429 1437
1431 3550
1432 3376
1432 2329
1436 3513
1438 1439
1440 3522
1441 6073
1441 3295
1441 3456
1442 3448
1443 1462
1443 5500
1443 5502
1444 1470
1445 1461
1446 1451
1446 3142
1446 3144
1447 1477
1447 6431
1447 1476
1448 1449
1448 5499
1448 5617
1449 1457
1449 1463
1449 1483
1450 1479
1450 1490
1452 1479
1453 1477
1453 5335
1454 1469
1455 5495
1455 3538
1455 1485
1456 3125
1456 3126
1456 1466
1457 1483
1457 5489
1457 1489
1458 1486
1458 1477
1459 5479
1459 3171
1459 5480
1460 6473
1461 1492
1462 5501
1462 3333
1463 1489
1463 5849
1464 1476
1465 1487
1465 3145
1467 5620
1467 1487
1467 1481
1468 1478
1469 5159
1469 5155
1470 6596
1470 3168
1471 3142
1471 3139
1471 3141
1472 3678
1472 5110
1473 5109
1473 2075
1474 1493
1474 5076
1475 5511
1475 5504
1475 5553
1477 6431
1480 5093
1480 5089
1480 5086
1482 1494
1483 3540
1484 3139
1484 5620
1484 5621
1484 3138
1485 5849
1485 5498
1487 3136
1488 5298
1489 5488
1491 3306
1491 5083
1491 5081
1492 1638
1492 2075
1493 5076
1495 6172
1495 1496
1496 5790
1496 1498
1497 1498
1497 5790
1498 5790
1499 3670
1500 1501
1500 2380
1502 4538
1502 1540
1502 1568
1503 4392
1503 4363
1503 1574
1504 1516
1504 1569
1504 4471
1505 1570
1505 4364
1505 1564
1506 1511
1506 1527
1506 2131
1507 1574
1507 2726
1507 4363
1508 1573
1509 1573
1509 4573
1509 1575
1510 1917
1510 1548
1511 1935
1511 2132
1512 1558
1512 4664
1512 1537
1513 4359
1513 4368
1513 4361
1514 1523
1514 4380
1514 2647
1515 1878
1516 4472
1516 4466
1517 4403
1517 1543
1517 4399
1518 4428
1518 4418
1518 4402
1519 1876
1520 3281
1520 1877
1520 1926
1521 2646
1521 1549
1521 2735
1522 1532
1522 3495
1523 2743
1523 1529
1524 4705
1524 4708
1524 1573
1525 1563
1525 4573
1525 4574
1526 4465
1526 4455
1526 1529
1526 3055
1527 4564
1528 4392
1528 4410
1528 1545
1528 1567
1529 2650
1530 1896
1530 1885
1530 1894
1531 4429
1531 4428
1532 1548
1532 5136
1533 1864
1533 1851
1533 1951
1534 6578
1534 1978
1534 1972
1535 2742
1535 6197
1535 2741
1536 1878
1536 1892
1536 1566
1536 1571
1537 4656
1538 1560
1538 3109
1538 4594
1539 1565
1539 1563
1539 3101
1540 5255
1540 4539
1541 1549
1541 2643
1541 2642
1542 4345
1542 1555
1542 4343
1543 6207
1543 4376
1544 1554
1544 4433
1544 4429
1544 4399
1545 4434
1545 1569
1546 1889
1546 3271
1546 1848
1547 4653
1547 4649
1547 4658
1549 5052
1550 4288
1550 4487
1550 3048
1551 4350
1551 2740
1551 4358
1552 1919
1552 1876
1552 1822
1553 1556
1553 4448
1553 4440
1554 4460
1554 4472
1555 1570
1555 6335
1556 4440
1556 4494
1557 1575
1557 4769
1557 1565
1558 4563
1558 4559
1559 4339
1559 4338
1559 4333
1560 1824
1560 1930
1561 2649
1561 4380
1561 4371
1562 3048
1562 3632
1562 3050
1563 3101
1564 4336
1564 4317
1565 1575
1566 1837
1566 1892
1567 4385
1568 4536
1568 4465
1569 4469
1570 4357
1571 3249
1571 1822
1571 3253
1572 4861
1572 4639
1572 1606
1572 4640
1574 4355
1576 4448
1576 4476
1576 4451
1577 1888
1577 1877
1577 1857
1579 1581
1579 1582
1580 1583
1580 1582
1581 1585
1581 1582
1583 1584
1587 1598
1587 5753
1587 3334
1588 1593
1588 5437
1588 5420
1589 2847
1589 2849
1589 2848
1590 5280
1590 1595
1591 5400
1591 1614
1592 6141
1592 5753
1593 5439
1593 1597
1594 5398
1594 1597
1594 2846
1595 5279
1595 2746
1596 2846
1596 5428
1596 2847
1596 5421
1597 5405
1598 2849
1598 5755
1599 5439
1599 6392
1599 5399
1600 2843
1600 5398
1601 5400
1601 1609
1601 5432
1602 2574
1603 5281
1604 5420
1605 4630
1605 4634
1605 4628
1606 4635
1606 4630
1607 1608
1607 1611
1607 5445
1608 2601
1608 2600
1609 5437
1609 1612
1610 1611
1610 1614
1611 5400
1612 2597
1612 2596
1612 1613
1613 5439
1613 2425
1614 5444
1615 2641
1615 6562
1615 2635
1616 1621
1616 5356
1616 5360
1617 1639
1617 2531
1617 6559
1617 5111
1618 6137
1618 1634
1618 6136
1618 6138
1619 1620
1619 2535
1620 1631
1620 2536
1621 5359
1621 5362
1622 3605
1622 1630
1623 1636
1623 1633
1623 6136
1624 1630
1624 1636
1624 5550
1625 2590
1625 1627
1625 5548
1626 1631
1627 2328
1627 2327
1627 2585
1628 6137
1628 1634
1628 1630
1629 2585
1629 2581
1629 6175
1631 2537
1632 2531
1633 6136
1633 1634
1635 5381
1635 5343
1635 5379
1635 5382
1636 5550
1637 2571
1637 5343
1637 2551
1638 5550
1638 3605
1639 2581
1639 5374
1640 1645
1640 1669
1640 1687
1641 2386
1642 1660
1643 3361
1643 3107
1644 1657
1644 3359
1644 1721
1645 1726
1645 3666
1646 6125
1646 1667
1646 3663
1646 1723
1647 2658
1647 1719
1647 2653
1647 2656
1648 1671
1648 1652
1648 1661
1649 1670
1650 1670
1650 1709
1650 2660
1651 1696
1653 1701
1653 1673
1653 1723
1654 1717
1654 6125
1655 3650
1655 3648
1655 5632
1656 3653
1656 3652
1656 1728
1657 1657
1658 1694
1658 1697
1659 1705
1660 1675
1660 1663
1661 1727
1661 1693
1662 1711
1662 1716
1662 1678
1663 1710
1663 1724
1663 1676
1663 2655
1664 1700
1664 1716
1664 1679
1665 5530
1665 3227
1665 5688
1666 1703
1666 2654
1666 2653
1668 1695
1669 3659
1670 1712
1671 2664
1671 1723
1672 1718
1672 1682
1672 1693
1673 1706
1673 1725
1674 1689
1674 1715
1674 1720
1676 2417
1677 1690
1677 1685
1677 3655
1679 1689
1679 1711
1680 1686
1680 1709
1680 2661
1681 2661
1681 2660
1682 3656
1682 3657
1683 1708
1684 1727
1687 1728
1687 3657
1688 3656
1689 1708
1690 1699
1690 3652
1691 1728
1691 2658
1691 1705
1692 1698
1692 1724
1692 1702
1693 3658
1694 1725
1694 1713
1695 1724
1695 1696
1696 2655
1698 2656
1698 3666
1701 3661
1701 2101
1702 3665
1702 2417
1704 3648
1704 5958
1704 3359
1705 6478
1706 1725
1706 1713
1707 2654
1708 1711
1709 1712
1713 1723
1716 1721
1717 1722
1719 2652
1719 2416
1720 2654
1720 6478
1720 1721
1724 2655
1726 3665
1727 2664
1729 2324
1730 5668
1730 1853
1730 2006
1731 2901
1731 2751
1731 3404
1732 1853
1732 2907
1732 1830
1733 5541
1733 5542
1733 5533
1734 2320
1734 2319
1735 2319
1739 1744
1739 2865
1740 2037
1740 1747
1741 1742
1741 3524
1741 6426
1742 1745
1742 1746
1743 1746
1744 3525
1745 6421
1745 3523
1746 6425
1748 1750
1749 2028
1749 5628
1749 2026
1750 2050
1750 5303
1750 5628
1751 1796
1752 1769
1752 1764
1752 1819
1753 1811
1753 1759
1754 1778
1755 1821
1755 1757
1755 1812
1756 1765
1757 1758
1757 1810
1758 1758
1759 1778
1761 5077
1761 1794
1761 1771
1762 1803
1762 2034
1762 1768
1763 1785
1763 1801
1764 1805
1765 1803
1765 1779
1766 1773
1767 1792
1767 1800
1767 1780
1768 1773
1768 1812
1769 1817
1769 1789
1770 1789
1771 1783
1771 1788
1771 5079
1772 5077
1772 1806
1773 1779
1774 1788
1775 1815
1775 1802
1775 1787
1776 1788
1776 1783
1776 2034
1777 1787
1778 1811
1780 1818
1780 1808
1781 1801
1782 1808
1782 1816
1782 1792
1783 1805
1784 1808
1785 1801
1786 1797
1787 1796
1789 1819
1790 1815
1790 1807
1790 6274
1791 2690
1791 1807
1793 1807
1794 5077
1794 1820
1795 5102
1795 5104
1796 1821
1797 2700
1798 5320
1798 1818
1799 1803
1802 2684
1802 2687
1804 1811
1804 1820
1805 1820
1806 1814
1809 3503
1810 1814
1810 1816
1812 5104
1812 2701
1813 1817
1815 5101
1819 2693
1821 3574
1822 1849
1823 1860
1823 1931
1823 1826
1824 3246
1824 3270
1825 2511
1825 6355
1825 1890
1825 2509
1826 1836
1826 1844
1827 1948
1827 1860
1827 1925
1828 1834
1828 1899
1828 1862
1829 1842
1830 2142
1830 6296
1831 1852
1831 1840
1831 5823
1832 6359
1832 1844
1832 1904
1833 1846
1834 5135
1834 1854
1835 1946
1835 1874
1835 2140
1836 1920
1836 1904
1837 1841
1837 1878
1838 2370
1838 1879
1838 2310
1839 1866
1839 1940
1839 1889
1840 1942
1840 1852
1841 1916
1841 1847
1842 1862
1842 1899
1842 1846
1843 1870
1843 1921
1843 6365
1844 1904
1845 2752
1845 1956
1845 1884
1846 1941
1847 1869
1847 3495
1848 3257
1848 1945
1849 3253
1849 3261
1850 1911
1851 1896
1851 5290
1852 1909
1853 1939
1854 1910
1854 1928
1855 1875
1855 1929
1855 2753
1856 1858
1856 3288
1856 1877
1857 5823
1857 5290
1858 1858
1859 2496
1859 2890
1859 5685
1860 1897
1861 1918
1861 1905
1861 1932
1862 1895
1862 1941
1863 2133
1863 1916
1864 1919
1864 1928
1865 2527
1866 1919
1866 1940
1867 2528
1867 1927
1867 1873
1868 1902
1869 1882
1869 1892
1871 1936
1871 1887
1871 1937
1872 1928
1873 1949
1873 2524
1873 6357
1876 1911
1879 1943
1879 1921
1880 3281
1880 1926
1880 3275
1881 1885
1881 1894
1883 1950
1884 1955
1884 1944
1885 5290
1885 5823
1886 1920
1887 1939
1888 1902
1888 1930
1889 1903
1890 2506
1890 1948
1890 2503
1891 1898
1891 1907
1891 6402
1893 1911
1894 6543
1896 1910
1898 1941
1898 5135
1900 1920
1901 6365
1901 2509
1901 2511
1902 1906
1903 3275
1903 1951
1905 3284
1905 3267
1905 3288
1906 1933
1906 1924
1907 5199
1907 5197
1908 1950
1909 1927
1909 1942
1910 1952
1912 1931
1912 6116
1913 3287
1913 1913
1914 3248
1914 3256
1914 3254
1914 3260
1915 1927
1917 1950
1918 3270
1918 3267
1921 5197
1922 1930
1923 6357
1923 6358
1923 6359
1926 5290
1926 1951
1929 5851
1929 1938
1934 2142
1935 3249
1935 3248
1936 2893
1936 2909
1938 5726
1940 1951
1942 1949
1943 5199
1943 5623
1944 2751
1944 1956
1948 2503
1949 6348
1952 5135
1953 2009
1953 1954
1954 5073
1955 2752
1955 2751
1956 2902
1957 1962
1957 4518
1957 1968
1958 5600
1958 1972
1958 1969
1959 1969
1959 5600
1959 1970
1960 1965
1961 4528
1961 1964
1961 1962
1962 1964
1963 1974
1963 1966
1963 4519
1964 1973
1965 3206
1965 6578
1966 4523
1966 4530
1966 4526
1967 1970
1967 1969
1968 4515
1968 5037
1971 4285
1971 5484
1971 4287
1972 1974
1973 2414
1973 4534
1974 4269
1975 1978
1975 1977
1976 1977
1976 4251
1976 4252
1977 1978
1979 1982
1979 6465
1979 4307
1980 2998
1980 2999
1980 1981
1980 1982
1981 4340
1982 6459
1982 6449
1983 3676
1983 3673
1983 1985
1984 5023
1984 3097
1985 2369
1986 5805
1986 1991
1986 1992
1987 5317
1987 5325
1987 1988
1988 5326
1988 5324
1988 1993
1989 1993
1989 5319
1989 5318
1990 1991
1990 3565
1990 1992
1991 3566
1993 5818
1994 6583
1994 1996
1994 6580
1995 1997
1995 2000
1996 5257
1996 1998
1997 6580
1998 2003
1998 1999
1999 2681
1999 2002
2001 6583
2002 2004
2004 2004
2005 5108
2005 2324
2005 2006
2006 2007
2007 2415
2007 2013
2008 2138
2010 5073
2010 2011
2011 2012
2013 2015
2013 2014
2015 2018
2016 2019
2017 2019
2018 2019
2018 2020
2021 2022
2022 2124
2024 2673
2024 2025
2025 2029
2026 2029
2027 2030
2027 2044
2027 2029
2030 2672
2031 2032
2031 2031
2032 2672
2032 2035
2033 2674
2033 6276
2035 2038
2035 2045
2036 2039
2037 2040
2038 2042
2039 6412
2041 2046
2041 6414
2041 6408
2044 6410
2047 2048
2047 2677
2050 2056
2050 2055
2051 5624
2051 2053
2051 2056
2052 2056
2054 5626
2057 5302
2057 5305
2057 5303
2058 5306
2058 5305
2058 2059
2061 2062
2063 6395
2063 2064
2063 2065
2064 2065
2064 2068
2065 2068
2066 6395
2066 6555
2067 6550
2067 6554
2072 2073
2072 6182
2073 5378
2073 5377
2074 5378
2076 3107
2076 3108
2077 6485
2078 2089
2079 2092
2080 5611
2080 2956
2080 5612
2081 2082
2081 2956
2081 2087
2083 2085
2083 2954
2083 2955
2083 2084
2083 2092
2084 2088
2084 2957
2086 5611
2086 2958
2087 2090
2087 2091
2088 2093
2088 5610
2089 2955
2089 2091
2091 5786
2092 2955
2094 2867
2094 2868
2095 2096
2095 6476
2096 3586
2097 3586
2098 2099
2098 3375
2098 2103
2099 3662
2099 2671
2100 3661
2100 3662
2100 2102
2103 2668
2103 3374
2104 3659
2104 3375
2104 3374
2105 2622
2105 2624
2106 5229
2106 2940
2107 2108
2107 2113
2108 2109
2108 2113
2109 2110
2109 2112
2110 2112
2114 4691
2114 4541
2114 2115
2115 4541
2115 4540
2115 2116
2118 2119
2119 4708
2119 4702
2120 2121
2121 2123
2122 2123
2125 2126
2125 4688
2126 4701
2126 4544
2127 4542
2127 4546
2127 4547
2128 4579
2128 2129
2128 4597
2129 4610
2129 4608
2130 3184
2130 4627
2131 2132
2132 2133
2133 5144
2135 2136
2136 2138
2136 2137
2138 2140
2139 2141
2140 2141
2141 2142
2144 5960
2144 2145
2145 2146
2145 5633
2146 5961
2146 2147
2148 3483
2148 2149
2149 5924
2149 5923
2150 2151
2150 2152
2150 6482
2153 6482
2153 2154
2154 6484
2154 5487
2155 2156
2156 6555
2157 6431
2158 2209
2158 2212
2158 2203
2159 2207
2159 2165
2159 2163
2160 2177
2160 2166
2160 2161
2161 2164
2161 2232
2162 6288
2162 2163
2162 2165
2163 2209
2164 2244
2164 2166
2165 3800
2166 5192
2167 2190
2167 2217
2167 2205
2168 2200
2168 2175
2168 2191
2169 2189
2170 2179
2170 2248
2170 2176
2170 2206
2171 2269
2172 2239
2172 2240
2172 2229
2172 2270
2173 2253
2173 2260
2173 2217
2174 2190
2174 2246
2174 2256
2174 2264
2175 2236
2175 2241
2175 2215
2176 2186
2176 2211
2177 2212
2177 2265
2178 2214
2178 2211
2178 2262
2179 2214
2179 2211
2179 2181
2180 2205
2180 2239
2180 2270
2181 2198
2181 2206
2182 2190
2182 2239
2182 2264
2182 2205
2183 2253
2183 2190
2183 2217
2183 2246
2184 2224
2184 2208
2184 2268
2185 2264
2185 2239
2185 2229
2186 2248
2187 6417
2187 5794
2187 2220
2188 2189
2188 2243
2188 2202
2189 3095
2191 2213
2191 2227
2192 2250
2192 2271
2192 2249
2192 2274
2193 2210
2193 2252
2193 2249
2194 2224
2194 2226
2194 2204
2195 2228
2195 2267
2195 2199
2196 2247
2196 2275
2196 2245
2197 2222
2197 2234
2197 2266
2198 2199
2198 2214
2199 2237
2200 2268
2200 2236
2201 2220
2203 2240
2203 2255
2204 2221
2204 2261
2206 2242
2207 2254
2207 2223
2208 2221
2208 2235
2209 2240
2210 2223
2210 2254
2212 2241
2213 2234
2213 2265
2213 2222
2214 2237
2215 2231
2216 2247
2216 2275
2218 2223
2218 2219
2218 3800
2219 2249
2219 2245
2220 3095
2221 2233
2221 2224
2222 2227
2222 2258
2224 2272
2225 2258
2225 2232
2225 2230
2225 2267
2226 2231
2226 2272
2227 2273
2228 2232
2228 2244
2229 2263
2230 2266
2231 2236
2233 2255
2233 2261
2233 2235
2235 2263
2236 2272
2237 2244
2237 2262
2238 2262
2241 2265
2242 2243
2242 2248
2243 2259
2245 2269
2246 2274
2246 2256
2247 2269
2249 2250
2250 2251
2251 2274
2251 2256
2252 2271
2252 2260
2253 2274
2253 2271
2254 2260
2255 2257
2255 2263
2257 2261
2258 2266
2258 2273
2267 2273
2268 2272
2276 2279
2277 2284
2278 2286
2279 2281
2279 2280
2280 2289
2280 2283
2281 2282
2282 2285
2283 2287
2283 2288
2284 3496
2284 2285
2285 5271
2286 5271
2286 3496
2290 3579
2290 2302
2290 2304
2291 2305
2291 2304
2292 3229
2292 4206
2292 4216
2292 3228
2293 2300
2293 2303
2293 2311
2294 2311
2294 2297
2295 2301
2296 2309
2296 3342
2297 2301
2298 5795
2298 6176
2299 2482
2299 2475
2299 2462
2299 2464
2299 2468
2300 2304
2300 2303
2301 2311
2302 6541
2302 2951
2303 3579
2306 6176
2306 6178
2306 2310
2307 3091
2307 3085
2307 3089
2308 5286
2308 5287
2308 2309
2310 3663
2312 2313
2312 2316
2313 2315
2314 2318
2314 2315
2315 2316
2316 6294
2317 2319
2318 2322
2318 2321
2319 2320
2320 2321
2321 2322
2323 2324
2325 5419
2325 5417
2325 2579
2326 5440
2326 2327
2326 5441
2327 5547
2328 6441
2328 6137
2329 2343
2329 2346
2330 2331
2330 2336
2330 2340
2330 3023
2331 2343
2331 2339
2331 2344
2332 2335
2332 2333
2332 3017
2333 2346
2333 2340
2334 2703
2334 2337
2334 3444
2335 2346
2336 2344
2336 2348
2337 3440
2337 5929
2338 2342
2338 3022
2339 2341
2339 2340
2339 2343
2340 2348
2341 2348
2341 2344
2345 3021
2345 3019
2345 5241
2349 6398
2349 3316
2349 3083
2349 3080
2350 3391
2350 3393
2351 2352
2354 3618
2354 6286
2355 3618
2355 6285
2355 5190
2356 2357
2359 3620
2360 6396
2361 2362
2361 3683
2362 2363
2362 5322
2363 3303
2363 3099
2364 3650
2364 2365
2365 2366
2365 3393
2367 2398
2367 2368
2367 6153
2368 6149
2368 2369
2370 2371
2371 5134
2372 2373
2372 2638
2372 2635
2373 2376
2374 2377
2375 2376
2376 2379
2378 2379
2380 2639
2380 2717
2381 2383
2382 2383
2383 2385
2384 2385
2385 2386
2386 3643
2387 2391
2388 2787
2389 2395
2390 2391
2391 2392
2392 2397
2392 2394
2393 2395
2393 2396
2395 2397
2396 2397
2398 6153
2399 2400
2401 2402
2401 2403
2402 2404
2402 2406
2405 5268
2405 2959
2406 5150
2407 2408
2407 2410
2407 4614
2408 4621
2408 4623
2409 4609
2410 4618
2411 2412
2411 4603
2412 4603
2413 5680
2414 5037
2414 4533
2418 6485
2419 2419
2419 2421
2420 6483
2420 2423
2420 6485
2421 2423
2422 6483
2424 2586
2424 2592
2424 5425
2425 2597
2425 2600
2426 3031
2426 3029
2427 6475
2427 2428
2428 6066
2428 2840
2430 2431
2430 6550
2432 2433
2432 2434
2433 2713
2435 2436
2435 6185
2435 6196
2436 2437
2437 6183
2438 3783
2438 2917
2438 6078
2439 6078
2439 6079
2439 6080
2440 2922
2440 6081
2441 2934
2441 2447
2442 3793
2442 6113
2442 3795
2442 2930
2443 2455
2443 2444
2444 2445
2444 2457
2445 2446
2445 2458
2446 2448
2446 2461
2447 5288
2447 2453
2447 6119
2448 2449
2448 2466
2449 2451
2449 2472
2450 2462
2450 2455
2450 6119
2451 2454
2451 2473
2452 3309
2452 3361
2453 2462
2453 2464
2454 2456
2454 2476
2455 2457
2455 2465
2456 2459
2456 2477
2457 2458
2457 2469
2458 2460
2458 2471
2459 2479
2459 2463
2460 2461
2460 2470
2461 2466
2462 2468
2463 2474
2463 2480
2464 2467
2464 2475
2465 2468
2465 2469
2466 2488
2466 2472
2466 2470
2467 3088
2467 2475
2468 2482
2468 2487
2469 2471
2469 2487
2470 2486
2470 2471
2472 2491
2472 2473
2473 2490
2473 2476
2474 2481
2474 2484
2475 2478
2476 2492
2476 2477
2477 2493
2477 2479
2478 2485
2478 6496
2479 2495
2479 2480
2480 2481
2480 2497
2481 2498
2481 2483
2482 2485
2483 2499
2483 2484
2484 2489
2485 6498
2485 2494
2486 2487
2486 2488
2487 2494
2488 2491
2489 2501
2489 2502
2490 2491
2490 2492
2492 2493
2493 2495
2494 2512
2494 6499
2495 2497
2496 5688
2497 2498
2498 2499
2499 2500
2500 2501
2500 2505
2501 2502
2502 2507
2503 2506
2503 5237
2504 2512
2504 6498
2504 6499
2505 2507
2505 2508
2506 5685
2506 2509
2507 2510
2508 2510
2508 2513
2509 2511
2510 2514
2511 2520
2512 6496
2513 2514
2513 2515
2514 2516
2515 2516
2515 2517
2516 2519
2517 2519
2517 2518
2518 2522
2518 2521
2519 2522
2520 6355
2520 6361
2521 2523
2522 2523
2524 6356
2524 2525
2525 2526
2525 2527
2526 2527
2526 2528
2529 5544
2529 2530
2532 5532
2532 5533
2533 2534
2533 5532
2533 3445
2534 2535
2534 6561
2535 6289
2535 3445
2536 2537
2536 6290
2536 5498
2537 5498
2538 5491
2538 5493
2539 3586
2539 3293
2540 2541
2540 2546
2542 2554
2543 2547
2544 5115
2545 2546
2546 2549
2547 2551
2547 2550
2548 2549
2549 2553
2550 2551
2552 6404
2553 2556
2553 2554
2554 2555
2555 5383
2556 2914
2557 5146
2557 5354
2557 5121
2558 5339
2559 5354
2559 2561
2559 5353
2560 6404
2560 2569
2560 2562
2560 5339
2561 5361
2561 5119
2562 5122
2562 5341
2563 2565
2564 2565
2565 2567
2566 5122
2566 2568
2566 5342
2567 6406
2567 2568
2568 5534
2569 2758
2570 2574
2570 2578
2571 5347
2571 5350
2572 5349
2572 5346
2572 5347
2573 5349
2574 5402
2575 2579
2575 2577
2576 5546
2577 2581
2577 5546
2578 2579
2578 5412
2580 5431
2580 2591
2580 5443
2582 3541
2582 2585
2582 2584
2583 2587
2583 5548
2583 5442
2584 3543
2584 3542
2585 6441
2586 2588
2586 2589
2590 5548
2590 6138
2591 2592
2591 2593
2592 2594
2593 6139
2594 6139
2594 5755
2595 6139
2595 6136
2595 6140
2596 5843
2596 5842
2597 2599
2598 2601
2599 5841
2599 5840
2600 5837
2601 6393
2602 5445
2602 6392
2602 6393
2603 2605
2604 5236
2604 5137
2605 2606
2605 2607
2606 2612
2607 5233
2607 2610
2608 2609
2608 5235
2608 5233
2609 2611
2609 2612
2611 2616
2611 2615
2612 2615
2613 2616
2613 2614
2614 2619
2614 5230
2616 2617
2616 2620
2617 2618
2617 2622
2618 2622
2619 2627
2620 2624
2620 2621
2623 2627
2624 2629
2625 2631
2626 2627
2626 2630
2628 6298
2629 6298
2629 2631
2630 2634
2630 5251
2631 2636
2632 2633
2633 2637
2633 2634
2634 2638
2636 2643
2636 6349
2637 2638
2639 2640
2642 3185
2642 6349
2643 2942
2644 2645
2644 2646
2645 2647
2646 2648
2647 2649
2648 2649
2648 4371
2650 5053
2650 3046
2651 2652
2651 5958
2651 2653
2652 5957
2656 2657
2658 2659
2660 2661
2662 2663
2664 2666
2665 2666
2666 5486
2667 2668
2667 2669
2668 2669
2669 2670
2670 2671
2672 2677
2674 2675
2675 2678
2675 2676
2679 2681
2680 2689
2681 2687
2682 2683
2683 6582
2683 2689
2684 2688
2684 2690
2685 6574
2686 6582
2687 2692
2689 2690
2693 2697
2693 2699
2695 2700
2695 2697
2696 2698
2699 2700
2702 5926
2702 5925
2703 5928
2703 5927
2704 2705
2705 2706
2706 3553
2706 2707
2707 3593
2707 3589
2708 2709
2709 2711
2710 2711
2711 3556
2713 6281
2714 5163
2714 6233
2714 2715
2715 6228
2715 5163
2715 2716
2716 5164
2716 2719
2717 2718
2717 5165
2718 5165
2718 2719
2718 6228
2719 5166
2720 2721
2720 5167
2720 5164
2721 5169
2721 5168
2721 6229
2722 2731
2722 6222
2722 6221
2722 2729
2723 6235
2723 2724
2724 4327
2725 4327
2725 4331
2725 2726
2726 4339
2727 2729
2727 5169
2727 2728
2727 6219
2728 6245
2728 6226
2728 6243
2729 6218
2730 6247
2730 6250
2730 6248
2730 6225
2731 6225
2731 6235
2731 6224
2732 6257
2732 6224
2732 6259
2732 6260
2733 6254
2734 2735
2734 6253
2734 6254
2735 2736
2735 6210
2736 6211
2736 6258
2737 2739
2737 6210
2737 6209
2737 6213
2738 6198
2738 3181
2738 6200
2739 6199
2739 6198
2740 6200
2740 3180
2741 6199
2741 6204
2742 6207
2742 6208
2742 6206
2743 6204
2743 6203
2744 2746
2745 2746
2748 2749
2748 5741
2748 5711
2749 5722
2749 5723
2750 5847
2750 5726
2750 5724
2751 2752
2753 2900
2753 5721
2754 5613
2755 2756
2756 6546
2756 2757
2759 6171
2759 6172
2759 2760
2761 5192
2761 6170
2762 2763
2762 2989
2762 2776
2763 2764
2764 2768
2764 2765
2765 5789
2765 2766
2766 2767
2767 5789
2767 2768
2768 5789
2769 2770
2770 2771
2771 2772
2773 2775
2773 2774
2774 2775
2776 2989
2776 2777
2778 5873
2778 5872
2778 3347
2779 2780
2782 3372
2782 3455
2783 3386
2783 3385
2783 2870
2784 3455
2784 5027
2785 2786
2785 3575
2787 2788
2787 3575
2789 2790
2791 2793
2792 2795
2793 2797
2794 2798
2796 2799
2797 2798
2798 2799
2799 2801
2800 2808
2800 2802
2803 2813
2804 2815
2805 2816
2806 2817
2807 2814
2808 6058
2808 2818
2809 2810
2809 6367
2809 2819
2810 2811
2810 2820
2811 2812
2811 6369
2812 2821
2812 2813
2813 2814
2814 2815
2814 2824
2815 2816
2815 2825
2816 2817
2816 2826
2817 2818
2817 2827
2818 2828
2818 2834
2822 2840
2823 6367
2823 2831
2823 2829
2830 2833
2831 3042
2832 2833
2833 2835
2834 6053
2835 5243
2836 2839
2837 2839
2838 2840
2838 3027
2838 3028
2839 2841
2841 5175
2842 5863
2843 5392
2843 5395
2844 2845
2845 2847
2845 5396
2846 5427
2848 5435
2848 5433
2848 5760
2849 5757
2850 2852
2851 2852
2853 5959
2854 2855
2855 2856
2855 2992
2856 2857
2856 2858
2857 5940
2857 5939
2858 2879
2858 2877
2859 2863
2859 2860
2859 2861
2860 2861
2860 2862
2861 2863
2862 2864
2863 2866
2864 2867
2864 2868
2866 2867
2866 5708
2869 5610
2869 2954
2870 3221
2870 3026
2871 5323
2871 3025
2871 2872
2872 3388
2873 3015
2874 5947
2874 5948
2874 5945
2875 5944
2875 5943
2875 5937
2876 5942
2876 5941
2877 5869
2877 5868
2877 3079
2878 5857
2878 5856
2879 5853
2879 5852
2880 5855
2880 5854
2881 5861
2881 5860
2882 2883
2884 3320
2884 5036
2884 5038
2885 5630
2885 2886
2886 3107
2886 5629
2887 3309
2887 3361
2887 5530
2888 3202
2888 5688
2888 6107
2889 2890
2889 3202
2889 5687
2890 2991
2891 4320
2891 4330
2891 2892
2891 4340
2892 4361
2892 4355
2893 2895
2893 2905
2894 2895
2895 2896
2897 2905
2897 2901
2897 2898
2898 2899
2898 5107
2898 2903
2900 5107
2901 2903
2902 2903
2902 5850
2904 2912
2904 5106
2905 2906
2907 2908
2907 3404
2909 2910
2914 6591
2914 3362
2915 2937
2915 2916
2915 2926
2916 2927
2916 2931
2916 5750
2917 2930
2917 3204
2918 2937
2918 2919
2918 2926
2919 2936
2920 2928
2920 5747
2920 2933
2920 2925
2921 2928
2921 2933
2921 2937
2922 3203
2922 2939
2923 3204
2923 3788
2923 3203
2924 2925
2924 5747
2925 2935
2926 2927
2927 2936
2928 2929
2929 2938
2930 2934
2931 2932
2932 2933
2934 2939
2940 2945
2941 2942
2942 5053
2943 2944
2944 5060
2945 5057
2945 5058
2946 2950
2947 6540
2947 6541
2948 2949
2949 2951
2949 2950
2950 2952
2951 2953
2954 5786
2956 5844
2956 6179
2958 5845
2958 5844
2959 3325
2960 2962
2961 2962
2962 3380
2963 2964
2963 4240
2964 2966
2964 2965
2965 2967
2965 2966
2966 2967
2968 2984
2969 6123
2969 2970
2969 2980
2970 6123
2970 5324
2971 4201
2972 2973
2972 2975
2973 2974
2973 2975
2975 5817
2976 5803
2976 6090
2977 2986
2977 2984
2977 2979
2978 2986
2979 5325
2979 5324
2980 2981
2980 6120
2981 2984
2981 2982
2981 5801
2982 5800
2982 2985
2983 5800
2983 5802
2983 5799
2984 2985
2985 2986
2987 2988
2987 5325
2988 6387
2990 3292
2990 3197
2991 5237
2991 5685
2991 6110
2993 2997
2994 2996
2995 3069
2995 3073
2995 6152
2996 4291
2996 4294
2997 4293
2997 4301
2998 4307
2998 6241
2998 4303
3000 3508
3000 5781
3001 5635
3001 3003
3001 3004
3002 5645
3002 5643
3002 5638
3003 5646
3003 5645
3004 3007
3004 5647
3005 3008
3005 5646
3005 5640
3006 5647
3006 5652
3006 3009
3007 3568
3007 3008
3007 5652
3008 3010
3009 5651
3009 3011
3009 5699
3010 5653
3010 5652
3011 3571
3011 3012
3011 5652
3012 3014
3012 5653
3012 5634
3013 5649
3013 5960
3014 3573
3014 3015
3015 5649
3018 3019
3019 3022
3020 5918
3020 3022
3024 3383
3024 3385
3024 3025
3025 3221
3026 3389
3026 3386
3027 3029
3027 3028
3028 3030
3029 3031
3030 3032
3031 3032
3033 5881
3033 5877
3034 3039
3034 3299
3034 5881
3035 5607
3035 3038
3036 3040
3037 5880
3038 3039
3038 3220
3039 5880
3039 3220
3040 3299
3040 3300
3041 3079
3041 6397
3043 3044
3044 3045
3046 5054
3046 5255
3047 3050
3048 4288
3049 3050
3051 4455
3051 4451
3051 4442
3052 4821
3052 6339
3052 3105
3053 3104
3053 4845
3054 4785
3054 3105
3054 4783
3055 4477
3055 3205
3056 5680
3056 5681
3056 5622
3057 5681
3057 6169
3058 5684
3058 3309
3058 3795
3059 3060
3059 3066
3059 3067
3060 5024
3060 6167
3061 3066
3061 6168
3061 3065
3062 3097
3062 3063
3062 6292
3064 3145
3064 3075
3064 5683
3065 5024
3066 6168
3067 3605
3068 5294
3068 5297
3068 5683
3068 3074
3069 6153
3070 3071
3070 6154
3071 3072
3071 6154
3073 6152
3074 5683
3074 5682
3075 5622
3075 3145
3076 3177
3076 3077
3077 3146
3077 3079
3078 3146
3078 5151
3080 6397
3080 3084
3081 3084
3081 3083
3081 3196
3082 3147
3085 3087
3085 3086
3085 3088
3086 3087
3088 3091
3089 3090
3089 3092
3090 3091
3090 3093
3092 3093
3092 3094
3093 3094
3094 5286
3095 3096
3099 5630
3100 3313
3100 3314
3101 4794
3102 4846
3102 4856
3102 3105
3103 3104
3104 4634
3104 4856
3105 3106
3106 4728
3106 4578
3108 3322
3108 3321
3109 3112
3109 4594
3109 3477
3110 3111
3110 3112
3111 3112
3113 3114
3114 3115
3114 3117
3114 3116
3115 3115
3116 3117
3116 3118
3117 3119
3118 3119
3121 3123
3121 6030
3121 6044
3122 6044
3122 3414
3123 3414
3124 6333
3124 5479
3126 3128
3126 3127
3128 3130
3128 3129
3130 3132
3130 3131
3132 3134
3132 3133
3134 3136
3134 3135
3136 3137
3139 3140
3142 3143
3147 3148
3147 3446
3148 3150
3149 3152
3149 3151
3150 3154
3150 3157
3151 3152
3151 3153
3152 3154
3153 3154
3153 3157
3155 3156
3156 3157
3156 6542
3158 3159
3158 3161
3158 3162
3159 3678
3159 3160
3159 5577
3160 5594
3160 3163
3161 3163
3161 6194
3163 3164
3163 5594
3164 6194
3164 3290
3165 5278
3166 3167
3166 3198
3167 5278
3167 3200
3168 6600
3168 6598
3169 3171
3169 6600
3169 3170
3171 3172
3173 3175
3173 3174
3175 3176
3178 4528
3178 4524
3178 4276
3178 3179
3179 4586
3179 4585
3180 6200
3180 6201
3180 3181
3181 6197
3182 6221
3183 6262
3184 4610
3185 6233
3185 6262
3186 3291
3187 3190
3187 3224
3188 6377
3188 3189
3190 3358
3190 3353
3191 3348
3191 3384
3192 3223
3192 3193
3192 3222
3193 3223
3193 3194
3193 6378
3194 6376
3194 3195
3195 3291
3196 3377
3197 3198
3197 3199
3198 3200
3199 3200
3201 5046
3201 3486
3201 6117
3202 5686
3203 6081
3204 6080
3205 4540
3206 3501
3209 3413
3209 3410
3209 3411
3209 3412
3209 6030
3210 6596
3210 3211
3212 3213
3214 3290
3214 3289
3214 6192
3215 3216
3215 3217
3217 3218
3218 3219
3220 3301
3221 3385
3222 3383
3222 3385
3224 6377
3224 3225
3224 3291
3225 3301
3225 3580
3226 6155
3227 6107
3227 5684
3228 3230
3228 3242
3228 4220
3229 3230
3229 3233
3230 3243
3231 3234
3231 3232
3232 3243
3233 4203
3233 4206
3234 4209
3234 3242
3234 3239
3235 4210
3235 4211
3235 4208
3235 4214
3236 4207
3236 4205
3236 4204
3237 4209
3237 4210
3237 4207
3237 4219
3238 3240
3238 4225
3238 3241
3239 3241
3239 3240
3240 3241
3242 3243
3244 3245
3244 5832
3245 3245
3246 3266
3246 3256
3247 3266
3248 3251
3249 3250
3250 3251
3250 3252
3251 3254
3252 3253
3252 3254
3255 3259
3255 3265
3255 3263
3256 3259
3257 3258
3257 3264
3258 3259
3258 3268
3258 3265
3259 3265
3260 3261
3260 3263
3261 3262
3262 3263
3262 3264
3264 3265
3266 3269
3267 3285
3268 3269
3268 3272
3269 3279
3269 3280
3270 3286
3271 3272
3271 3287
3272 3278
3273 3276
3274 3282
3275 3276
3276 3282
3276 3277
3277 3278
3277 3283
3277 3287
3278 3284
3278 3279
3279 3285
3279 3280
3280 3286
3281 3282
3282 3283
3283 3284
3283 3288
3284 3285
3285 3286
3289 6195
3289 3290
3293 3294
3295 5243
3296 3297
3297 5831
3298 3298
3299 5876
3299 3300
3300 5875
3301 3581
3302 3303
3303 5958
3304 3305
3307 3308
3310 3311
3310 6118
3311 5237
3311 6099
3312 4611
3312 3373
3312 3320
3313 5038
3313 3314
3314 3485
3316 3317
3316 6398
3317 5871
3317 5870
3318 5036
3319 3488
3319 3485
3319 3373
3320 3373
3321 6100
3321 5630
3322 5629
3330 3331
3332 3436
3332 5700
3332 5888
3332 3446
3334 6392
3334 3335
3337 4074
3337 4073
3338 3339
3339 3864
3340 3341
3340 3344
3341 3810
3341 3345
3341 3864
3342 3343
3342 3864
3344 3345
3344 4073
3345 3802
3347 3447
3348 3349
3348 3357
3350 3352
3350 3356
3351 3354
3351 3352
3352 3355
3353 3357
3353 3354
3357 3358
3359 3360
3362 6590
3364 3366
3364 3365
3365 3370
3365 5970
3366 3367
3367 3368
3368 5973
3368 3369
3369 5970
3370 5969
3370 5968
3371 5967
3371 5966
3372 5965
3372 5964
3374 3375
3377 5915
3379 3381
3380 3381
3381 3382
3383 6378
3384 3386
3387 3391
3388 3391
3388 5323
3389 3390
3390 3392
3390 3393
3394 3418
3394 3395
3396 3397
3398 3399
3400 3401
3401 3403
3401 3402
3404 3405
3405 3500
3405 3406
3406 3407
3406 3408
3409 6041
3409 6025
3410 6027
3410 6040
3411 6026
3411 6039
3411 3489
3412 3421
3412 6029
3412 6028
3413 6034
3413 6033
3414 6045
3414 6044
3415 5109
3416 3417
3418 6432
3418 3419
3421 3423
3421 3422
3422 6374
3422 6037
3422 6029
3423 6036
3423 6035
3424 3427
3425 3427
3425 3426
3428 5745
3428 3431
3429 5663
3429 3433
3430 3434
3431 3432
3433 3434
3435 5904
3435 5903
3436 5898
3436 5897
3437 5902
3437 5901
3438 5894
3438 5900
3438 5899
3439 5906
3439 5905
3439 6190
3440 5910
3440 5909
3441 3443
3441 5908
3441 5907
3442 5914
3442 5913
3443 5912
3443 5911
3444 5933
3444 5932
3446 5887
3448 3449
3450 5608
3450 5607
3450 3451
3452 5263
3452 5708
3452 5704
3454 3455
3455 5027
3456 3457
3458 3459
3460 3463
3460 3462
3460 3469
3461 3462
3461 3463
3462 3470
3464 3468
3464 3465
3464 6396
3465 3467
3466 3467
3466 3468
3466 3470
3468 3469
3469 3470
3471 6011
3471 6010
3472 6020
3472 6019
3473 5977
3473 6008
3473 5177
3474 6013
3474 6015
3475 3480
3475 3481
3475 3501
3476 3482
3476 3480
3476 6495
3477 3478
3477 3482
3478 3479
3478 4589
3479 3481
3479 4587
3480 6494
3482 4594
3483 5922
3483 5921
3484 5920
3484 5919
3485 3487
3486 6115
3486 3488
3487 3488
3487 5686
3488 6115
3489 5990
3489 5989
3490 5995
3490 5994
3491 5188
3491 5986
3491 5985
3492 5988
3492 5987
3493 5978
3493 5179
3493 5979
3494 5972
3494 5971
3496 3497
3498 3499
3502 3504
3502 3503
3503 3505
3504 3505
3505 3507
3506 3507
3508 5782
3509 3510
3509 3511
3511 3512
3515 5535
3515 3516
3530 3531
3534 3535
3536 6603
3537 5106
3539 5495
3547 6334
3554 6430
3554 3555
3554 3591
3556 3558
3557 3558
3558 3559
3567 5646
3569 5651
3570 5653
3572 3573
3573 5699
3575 5027
3577 5890
3577 5889
3577 5884
3580 3582
3580 6377
3580 3584
3581 3583
3581 3582
3583 5607
3587 3588
3589 3590
3589 3591
3591 3592
3593 3594
3593 3602
3595 3596
3595 3599
3597 3599
3597 3598
3597 3602
3597 3601
3599 3600
3602 3603
3606 3607
3607 6564
3607 3608
3609 3610
3610 3611
3611 3612
3612 3615
3613 3614
3616 3623
3617 3618
3617 3622
3617 3619
3619 3623
3619 3622
3620 3621
3621 3622
3621 3623
3624 3626
3624 3630
3624 3625
3624 6336
3625 4578
3625 4580
3625 6494
3626 3627
3626 5139
3628 3629
3629 5139
3629 5063
3630 3632
3630 3631
3631 3633
3631 3632
3634 3635
3634 4469
3634 4471
3635 4504
3635 4284
3635 4497
3636 6428
3636 3639
3636 3637
3637 3638
3637 5170
3638 5171
3639 3640
3640 3641
3640 3642
3643 3644
3645 3646
3646 3647
3648 3649
3650 3651
3651 3651
3652 3654
3653 3655
3653 3654
3654 3655
3656 3657
3659 3660
3661 3662
3663 3664
3665 3666
3667 5409
3667 5401
3667 5408
3668 3670
3669 5425
3669 5402
3669 5414
3671 3674
3671 3676
3671 3673
3672 3677
3672 3674
3673 3676
3675 3677
3675 3675
3678 5568
3679 3680
3679 5565
3680 5076
3681 3683
3681 6164
3682 3684
3685 3690
3685 3686
3686 3692
3686 3687
3687 3694
3687 3688
3688 3696
3688 3689
3689 3698
3689 3691
3690 3692
3691 3699
3691 3693
3692 3694
3692 3703
3693 3700
3693 3695
3694 3703
3694 3696
3695 3705
3695 3697
3696 3709
3696 3698
3697 3707
3697 3711
3698 3712
3698 3699
3699 3718
3699 3700
3700 3708
3700 3722
3700 3705
3701 3713
3701 3702
3701 3720
3702 3723
3702 3704
3703 3709
3704 3725
3704 3706
3705 3707
3706 3710
3706 3717
3707 3711
3708 3714
3708 3726
3709 3712
3710 3729
3710 3715
3711 3713
3712 3718
3713 3716
3713 3721
3714 3719
3714 3730
3715 3717
3715 3727
3716 3720
3716 3724
3717 3734
3718 3722
3719 3721
3719 3737
3720 3723
3720 3728
3721 3724
3721 3733
3722 3726
3723 3725
3723 3735
3724 3728
3725 3729
3725 3740
3726 3730
3727 3734
3727 3731
3728 3735
3728 3733
3729 3732
3729 3731
3730 3737
3731 3739
3732 3736
3732 3745
3733 3742
3734 3739
3735 3740
3735 3742
3736 3738
3736 3748
3737 3755
3737 3767
3738 3741
3738 3753
3739 3745
3740 3744
3740 3746
3741 3743
3741 3757
3742 3746
3743 3744
3743 3762
3744 3750
3744 3747
3745 3748
3746 3750
3747 3764
3747 3749
3748 3753
3748 3761
3749 3769
3749 3751
3750 3755
3751 3770
3751 3752
3752 3771
3752 3754
3753 3757
3754 3772
3754 3756
3755 3759
3755 3758
3756 3773
3756 3759
3757 3762
3757 3761
3758 3776
3758 3760
3759 3774
3760 3777
3760 3763
3761 3768
3762 3764
3763 3778
3763 3765
3764 3768
3765 3779
3765 3766
3766 3780
3766 3781
3767 3787
3767 3782
3768 3769
3769 3770
3770 3771
3771 3772
3772 3773
3773 3774
3774 3776
3775 3781
3776 3777
3777 3778
3778 3779
3779 3780
3780 3781
3781 3783
3782 3785
3782 3784
3783 6077
3785 3788
3785 3787
3786 3791
3786 3789
3787 6079
3788 6081
3790 3791
3791 3793
3792 3793
3793 3794
3795 6113
3796 6287
3796 3797
3797 6293
3797 6288
3798 3799
3798 3800
3798 6293
3801 6287
3802 3806
3802 3803
3803 3804
3803 3811
3804 3836
3804 3805
3805 3831
3805 3807
3806 3839
3806 3851
3807 3810
3807 3808
3808 3814
3808 3832
3809 3811
3810 3826
3810 3812
3811 3818
3812 3820
3812 3813
3813 3815
3813 3846
3814 3827
3814 3828
3815 3822
3815 3817
3816 3818
3817 3856
3817 3823
3818 3825
3819 3820
3819 3857
3819 3859
3820 3821
3821 3855
3821 3849
3822 3837
3822 3842
3823 3834
3823 3845
3824 3825
3825 3843
3826 3861
3826 3828
3827 3835
3827 3828
3828 3844
3829 3830
3829 3833
3830 3831
3830 3878
3831 3832
3832 3835
3832 3890
3833 3836
3833 3878
3834 3848
3834 3881
3835 3850
3836 3897
3837 3847
3837 3842
3838 3853
3839 3873
3839 3851
3840 3843
3841 3852
3841 3845
3842 3863
3843 3867
3844 3850
3844 3869
3845 3871
3845 3853
3846 3847
3846 3849
3846 3905
3847 3860
3848 3875
3848 3862
3849 3854
3850 3869
3851 3873
3852 3856
3852 3887
3853 3866
3854 3855
3854 3874
3855 3857
3856 3922
3857 3859
3858 3870
3859 3861
3859 3874
3860 3863
3860 3879
3861 3886
3862 3872
3862 3921
3863 3879
3864 3882
3865 3876
3867 3898
3867 3914
3868 3871
3868 3868
3869 3889
3870 3880
3870 3875
3871 3881
3871 3895
3872 3882
3872 3904
3873 3884
3873 3885
3874 3894
3875 3902
3875 3876
3876 3893
3877 3896
3878 3892
3879 3913
3881 3902
3881 3945
3882 3899
3882 3941
3883 3900
3884 3901
3884 3916
3884 3891
3885 3900
3885 3914
3886 3957
3886 3894
3886 3889
3887 3906
3887 3895
3888 3909
3889 3890
3890 3892
3890 3948
3891 3901
3891 3931
3892 3917
3892 3897
3894 3905
3895 3909
3895 3934
3896 3908
3896 3904
3897 4009
3898 3938
3898 3914
3899 3918
3899 3930
3900 3928
3901 3916
3901 3931
3902 3921
3902 3933
3903 3907
3904 3907
3904 3929
3905 3913
3905 3964
3907 3919
3909 3926
3910 3961
3911 3961
3912 3927
3913 3935
3913 3922
3914 3939
3914 3944
3914 3986
3915 3959
3916 3931
3917 3952
3917 3954
3918 4075
3918 3943
3920 3925
3921 3929
3921 3973
3922 3934
3922 4011
3923 3937
3924 3936
3925 3930
3925 3932
3927 3942
3927 3933
3929 3941
3929 3960
3930 3955
3933 3965
3933 3936
3934 3945
3935 3962
3935 3972
3936 3951
3937 3943
3937 3950
3938 3939
3938 3963
3939 3966
3940 3953
3941 3955
3941 3991
3943 3970
3943 4078
3944 3987
3944 3956
3945 3965
3945 3988
3946 3958
3947 3958
3948 3952
3948 4005
3949 3960
3952 3954
3953 3967
3953 3960
3955 3970
3955 3976
3956 3990
3956 3992
3957 4000
3957 3959
3958 3971
3959 3961
3960 3980
3962 3969
3962 3964
3963 3966
3963 3979
3964 4003
3965 3978
3965 3973
3966 3983
3968 3975
3969 3971
3969 3972
3970 4091
3970 3989
3971 3977
3971 3972
3973 3980
3973 4006
3974 3984
3975 3976
3975 3981
3976 3996
3977 3985
3977 3982
3978 3993
3978 4001
3979 3995
3979 3983
3980 3991
3980 3997
3983 3998
3983 3986
3984 3989
3984 3994
3986 3987
3986 4002
3987 3990
3988 3993
3988 4018
3989 4008
3989 4095
3990 3992
3991 3996
3991 4025
3992 4004
3993 4001
3995 3998
3995 4012
3996 4008
3996 4020
3997 4013
3997 4007
3997 3999
3998 4016
4000 4003
4000 4005
4000 4063
4001 4006
4002 4004
4002 4017
4003 4011
4003 4061
4004 4022
4005 4009
4006 4013
4006 4043
4008 4108
4008 4107
4009 4029
4010 4104
4010 4021
4010 4097
4011 4018
4012 4016
4012 4029
4013 4025
4013 4035
4014 4020
4015 4023
4016 4017
4017 4022
4017 4036
4018 4043
4018 4111
4019 4026
4019 4109
4019 4105
4020 4031
4021 4121
4021 4110
4021 4048
4022 4040
4023 4027
4023 4030
4024 4028
4025 4031
4025 4055
4026 4032
4026 4108
4026 4121
4027 4107
4027 4042
4028 4037
4028 4035
4029 4034
4029 4052
4031 4042
4031 4046
4032 4118
4032 4122
4033 4035
4034 4036
4034 4052
4035 4049
4036 4038
4036 4054
4038 4039
4038 4056
4039 4040
4039 4058
4040 4058
4041 4045
4042 4123
4042 4053
4043 4049
4044 4050
4045 4046
4045 4047
4046 4060
4048 4126
4048 4059
4049 4130
4050 4053
4050 4057
4051 4132
4051 4123
4051 4118
4051 4142
4052 4054
4053 4062
4053 4133
4054 4056
4055 4135
4055 4130
4056 4058
4059 4143
4059 4148
4060 4062
4060 4135
4061 4063
4061 4119
4062 4147
4063 4196
4064 4162
4064 4121
4064 4148
4064 4122
4065 4142
4065 4151
4065 4165
4066 4177
4066 4171
4066 4162
4067 4179
4067 4177
4067 4137
4068 4179
4068 4190
4068 4183
4068 4174
4069 4070
4070 4071
4070 4072
4073 4080
4075 4077
4075 4091
4076 4078
4077 4081
4077 4086
4078 4082
4079 4084
4081 4085
4081 4098
4083 4087
4084 4088
4084 4086
4085 4089
4085 4090
4086 4087
4086 4094
4087 4093
4089 4097
4089 4124
4090 4099
4091 4094
4091 4108
4092 4095
4094 4098
4094 4105
4095 4100
4096 4103
4097 4102
4098 4104
4098 4110
4099 4104
4101 4109
4102 4112
4103 4105
4103 4106
4107 4114
4108 4123
4109 4110
4111 4119
4111 4117
4112 4126
4113 4115
4115 4118
4115 4120
4116 4127
4116 4129
4116 4117
4117 4129
4117 4136
4119 4172
4121 4128
4122 4137
4123 4151
4124 4126
4124 4170
4125 4133
4126 4139
4127 4138
4127 4134
4129 4138
4129 4136
4130 4145
4131 4141
4132 4137
4132 4168
4133 4140
4134 4146
4134 4152
4135 4150
4136 4144
4137 4179
4138 4146
4138 4144
4139 4143
4141 4142
4141 4149
4144 4157
4145 4158
4145 4150
4146 4156
4146 4157
4147 4151
4147 4159
4148 4153
4150 4155
4152 4158
4152 4156
4153 4160
4153 4164
4154 4155
4154 4167
4154 4159
4155 4176
4156 4157
4158 4166
4158 4173
4159 4169
4161 4163
4162 4177
4163 4164
4163 4170
4164 4171
4165 4168
4165 4174
4167 4178
4167 4169
4168 4175
4169 4174
4170 4171
4172 4180
4172 4173
4173 4181
4176 4198
4176 4178
4178 4183
4179 4186
4180 4196
4180 4181
4181 4200
4182 4184
4183 4188
4184 4191
4184 4187
4185 4186
4186 4190
4188 4191
4188 4194
4189 4192
4190 4192
4190 4193
4191 4198
4192 4195
4192 4194
4194 4197
4196 4200
4198 4200
4198 4199
4199 4199
4201 4202
4201 5041
4202 4204
4205 4208
4206 4215
4207 4208
4209 4218
4210 4217
4211 6572
4211 4214
4212 4213
4213 4215
4213 6177
4214 4217
4215 4216
4216 4220
4217 4221
4218 4219
4218 4222
4219 4224
4220 6177
4223 4226
4226 4229
4227 4230
4228 4229
4229 4230
4230 6394
4231 4233
4232 4233
4233 4236
4234 4235
4234 6394
4234 4236
4236 4238
4237 6394
4238 4239
4239 4240
4241 4246
4242 4244
4242 4247
4244 4247
4245 4249
4247 4250
4251 4252
4251 4256
4252 4257
4253 4255
4253 4256
4254 4258
4255 4256
4257 4258
4259 4263
4260 4261
4261 4264
4261 4265
4262 4266
4262 4263
4262 6577
4263 4264
4264 4265
4264 4267
4265 4272
4266 4271
4266 6575
4267 4271
4267 4270
4268 4273
4268 4268
4269 4512
4270 4272
4270 4271
4272 4273
4273 4275
4274 4276
4274 4275
4274 4502
4275 4276
4277 5025
4278 6486
4278 4280
4279 4279
4281 4491
4282 4471
4283 4479
4285 4488
4285 4498
4286 4493
4286 4287
4286 4490
4287 4438
4288 4495
4289 4474
4289 4473
4290 4498
4290 4500
4290 4486
4291 4292
4291 4295
4292 4293
4292 4297
4293 4299
4294 4296
4294 4295
4295 4298
4295 4297
4296 4307
4296 4298
4297 4300
4297 4299
4298 4304
4298 4300
4299 4302
4299 4301
4300 4305
4300 4302
4301 4303
4302 4306
4302 4303
4308 4309
4309 4320
4310 4313
4310 4329
4310 4323
4311 4312
4312 4314
4312 4334
4313 4323
4313 4328
4314 4316
4314 4321
4315 4320
4316 4318
4316 4333
4318 4337
4319 4326
4322 4330
4323 4328
4324 4326
4325 4335
4325 4384
4326 4327
4326 4331
4328 4329
4329 4331
4330 4340
4332 4333
4332 4334
4336 4337
4336 4377
4337 4338
4338 4351
4339 4341
4341 4344
4341 4375
4342 4345
4343 4350
4343 4356
4345 4353
4346 4346
4347 4348
4348 4359
4348 4352
4349 4386
4350 4366
4353 4353
4354 4373
4355 4362
4358 4376
4359 4368
4360 4362
4361 4389
4362 4372
4363 4369
4365 4374
4367 4373
4368 5173
4370 4382
4371 4380
4373 4379
4374 4378
4374 4379
4377 4390
4377 4383
4379 4385
4381 4392
4382 4383
4382 4391
4383 4390
4384 4400
4384 4409
4385 5173
4386 4387
4386 4393
4387 4388
4387 4394
4390 4391
4391 4401
4393 4411
4395 4404
4396 4402
4397 4410
4398 4413
4399 4405
4400 4406
4402 4418
4403 4404
4405 4408
4405 4415
4406 4407
4407 4409
4409 4424
4410 4412
4412 4413
4412 4417
4413 4416
4414 4417
4414 4430
4414 4436
4416 4418
4416 4443
4417 4419
4419 4420
4419 4435
4420 4447
4421 4446
4422 4423
4422 4438
4423 4424
4423 4437
4425 4441
4426 4431
4427 4451
4429 4456
4430 4436
4430 4435
4431 4445
4431 4432
4431 4439
4433 4440
4433 4460
4434 4439
4434 4468
4435 4444
4436 4444
4438 4453
4439 4445
4441 4448
4441 4441
4443 4449
4443 4452
4444 4447
4445 4450
4446 4461
4446 4462
4454 4457
4455 4470
4457 4466
4457 4459
4458 4461
4458 4458
4460 4463
4461 4462
4462 4465
4463 4481
4463 4464
4466 4467
4469 4473
4470 4477
4470 4480
4472 4479
4473 4474
4475 4488
4475 4491
4476 4487
4476 4478
4477 4480
4479 4482
4480 4484
4481 4485
4481 4494
4483 4484
4484 4496
4487 4489
4488 4491
4489 4489
4492 4494
4498 4505
4499 4502
4500 4501
4500 4505
4501 4501
4502 5484
4503 4504
4503 4503
4504 4506
4505 4507
4506 4506
4507 4508
4507 4510
4509 4511
4511 4512
4511 6575
4513 4521
4514 5603
4516 4524
4517 4520
4517 4517
4519 4520
4519 4525
4520 4521
4521 4522
4522 4524
4522 4525
4523 5603
4523 5605
4525 4529
4526 4526
4527 4528
4527 4527
4529 4531
4529 4532
4535 5256
4535 4537
4540 5256
4542 4701
4542 4544
4543 4545
4544 4545
4545 4549
4546 4551
4546 4730
4547 4554
4548 4549
4549 4550
4550 4579
4550 4553
4551 4551
4552 4554
4554 4571
4555 4558
4555 4557
4555 4671
4556 4560
4556 4667
4556 4669
4557 4561
4557 4560
4558 4561
4558 4671
4559 4657
4559 4565
4560 4562
4561 4562
4562 4564
4563 4564
4563 4673
4565 4670
4566 4718
4566 4568
4566 4569
4567 4579
4568 4734
4568 4570
4569 4572
4569 4570
4570 4761
4572 4574
4572 4778
4573 4574
4575 4582
4576 4582
4577 4584
4578 4580
4580 6495
4582 4587
4583 4590
4584 4596
4584 4595
4584 4586
4585 4600
4585 4592
4587 4589
4588 4599
4589 4590
4590 4595
4591 4598
4593 4596
4595 4599
4596 4601
4598 4600
4601 4603
4602 4605
4604 4611
4605 4619
4606 4618
4607 4612
4609 4611
4610 4612
4612 4615
4613 4614
4614 4616
4617 4619
4618 4620
4619 4624
4621 4622
4621 6114
4625 4628
4626 4628
4627 4632
4629 4631
4630 4633
4631 4634
4631 4631
4633 4641
4635 4636
4636 4637
4637 4643
4637 4646
4638 4642
4638 4644
4639 4649
4639 4870
4640 4645
4640 4650
4641 4646
4642 4645
4642 4648
4643 4652
4643 4650
4644 4648
4645 4647
4646 4652
4647 4651
4648 4651
4650 4659
4652 4659
4653 4656
4653 4655
4654 4657
4655 4657
4655 4656
4659 4660
4661 4664
4662 4667
4663 4664
4664 4665
4665 4666
4665 4671
4666 4669
4666 4668
4667 4668
4668 4669
4672 4676
4672 4674
4672 4677
4673 4675
4673 4674
4674 4676
4676 4677
4677 4678
4679 4681
4680 4682
4680 4681
4682 4684
4682 4683
4683 4687
4683 4686
4684 4694
4684 4690
4689 4691
4689 4690
4690 4692
4691 4697
4692 4693
4692 4696
4695 4701
4698 4699
4698 4730
4698 4700
4700 4702
4700 4706
4702 4709
4703 4712
4704 4714
4707 4715
4708 4718
4710 4717
4711 4719
4712 4714
4712 4725
4713 4721
4714 4715
4715 4716
4716 4727
4716 4717
4717 4719
4718 4724
4719 4721
4720 4748
4721 4738
4722 4748
4723 4752
4725 4731
4725 4740
4726 4759
4726 4754
4726 4755
4727 4731
4727 4733
4728 4760
4729 4758
4730 4734
4730 4737
4731 4735
4732 4758
4733 4738
4733 4735
4734 4741
4735 4745
4736 4739
4737 4739
4737 4753
4738 4757
4739 4765
4740 4750
4740 4742
4741 4747
4741 4761
4742 4756
4742 4743
4743 4763
4743 4745
4744 4753
4745 4746
4745 4769
4746 4766
4746 4751
4747 4770
4748 4752
4749 4760
4751 4767
4751 4757
4752 4755
4753 4762
4754 4758
4754 4777
4755 4759
4757 4772
4759 4768
4760 4785
4761 4770
4762 4774
4762 4765
4764 4768
4765 4804
4768 4777
4769 4773
4771 4777
4773 4775
4773 4779
4774 4787
4775 4780
4775 4784
4776 4779
4777 4781
4778 4791
4779 4794
4780 4781
4780 4800
4781 4783
4782 4785
4783 4789
4786 4789
4787 4807
4787 4804
4788 4797
4789 4793
4790 4793
4791 4799
4792 4797
4793 4798
4794 4812
4795 4799
4796 4798
4797 4812
4798 4801
4799 4806
4801 4803
4801 4816
4802 4803
4803 4808
4804 4841
4805 4808
4807 4855
4808 4811
4809 4811
4810 4826
4810 4838
4810 4814
4811 4813
4812 4842
4813 4817
4813 4816
4814 4818
4814 4827
4815 4817
4816 4819
4817 4824
4818 4820
4818 4833
4819 4825
4819 4828
4820 4823
4820 4835
4822 4824
4823 4826
4823 4837
4824 4830
4826 4838
4828 4831
4828 4836
4829 4830
4830 4834
4832 4834
4834 4836
4836 4840
4838 4839
4839 4842
4839 4849
4841 4843
4841 4858
4842 4848
4843 4847
4843 4863
4844 4845
4845 6339
4847 4850
4847 4868
4848 4853
4848 4852
4850 4852
4850 4868
4851 4853
4851 4851
4852 4857
4853 4861
4854 4856
4855 4871
4858 4862
4858 4863
4859 4860
4860 4864
4860 4861
4863 4873
4865 4870
4866 4871
4867 4872
4868 4873
4869 4870
4871 4872
4872 4873
4874 4876
4874 4875
4875 4882
4875 4877
4876 4879
4876 4910
4877 4890
4877 4878
4878 4892
4878 4880
4879 4902
4879 4881
4880 4894
4880 4883
4881 4888
4881 4885
4882 4885
4882 4887
4883 4895
4883 6557
4883 4884
4884 4897
4884 4886
4885 4891
4886 4899
4886 4889
4887 4896
4887 4891
4888 4893
4888 4900
4889 4901
4889 4903
4890 4896
4890 4892
4891 4906
4892 4894
4894 4895
4895 4904
4895 4897
4896 4909
4896 4898
4897 4899
4898 4904
4898 4905
4899 4901
4901 4903
4902 4906
4902 4912
4903 4907
4904 4908
4904 4907
4905 4908
4905 4911
4906 4915
4907 4913
4908 4914
4908 4913
4909 4920
4909 4911
4910 4923
4910 4912
4911 4914
4911 4916
4912 4915
4913 4918
4914 4919
4914 4918
4915 4932
4915 4917
4916 4919
4916 4921
4917 4922
4917 4920
4918 4924
4919 4925
4919 4924
4920 4939
4920 4921
4921 4928
4921 4925
4922 4927
4923 4926
4923 4935
4924 4930
4925 4931
4925 4930
4926 4932
4926 4940
4927 4936
4928 4929
4928 4941
4929 4942
4929 4933
4930 4938
4931 4934
4931 4938
4932 4947
4932 4936
4933 4944
4933 4934
4934 4937
4935 4940
4935 4943
4936 4939
4937 4945
4937 4946
4938 4946
4939 4949
4939 4941
4940 4947
4940 4951
4941 4942
4941 4961
4942 4944
4942 4963
4943 4951
4943 4956
4944 4945
4944 4966
4945 4948
4945 4969
4946 4955
4947 4957
4947 4958
4948 4950
4948 4970
4949 4958
4949 4952
4950 4953
4950 4972
4951 4957
4951 4960
4953 4954
4953 4973
4954 4955
4954 4974
4955 4977
4956 4960
4956 4965
4957 4967
4957 4959
4958 4961
4958 4968
4959 4962
4959 4998
4960 4967
4960 4971
4961 4963
4962 4964
4962 4999
4963 4966
4964 4968
4964 5000
4965 4971
4965 4975
4966 4969
4967 4976
4968 4978
4968 4979
4969 4970
4969 4978
4970 4972
4971 4976
4971 4980
4972 4973
4973 4974
4974 4977
4975 4980
4975 4982
4976 4983
4977 4988
4978 4981
4979 4985
4979 4987
4980 4983
4980 4989
4981 4984
4981 4987
4982 4989
4982 4994
4983 4991
4984 4986
4984 5004
4985 4992
4985 4993
4986 4990
4986 5005
4987 4993
4988 4990
4988 5006
4989 4991
4989 4994
4990 5006
4991 4995
4992 4996
4992 4997
4993 4997
4994 4995
4995 4998
4996 5001
4996 5002
4997 5002
4998 4999
4999 5000
5000 5001
5001 5003
5002 5003
5003 5004
5004 5005
5005 5006
5007 5008
5007 5010
5007 5011
5009 5012
5010 5013
5010 5018
5011 5014
5012 5015
5012 5013
5013 5017
5015 5016
5015 5017
5017 5019
5020 6486
5020 5021
5022 5023
5023 6163
5024 5025
5024 6167
5026 6389
5026 6333
5028 5952
5028 5951
5029 5950
5029 5949
5030 5031
5032 5807
5032 5806
5032 5033
5033 5808
5033 5809
5034 5815
5034 5817
5034 5035
5035 5816
5035 5805
5036 5037
5039 5040
5041 5042
5043 5045
5043 5044
5046 6099
5046 5687
5047 5048
5049 5050
5049 5049
5050 6468
5051 5052
5052 5053
5054 5057
5054 5055
5055 5059
5055 5062
5056 5057
5056 5059
5056 5058
5058 5060
5058 5059
5060 5062
5061 5062
5064 5070
5064 5068
5064 5065
5065 5066
5065 5142
5066 5067
5066 5143
5068 5069
5070 5071
5074 5075
5074 6491
5077 5078
5082 5083
5083 5084
5084 5086
5084 5088
5085 5086
5087 5089
5088 5090
5088 5092
5090 5092
5091 5092
5093 5314
5094 5096
5095 5096
5096 5099
5097 5098
5100 5101
5101 5102
5102 5103
5104 5105
5106 5107
5109 5110
5111 5112
5112 5370
5113 5115
5113 5114
5115 5116
5117 5361
5117 5118
5119 5373
5119 5372
5119 5120
5122 5123
5124 5126
5124 5373
5124 5125
5126 5127
5126 6406
5129 5130
5130 5526
5130 5525
5131 5526
5132 5463
5133 6134
5138 5139
5140 5141
5140 5308
5144 5145
5145 5145
5147 5148
5151 5152
5151 5154
5152 5154
5152 5153
5153 5788
5153 5787
5154 5862
5155 5158
5155 5157
5156 5158
5157 5158
5160 5161
5161 6075
5162 5162
5163 6227
5163 5164
5165 6230
5165 5166
5166 5167
5167 5168
5168 6226
5168 5169
5173 5174
5175 5176
5177 5178
5177 5181
5179 5181
5179 5180
5181 5182
5183 5185
5183 5184
5183 5187
5185 5186
5187 5188
5187 5991
5188 5976
5189 5190
5189 6284
5189 6285
5190 6291
5191 5524
5191 5510
5192 5193
5194 5196
5195 5196
5197 5198
5198 5199
5198 5201
5199 5200
5202 5203
5204 5205
5206 5207
5208 5209
5210 5223
5210 5222
5211 5213
5211 5212
5212 5214
5212 5213
5213 5215
5214 5216
5214 5215
5215 5217
5216 5218
5216 5217
5217 5219
5218 5220
5218 5219
5219 5221
5220 5222
5220 5221
5222 5223
5224 5225
5226 5228
5227 5228
5230 5231
5233 5234
5234 5235
5234 5236
5235 5236
5238 5239
5241 5242
5243 5245
5244 5245
5245 5246
5249 5250
5249 6448
5250 5251
5250 6447
5251 5252
5253 5254
5255 5256
5258 5259
5260 5261
5263 5706
5263 5264
5265 5266
5267 5268
5269 5270
5271 5272
5273 5274
5273 5277
5273 5276
5274 5275
5279 5281
5279 5280
5282 5283
5284 5285
5285 5953
5286 5288
5288 5289
5291 5294
5291 5293
5292 5293
5292 5482
5293 5295
5293 5482
5294 5295
5295 5296
5296 5297
5297 5300
5298 5300
5298 5299
5300 5301
5303 5304
5305 5306
5308 5309
5310 5311
5312 5313
5315 5316
5317 5318
5317 5319
5318 5319
5320 5321
5327 5328
5327 5329
5328 5329
5329 5330
5331 5332
5331 5334
5333 5334
5334 6545
5335 6436
5336 6439
5336 5338
5336 5337
5339 5340
5343 5344
5345 5347
5348 5349
5350 6446
5350 5358
5351 5354
5352 5387
5352 5356
5352 5355
5356 5357
5359 5364
5359 5363
5361 5365
5364 5366
5364 5370
5367 5369
5368 5369
5369 5370
5371 5373
5375 5377
5376 5377
5377 5378
5379 5380
5384 6592
5384 5385
5385 6594
5386 6590
5387 6446
5387 5388
5389 5390
5389 5391
5393 5395
5394 5396
5395 5396
5396 5397
5398 5756
5402 5404
5403 5409
5405 5407
5405 5406
5409 5410
5410 5413
5410 5411
5413 5414
5413 5416
5414 5418
5415 5419
5419 5426
5420 5422
5423 5425
5424 5426
5425 5436
5426 5440
5429 5431
5430 5437
5430 5430
5431 5438
5434 5440
5449 5452
5450 5456
5451 5459
5452 5454
5452 5455
5453 5455
5458 5459
5460 6135
5462 6135
5463 5468
5463 5464
5464 5467
5465 5471
5466 5469
5469 6133
5470 5475
5471 5472
5471 5476
5473 5475
5474 5477
5476 5477
5476 5478
5479 5480
5480 5481
5480 5696
5481 5481
5482 5483
5484 5485
5490 5491
5492 5494
5494 5495
5494 5496
5497 5499
5499 6174
5502 5504
5502 5503
5504 5505
5504 5506
5507 5520
5508 5515
5508 5510
5509 5516
5510 5513
5512 5516
5513 5518
5513 5515
5514 5520
5514 5517
5516 5522
5519 5522
5520 5523
5521 5523
5522 5524
5526 5527
5530 5531
5531 5531
5533 5535
5534 5535
5536 5537
5538 5540
5538 5539
5541 5542
5543 6558
5543 5544
5545 5546
5548 5549
5551 6375
5551 6131
5551 5552
5552 5552
5553 6129
5553 6130
5554 5556
5555 5556
5556 5558
5557 5560
5558 5559
5559 5560
5559 5562
5560 5563
5561 5564
5561 5561
5563 5567
5563 5564
5564 5566
5565 5566
5565 5568
5566 5568
5569 5570
5569 5575
5570 5577
5570 5581
5571 5572
5572 5573
5572 5580
5573 5576
5573 5583
5574 5576
5575 5581
5576 5579
5577 5590
5578 5580
5579 5582
5580 5583
5581 5587
5582 5585
5582 5584
5583 5586
5583 5587
5585 5586
5586 5589
5587 5588
5587 5591
5588 5590
5588 5591
5590 5595
5591 5592
5593 5596
5594 6195
5595 5596
5595 5597
5596 5597
5597 5598
5599 5600
5600 5601
5601 5604
5601 5602
5602 5603
5606 5609
5606 5608
5608 5609
5611 6180
5613 5613
5616 5618
5617 5618
5619 5620
5622 5682
5624 5626
5624 5625
5626 5627
5627 6565
5627 6568
5627 6566
5631 5631
5632 5632
5636 5644
5636 5637
5636 5643
5637 5644
5638 5639
5638 5640
5639 5641
5639 5640
5641 5643
5641 5642
5644 5645
5647 5650
5648 5649
5651 5699
5655 5656
5658 5659
5659 5661
5659 5663
5660 5661
5661 5662
5663 5667
5664 5666
5665 5666
5666 5667
5668 5678
5669 5675
5670 5671
5671 5674
5671 5675
5672 5674
5673 5674
5675 5677
5676 5677
5677 5678
5678 5679
5679 5679
5680 6391
5681 6169
5684 6112
5686 5687
5686 6108
5687 6110
5690 5694
5691 5692
5692 5693
5692 5694
5694 5695
5697 5698
5698 5701
5701 5702
5702 5703
5703 5710
5705 5706
5708 6398
5709 5710
5711 5719
5712 5714
5713 5714
5714 5716
5714 5715
5716 5717
5716 5719
5716 5726
5718 5719
5719 5720
5721 5743
5721 5744
5722 5847
5722 5742
5722 5734
5723 5735
5723 5740
5724 5731
5724 5732
5725 5729
5726 5739
5727 5743
5727 5728
5727 5735
5728 5734
5728 5744
5728 5736
5729 5732
5729 5730
5730 5736
5730 5733
5731 5846
5731 5733
5732 5733
5733 5737
5734 5735
5734 5737
5736 5737
5737 5738
5738 5846
5738 5740
5738 5739
5739 5742
5740 5741
5741 5742
5743 5744
5745 5746
5747 5748
5748 5748
5748 5749
5749 5752
5750 5751
5751 5752
5758 5760
5759 5760
5762 5763
5763 5767
5763 5764
5764 5765
5764 5768
5766 5767
5767 5771
5767 5768
5768 5769
5768 5785
5770 5771
5771 5773
5771 5785
5772 5773
5773 5777
5773 5774
5774 5785
5774 5775
5774 5778
5776 5777
5777 5781
5777 5778
5778 5779
5778 5782
5780 5781
5781 5782
5782 5783
5784 5785
5786 5844
5791 5792
5792 5793
5792 5794
5793 5793
5795 6572
5796 6098
5796 5797
5796 6097
5797 5798
5799 5800
5799 6083
5800 5802
5801 5802
5801 6090
5801 5804
5803 5804
5803 6572
5805 5816
5806 5807
5807 5816
5808 5811
5808 5809
5810 5820
5810 5811
5810 5812
5811 6573
5812 5821
5812 5813
5813 5814
5813 5818
5814 5815
5814 5818
5815 5817
5819 6573
5819 5822
5820 5821
5820 6573
5821 5822
5821 6573
5824 5825
5826 5829
5827 5828
5827 5829
5828 5829
5833 5834
5835 6310
5835 5836
5837 5839
5837 5838
5844 5845
5846 5847
5848 6476
5849 6290
5863 5865
5863 5864
5865 5867
5865 5866
5877 5878
5880 5881
5881 5882
5884 5886
5884 5885
5891 5893
5891 5892
5894 5896
5894 5895
5915 5917
5915 5916
5929 5931
5929 5930
5934 5937
5934 5935
5934 6396
5935 5935
5935 5936
5936 5938
5936 5937
5946 5948
5947 5948
5953 5954
5953 5955
5954 5955
5955 5956
5959 5960
5962 5963
5963 6075
5971 5983
5971 5974
5972 5984
5972 5976
5973 5975
5973 5974
5974 5982
5975 5978
5975 5981
5976 5979
5977 5978
5977 6015
5979 5980
5985 5994
5985 5996
5986 6000
5986 5987
5987 5992
5988 6002
5988 5990
5989 6039
5989 5995
5990 6026
5991 5993
5991 5992
5992 6001
5994 6009
5995 6005
5997 6008
5998 6005
5999 6041
6003 6005
6003 6004
6004 6007
6004 6010
6006 6007
6006 6009
6007 6013
6008 6009
6010 6012
6013 6014
6015 6016
6017 6022
6017 6021
6018 6024
6018 6023
6026 6028
6027 6033
6027 6042
6028 6035
6029 6031
6030 6032
6030 6031
6031 6044
6032 6046
6032 6034
6033 6043
6034 6047
6035 6038
6039 6040
6040 6041
6048 6057
6048 6054
6049 6051
6049 6050
6049 6056
6050 6056
6051 6052
6052 6053
6052 6054
6053 6054
6055 6060
6055 6056
6055 6057
6058 6059
6059 6061
6059 6062
6060 6061
6060 6064
6061 6062
6062 6063
6063 6064
6067 6068
6067 6067
6068 6073
6069 6074
6069 6070
6069 6075
6070 6071
6072 6074
6072 6073
6076 6077
6077 6082
6078 6079
6079 6080
6083 6089
6084 6085
6085 6086
6087 6314
6091 6092
6091 6091
6092 6093
6092 6094
6093 6094
6095 6096
6099 6110
6099 6117
6101 6103
6102 6103
6103 6106
6104 6105
6105 6111
6105 6106
6106 6112
6107 6108
6108 6111
6108 6109
6111 6112
6112 6113
6114 6116
6115 6116
6115 6117
6116 6118
6117 6118
6120 6122
6120 6124
6121 6122
6122 6123
6126 6130
6127 6129
6128 6129
6130 6375
6132 6133
6137 6138
6140 6143
6141 6142
6142 6143
6143 6389
6144 6146
6145 6146
6146 6147
6148 6150
6148 6149
6149 6150
6150 6151
6152 6465
6153 6450
6155 6291
6155 6292
6156 6157
6156 6158
6157 6159
6158 6159
6158 6285
6159 6286
6160 6160
6160 6162
6161 6162
6162 6163
6163 6391
6164 6164
6165 6165
6165 6166
6166 6390
6166 6389
6168 6169
6171 6172
6174 6175
6175 6441
6176 6178
6177 6178
6183 6189
6183 6193
6184 6192
6184 6195
6184 6190
6185 6193
6185 6188
6186 6196
6186 6191
6187 6192
6187 6190
6187 6189
6188 6196
6189 6193
6191 6194
6197 6208
6198 6209
6199 6203
6200 6202
6201 6217
6201 6208
6202 6212
6202 6211
6203 6204
6203 6205
6204 6206
6205 6215
6205 6214
6206 6216
6207 6208
6209 6210
6209 6211
6219 6220
6219 6229
6221 6250
6221 6223
6222 6223
6222 6259
6222 6224
6223 6252
6225 6248
6226 6230
6227 6232
6227 6229
6228 6231
6230 6474
6231 6233
6231 6234
6235 6236
6236 6242
6236 6238
6237 6238
6238 6240
6238 6242
6239 6240
6240 6241
6242 6243
6243 6244
6244 6245
6244 6246
6245 6247
6246 6247
6246 6248
6248 6249
6250 6251
6252 6259
6252 6256
6253 6258
6253 6256
6253 6259
6254 6255
6254 6256
6257 6258
6257 6260
6260 6261
6262 6264
6263 6264
6264 6265
6266 6267
6266 6273
6266 6283
6267 6271
6267 6270
6268 6270
6269 6270
6271 6273
6271 6272
6273 6274
6275 6276
6276 6277
6278 6280
6278 6279
6280 6282
6280 6281
6284 6291
6284 6292
6285 6286
6287 6293
6288 6293
6289 6290
6289 6561
6294 6296
6294 6295
6296 6297
6298 6299
6300 6301
6301 6302
6301 6309
6303 6307
6304 6306
6304 6305
6304 6307
6307 6308
6310 6311
6312 6314
6313 6314
6315 6574
6315 6316
6316 6317
6316 6318
6317 6318
6317 6320
6318 6321
6319 6323
6319 6329
6319 6322
6320 6321
6320 6323
6321 6322
6322 6323
6324 6328
6324 6329
6324 6331
6325 6326
6325 6328
6325 6332
6326 6327
6326 6328
6329 6330
6333 6390
6333 6391
6334 6390
6335 6335
6337 6338
6339 6340
6340 6341
6340 6343
6341 6342
6341 6343
6342 6343
6342 6345
6344 6345
6345 6346
6349 6352
6350 6354
6350 6351
6350 6352
6352 6353
6353 6354
6355 6358
6356 6360
6356 6357
6358 6359
6360 6361
6360 6362
6361 6362
6362 6523
6363 6504
6363 6528
6363 6500
6364 6503
6364 6517
6364 6515
6364 6365
6365 6530
6366 6367
6367 6368
6368 6369
6368 6370
6369 6371
6370 6372
6370 6371
6373 6374
6376 6378
6376 6377
6379 6387
6380 6381
6380 6382
6382 6382
6384 6384
6384 6385
6387 6388
6395 6551
6396 6397
6397 6398
6400 6401
6403 6404
6405 6406
6407 6408
6409 6410
6410 6412
6411 6412
6413 6414
6415 6418
6416 6417
6417 6418
6420 6421
6421 6423
6422 6423
6424 6425
6427 6428
6429 6430
6432 6433
6434 6435
6434 6437
6435 6439
6436 6438
6436 6437
6437 6438
6438 6440
6439 6440
6442 6466
6442 6468
6442 6476
6443 6445
6444 6445
6445 6446
6447 6448
6449 6450
6449 6464
6449 6465
6450 6462
6451 6461
6452 6459
6453 6454
6454 6456
6454 6459
6455 6456
6456 6458
6457 6458
6458 6461
6459 6464
6460 6461
6462 6463
6462 6464
6467 6468
6470 6471
6472 6473
6477 6478
6479 6480
6481 6490
6481 6482
6483 6484
6484 6485
6486 6489
6487 6489
6488 6489
6490 6491
6492 6495
6493 6494
6494 6495
6496 6498
6497 6499
6498 6499
6500 6514
6500 6502
6501 6515
6501 6503
6501 6507
6502 6522
6502 6521
6503 6506
6503 6505
6504 6512
6504 6514
6504 6513
6505 6510
6505 6506
6506 6509
6506 6507
6507 6508
6508 6511
6508 6509
6509 6512
6509 6510
6510 6513
6511 6514
6511 6512
6512 6513
6515 6516
6516 6517
6516 6519
6517 6518
6517 6520
6519 6520
6519 6521
6520 6522
6521 6522
6523 6527
6523 6534
6523 6529
6524 6537
6524 6527
6525 6535
6525 6532
6525 6531
6526 6527
6528 6531
6528 6530
6529 6530
6529 6531
6533 6534
6535 6537
6535 6536
6537 6538
6539 6540
6540 6541
6544 6545
6546 6548
6547 6549
6550 6551
6550 6553
6551 6556
6552 6556
6553 6554
6555 6556
6559 6561
6559 6560
6562 6563
6563 6564
6565 6566
6565 6571
6566 6567
6567 6569
6567 6568
6568 6569
6569 6570
6575 6576
6576 6576
6578 6579
6580 6581
6582 6583
6584 6586
6585 6586
6586 6587
6587 6588
6589 6595
6589 6591
6589 6592
6591 6592
6593 6594
6593 6595
6594 6595
6596 6597
6597 6599
6597 6598
6598 6599
6599 6600
6601 6602
6602 6603
