0 1
1 83
1 58
2 1258
2 91
2 446
3 1537
3 4
3 96
4 5
4 623
5 1527
5 60
5 6
6 60
6 61
7 1469
7 62
7 63
8 81
8 61
8 59
9 83
9 82
9 1468
10 58
10 82
10 106
10 743
11 79
11 77
11 1181
12 75
12 1000
12 74
13 78
13 76
13 75
14 1181
14 1466
14 1467
15 52
15 78
15 1663
16 629
16 639
16 654
16 17
16 196
17 620
17 649
18 630
18 1082
18 1464
18 1465
19 72
19 38
19 1082
20 683
20 72
20 1278
21 1054
21 66
21 960
22 23
22 1053
22 1054
23 1131
23 781
24 1357
25 1365
25 1357
25 923
26 919
26 28
26 923
27 29
27 31
27 28
28 1015
29 916
29 1649
29 1339
30 1649
30 915
30 1489
31 917
31 32
32 921
32 891
33 358
33 359
33 355
34 574
34 1793
34 1462
35 447
35 74
35 36
36 74
36 77
37 41
37 70
37 580
38 1463
38 39
39 71
39 73
40 71
40 41
40 42
41 42
42 569
42 1277
43 672
43 1599
43 108
44 109
44 887
44 110
45 982
45 600
45 601
46 1503
46 1500
46 1502
47 122
47 1676
47 109
48 1107
48 1396
48 220
48 1395
49 311
49 598
49 608
49 274
49 614
50 1073
50 338
50 1072
51 1307
51 1071
52 1240
52 1213
52 1552
53 1007
54 87
55 1063
55 1286
56 1286
56 1283
56 1285
56 1284
57 513
57 85
57 107
57 1583
57 84
59 62
59 64
60 63
61 81
62 1469
63 87
64 87
65 1346
65 896
65 912
66 960
66 781
67 1278
67 69
67 68
68 69
68 72
69 70
70 177
71 73
73 1462
75 1000
76 1466
76 78
77 79
79 1183
80 93
80 388
81 162
82 1468
83 744
84 85
84 86
84 744
85 743
86 1583
86 744
88 583
88 596
88 871
89 1795
89 1688
89 1094
90 560
90 599
90 1688
91 95
91 105
92 389
92 431
92 426
93 977
93 392
94 1717
94 105
94 95
95 1716
96 97
96 1691
97 1487
97 1689
98 174
98 189
98 177
99 111
99 156
99 148
100 1043
100 1755
100 1032
101 159
101 888
101 497
102 1653
102 1238
102 509
102 890
103 1601
103 911
104 405
104 601
104 1606
105 431
106 107
106 743
107 1560
108 139
108 680
108 142
108 672
109 211
110 212
110 680
111 125
111 195
112 210
112 1438
112 1417
113 353
113 1087
113 360
114 1502
114 1501
114 117
115 323
115 1369
115 116
116 1503
116 1648
117 1390
117 323
118 121
118 321
118 1573
119 1575
119 317
119 232
120 1582
120 885
120 136
121 1412
121 885
122 213
122 232
123 879
123 135
123 1393
124 199
124 127
124 739
125 197
125 210
126 129
126 1440
126 127
127 197
128 131
128 130
128 129
129 1393
131 131
132 133
133 1568
133 1581
134 886
134 136
134 884
135 354
135 1394
136 1563
137 1002
137 179
137 1003
137 567
138 1204
138 1003
138 676
139 682
139 1224
140 1224
140 143
140 682
141 573
141 560
141 157
142 220
142 158
143 1267
143 1090
144 690
144 154
144 1290
144 171
145 151
145 168
145 148
146 194
146 731
146 186
146 1641
147 152
147 169
147 697
148 1090
148 1295
149 686
149 697
149 150
150 877
150 166
151 166
151 698
152 701
152 187
153 1001
153 190
153 1126
154 1246
154 172
154 176
155 699
155 687
155 900
155 1059
156 1715
156 1153
157 1197
157 1091
158 1198
158 1197
159 161
160 161
162 1692
162 1694
163 736
163 757
163 745
164 726
164 734
164 763
165 1216
165 1215
165 1030
165 181
166 167
167 168
167 170
167 691
168 1056
169 691
169 1294
169 1292
170 171
170 1056
171 1289
172 176
172 173
172 174
173 192
173 174
174 190
175 191
175 1080
175 192
175 1281
176 1514
177 178
178 580
178 179
178 1204
179 189
179 1205
180 186
180 181
181 1445
182 1089
182 1659
182 183
183 187
183 188
184 704
184 693
184 1219
184 1215
185 703
185 693
185 193
185 687
186 1089
187 686
188 877
188 698
189 581
189 190
191 684
191 193
191 699
192 193
194 195
194 739
195 719
196 638
196 639
196 1128
197 199
198 358
198 1589
198 357
199 719
200 1312
200 1311
201 202
201 765
201 808
202 818
202 831
203 205
203 965
203 1108
204 208
204 206
204 1282
205 963
205 1108
206 1530
206 1595
207 771
207 741
207 767
207 1108
208 1061
208 1530
209 738
209 1596
209 1593
210 1404
211 1676
211 1409
212 680
212 213
212 1107
213 1107
214 215
214 320
214 235
215 1105
215 284
216 1105
216 1104
217 218
217 1579
217 219
220 221
221 297
221 307
222 310
222 307
222 274
223 292
223 875
223 297
224 230
224 271
224 1141
225 227
225 226
225 231
226 1276
226 229
227 228
227 875
229 1084
229 232
230 231
230 1141
231 1084
232 1579
233 234
233 1141
233 235
234 317
234 235
236 1104
236 241
236 237
237 1111
237 240
238 1103
238 1101
238 240
239 1104
239 287
239 240
241 242
241 1111
241 1112
242 1103
242 243
243 1114
243 244
244 1241
244 369
245 1116
245 380
245 248
246 315
246 247
246 249
247 381
247 248
248 249
249 250
250 1480
250 276
251 315
251 618
251 1452
252 986
252 381
252 1306
253 254
253 986
253 256
254 255
254 370
255 258
255 264
255 370
256 1475
256 257
257 258
257 259
258 259
259 372
260 1121
260 261
260 381
261 1476
261 1123
262 1627
262 263
262 1628
264 301
264 1625
265 266
265 301
265 291
266 267
266 287
267 268
267 282
268 290
268 269
269 270
269 282
270 271
270 288
271 875
272 613
272 316
272 596
273 371
274 1091
275 1161
275 1470
275 276
276 1470
277 277
277 278
278 285
278 286
279 1170
279 1169
279 1060
280 1169
280 283
280 282
281 1060
281 1170
281 286
283 284
283 1170
284 285
285 289
286 287
291 292
291 300
292 293
293 294
293 296
293 298
294 304
294 295
295 305
295 296
296 297
298 302
298 301
298 299
299 602
299 1624
302 304
302 876
303 308
303 876
303 316
304 305
304 876
305 306
306 308
306 307
308 309
309 377
309 310
310 311
311 377
312 878
312 313
313 314
314 315
314 607
316 612
317 318
318 319
318 321
319 320
319 322
320 373
321 1501
323 324
324 1137
324 330
325 1140
325 1137
325 332
326 327
326 1140
327 328
327 376
329 330
330 331
331 1225
332 373
332 1225
333 334
334 373
334 335
335 335
336 1068
336 1069
336 1070
337 1066
337 1065
337 1073
338 356
338 339
339 340
339 356
340 375
340 374
340 1234
340 352
341 350
341 374
341 342
342 344
342 343
342 349
343 941
343 1589
343 938
344 345
344 348
345 1478
345 347
346 1477
346 1478
346 1441
350 351
350 374
353 360
353 951
353 357
354 1704
354 951
355 359
355 356
357 358
359 360
361 365
361 872
361 1077
362 364
362 853
362 1485
363 1523
363 865
364 366
364 864
365 512
365 866
366 865
366 872
367 1607
367 543
367 507
368 984
368 983
368 985
369 1102
369 1115
370 878
371 372
371 380
372 1627
375 376
377 996
378 1115
378 1116
378 985
379 1106
379 1477
380 984
382 1078
382 385
382 386
383 1080
383 387
383 1055
384 1078
384 900
384 1120
385 675
385 900
386 387
386 824
387 657
388 411
388 407
389 397
389 404
390 402
390 394
390 392
391 414
391 409
391 407
391 403
392 873
393 429
393 431
393 1095
394 395
394 407
394 396
395 402
395 396
396 402
397 417
397 408
398 416
398 412
398 406
399 417
400 410
400 418
400 419
401 468
401 465
401 413
403 415
403 413
404 406
404 417
405 411
405 419
405 1200
406 430
408 1211
408 418
409 410
409 411
410 415
412 429
412 430
413 468
414 873
414 468
415 418
419 422
420 437
420 445
420 426
421 1202
421 1253
421 447
423 445
423 427
423 481
424 425
425 430
425 439
426 438
427 432
427 431
428 429
432 435
432 442
432 446
433 438
434 1793
434 635
434 436
434 633
435 1247
435 454
436 1095
437 1064
438 481
440 451
441 478
441 443
441 449
442 473
442 451
443 455
443 464
444 445
446 1257
447 1525
447 1203
448 472
448 1004
448 1005
448 452
449 457
449 461
450 469
450 464
450 475
451 463
452 1273
452 1272
452 457
453 470
453 874
453 459
455 469
455 471
456 472
457 459
457 479
458 470
458 462
459 460
459 480
460 462
460 1202
461 471
461 495
463 477
463 466
464 1004
465 1211
465 474
467 874
469 873
470 874
471 474
472 1096
474 495
476 481
477 1210
477 495
480 480
482 500
482 491
482 1188
483 498
483 487
483 1188
484 491
484 515
484 498
484 504
485 490
486 1683
487 1191
487 1488
488 496
489 490
489 493
489 499
490 492
491 501
494 1585
496 499
496 1255
497 515
497 1075
498 1680
499 1528
500 1177
500 1185
501 1534
501 1467
502 510
502 509
502 1655
503 516
503 507
503 518
504 506
504 508
505 518
507 1560
509 1654
510 519
510 1656
511 554
511 520
511 512
512 1549
512 520
513 514
513 517
514 1653
514 521
515 521
516 518
516 1658
517 1548
517 1547
519 1657
519 1658
521 1546
522 558
522 555
522 551
523 539
523 553
523 536
524 552
524 531
524 527
525 525
525 543
526 547
526 527
526 1617
526 545
527 538
528 531
528 554
528 547
529 529
529 557
530 553
531 552
532 553
533 1747
533 554
533 547
534 1615
534 534
535 1621
535 549
535 548
536 552
536 539
537 1611
537 1237
537 546
538 539
538 556
540 1614
540 1612
540 1549
541 1615
541 1719
541 1722
542 545
542 549
543 1021
544 558
544 557
544 555
545 548
546 1760
546 1021
548 550
549 1035
550 1621
550 1752
551 558
551 1762
555 557
559 560
559 568
559 565
561 670
561 1204
561 679
562 574
562 571
562 582
563 576
563 1684
563 574
564 1151
564 577
564 581
565 571
565 575
566 580
567 681
567 1002
569 679
569 571
570 573
571 582
572 579
572 1151
572 1295
573 670
576 582
576 1092
577 1152
577 578
578 1207
578 681
579 1242
579 1152
581 1002
583 981
583 980
584 585
585 586
585 615
586 604
586 597
587 606
587 611
587 605
588 595
588 617
588 994
589 981
590 591
591 1162
591 977
592 599
592 871
592 609
592 598
593 612
594 980
594 610
594 600
595 1606
595 601
596 614
597 604
597 615
598 609
599 982
600 982
602 604
602 605
603 981
605 613
606 1674
606 618
608 608
609 614
609 871
610 616
610 980
611 613
611 1622
612 996
615 618
616 991
616 992
617 994
617 992
619 622
619 658
619 637
620 631
620 627
621 1128
621 633
621 630
622 632
622 625
623 1127
623 634
624 632
624 629
624 625
625 632
626 631
626 1166
626 1127
627 1127
627 663
627 659
628 629
628 638
628 637
630 1128
630 1463
631 636
633 637
633 638
634 1166
635 1647
635 637
639 640
639 1464
640 657
640 1376
640 1055
641 664
642 1165
642 1487
642 662
642 1163
643 1376
643 655
643 647
643 664
644 650
644 651
644 1607
645 658
646 653
646 868
646 854
647 652
647 660
648 654
648 652
648 656
649 650
649 663
650 660
652 661
653 846
653 803
654 661
655 661
655 1376
657 664
658 1442
658 662
659 1692
659 663
660 835
662 1487
665 1521
665 1518
666 1517
666 674
666 679
667 1397
667 1153
667 1398
668 681
668 676
668 1003
669 671
669 672
670 1600
671 677
671 1599
673 1522
673 1520
673 1600
674 1518
674 1522
675 684
675 699
676 682
677 1520
677 1521
678 1118
683 1279
683 1281
684 689
685 1288
685 700
685 688
686 877
687 696
687 699
688 690
688 1088
690 706
691 697
692 1292
692 1088
692 694
692 701
693 1449
694 1293
694 1290
695 752
695 696
695 1059
696 1449
698 1641
700 706
700 1236
701 1216
702 1236
703 1514
703 1235
704 1288
704 1235
705 752
705 1219
705 1029
706 1244
707 708
707 734
707 741
708 716
708 723
709 742
710 720
710 739
710 712
711 718
711 1142
711 725
712 728
712 730
713 735
713 1380
713 1704
714 1274
714 1597
714 1764
715 1023
715 1018
715 732
716 732
716 740
717 718
717 721
717 728
718 742
719 722
721 729
721 738
723 724
723 732
724 737
724 736
725 733
725 729
726 1650
726 727
726 734
727 766
727 761
728 740
729 1598
730 731
730 740
731 1023
733 1274
733 1142
734 757
735 1596
735 1597
736 1018
738 1282
741 763
742 1142
745 752
745 1218
746 1559
746 764
746 1562
747 766
747 768
747 770
748 757
749 753
749 1218
749 758
750 754
750 767
750 763
751 1559
751 765
751 755
754 754
756 767
756 768
756 929
758 1650
758 1059
759 770
759 764
759 766
760 1718
760 1554
760 792
761 762
761 1650
762 1059
762 1718
764 1554
765 1017
768 769
769 930
769 931
770 783
771 1193
771 772
771 779
772 776
772 926
773 784
773 786
773 785
774 959
774 1765
774 781
775 784
776 782
776 1484
777 784
778 926
779 1129
779 960
780 959
785 1193
785 1194
787 807
787 805
787 1699
788 817
788 804
788 1516
789 823
789 814
789 801
790 830
790 797
790 828
791 825
791 829
791 800
792 1022
792 818
793 811
794 798
795 810
795 811
795 827
796 828
796 798
796 801
797 1024
797 824
798 822
799 832
801 815
802 822
802 819
802 803
803 823
804 1483
804 820
805 812
805 1120
806 807
807 1699
808 820
808 831
809 817
811 826
813 817
814 843
814 835
814 837
815 1024
815 828
816 826
816 1699
816 1516
818 1516
821 831
822 823
824 830
826 832
829 830
829 832
833 842
834 846
834 839
834 840
835 842
836 844
836 840
836 845
837 841
837 840
838 845
842 847
843 846
843 845
848 852
849 867
850 1485
851 870
851 852
851 858
852 861
853 867
853 859
854 860
855 858
856 863
856 857
856 862
857 872
857 863
858 867
861 869
863 865
878 1624
879 955
879 881
880 881
881 956
882 883
882 884
882 886
884 885
885 1425
886 1782
887 1398
887 1397
888 889
888 1192
890 1192
890 1076
891 1506
891 893
892 919
893 936
893 938
894 1601
894 1385
895 1313
895 1317
895 910
896 978
896 1498
896 1317
897 972
897 974
897 971
898 1365
898 899
901 1048
901 902
903 1012
903 1240
904 1779
905 1330
905 1779
905 970
906 1343
906 1330
907 1781
907 1767
907 1766
908 1787
908 1789
908 1387
909 1789
909 1788
909 910
910 1386
911 1313
911 1314
911 1512
911 1316
912 1325
912 979
913 976
913 1333
914 1344
914 1334
914 1489
914 1348
915 918
916 1508
916 922
917 921
917 919
918 920
918 1652
920 925
920 922
921 1148
921 1143
922 924
923 1361
924 1604
924 1505
925 1106
927 928
928 929
928 930
929 930
931 932
932 934
932 1017
933 934
934 935
936 939
937 940
938 1604
939 940
940 942
941 946
941 951
942 943
942 944
943 944
943 1381
944 948
945 1381
945 947
945 1383
947 1382
947 1380
948 949
948 952
949 1378
949 950
950 953
954 1378
954 958
954 1379
955 957
955 1566
959 1644
959 1765
961 965
962 963
963 1368
964 965
966 1495
967 1371
967 978
967 1592
968 1592
968 1497
968 971
969 1775
969 1492
969 1490
970 972
970 1490
971 1498
972 1330
973 974
973 1342
973 1324
974 1347
975 1359
975 1353
975 1354
975 1361
978 1592
981 1675
983 985
983 1102
984 1101
986 987
987 1304
987 1306
988 1300
988 1297
988 1299
989 1297
989 990
990 1298
991 1674
991 992
993 1200
994 995
995 1479
995 1606
996 997
997 998
997 999
998 999
1000 1172
1001 1125
1004 1005
1005 1096
1005 1196
1006 1007
1007 1100
1008 1100
1008 1009
1008 1011
1009 1013
1009 1010
1011 1012
1011 1098
1012 1014
1015 1016
1015 1346
1016 1372
1016 1338
1018 1026
1019 1023
1019 1026
1019 1030
1020 1030
1020 1446
1020 1029
1021 1025
1024 1031
1025 1025
1026 1029
1027 1031
1028 1028
1028 1031
1032 1037
1032 1046
1033 1040
1034 1037
1035 1050
1035 1041
1036 1043
1036 1075
1037 1047
1038 1039
1038 1044
1038 1042
1040 1755
1040 1621
1041 1270
1041 1042
1042 1045
1045 1270
1045 1048
1048 1052
1049 1050
1050 1051
1053 1054
1055 1083
1056 1057
1057 1126
1057 1058
1058 1295
1058 1296
1060 1169
1061 1638
1061 1631
1062 1633
1062 1062
1063 1367
1063 1640
1064 1210
1065 1072
1065 1068
1066 1230
1066 1069
1067 1068
1069 1071
1070 1071
1070 1782
1072 1073
1074 1075
1078 1079
1080 1081
1081 1081
1082 1463
1082 1167
1083 1697
1083 1696
1084 1085
1086 1087
1087 1109
1088 1287
1089 1208
1090 1266
1091 1198
1093 1798
1094 1684
1094 1794
1094 1799
1095 1647
1096 1195
1097 1195
1097 1097
1099 1100
1101 1102
1103 1111
1105 1587
1109 1563
1109 1110
1113 1114
1116 1117
1118 1119
1118 1279
1120 1718
1121 1123
1121 1122
1123 1124
1125 1126
1125 1246
1128 1464
1129 1194
1129 1130
1131 1132
1132 1133
1132 1135
1133 1134
1133 1136
1134 1135
1137 1138
1138 1140
1138 1234
1139 1234
1139 1309
1139 1308
1143 1144
1143 1145
1145 1146
1145 1150
1146 1147
1146 1148
1148 1149
1151 1152
1153 1707
1154 1155
1154 1714
1154 1713
1155 1156
1155 1707
1155 1705
1156 1708
1156 1706
1157 1474
1158 1159
1159 1470
1159 1472
1160 1161
1161 1473
1164 1165
1165 1689
1167 1696
1167 1168
1171 1172
1173 1183
1173 1177
1173 1174
1174 1175
1174 1176
1175 1176
1177 1182
1178 1179
1178 1182
1178 1180
1179 1180
1180 1181
1182 1183
1184 1191
1184 1186
1184 1185
1185 1187
1186 1187
1188 1190
1189 1191
1189 1190
1192 1651
1193 1194
1195 1196
1196 1555
1197 1198
1199 1200
1201 1202
1206 1266
1206 1242
1206 1268
1207 1267
1207 1268
1208 1209
1208 1659
1209 1659
1209 1641
1210 1211
1212 1663
1214 1215
1216 1660
1217 1218
1219 1222
1220 1222
1221 1222
1223 1224
1226 1390
1227 1229
1227 1230
1227 1228
1230 1231
1231 1233
1231 1232
1235 1236
1237 1238
1239 1240
1242 1243
1245 1246
1247 1249
1247 1248
1249 1250
1249 1251
1251 1252
1252 1253
1253 1254
1255 1529
1255 1525
1255 1526
1256 1257
1257 1526
1258 1260
1258 1259
1260 1264
1260 1261
1261 1265
1261 1263
1262 1263
1263 1265
1264 1537
1264 1265
1266 1267
1268 1269
1270 1271
1273 1273
1274 1275
1277 1504
1277 1517
1278 1279
1280 1281
1282 1368
1283 1285
1283 1284
1284 1642
1285 1644
1287 1374
1288 1375
1289 1291
1289 1294
1290 1291
1291 1293
1292 1293
1293 1294
1297 1298
1298 1299
1299 1301
1300 1302
1300 1301
1301 1303
1302 1304
1302 1303
1303 1305
1304 1305
1305 1306
1307 1309
1307 1648
1308 1310
1308 1369
1309 1310
1309 1648
1310 1369
1311 1312
1312 1333
1312 1319
1313 1513
1314 1315
1314 1319
1315 1316
1315 1322
1316 1327
1317 1320
1318 1320
1318 1323
1318 1513
1319 1321
1320 1325
1321 1326
1321 1322
1322 1335
1323 1338
1323 1325
1324 1329
1324 1498
1326 1344
1326 1328
1327 1339
1327 1332
1328 1341
1328 1337
1329 1351
1329 1342
1331 1345
1332 1335
1332 1336
1333 1334
1334 1348
1335 1337
1336 1759
1336 1339
1337 1340
1338 1512
1340 1341
1340 1759
1341 1344
1342 1350
1343 1352
1343 1347
1345 1346
1345 1351
1347 1356
1347 1349
1349 1350
1349 1354
1350 1353
1351 1353
1352 1355
1353 1354
1355 1357
1355 1356
1356 1359
1357 1358
1358 1362
1358 1360
1359 1361
1360 1364
1360 1362
1362 1363
1363 1364
1364 1365
1366 1367
1367 1368
1367 1645
1370 1373
1370 1496
1370 1773
1371 1496
1371 1373
1373 1772
1374 1375
1377 1378
1380 1381
1382 1382
1384 1385
1384 1387
1384 1790
1385 1791
1386 1791
1386 1790
1387 1769
1388 1500
1389 1390
1390 1391
1392 1393
1397 1398
1399 1576
1399 1403
1399 1401
1400 1576
1401 1402
1401 1403
1403 1404
1404 1426
1405 1411
1406 1414
1406 1676
1406 1415
1407 1410
1407 1408
1408 1411
1409 1410
1409 1426
1411 1571
1411 1412
1412 1415
1413 1414
1414 1415
1416 1417
1417 1581
1418 1421
1418 1419
1418 1431
1420 1434
1420 1432
1420 1433
1421 1422
1421 1423
1424 1431
1424 1429
1424 1428
1425 1427
1426 1427
1427 1428
1428 1433
1429 1433
1429 1432
1429 1430
1430 1431
1430 1432
1435 1437
1436 1437
1437 1438
1438 1439
1439 1439
1441 1587
1443 1445
1444 1445
1446 1447
1446 1448
1449 1450
1451 1454
1451 1456
1451 1452
1452 1454
1453 1460
1453 1455
1453 1456
1454 1458
1454 1473
1456 1460
1457 1461
1458 1461
1458 1459
1460 1461
1462 1793
1464 1465
1465 1698
1466 1467
1468 1469
1471 1474
1473 1474
1475 1476
1477 1478
1480 1481
1482 1681
1485 1486
1488 1584
1488 1679
1489 1792
1490 1491
1491 1778
1491 1492
1492 1780
1493 1780
1493 1495
1493 1494
1494 1495
1495 1773
1496 1774
1497 1776
1497 1774
1499 1500
1501 1502
1503 1782
1505 1510
1505 1509
1506 1603
1506 1507
1507 1508
1507 1603
1508 1509
1509 1510
1510 1603
1511 1768
1511 1766
1512 1513
1514 1515
1517 1518
1518 1519
1519 1522
1519 1520
1519 1521
1520 1599
1523 1524
1525 1526
1530 1593
1531 1534
1531 1532
1531 1535
1532 1533
1533 1534
1534 1535
1535 1536
1537 1539
1538 1545
1538 1539
1539 1544
1540 1542
1540 1541
1541 1543
1542 1544
1542 1543
1543 1545
1544 1545
1546 1547
1546 1548
1547 1548
1549 1550
1551 1551
1551 1552
1553 1554
1553 1553
1556 1558
1557 1558
1558 1559
1560 1561
1563 1564
1565 1566
1566 1567
1568 1570
1568 1569
1569 1582
1569 1570
1570 1582
1572 1573
1573 1575
1574 1575
1576 1577
1578 1579
1580 1581
1583 1584
1584 1586
1585 1586
1585 1678
1587 1588
1589 1590
1590 1591
1590 1783
1593 1594
1596 1597
1599 1600
1601 1602
1604 1605
1607 1762
1608 1747
1608 1612
1608 1609
1609 1748
1609 1610
1610 1745
1610 1611
1611 1613
1612 1613
1613 1614
1614 1760
1615 1750
1615 1616
1616 1620
1616 1618
1617 1618
1617 1619
1618 1722
1619 1752
1619 1620
1620 1753
1621 1753
1623 1624
1626 1627
1629 1637
1629 1635
1629 1640
1630 1635
1630 1633
1630 1631
1631 1632
1632 1632
1633 1634
1634 1634
1635 1636
1636 1636
1637 1637
1638 1639
1638 1640
1639 1639
1642 1643
1643 1644
1645 1646
1645 1765
1647 1717
1649 1792
1653 1654
1654 1655
1655 1656
1656 1657
1657 1658
1661 1663
1662 1663
1664 1665
1664 1667
1666 1667
1667 1668
1668 1672
1668 1670
1669 1672
1670 1671
1670 1674
1672 1673
1677 1682
1677 1678
1677 1680
1678 1679
1679 1680
1681 1682
1681 1683
1682 1683
1684 1685
1685 1799
1685 1687
1686 1796
1686 1801
1686 1688
1689 1716
1690 1691
1692 1693
1693 1693
1695 1696
1697 1698
1699 1700
1701 1701
1701 1703
1702 1703
1703 1704
1705 1713
1705 1706
1706 1709
1707 1708
1707 1714
1708 1710
1711 1713
1711 1715
1711 1712
1712 1714
1712 1715
1716 1717
1719 1749
1719 1720
1720 1721
1720 1724
1721 1722
1721 1723
1723 1724
1725 1743
1725 1728
1725 1726
1727 1728
1728 1749
1729 1743
1729 1732
1729 1730
1730 1733
1730 1731
1730 1750
1732 1741
1732 1733
1733 1734
1734 1745
1734 1735
1735 1739
1735 1737
1736 1737
1737 1744
1738 1739
1739 1741
1740 1741
1742 1743
1744 1748
1744 1745
1745 1746
1747 1748
1749 1750
1750 1751
1752 1753
1753 1758
1754 1756
1754 1758
1755 1757
1756 1757
1759 1792
1760 1761
1762 1763
1767 1771
1767 1770
1767 1768
1768 1769
1769 1770
1770 1771
1771 1785
1772 1784
1773 1774
1775 1776
1777 1779
1778 1779
1778 1780
1784 1785
1784 1786
1786 1787
1786 1788
1787 1788
1789 1790
1790 1791
1794 1795
1794 1800
1795 1801
1796 1797
1796 1799
1796 1801
1796 1800
1797 1798
1799 1800
1800 1801
