0 3185
0 1
0 2073
1 2
1 3712
2 2105
2 3184
2 1721
3 3183
3 3184
3 3710
4 1713
4 3188
4 44
5 3521
5 1798
5 1652
6 2482
6 2745
6 3580
7 3580
7 976
7 3587
8 2497
8 2492
8 2496
8 2498
9 3559
9 4288
9 1823
10 2474
10 2472
10 11
10 2475
10 2478
11 1752
11 2471
11 2474
12 1719
12 1738
12 1771
13 2465
13 1805
13 14
14 2463
14 1823
15 4142
15 1785
15 4136
15 1827
16 4742
16 1831
16 4088
17 2605
17 1773
17 2608
18 2806
18 3021
18 3020
18 5542
19 5666
19 3861
19 5663
19 5672
20 3242
20 974
20 3243
21 2944
21 4762
21 1797
22 2568
22 3597
22 3588
23 6232
23 2772
23 2566
24 2567
24 3120
24 6215
25 3990
25 5169
25 503
26 4329
26 4331
26 27
27 723
27 3792
28 5265
28 3011
28 4230
29 3055
29 2624
29 3059
30 4105
30 3016
30 5169
31 3098
31 4975
31 1000
32 3214
32 305
32 309
33 1777
33 2398
33 3107
33 97
34 2359
34 2369
34 2346
35 1817
35 3612
35 2369
36 1723
36 3228
36 1747
37 1795
37 3232
37 3231
38 1730
38 39
38 1795
39 1662
39 1619
40 3595
40 3591
40 6214
41 3598
41 3595
41 3599
42 2565
42 1647
43 1517
43 1710
43 1652
44 1912
44 1710
45 4095
45 4281
45 1685
46 2438
46 4479
46 4284
47 2634
47 2618
47 4419
48 2616
48 2617
48 4084
49 4728
49 1833
49 1733
49 1814
50 2450
50 6234
50 4088
50 3023
51 1579
51 981
51 3457
52 1592
52 1579
52 4307
53 1562
53 979
53 980
54 1566
54 3222
54 3220
55 1810
55 1634
55 1556
56 2946
56 1661
56 4760
56 1622
57 2506
57 1655
57 2504
58 2507
58 2506
58 2505
59 2507
59 3614
60 1814
60 2471
60 3568
61 1138
61 3199
61 63
62 63
62 1141
62 3199
63 1124
64 2439
64 2613
64 4083
65 2430
65 6461
65 6462
66 2425
66 6233
66 4652
67 6233
67 2421
67 68
68 2253
68 2416
69 3742
69 4319
69 4312
70 3741
70 2414
70 2413
71 4414
71 4309
71 4226
72 3260
72 1918
73 3588
73 2772
73 6222
74 4306
74 5109
74 5108
75 5622
75 5620
75 3861
75 5613
76 77
76 5232
76 98
77 5231
77 5228
78 2978
78 3927
78 3925
79 3935
79 3694
79 3695
80 4910
80 81
80 4911
81 2907
81 2982
82 83
82 88
82 85
83 3915
83 87
83 86
84 86
84 4874
84 3918
85 86
85 4874
86 3918
87 3917
87 88
87 3916
88 3921
89 92
89 90
89 359
90 91
90 352
90 362
91 92
91 354
91 351
92 358
93 5649
93 350
93 5705
94 5707
94 364
94 5647
95 5675
95 5647
95 352
95 5678
96 5678
96 351
96 5649
96 5684
97 437
97 3606
98 5233
98 635
99 1800
99 2634
99 6186
100 6355
100 6365
100 3731
100 6364
101 2443
101 2448
101 6365
102 3779
102 3275
102 3780
103 3785
103 5279
103 5283
104 4840
104 2564
104 2561
105 2539
105 106
105 2554
106 2534
106 2538
107 2555
107 108
107 2538
108 109
108 2540
109 110
109 2532
110 111
110 2531
111 2529
111 2754
112 3186
112 3187
112 3715
113 3185
113 3186
113 1975
114 115
114 2513
115 1840
115 2510
116 3890
117 1481
117 3375
118 1269
118 3360
118 4824
119 3358
119 3360
119 137
120 3365
120 2866
120 4820
121 3365
121 3414
121 4822
122 1352
122 4826
122 4818
123 4810
123 124
123 4829
124 1305
124 4828
125 4812
125 4813
125 1607
126 1636
126 3372
126 4812
127 2872
127 128
127 3372
128 2875
129 4156
129 3141
129 130
130 6156
130 131
130 2106
131 3670
131 1534
132 2118
132 3381
132 1397
133 3204
133 2078
133 3140
134 1375
134 1286
134 1276
135 1319
135 1218
135 1286
135 136
136 1088
136 1077
137 1297
137 1370
138 1986
138 1095
138 1224
139 140
139 4059
139 4060
140 3298
140 2890
141 2577
141 2891
141 142
142 2577
142 2578
143 2579
143 3089
144 159
144 164
144 166
145 151
145 166
145 152
146 147
146 149
147 148
148 164
148 4243
149 150
149 4243
150 3318
150 3894
151 152
151 153
151 3320
152 160
154 3320
154 2975
154 3318
155 4522
155 4214
156 157
156 4212
156 3297
158 159
159 3308
161 163
161 3295
161 162
162 163
164 165
165 167
165 166
168 6177
168 6174
168 3150
169 3574
169 4161
169 422
169 2933
170 174
170 175
170 3575
171 4160
171 422
171 2782
172 3574
172 176
172 3575
173 2939
173 185
173 4177
174 2939
174 177
175 176
175 177
176 408
177 193
178 262
178 212
178 209
179 180
179 2778
179 2777
180 211
180 182
181 423
181 182
181 2778
182 222
183 212
183 264
183 184
183 421
184 2411
184 421
184 453
185 4177
185 186
186 188
186 4759
186 4461
187 188
187 4681
187 189
188 190
190 191
190 199
191 192
191 198
192 203
192 195
192 4680
193 4680
193 408
193 195
194 216
194 407
194 406
195 196
196 204
196 202
197 239
197 205
197 408
198 200
198 203
199 201
199 200
200 3155
201 4461
201 3155
202 203
202 448
204 205
204 425
205 424
206 236
206 240
206 217
207 5524
207 5529
207 241
208 2812
208 305
208 2806
209 2775
209 256
209 263
210 259
210 260
210 267
210 313
211 219
211 2411
211 212
212 2777
213 453
213 214
213 264
214 265
214 266
215 267
215 2277
215 273
216 221
216 232
217 236
217 407
218 224
218 219
218 228
219 220
220 2411
220 228
220 278
221 234
221 3623
222 229
222 3623
223 234
223 226
223 229
224 225
224 229
225 230
225 228
225 227
227 235
227 233
228 231
229 3623
230 2797
230 231
231 2802
232 233
232 2804
232 236
233 2803
233 234
235 2797
235 237
236 238
237 281
237 2803
238 2798
238 240
239 431
239 424
240 2262
241 298
241 5555
242 243
242 5501
243 5495
244 5536
244 290
244 245
244 300
245 321
245 246
245 5535
246 322
246 250
246 251
247 248
247 310
247 249
247 321
248 269
248 311
248 322
249 300
249 289
249 302
250 251
250 255
251 5534
252 6350
252 4664
252 5493
253 2813
253 254
253 255
253 5500
254 3569
254 3571
255 5522
256 307
256 2812
257 302
257 270
257 301
257 303
258 260
258 259
258 263
258 307
259 306
259 301
260 275
260 261
261 263
261 265
261 276
262 263
262 265
262 264
264 421
265 266
266 277
266 276
267 275
267 314
268 3572
268 269
268 316
269 323
269 312
270 313
270 271
270 310
271 272
271 314
271 311
272 312
272 316
272 315
273 274
273 275
274 276
274 277
275 276
277 454
278 2785
278 2411
279 2791
279 2787
279 2801
280 2785
280 2786
280 2787
281 2800
281 2367
281 2794
282 2823
282 2794
282 2367
283 284
283 2272
283 2327
283 4682
284 285
284 2258
285 4413
285 2372
286 3019
286 5551
286 5546
286 5564
287 2810
287 5561
287 294
288 3018
288 291
288 5561
289 304
289 292
289 3212
290 294
290 292
290 5537
291 5537
291 5553
292 293
292 300
293 2809
293 294
295 5494
295 5493
295 297
295 416
296 5500
296 5510
296 2392
297 5511
297 3838
297 5495
298 5553
298 5536
298 5560
299 5535
299 5560
299 3101
301 313
302 304
302 310
303 306
303 304
303 3214
304 3213
305 308
306 309
307 308
308 309
310 311
311 312
312 316
313 314
314 315
315 2277
317 5482
317 5478
317 5479
317 5464
317 5480
317 5481
318 3812
318 413
318 5478
319 5533
319 5528
319 5529
319 5532
320 5506
320 5511
320 5504
320 5509
321 322
322 323
323 5522
324 380
324 379
324 414
324 3235
325 5760
325 5716
325 4870
326 5713
326 4870
326 3822
326 4866
327 328
327 397
327 5760
328 335
328 346
329 343
329 2591
329 348
330 5765
330 405
330 5764
331 3827
331 4267
331 4275
331 6284
332 3267
332 350
332 5687
333 3049
333 3044
333 3827
334 351
334 5681
334 357
334 354
335 354
335 355
335 358
336 338
336 337
336 339
337 362
337 361
338 398
338 340
338 361
339 362
339 343
339 377
340 399
340 3115
341 5572
341 3115
341 5573
341 5576
342 5587
342 5599
342 5601
342 5605
343 360
343 376
344 2591
344 2592
344 2807
345 5501
345 5528
345 420
345 3100
346 347
346 358
347 359
347 348
347 401
348 360
349 3873
349 3815
349 5693
349 5632
350 364
351 352
352 361
353 4863
353 4249
353 4252
354 356
355 397
355 5712
355 356
356 4249
356 357
357 4247
358 359
359 360
360 362
361 5669
363 5669
363 5672
363 5652
363 5675
364 365
365 5638
365 494
366 5471
366 367
366 496
367 5520
367 373
367 5514
368 4653
368 5514
368 4534
369 3884
369 370
369 4653
370 371
370 5434
371 5435
371 502
372 5471
372 5475
372 6313
373 6313
373 5451
373 4654
374 4661
374 5450
374 5451
375 3840
375 5429
375 5430
376 377
376 3020
377 5610
378 2815
378 5610
378 3113
379 5455
379 2892
380 2400
380 381
381 418
381 383
382 419
382 4665
382 4664
384 2894
384 3152
384 2898
385 386
385 2406
385 2898
386 6324
386 388
387 388
388 389
389 2380
389 660
390 391
390 2902
390 2380
392 4553
392 3909
392 6340
393 4551
393 4552
393 3911
393 3912
394 1705
394 3248
394 3250
395 1745
395 4751
395 396
396 2502
396 6232
397 5713
398 5663
398 399
399 412
400 5722
400 3032
400 3030
401 4172
401 4173
402 3039
402 5734
402 5749
402 5752
403 4073
403 3146
403 5732
404 5772
404 5759
404 5771
405 5775
405 3816
405 5718
406 408
406 407
409 2811
409 5550
409 5551
410 5580
410 412
410 5584
410 5592
411 3117
411 5595
411 5506
412 5617
413 5475
413 5457
414 418
414 458
414 5487
415 457
415 5487
415 5465
416 457
416 5489
417 458
417 5489
417 419
417 6350
418 2632
419 2632
420 3101
420 5510
420 5534
422 2782
423 2782
423 2776
424 425
425 426
426 451
426 448
427 429
427 434
427 2281
428 430
428 429
428 431
429 431
430 2262
430 2260
432 452
432 434
432 2281
433 4836
433 442
433 2267
434 2796
435 438
435 436
435 442
436 442
436 2267
437 3109
437 4838
438 978
438 440
439 451
440 441
440 973
441 2272
441 2266
442 2266
443 2256
443 2261
443 444
444 2257
444 2366
445 2265
445 2366
445 446
446 2337
446 2305
446 2356
447 448
447 450
447 3155
449 450
450 451
452 456
452 2268
453 454
454 455
455 2287
455 456
455 2786
456 972
457 5488
458 2632
458 5488
459 461
459 972
459 4665
460 3570
460 973
460 479
461 6340
461 477
462 2389
462 2391
462 695
462 6432
463 469
463 6432
463 465
464 466
465 6323
465 3143
466 467
466 6319
467 470
467 474
468 917
468 3145
468 501
469 476
469 4555
470 471
470 472
473 474
474 6439
475 6439
475 6436
475 478
477 489
477 3144
479 3180
479 6323
480 1932
480 729
480 2590
481 2590
481 491
482 892
482 893
482 899
483 484
483 691
483 3673
484 485
484 903
485 906
485 533
486 910
486 579
486 652
487 657
487 6441
487 663
488 5355
488 672
488 668
489 719
489 490
490 624
490 719
491 492
491 4354
492 4666
492 933
493 934
493 624
493 2133
494 495
494 5666
495 4533
495 3888
495 5622
496 4532
496 3813
496 6311
496 6312
496 5472
497 5457
498 5050
498 2387
498 4556
499 4602
499 1347
499 5049
500 3144
500 3247
500 3629
501 3629
501 3144
501 3180
502 5412
502 5413
503 3839
503 5402
503 5406
504 5406
504 3835
504 3836
505 5413
505 3834
505 3840
506 5159
507 5265
507 508
507 515
508 5266
508 516
509 818
509 5290
509 2163
510 5189
510 511
510 5188
511 5266
511 5182
512 792
512 816
512 548
513 804
513 2081
513 792
514 515
514 530
514 898
515 521
516 5189
516 521
517 5190
517 5188
517 519
518 521
518 522
518 5190
519 5191
519 524
520 5191
521 526
522 527
522 5192
522 526
523 4405
523 2599
523 2601
524 5192
524 5197
525 5201
525 5208
525 535
526 529
527 528
527 5207
527 529
528 534
528 5208
529 534
529 530
530 531
530 533
531 542
531 534
531 533
532 534
532 5791
532 5209
533 541
535 5209
535 551
536 552
536 538
536 5210
537 539
537 545
537 5284
538 2861
538 5791
539 547
539 540
539 552
540 2861
540 2862
543 544
543 546
543 4767
544 585
544 596
545 546
545 558
546 583
548 801
548 2852
549 2857
549 5221
549 4408
550 2853
550 2852
550 626
551 5210
551 5213
552 5268
553 5213
553 5268
553 5217
554 5221
554 3096
554 5220
555 5284
555 5217
555 561
556 559
557 558
558 566
558 559
559 564
559 5222
560 561
560 5228
560 5229
561 5222
562 5230
562 5236
562 5226
563 566
563 2864
563 585
564 5229
564 565
564 566
566 567
568 5289
568 5288
568 5286
568 570
569 5230
569 572
569 570
569 5286
570 571
571 3675
571 572
572 5341
573 5292
573 574
573 5254
574 3678
574 5250
575 6069
575 5314
575 576
576 5315
576 5312
576 5302
577 5906
577 5914
577 5909
577 5852
578 5254
578 3945
578 5255
579 657
579 913
580 581
580 913
580 5351
581 5353
581 582
582 583
582 588
583 589
584 2864
584 2865
584 598
585 2865
586 602
586 603
586 5232
587 588
588 589
589 4766
590 595
591 593
591 596
591 2033
592 598
592 593
592 604
593 2865
594 595
594 4767
594 597
595 596
595 2160
596 2127
598 600
598 603
599 600
600 601
601 628
601 603
601 605
602 630
602 5233
603 720
605 609
605 607
605 610
606 617
606 615
606 6450
607 608
607 6450
609 2903
609 636
609 634
611 615
611 636
611 623
612 616
612 613
612 620
613 615
613 614
616 623
616 618
618 619
618 622
619 621
619 1905
623 3999
624 721
625 626
626 3847
627 628
627 633
627 630
628 629
630 632
631 5269
635 5269
635 5238
636 2903
637 2300
637 638
637 2345
638 639
638 2279
639 2388
639 2395
640 2814
640 2388
640 2370
641 660
641 2814
641 2386
642 3577
642 6324
642 6211
643 644
643 3577
644 3583
645 646
645 651
645 648
647 905
648 649
648 905
649 651
649 650
650 910
650 904
651 656
652 655
652 656
653 661
654 655
654 657
654 663
655 664
656 2900
658 2379
658 2814
658 6430
659 2345
659 6429
659 2379
660 3585
660 2376
661 662
661 664
661 666
662 665
662 2900
663 664
666 668
666 667
667 6441
667 773
668 6442
669 2160
669 677
669 2127
670 919
670 6436
670 671
673 676
673 5355
673 4846
674 4846
675 5355
675 6449
675 2170
676 2201
676 2111
677 2096
677 6143
678 680
678 3982
678 3986
679 3987
679 2625
679 680
680 2629
681 682
681 688
681 683
682 686
682 3234
683 3234
683 3987
684 3234
684 3984
684 685
685 687
685 686
686 689
688 692
688 898
689 692
689 690
691 3673
691 3672
692 3673
693 2381
693 3624
694 695
695 3624
696 5447
696 5455
696 6274
697 701
697 919
697 699
698 700
698 917
698 699
698 5082
699 702
700 4623
700 1933
701 702
701 4791
702 1933
703 713
703 2999
703 5376
704 2930
704 5383
704 711
705 5380
705 3000
705 2930
706 708
706 4386
706 707
707 5379
707 5380
708 710
708 6426
709 6426
709 879
709 5383
711 713
711 5387
712 5387
712 4111
712 5386
713 5386
714 4112
714 5376
714 5375
715 4110
715 4380
715 4381
716 4380
716 1192
716 1136
717 4112
717 1185
717 1174
718 2111
718 3950
718 719
720 2864
720 5231
721 4361
721 3792
722 723
722 3808
722 726
723 3807
723 4361
724 3685
724 3684
724 4339
724 725
724 3806
724 3807
725 3684
725 5332
726 4357
726 3002
727 3811
727 3810
727 3005
727 4347
728 4383
728 4349
728 4350
728 3811
729 3180
729 1911
730 3908
730 731
730 3953
731 3952
731 3953
732 3951
732 1932
732 3955
733 3956
733 827
733 824
734 1439
734 830
734 829
735 5950
735 736
735 743
736 739
736 6133
736 6131
737 2743
737 737
738 2743
738 738
739 753
739 740
741 2031
741 746
741 5988
741 749
742 2031
742 5950
742 748
742 5990
743 5990
743 6297
743 6301
744 5959
744 5993
744 5986
744 5963
745 5986
745 4364
745 5985
746 4711
746 4713
747 6122
747 3907
747 4216
747 840
748 6072
748 5948
748 5945
749 5882
749 5930
750 5882
750 5945
750 4363
751 5881
751 5930
751 758
751 5886
752 5944
752 5947
752 6072
752 5953
753 5947
753 754
755 5958
755 5965
755 6094
756 5958
756 5963
756 5928
756 6005
757 5938
757 5936
757 5928
757 5900
758 5885
758 5940
758 5929
759 5942
759 5314
759 846
760 5925
760 764
760 5873
760 5855
761 765
761 5878
761 844
761 5873
762 5905
762 5893
762 5900
762 766
763 5997
763 6000
763 6034
763 5853
764 4701
764 5854
764 5872
765 5872
765 5874
765 845
766 5901
766 5892
766 6034
767 4709
767 5850
767 849
767 5858
768 5868
768 848
768 5854
769 5924
769 6008
769 5932
770 5977
770 4219
770 5965
770 5976
771 5862
771 850
771 2828
772 4695
772 6123
772 5904
773 6442
773 774
775 3681
775 778
775 6020
776 5841
776 5843
776 5838
776 5828
777 5869
777 3681
777 6065
777 848
778 5834
778 6065
779 5830
779 5823
779 5822
779 6023
780 781
780 783
780 4327
781 4325
781 782
782 783
782 2018
783 786
784 5839
784 5811
784 3679
785 6056
785 5812
785 5820
785 5821
786 5801
786 924
787 2740
787 790
787 5345
788 2642
788 1922
788 2641
789 3784
790 791
790 816
791 796
791 795
792 796
793 794
794 799
794 801
795 2594
795 798
796 797
797 1934
797 3784
798 3784
798 2593
799 803
799 800
801 802
802 806
802 803
803 804
804 807
805 2856
805 810
805 3675
806 808
806 807
807 809
808 810
808 809
809 5307
810 811
812 815
813 817
814 815
815 818
815 2085
816 5349
817 5346
817 819
818 819
819 820
821 3677
821 3674
821 5310
822 823
823 4791
823 824
824 825
825 2908
825 4791
826 827
827 830
828 3196
828 1211
828 1153
829 3196
829 1433
830 831
832 1211
833 853
833 4125
833 835
833 4473
834 842
835 4126
835 4234
836 838
837 6302
837 4234
837 3282
838 6302
839 2088
839 843
839 3282
840 3284
840 3283
841 6303
841 851
841 2088
842 6303
843 3283
843 2088
844 5879
844 5886
845 5875
845 5885
846 5943
846 5953
847 5893
847 5895
847 5875
848 5867
849 5844
849 5838
849 5846
850 2831
850 5837
851 853
851 2104
852 4124
852 2104
852 2156
853 1940
854 6200
854 4353
854 4352
855 866
856 2094
856 6203
856 1905
857 4382
857 5368
857 859
858 1214
858 1230
858 1995
860 861
861 5367
861 863
862 864
862 877
862 5372
863 5366
863 5372
864 5370
864 1157
865 869
865 6341
865 872
865 866
866 868
866 873
867 869
867 872
867 1127
869 1173
870 871
871 5365
871 877
872 876
873 6342
873 1222
873 876
874 5366
874 5365
874 5367
875 876
875 1203
875 1230
877 1998
878 1998
878 1203
878 2056
879 6425
879 6208
879 6207
880 5368
880 6208
880 5370
881 887
882 888
882 3620
882 883
883 890
883 884
884 887
884 3233
885 886
886 893
886 887
888 889
888 3622
889 890
889 891
890 893
891 894
891 893
892 895
892 894
894 895
895 896
896 3622
896 900
897 898
899 902
899 3672
900 902
900 901
901 904
901 905
902 903
903 904
906 910
906 907
907 908
907 909
908 909
908 914
909 911
911 912
911 5354
912 5354
912 915
913 5354
914 916
916 5353
917 918
919 3280
920 6110
920 4241
920 921
921 3688
921 3683
922 5793
922 3692
922 3693
923 927
923 2966
923 5792
924 925
924 3690
925 926
925 3693
927 5800
927 5795
928 929
929 930
929 5800
930 5797
930 931
931 5800
931 4790
932 1095
932 1220
932 4025
933 936
933 4455
934 940
934 935
935 939
936 942
937 2994
937 4431
937 4422
937 4423
937 941
938 2993
938 939
938 4457
939 2995
940 941
940 4457
941 4456
942 943
942 2993
943 4456
943 4454
944 4454
944 4455
944 945
945 997
945 4452
946 1060
946 4452
946 4440
947 4437
947 4439
947 2993
948 4441
948 949
948 3748
949 4446
949 4442
950 3273
950 2966
950 953
951 952
951 3085
951 3769
952 4302
952 4303
953 954
953 4303
954 3084
954 3273
955 5792
955 960
956 4951
956 6428
956 966
956 4301
957 4787
958 959
958 4787
958 960
960 4435
961 968
961 962
961 3772
962 963
962 968
963 2225
963 964
964 3771
964 2225
965 966
965 6428
965 3771
966 967
967 2236
967 3772
968 3173
969 4084
969 6197
970 971
970 3183
970 3190
971 1828
971 2511
972 4676
973 4675
974 6219
974 3239
975 6219
975 3596
975 3597
976 3590
976 978
977 2281
977 3578
977 6223
978 2259
979 3225
979 1575
980 1592
980 1629
981 3121
981 3124
982 1699
982 2766
982 3496
983 2766
983 984
983 1546
984 985
984 1921
985 1828
985 2508
986 1886
986 3190
986 3189
987 2495
987 2461
987 2477
988 2488
988 2621
988 1766
989 3601
989 1789
989 3215
990 1021
990 3291
990 1004
991 1071
991 1012
991 1078
992 1002
992 3749
992 2882
993 1003
993 4056
993 3773
994 1005
995 1047
995 4052
995 1062
996 2884
996 2882
996 3750
997 4440
997 1009
998 4442
998 1003
998 4441
999 1016
999 1025
999 1020
1000 3290
1000 3767
1000 1023
1001 1032
1001 2249
1001 1080
1002 1011
1003 4972
1003 1089
1005 1016
1005 1008
1006 1031
1006 1015
1006 1023
1007 3290
1007 4987
1007 4988
1009 4443
1009 4446
1010 1116
1010 4047
1010 4056
1011 1018
1012 1025
1012 1051
1012 3207
1013 1017
1013 1028
1013 1098
1014 4001
1014 4005
1014 4061
1016 1024
1017 1028
1017 3754
1019 1023
1022 1063
1025 1071
1026 3750
1027 3748
1027 1029
1027 4439
1028 3178
1029 4436
1029 3748
1030 1051
1030 1090
1030 1103
1031 1032
1031 1098
1032 3291
1033 3098
1033 1114
1033 3751
1034 1066
1034 1041
1035 1064
1036 1066
1036 1094
1036 1111
1037 1109
1037 1049
1037 1105
1038 1100
1038 1045
1038 1081
1038 1095
1039 1054
1039 4044
1039 1047
1040 1108
1041 1059
1042 4054
1043 1103
1044 4304
1044 1159
1044 3379
1045 3788
1045 4032
1046 1092
1047 1111
1048 3210
1049 1070
1049 1105
1050 1056
1051 3207
1052 1233
1052 1220
1052 1072
1053 1084
1054 1113
1054 1059
1055 1077
1056 1106
1056 1067
1057 6455
1057 6459
1057 4026
1058 1110
1058 1208
1058 1088
1059 1064
1060 1116
1060 4296
1061 1163
1061 3199
1061 3200
1062 1090
1062 3208
1063 3750
1063 1089
1064 1091
1065 1103
1066 1104
1067 1102
1067 1085
1068 1088
1069 1108
1070 1154
1070 1163
1071 4054
1073 1084
1074 1861
1074 4304
1074 1376
1075 3766
1076 1137
1076 2199
1076 3200
1077 1397
1078 1101
1078 1116
1079 1433
1079 1410
1079 1420
1080 3287
1080 3292
1082 1110
1083 1112
1084 1110
1085 1087
1085 1106
1086 1966
1086 2057
1086 1232
1087 1114
1087 3210
1089 1112
1090 3208
1090 4049
1092 4028
1092 4114
1093 1096
1093 1397
1093 1107
1096 3197
1096 4804
1097 1148
1097 1105
1097 3378
1098 3759
1098 1108
1099 1113
1100 1111
1100 1986
1102 3760
1102 3758
1106 1114
1112 4189
1112 4508
1113 2246
1115 3766
1115 3768
1115 3767
1117 1170
1117 1167
1117 1172
1118 1146
1119 1159
1119 1144
1119 1134
1120 1125
1120 1177
1121 1177
1122 1170
1122 1139
1122 1206
1123 1158
1124 1141
1124 1198
1125 1157
1126 1168
1126 1162
1126 1180
1128 1143
1129 1859
1129 1195
1129 1134
1130 1163
1130 1147
1130 1142
1131 1164
1131 1162
1131 1175
1132 1167
1133 1196
1133 1189
1133 1190
1134 1218
1134 1842
1135 1155
1136 1188
1136 1151
1137 1187
1137 1197
1138 1205
1138 1184
1139 1172
1139 1199
1140 1179
1141 1191
1142 4178
1142 1160
1143 1207
1145 1200
1146 1156
1146 1173
1148 1208
1148 1176
1149 1181
1150 1176
1151 1190
1151 1196
1152 1185
1153 1180
1153 2199
1154 1207
1154 1857
1155 1174
1155 1167
1157 1189
1158 1176
1158 1202
1159 1851
1161 1164
1161 6427
1161 1193
1162 1194
1164 1169
1165 1190
1166 1199
1166 1205
1166 1200
1168 1183
1168 6427
1169 1203
1169 1171
1170 1206
1171 1193
1171 1173
1172 1181
1174 1181
1177 1201
1178 1201
1179 1192
1179 1199
1180 1183
1181 1185
1182 1205
1183 1193
1185 1204
1186 6427
1188 1196
1188 1189
1192 1201
1195 4373
1195 1419
1200 1206
1208 1221
1209 1224
1210 1222
1211 1231
1212 1223
1212 2997
1212 1219
1213 1234
1214 1225
1214 1227
1215 4018
1216 1227
1217 4018
1218 1235
1219 6452
1219 1223
1220 1228
1222 1227
1222 1229
1223 2997
1224 4050
1224 1232
1226 1233
1227 1230
1232 4051
1233 3788
1234 2042
1234 6342
1236 1335
1236 1272
1236 1377
1237 1348
1237 4824
1237 1353
1238 1306
1238 1293
1238 1249
1239 2048
1239 1910
1239 1895
1240 1309
1240 1385
1240 3412
1241 3387
1241 1349
1241 1328
1242 2972
1242 5101
1242 3650
1243 1285
1244 4805
1244 1255
1244 1248
1245 1452
1245 4808
1245 1321
1246 4802
1246 1323
1246 2022
1247 1365
1249 1351
1249 1293
1250 1308
1251 2589
1251 1960
1251 2196
1252 2090
1252 3436
1252 2027
1253 1291
1253 1286
1253 1319
1254 3431
1255 1323
1255 1314
1256 3535
1256 1361
1256 1278
1257 1323
1257 1293
1257 4801
1258 1291
1258 1358
1258 1294
1258 1310
1259 1353
1259 1337
1259 3365
1260 1330
1260 1845
1260 3393
1261 3360
1261 1283
1261 1302
1262 3369
1262 4991
1262 2122
1263 1365
1263 3422
1263 1299
1263 3413
1264 3136
1264 2868
1264 3440
1264 3137
1265 1335
1266 3389
1266 1280
1266 3391
1267 3635
1267 5026
1267 1270
1268 1370
1268 1310
1268 1326
1269 1350
1269 3414
1270 4574
1270 2969
1271 2244
1271 1847
1271 1307
1272 1362
1272 1289
1273 1378
1274 1325
1274 1355
1274 1330
1275 1352
1276 1291
1276 1294
1277 3355
1277 1385
1277 1375
1278 2092
1278 1428
1279 1311
1279 1281
1279 1369
1280 1377
1280 1441
1281 3204
1281 3141
1282 1339
1284 2066
1284 3420
1284 2032
1285 1364
1285 3438
1287 1618
1288 1382
1288 1332
1288 4623
1290 1378
1291 1338
1292 4144
1292 1311
1292 4143
1294 1370
1295 1359
1296 2192
1296 1325
1296 1847
1298 1302
1299 3415
1299 1865
1300 1317
1301 3130
1301 1368
1301 3133
1302 1315
1303 5085
1303 1363
1303 4571
1303 4613
1304 4794
1305 1339
1305 1618
1307 1431
1307 1389
1308 1362
1308 1380
1310 1358
1311 4147
1312 1406
1312 1430
1312 3129
1313 1359
1314 4151
1314 1333
1316 3437
1316 3136
1316 4109
1317 1382
1317 1383
1318 1374
1318 1321
1318 1446
1319 3385
1320 2922
1320 2575
1320 2923
1321 2870
1322 1947
1322 2066
1322 1442
1324 3391
1324 1349
1324 1386
1325 1852
1327 1339
1328 1982
1328 3499
1329 1383
1330 3395
1331 4584
1331 2971
1331 3645
1332 3670
1332 2770
1333 4792
1333 2200
1334 3411
1334 3415
1334 1389
1335 1345
1336 4995
1336 1910
1336 4994
1338 1358
1338 3394
1339 1359
1340 4805
1340 1997
1340 2769
1341 3397
1341 3404
1341 3406
1342 4153
1342 1372
1342 2102
1343 1374
1343 1451
1343 1486
1344 3440
1346 1442
1346 1400
1346 1354
1347 3636
1347 3635
1349 3390
1350 3423
1352 3434
1353 1378
1354 1411
1354 3525
1355 1844
1355 1858
1356 1364
1357 4144
1357 1369
1357 1360
1360 4143
1360 4144
1361 3129
1361 4378
1362 1373
1363 3642
1363 4612
1364 1381
1365 1438
1366 2064
1366 3385
1366 2176
1367 5007
1367 5003
1367 5004
1368 3546
1368 4500
1369 4143
1371 1447
1371 3543
1371 3796
1372 4148
1372 1985
1374 1506
1375 3352
1377 3397
1379 1982
1382 1383
1384 3352
1385 1431
1387 4991
1387 2208
1387 2996
1388 1410
1389 1955
1390 3526
1390 1409
1390 3135
1391 1401
1391 1946
1391 1425
1392 1412
1393 1413
1394 1426
1394 1432
1394 2013
1395 3377
1396 1419
1396 2888
1396 1408
1398 1427
1399 1413
1399 1948
1399 1416
1400 1436
1400 1403
1401 1883
1401 2194
1401 1425
1402 1412
1402 1913
1402 1443
1404 2175
1404 1433
1404 1412
1405 2952
1405 3484
1405 3493
1406 3138
1406 4491
1407 2880
1407 1658
1407 1475
1409 1880
1409 1440
1410 2769
1411 2084
1411 1437
1413 3377
1414 1877
1414 2125
1414 3505
1415 2138
1415 1421
1415 3511
1416 1427
1416 3899
1417 1435
1418 3511
1419 1863
1421 3494
1422 1428
1423 1955
1424 1427
1424 3899
1424 1441
1425 2125
1428 3796
1429 1441
1430 3525
1430 4181
1431 1863
1434 4181
1435 1439
1435 1913
1436 3502
1436 3499
1438 3431
1438 3427
1439 2175
1440 3511
1440 2065
1444 2748
1444 3194
1444 1990
1445 1446
1445 1450
1445 1455
1446 1453
1447 1976
1447 3553
1448 1455
1448 1456
1448 1458
1449 1479
1449 1499
1449 1459
1450 1454
1450 1455
1451 1457
1451 1454
1454 1457
1456 4108
1456 1458
1457 1458
1459 1471
1459 3285
1459 1469
1460 1497
1460 3193
1460 3707
1461 1462
1462 1502
1462 1512
1463 2162
1463 1483
1463 1477
1464 1485
1464 1471
1464 1466
1465 1483
1467 1509
1468 1483
1468 2036
1468 1490
1470 1474
1470 1503
1470 1493
1471 1489
1472 1494
1473 1490
1473 4224
1473 1478
1474 2873
1474 1510
1475 3526
1475 3530
1476 1484
1476 1504
1476 4832
1477 1491
1478 1513
1478 2011
1479 1499
1479 1502
1480 1501
1480 1485
1480 1511
1481 1513
1481 2208
1482 1489
1485 1505
1486 1499
1486 1506
1487 3195
1487 2750
1488 4830
1488 2873
1488 1506
1489 1514
1490 2208
1491 2162
1492 1495
1494 1500
1494 3556
1495 1507
1495 2873
1496 1506
1497 3194
1498 1504
1500 2117
1500 3558
1502 1506
1504 4833
1507 4830
1507 4833
1508 2036
1509 3556
1509 3553
1510 2746
1510 4835
1513 3371
1515 2635
1515 1587
1515 3159
1516 1622
1516 1570
1516 1542
1517 1564
1517 1639
1518 1552
1518 3671
1518 1972
1519 1586
1520 1626
1520 1652
1520 1881
1521 4521
1521 4519
1521 3446
1522 1557
1523 1679
1523 4369
1523 1594
1524 1675
1524 1606
1524 1573
1525 2943
1525 3625
1525 1576
1526 1674
1526 2209
1527 1657
1528 1580
1528 2878
1528 1674
1529 1598
1530 1673
1530 1544
1530 1593
1531 1592
1531 3159
1531 1643
1531 1654
1532 3513
1532 1550
1532 3516
1533 3123
1533 3487
1533 1610
1534 1611
1534 1584
1535 1586
1535 1649
1536 3449
1537 1588
1537 1556
1537 2986
1538 1543
1538 1589
1538 1635
1539 3478
1540 1565
1541 1614
1542 4369
1542 4368
1543 1589
1543 1626
1544 3491
1544 1630
1545 3514
1545 1568
1545 1602
1546 1675
1546 1606
1547 4279
1547 1659
1547 3461
1548 1660
1548 1599
1548 3501
1549 1598
1549 1662
1549 3475
1549 3488
1550 1641
1550 1568
1551 1663
1552 1584
1552 6155
1553 1648
1553 1615
1553 1566
1554 1613
1555 1669
1556 1560
1557 1603
1558 1574
1558 1623
1558 1671
1559 1625
1560 1608
1560 1812
1561 1614
1561 1635
1561 1631
1563 1666
1563 1677
1563 3605
1564 1603
1564 2037
1565 1717
1565 4278
1566 3616
1566 1812
1567 1625
1568 3504
1569 3533
1569 1605
1569 1626
1569 1609
1571 1573
1571 1582
1571 3523
1572 1653
1572 1580
1572 2878
1573 1616
1574 3519
1574 1631
1576 1649
1576 4678
1577 1585
1577 1658
1577 1676
1578 1645
1579 1625
1580 1617
1581 1676
1581 1602
1581 1585
1582 1616
1582 1818
1583 1600
1584 2142
1585 3517
1586 1627
1587 1643
1587 2635
1589 1623
1590 4760
1591 3491
1591 3492
1591 1706
1593 1659
1593 1628
1595 1657
1596 4521
1596 3224
1596 3443
1597 4279
1597 6136
1597 1646
1598 1668
1599 1604
1599 1612
1600 1633
1600 1644
1601 1618
1602 1676
1603 1639
1604 1664
1606 3523
1607 1657
1607 4810
1611 4622
1611 3659
1612 1621
1612 1619
1613 1616
1613 1675
1614 1635
1615 1665
1615 4295
1617 1640
1617 1669
1619 1660
1620 1678
1621 3516
1621 3519
1622 1638
1623 1671
1624 1666
1628 2878
1628 1650
1628 4278
1630 1650
1630 3485
1631 3520
1632 1677
1633 1667
1633 3452
1634 1678
1634 4367
1636 1636
1637 3605
1637 1655
1637 1661
1639 2114
1640 3230
1640 2985
1642 1676
1643 1680
1643 1672
1644 3446
1644 3453
1645 1671
1645 3522
1647 1763
1650 3478
1651 1669
1653 3452
1653 1717
1653 1663
1654 4291
1654 1680
1655 1666
1656 3533
1658 3521
1659 3121
1660 4104
1661 4367
1662 3476
1663 4159
1664 3497
1664 3512
1665 4463
1665 3156
1670 1680
1672 3158
1672 2635
1677 3605
1678 4365
1681 1815
1681 1826
1681 1770
1682 1751
1683 6135
1683 2876
1683 1739
1684 1827
1684 5016
1684 1834
1685 2446
1685 6242
1686 1796
1686 1794
1686 1753
1687 1735
1688 1838
1689 3254
1689 4743
1689 1745
1690 1812
1691 1796
1691 1807
1691 1708
1692 1736
1692 1781
1692 1788
1693 1813
1693 1829
1693 1773
1694 1815
1694 2604
1694 2483
1695 1834
1695 1748
1695 1750
1696 1792
1697 1816
1698 6366
1698 6367
1698 3529
1699 1818
1699 3487
1700 2839
1700 1726
1700 1833
1701 3548
1701 1793
1701 1808
1702 2607
1702 1758
1702 2606
1703 1755
1703 1784
1704 3253
1704 1714
1704 1737
1704 4743
1705 1740
1705 1801
1706 1786
1706 3495
1707 3561
1707 6378
1707 6373
1708 1764
1708 1746
1709 1816
1710 1769
1711 2457
1711 1732
1711 1829
1712 1786
1713 1742
1713 1728
1714 1740
1714 1743
1715 1744
1716 2470
1716 2467
1716 2468
1717 1774
1718 1766
1718 1743
1718 1775
1718 1734
1719 3568
1719 2480
1720 1764
1720 1787
1720 3593
1722 1836
1723 1783
1723 2295
1724 1794
1725 1762
1725 1730
1725 1790
1726 4728
1726 1729
1727 2498
1727 1776
1727 1787
1729 1831
1729 2464
1730 2953
1731 1802
1731 1765
1731 1760
1732 1791
1732 1823
1734 1754
1734 1805
1734 1766
1735 1744
1735 2303
1736 1736
1737 1743
1737 1775
1737 4077
1738 2621
1738 1751
1739 1836
1739 4277
1740 1754
1741 2491
1741 1767
1741 1755
1742 1761
1742 2187
1743 1754
1744 1783
1745 3151
1747 1802
1747 1817
1748 1780
1748 2956
1749 1761
1750 1834
1750 4288
1751 1771
1753 1835
1754 3562
1755 1778
1755 1796
1756 3701
1756 3191
1756 4503
1757 1822
1758 1785
1758 1813
1759 4731
1760 1765
1760 1804
1761 1792
1762 1795
1762 1803
1763 3215
1763 3216
1764 3154
1765 1804
1766 1788
1768 1772
1768 2491
1768 2489
1769 1811
1769 3551
1769 1782
1771 1821
1773 2614
1775 1788
1776 1825
1777 2346
1777 3608
1778 1824
1779 1783
1780 6379
1780 6378
1781 3579
1781 4077
1781 2499
1781 6270
1782 1793
1782 1792
1783 2303
1784 2483
1784 2482
1785 5016
1786 1818
1787 1825
1789 3154
1789 1794
1793 2113
1798 1837
1798 3529
1799 1799
1799 1815
1800 2466
1800 1831
1802 3612
1804 2295
1805 4733
1806 4094
1806 2454
1806 4281
1809 3561
1809 3560
1809 3562
1811 3552
1811 2051
1813 5016
1814 1830
1816 1827
1817 2351
1819 3554
1819 2202
1819 2144
1820 1830
1822 1832
1822 2178
1828 2191
1829 4287
1830 3568
1833 2840
1836 4277
1838 1839
1838 3546
1838 6369
1839 6371
1839 6370
1840 2508
1841 1847
1843 1857
1844 1856
1844 2017
1846 1859
1848 2589
1848 2075
1848 1855
1849 1864
1850 1851
1850 2888
1850 1862
1851 2248
1853 1859
1854 1861
1857 1861
1860 1863
1864 2888
1864 3393
1866 3473
1866 2138
1866 2155
1867 2357
1867 2373
1867 2325
1868 2318
1868 6496
1868 1869
1869 2357
1869 2318
1870 1937
1870 3473
1870 6503
1871 3540
1871 1889
1871 3536
1872 3534
1873 1876
1874 1879
1874 1882
1874 2141
1875 1889
1875 3541
1876 3507
1876 2172
1877 1882
1877 3493
1878 1882
1880 3518
1880 6502
1883 2065
1883 2132
1884 3545
1884 1884
1885 1889
1885 3541
1885 1887
1887 3540
1887 3545
1888 3507
1888 3508
1888 3505
1890 2168
1890 2109
1890 3328
1891 4597
1891 5096
1891 4619
1892 1938
1893 2929
1893 3369
1893 1991
1894 1968
1895 2048
1895 2184
1896 2110
1896 2151
1896 3540
1897 4122
1897 1973
1897 2156
1898 3074
1898 2820
1898 4133
1899 1978
1899 3274
1899 2029
1900 2197
1900 2164
1900 4000
1901 2161
1901 1945
1901 2207
1902 1946
1903 3472
1904 2149
1904 2006
1904 2053
1905 2094
1905 2042
1906 2736
1906 2739
1906 2733
1907 2017
1907 4371
1907 2091
1908 1952
1909 2060
1909 2143
1909 2763
1910 2182
1911 1932
1911 3949
1911 3955
1912 3697
1912 2002
1913 2175
1914 3665
1914 3655
1914 2181
1915 3471
1915 2021
1915 1982
1916 6474
1916 2206
1916 2007
1917 2014
1917 4525
1917 5359
1918 2186
1919 3924
1919 2820
1919 2150
1920 2191
1921 3534
1921 3536
1922 2049
1922 2139
1923 2171
1923 2097
1923 2145
1924 3472
1924 2128
1924 3469
1925 6473
1925 2086
1925 6492
1926 1945
1926 1970
1926 2045
1927 2137
1928 3363
1929 2179
1930 4122
1930 4123
1930 4124
1931 3703
1934 2081
1934 2642
1935 1960
1935 2180
1935 4566
1936 1936
1936 2078
1937 2039
1937 6504
1938 2113
1938 2144
1939 2048
1939 2182
1940 4121
1940 2156
1941 2205
1941 2773
1941 2605
1942 4106
1942 2003
1942 2764
1942 2638
1943 4152
1944 2176
1945 2207
1946 2880
1947 2149
1947 3408
1948 3380
1948 2128
1949 2646
1949 2644
1949 2689
1950 3448
1950 3450
1950 3451
1951 2068
1952 2055
1953 1998
1954 1974
1954 2001
1954 2662
1955 2103
1956 2177
1956 1980
1956 6468
1956 4273
1957 2648
1957 2640
1957 2724
1958 3713
1958 3711
1958 2178
1959 1990
1960 2109
1961 1979
1961 2126
1961 2097
1962 2125
1963 1981
1963 2202
1964 2164
1965 2643
1965 2649
1965 2116
1966 4026
1966 2057
1967 2044
1967 2195
1967 2059
1968 3380
1968 1992
1969 2204
1969 4622
1969 2046
1969 4583
1970 2045
1970 2203
1971 2000
1971 2023
1971 3437
1973 4121
1973 2040
1974 2143
1974 2671
1975 3703
1975 3185
1977 2027
1978 2015
1978 5126
1978 2029
1979 2079
1979 2126
1980 6467
1980 2030
1981 2117
1983 5357
1983 2096
1983 2014
1984 2036
1986 4052
1987 2084
1988 2039
1989 3903
1989 2152
1989 3907
1990 2117
1992 2169
1992 3387
1993 2168
1994 5123
1994 4106
1994 2678
1995 2042
1995 2094
1996 3557
1996 3553
1996 3555
1999 2694
1999 2691
1999 2687
2001 2643
2001 2655
2003 2146
2003 4396
2004 3697
2005 2184
2005 2126
2005 2079
2007 6472
2007 2177
2008 6297
2008 2047
2008 2129
2009 5134
2009 3062
2009 5135
2010 2108
2012 4801
2012 4147
2012 2083
2013 3450
2013 3456
2014 4524
2015 5115
2015 5114
2015 3165
2016 6457
2016 2057
2016 4297
2017 2587
2018 4717
2018 4325
2019 2106
2020 6480
2020 2119
2020 6491
2021 2188
2021 3472
2024 2068
2024 3953
2024 3954
2025 2039
2025 2378
2025 2396
2026 2070
2026 2680
2026 2688
2027 3430
2028 2120
2028 2061
2028 2044
2029 2195
2030 2189
2030 2193
2031 5989
2034 2109
2035 4377
2035 2191
2035 2077
2038 4607
2038 2100
2038 4585
2040 4236
2040 4122
2040 4473
2041 2065
2043 2072
2044 2059
2045 2124
2046 4590
2046 4589
2047 5989
2047 6301
2048 3324
2049 2765
2049 2718
2049 2742
2050 2105
2052 2106
2054 3073
2054 3076
2054 4131
2055 2166
2055 2179
2058 2113
2059 2074
2059 2061
2060 3168
2060 2695
2061 2649
2062 2118
2063 2157
2063 5336
2063 5327
2066 3417
2067 6482
2067 2165
2067 6464
2068 2123
2069 3556
2070 2101
2070 2659
2071 4896
2071 3803
2071 4221
2072 6496
2072 3479
2075 3366
2075 2929
2076 4131
2076 4236
2076 3076
2078 2118
2079 2196
2080 2186
2080 3979
2080 3259
2081 2139
2082 5019
2082 4536
2082 2969
2084 4183
2085 2124
2085 4395
2086 6471
2086 2193
2087 2134
2089 2149
2090 3437
2090 3435
2093 2115
2095 3137
2096 3126
2097 2145
2098 6388
2098 2205
2098 3038
2099 2144
2100 3670
2100 4622
2101 2684
2101 2675
2104 4123
2104 2156
2105 2147
2107 6481
2107 6479
2107 6482
2107 6477
2108 4597
2108 4572
2111 6449
2112 3903
2112 2152
2112 4390
2115 4148
2115 2770
2119 6478
2119 2136
2120 2654
2120 2659
2121 4467
2123 4215
2123 3206
2124 5344
2127 2160
2128 2169
2129 2198
2129 6297
2130 3494
2131 3162
2131 4517
2131 4516
2132 2132
2133 3804
2133 3691
2134 3324
2134 2990
2135 2656
2135 2660
2135 2644
2136 6476
2136 6492
2137 2587
2137 3363
2138 3480
2139 2718
2140 3651
2143 2681
2145 2171
2146 2714
2146 4106
2148 3072
2148 3073
2148 3169
2149 3410
2150 3919
2150 3921
2152 4197
2153 4153
2153 2770
2153 4152
2154 2203
2154 2841
2154 2161
2155 2159
2155 3494
2157 5335
2157 5329
2158 2176
2159 3486
2160 4494
2161 2203
2162 2588
2163 3778
2163 5142
2163 5143
2164 2197
2165 6481
2165 6491
2167 2199
2168 3326
2169 3380
2170 5357
2170 5356
2171 3325
2173 4900
2173 3083
2173 3082
2174 3535
2177 6470
2178 3712
2179 4437
2181 3655
2181 3665
2183 5335
2183 2197
2183 4000
2184 2196
2185 3394
2186 4562
2190 4592
2190 4619
2190 4567
2193 6469
2194 3518
2195 2650
2198 4468
2198 4478
2202 3192
2204 5039
2204 4588
2205 2773
2206 6475
2206 6477
2207 3778
2210 4775
2210 4907
2210 4908
2211 4895
2211 3078
2211 3081
2212 4911
2212 2213
2212 2215
2213 4200
2213 4910
2214 4201
2214 4917
2214 2219
2215 2603
2215 4907
2216 4198
2216 4927
2216 4387
2217 2219
2217 4898
2217 2220
2218 4507
2218 3080
2218 3083
2219 4507
2220 4200
2220 4913
2221 4918
2221 4777
2221 4917
2222 4913
2222 4199
2222 4914
2223 2237
2223 2942
2223 2941
2224 2235
2224 4770
2224 4769
2225 2228
2226 2241
2226 2234
2226 2229
2227 2240
2227 2239
2227 2230
2228 3174
2228 4504
2229 2232
2229 2236
2229 2942
2230 2241
2230 2239
2231 2234
2232 2237
2232 2241
2233 4963
2233 2940
2233 4955
2234 2239
2235 2235
2236 3772
2237 2240
2238 2240
2242 2243
2243 2247
2243 2248
2245 2248
2247 2247
2249 4374
2249 2885
2250 2885
2251 3298
2252 2569
2252 4528
2252 4527
2252 4526
2253 4318
2253 2415
2254 2264
2254 2272
2254 2256
2255 2307
2255 2274
2255 2269
2256 2263
2256 2261
2257 2270
2257 2269
2258 2264
2258 2271
2259 2796
2259 4837
2260 2262
2260 3110
2261 2266
2263 2269
2263 2264
2264 2275
2264 2280
2265 2266
2265 3104
2267 3110
2268 2798
2268 3110
2270 2298
2270 2330
2270 2342
2273 2274
2274 2342
2276 2368
2276 2277
2276 2287
2278 2286
2278 2304
2278 2285
2279 2395
2279 2282
2280 2284
2280 2332
2282 2287
2282 2285
2283 2285
2283 2288
2283 2327
2284 2322
2284 2319
2286 2332
2286 2322
2287 2327
2288 2347
2288 2328
2289 2303
2290 2349
2291 2368
2291 3573
2291 2395
2292 2377
2292 2299
2292 2337
2293 2354
2294 2309
2295 2323
2296 2341
2296 2334
2296 2316
2297 2324
2297 2350
2297 2325
2298 2310
2298 2354
2298 2301
2299 2316
2299 2305
2301 2317
2301 2330
2302 2308
2304 2338
2304 2322
2305 2352
2306 2311
2306 2318
2306 2353
2307 2319
2307 2354
2308 2344
2308 4158
2309 2350
2309 2349
2311 3460
2311 2320
2312 2341
2312 2331
2312 2336
2313 2332
2314 4158
2314 2348
2314 2321
2315 2363
2315 2333
2315 2377
2316 2335
2316 2331
2319 2361
2321 2343
2321 2333
2324 2360
2324 2373
2325 2349
2326 2336
2326 2333
2326 2331
2329 2348
2329 2334
2329 2341
2330 2356
2334 2344
2336 2348
2337 2385
2339 2345
2340 2352
2342 2354
2344 2350
2346 3108
2352 3105
2355 2364
2355 2370
2355 3573
2356 2366
2357 2378
2358 2382
2358 2389
2358 2387
2362 2374
2362 2379
2362 2954
2364 2390
2364 2384
2365 5499
2365 4664
2365 2813
2367 2790
2367 4682
2367 2375
2368 4675
2369 2393
2370 2390
2371 2388
2374 2374
2376 2380
2376 4848
2377 2397
2378 2394
2383 2390
2384 2407
2384 2402
2387 2389
2391 6430
2391 4848
2392 5494
2392 5499
2399 2405
2399 6211
2399 3577
2400 2893
2400 2408
2401 2402
2401 2403
2401 2408
2402 2406
2404 2405
2405 6211
2406 2408
2409 5597
2409 5509
2409 5599
2410 5597
2412 3789
2414 4321
2414 2418
2415 4317
2415 3739
2416 4324
2416 4323
2416 4322
2417 3721
2417 3722
2418 4228
2418 4464
2419 4228
2419 2438
2419 3262
2420 4485
2420 6386
2420 6253
2421 2422
2421 3744
2422 4652
2422 2427
2422 6384
2423 2424
2424 2429
2424 2427
2425 2430
2425 2426
2426 2428
2426 3721
2427 3724
2428 3095
2428 2440
2429 2431
2429 2432
2430 3736
2431 2434
2431 2435
2432 3724
2433 6462
2433 3737
2433 6193
2434 2435
2436 2437
2436 6192
2436 6360
2437 3726
2437 2610
2438 3161
2439 3728
2439 3729
2439 6196
2440 2443
2440 6463
2441 6354
2441 6356
2441 6357
2441 3731
2442 4651
2442 4649
2442 6247
2442 6246
2443 6351
2444 6353
2444 3732
2444 3730
2445 6245
2445 4090
2445 4091
2447 2457
2448 2453
2448 2456
2449 3028
2449 2450
2449 3023
2450 6254
2450 4087
2451 6364
2451 2453
2451 3733
2452 3025
2452 4062
2452 6235
2452 4089
2453 6197
2453 2456
2454 4087
2454 2455
2455 4283
2455 3851
2456 2460
2457 2462
2458 4086
2458 6186
2458 3850
2459 4093
2459 3238
2459 4092
2460 6197
2460 2745
2461 2620
2463 3559
2463 3560
2464 2466
2464 3564
2466 3564
2467 2774
2467 3564
2469 2471
2470 2479
2470 2473
2472 4726
2472 4727
2474 2475
2474 2477
2475 2476
2475 2477
2476 2484
2476 2481
2478 2481
2478 2479
2479 2604
2480 2487
2480 3281
2481 2482
2482 2604
2483 2604
2485 3281
2486 2491
2488 2492
2488 2494
2489 4280
2489 3581
2490 4280
2490 2500
2490 2498
2492 2494
2493 2493
2493 2499
2494 2495
2495 3578
2496 2497
2496 3580
2497 2983
2499 2502
2499 4075
2501 3582
2501 3579
2501 2503
2501 6270
2502 4075
2503 6228
2503 6227
2503 3119
2504 2505
2505 2507
2505 2506
2508 2509
2512 2521
2513 3719
2513 2818
2514 2517
2515 2521
2516 2517
2517 2519
2518 2520
2519 2520
2519 3187
2520 2523
2521 2527
2522 2523
2523 2525
2524 2526
2525 2526
2525 2529
2526 2527
2527 2528
2529 2530
2531 2754
2533 2536
2535 2536
2536 2538
2537 2818
2537 2540
2539 2989
2540 2819
2541 2542
2542 2543
2543 2547
2544 2546
2545 2546
2545 2549
2546 2548
2547 2548
2547 2550
2548 2550
2549 2551
2550 2552
2551 2557
2551 4506
2552 4506
2552 2554
2553 2556
2554 4505
2556 2557
2558 2559
2559 2560
2560 2561
2561 4505
2562 4840
2562 2563
2562 3181
2566 3119
2566 6227
2567 6228
2567 3119
2568 3120
2568 3596
2569 2570
2569 4013
2569 4014
2570 2571
2570 2572
2571 2573
2571 2572
2572 2992
2573 2575
2573 2574
2574 2991
2574 2575
2576 2992
2576 3345
2576 2991
2577 3089
2578 2973
2578 2579
2579 3089
2580 2582
2580 2581
2580 5003
2581 5004
2581 2583
2582 4523
2582 2585
2583 2586
2583 4995
2584 5000
2584 3091
2584 4999
2585 2586
2585 5000
2586 4994
2587 2588
2588 3364
2589 3364
2591 2592
2592 3020
2593 2594
2595 5290
2595 2599
2595 2600
2596 2597
2597 2598
2597 4407
2598 4406
2598 2602
2599 2600
2600 2601
2601 5279
2602 5206
2602 4405
2603 4908
2603 4201
2605 2608
2606 2607
2606 2773
2607 2608
2609 6360
2609 6194
2609 6361
2610 6196
2610 2611
2611 6361
2611 3728
2612 6245
2612 3723
2612 4651
2613 2615
2613 6181
2613 4083
2614 6267
2614 4415
2614 4480
2615 4418
2615 2616
2616 4083
2617 2619
2617 2618
2618 2620
2619 4084
2619 2620
2620 6189
2621 4733
2622 3056
2622 5175
2622 3059
2622 2624
2623 3059
2623 3056
2623 3058
2624 3054
2625 3057
2625 5174
2625 5175
2626 3981
2627 2628
2628 2630
2628 2629
2628 3981
2629 2631
2633 2744
2633 5759
2633 3817
2633 3818
2634 6184
2634 6186
2636 4072
2636 4073
2636 5724
2637 4137
2638 2647
2638 2704
2639 2724
2639 2764
2639 2721
2640 2733
2640 2725
2641 2732
2641 2736
2642 2738
2643 2658
2644 2677
2645 2646
2646 2686
2647 3168
2647 2695
2648 4396
2648 2725
2648 2764
2649 2654
2650 2652
2650 2651
2652 2656
2652 2653
2654 2661
2655 2662
2655 2658
2656 2657
2658 2661
2659 2660
2660 2664
2661 2666
2662 2665
2663 2664
2664 2672
2665 2666
2665 2667
2666 2675
2668 2988
2668 2987
2668 5121
2669 5121
2669 3274
2669 5122
2670 2672
2671 2675
2671 2676
2672 2677
2673 2674
2673 2988
2673 4921
2674 2987
2674 5118
2676 2679
2676 2681
2677 2680
2678 3774
2678 5118
2679 2683
2679 2684
2680 2685
2681 2683
2682 2763
2683 2687
2684 2687
2685 2689
2685 2690
2686 4306
2686 2716
2688 2692
2688 2702
2689 2697
2690 2692
2690 2696
2691 2763
2691 2699
2692 2696
2693 2694
2694 2702
2695 2700
2696 2697
2697 2701
2698 2700
2698 2763
2698 2699
2699 2703
2700 2704
2701 2716
2701 2841
2702 2703
2703 2707
2704 2705
2705 2706
2705 2713
2706 2764
2706 2712
2707 2709
2707 2711
2708 2710
2709 2717
2709 2710
2710 2713
2713 2721
2714 2718
2714 2765
2715 2719
2716 3778
2717 2719
2717 2723
2719 2720
2720 2721
2720 2726
2722 2723
2723 2730
2724 2728
2725 2736
2725 2741
2726 2727
2726 2730
2727 2728
2727 2731
2728 2734
2729 2732
2730 2731
2731 2734
2732 2742
2733 2735
2734 2735
2735 2737
2739 2740
2739 2842
2740 2845
2741 2765
2741 2742
2743 6131
2744 5764
2744 5768
2746 2875
2747 2749
2748 2749
2748 3706
2749 3706
2751 2753
2752 2753
2753 2754
2755 2756
2756 3181
2756 3182
2757 2759
2757 2758
2757 5104
2758 5105
2758 3061
2758 5107
2759 2760
2759 5112
2760 2762
2760 5113
2761 3061
2761 2762
2761 5109
2762 5108
2765 4396
2766 2768
2767 2768
2768 3500
2769 3197
2771 5684
2771 5643
2771 4267
2771 5681
2772 6223
2775 2776
2775 2777
2776 2778
2779 2780
2780 2812
2780 2781
2780 2784
2781 2783
2783 2784
2784 3959
2785 2786
2786 2788
2787 2788
2788 2792
2789 2792
2789 2790
2789 2793
2790 2823
2791 2794
2791 2824
2792 2824
2793 2824
2793 2823
2795 2796
2797 2799
2798 2804
2799 2801
2799 2800
2800 2801
2803 2804
2805 2808
2805 2807
2805 3968
2806 2816
2807 3022
2808 3975
2808 3022
2809 2810
2809 3212
2810 5562
2811 5542
2811 5562
2813 3571
2815 5609
2815 5540
2816 3565
2816 3977
2816 3975
2817 4311
2817 3741
2817 3742
2820 4877
2821 3922
2821 4875
2821 2822
2825 5917
2825 4698
2825 4696
2826 4883
2826 4693
2826 3272
2827 2964
2827 4691
2827 4690
2828 5852
2828 2829
2830 2831
2831 2833
2832 2965
2832 4889
2832 3273
2833 3680
2833 3679
2834 4888
2834 4889
2834 5813
2835 5813
2835 3682
2835 2836
2836 5806
2836 3682
2837 2838
2838 2840
2838 2839
2839 3238
2840 4731
2841 2842
2842 4191
2843 2844
2843 5344
2843 2845
2844 2846
2844 5343
2845 2847
2848 4217
2848 5959
2848 5985
2849 2852
2850 5267
2850 5197
2850 3010
2851 5267
2853 2854
2853 2858
2854 2856
2854 2859
2855 2857
2856 2860
2857 2858
2858 2859
2859 2860
2860 5289
2861 2862
2862 2863
2866 3438
2866 2867
2868 3441
2868 2869
2871 2872
2872 3374
2874 2875
2876 3616
2876 6135
2877 3123
2879 2880
2881 2883
2882 2883
2883 2884
2884 3175
2885 2886
2887 2890
2889 2891
2890 2891
2892 2893
2892 2894
2893 2895
2894 2897
2895 2897
2895 2896
2897 2898
2899 2900
2901 2902
2902 3909
2903 6146
2904 3936
2905 4571
2906 4612
2907 3170
2907 2982
2907 4844
2908 4623
2908 2909
2910 3335
2911 4015
2912 3337
2912 3335
2912 2914
2913 4016
2913 3341
2913 4017
2914 3344
2914 2915
2915 3341
2915 2918
2916 3343
2917 3343
2917 2919
2917 2918
2918 2920
2919 3345
2919 2920
2920 3353
2921 2924
2922 5010
2922 2926
2923 2924
2923 2926
2924 2925
2926 2927
2928 2929
2930 4385
2931 4134
2931 2932
2931 4564
2932 2932
2933 4162
2933 2934
2935 4753
2935 2939
2935 4756
2936 6222
2936 4752
2936 6175
2937 2938
2937 4752
2937 4757
2938 4754
2938 4759
2940 4953
2940 4951
2941 2942
2941 4953
2943 3245
2943 3626
2944 3625
2944 2945
2946 2947
2946 4762
2948 3617
2948 3614
2949 3617
2949 3156
2949 4291
2950 3337
2950 2951
2950 3332
2952 2953
2955 4803
2956 4635
2956 4634
2957 2960
2957 4634
2958 2959
2958 4629
2958 4632
2959 4633
2959 3563
2960 4633
2961 4689
2961 4690
2961 2962
2963 2965
2964 2965
2964 4689
2966 4888
2967 4179
2968 5053
2968 4602
2968 5047
2969 5049
2969 5024
2970 4621
2970 4557
2970 4558
2971 4557
2971 2972
2972 4625
2972 4628
2973 3312
2973 2974
2974 3313
2974 4522
2975 3322
2975 3321
2976 3926
2976 3924
2976 3929
2977 3932
2977 2978
2977 3930
2978 3928
2979 3919
2980 3939
2981 3939
2981 4306
2982 4785
2983 3153
2983 3593
2984 3231
2984 3228
2984 3229
2985 3230
2985 3232
2987 5122
2987 3774
2988 3169
2991 2992
2994 4969
2994 2995
2995 3086
2997 4117
2998 2999
2998 3001
2998 4529
2999 5375
3000 3001
3000 5379
3001 4530
3002 3088
3002 3809
3003 3004
3003 3685
3003 3808
3004 4342
3004 3005
3005 3809
3006 5237
3006 3007
3006 3277
3006 3798
3007 5245
3007 3279
3007 3797
3008 5204
3008 3801
3008 3009
3009 3845
3009 5195
3010 3845
3010 3276
3011 3015
3011 3013
3012 3014
3012 4105
3012 5166
3013 3016
3013 5273
3013 3014
3014 4232
3015 3016
3015 3054
3016 5170
3017 5418
3017 3841
3017 3621
3017 5420
3017 5421
3018 5550
3018 5549
3019 5548
3019 5549
3020 3021
3020 3565
3021 5539
3021 5540
3022 3565
3023 3029
3024 4062
3024 3025
3024 3027
3025 3026
3026 4092
3026 3029
3027 3028
3027 4090
3028 4091
3029 4093
3030 5732
3030 3031
3031 3032
3031 5716
3032 5752
3033 3034
3033 4228
3033 3262
3034 4226
3034 4320
3035 3036
3036 3262
3036 3038
3037 4414
3037 4227
3037 3038
3039 3040
3039 3041
3040 5738
3040 3041
3041 5744
3042 3048
3042 3046
3042 4257
3043 3826
3043 3044
3043 3048
3043 4254
3044 4264
3045 3046
3045 4246
3045 3826
3046 4258
3047 3823
3047 4866
3047 4863
3047 5712
3048 3958
3049 3826
3049 4262
3050 3265
3050 3053
3050 3266
3051 3052
3051 3265
3051 4856
3052 3815
3052 3053
3053 4270
3054 5170
3054 5167
3055 5420
3055 3991
3056 3057
3057 3058
3058 5173
3059 5172
3060 5173
3061 3166
3062 5107
3062 3166
3063 3065
3063 3067
3063 5134
3064 3776
3064 3065
3064 5141
3065 5140
3066 3067
3066 3776
3066 5131
3067 5135
3068 3069
3068 3070
3068 5015
3070 4393
3070 3071
3071 4394
3071 4393
3072 4133
3072 3074
3073 4921
3074 3075
3075 4925
3075 3077
3076 3077
3077 4924
3078 4220
3078 4896
3079 4899
3079 3083
3079 4900
3079 4925
3080 3081
3080 4898
3081 4936
3082 4220
3082 4904
3084 3271
3084 4892
3085 4299
3085 3271
3086 4302
3086 4789
3087 6198
3087 3088
3087 3810
3087 6271
3088 4356
3088 4353
3090 3094
3091 3093
3091 3094
3092 3094
3092 3314
3092 3093
3093 3322
3096 5226
3096 3848
3097 3847
3097 5215
3097 4022
3098 4972
3099 4978
3099 4975
3099 4190
3100 3101
3100 5524
3102 3103
3102 3108
3102 3107
3103 3104
3103 3105
3104 3105
3106 3107
3106 6483
3106 3108
3109 4837
3109 4838
3111 5584
3111 3112
3111 5595
3112 5569
3112 5533
3113 3114
3113 4100
3114 3116
3115 3116
3117 5532
3117 5582
3118 5582
3120 3594
3121 3122
3122 3491
3122 3124
3123 3124
3125 4881
3127 6250
3127 4650
3128 3129
3130 3543
3130 3131
3131 4497
3131 3133
3132 3134
3132 4496
3132 4498
3133 4496
3134 3799
3134 4497
3135 3138
3136 3137
3139 3142
3139 3899
3139 3140
3140 3142
3141 3142
3143 3145
3143 3914
3145 3629
3146 4174
3146 4173
3147 6274
3147 5454
3147 5432
3148 4687
3148 4684
3148 6161
3149 3150
3149 4174
3149 4244
3150 4646
3151 3567
3151 3249
3152 3622
3152 4687
3153 3153
3154 3593
3155 4176
3156 4293
3157 3158
3158 4289
3159 4289
3160 3161
3160 4286
3160 4648
3161 4486
3162 3163
3162 3164
3163 3164
3163 3167
3164 5104
3164 5105
3165 5113
3165 5112
3166 5107
3166 5109
3167 5126
3167 5127
3167 3937
3168 5123
3169 4920
3169 4921
3170 3927
3170 4511
3171 4904
3171 3172
3171 4903
3172 4197
3172 4930
3173 4768
3174 4768
3174 4504
3175 3176
3175 3754
3176 3177
3176 3756
3178 4978
3178 3179
3181 3746
3182 6318
3183 3717
3184 3709
3186 3714
3187 3716
3188 3189
3188 3699
3189 3698
3190 3700
3191 3192
3191 4501
3192 4502
3193 3701
3193 3704
3194 3708
3195 3706
3196 3206
3197 3198
3200 3201
3201 3202
3201 4178
3203 4178
3204 3205
3206 3908
3207 4041
3208 3209
3210 3211
3212 3213
3213 3214
3215 3216
3216 3217
3218 3609
3218 3221
3218 3219
3218 4764
3219 3613
3219 3610
3221 3224
3221 3223
3222 3225
3222 3226
3224 3227
3225 3619
3228 3229
3229 3230
3231 3232
3233 3620
3233 3849
3235 3852
3235 5483
3236 3237
3236 4736
3236 4734
3237 4416
3237 4738
3238 4737
3240 3242
3241 3244
3242 3244
3244 3245
3245 3246
3247 3914
3247 4551
3248 3249
3248 3250
3249 3251
3250 3253
3251 3254
3251 3252
3252 3253
3252 3254
3255 5069
3255 3660
3255 4624
3256 6421
3257 6335
3257 6331
3257 6336
3258 3259
3258 3261
3260 4309
3260 4310
3263 6332
3263 3833
3263 3832
3264 5698
3264 3268
3264 3832
3265 4855
3266 4270
3266 5639
3266 3267
3267 4270
3268 5701
3268 5699
3268 4068
3268 3833
3269 5162
3269 3782
3269 3783
3270 3783
3270 3787
3270 3781
3271 4891
3274 5127
3275 5156
3275 3780
3276 3802
3276 5207
3277 3278
3277 5236
3278 5241
3278 3797
3279 3798
3279 6147
3281 3576
3281 4280
3282 3284
3283 3284
3285 3286
3287 3288
3287 3289
3290 4986
3291 3293
3294 4011
3294 3295
3294 4010
3295 3297
3296 3298
3297 4010
3299 3301
3299 4213
3299 3300
3301 3303
3301 3306
3302 4203
3302 3304
3302 4202
3303 3800
3303 3306
3304 4375
3304 3305
3305 3307
3305 3800
3306 3308
3307 3309
3307 4375
3308 3800
3309 3310
3309 4242
3311 4242
3312 3313
3312 3314
3313 4522
3313 3314
3315 3319
3316 3319
3317 3320
3318 3894
3319 3321
3322 4522
3322 4998
3323 3324
3327 3328
3328 3329
3330 4566
3330 3331
3331 3367
3333 3335
3334 3340
3336 3341
3337 3338
3338 3339
3338 4372
3340 4015
3340 4016
3342 3343
3344 3344
3345 3347
3346 3349
3347 3351
3347 3348
3349 3352
3349 3350
3354 5010
3354 5007
3354 3356
3357 3358
3358 3359
3361 3364
3362 3363
3366 3367
3368 3369
3370 4224
3372 3373
3376 3377
3382 3386
3383 3385
3384 3390
3386 3387
3386 3390
3388 3391
3392 3394
3393 3395
3395 3399
3396 3400
3397 3398
3398 3402
3398 3400
3400 3401
3403 3404
3404 3406
3405 3407
3406 3408
3407 3409
3407 3408
3414 3416
3415 3424
3416 3418
3418 3419
3419 3419
3420 3421
3420 4807
3422 3426
3422 3425
3423 3425
3425 3427
3427 3433
3428 4807
3429 3430
3430 4807
3431 3432
3438 4808
3439 4808
3440 3441
3441 4107
3442 3443
3443 3449
3444 3448
3445 3446
3447 3448
3449 3452
3450 3451
3451 3458
3453 3454
3453 3455
3458 3459
3458 3469
3459 3465
3459 3464
3462 3467
3462 3463
3463 3464
3464 3465
3465 3468
3466 3468
3468 3469
3470 3471
3471 3472
3473 6503
3474 3478
3477 6503
3479 3480
3479 3481
3480 3481
3481 3484
3482 3487
3483 3486
3484 3493
3489 3492
3490 3492
3498 3499
3503 3505
3503 3506
3506 3508
3507 3509
3508 3510
3513 3514
3513 3515
3514 3517
3515 3516
3515 3517
3519 3520
3520 3521
3523 3524
3525 3528
3526 3527
3529 3531
3532 3533
3534 4377
3535 3537
3536 3542
3538 3794
3538 3543
3538 3539
3544 3545
3546 3794
3547 3548
3547 4499
3547 3549
3548 3550
3559 3561
3560 3561
3561 3562
3566 3567
3567 4074
3569 5522
3569 3572
3570 3571
3570 3573
3571 4676
3572 4676
3574 3575
3578 6270
3579 3582
3579 4075
3582 6227
3583 3585
3583 6324
3584 3592
3584 4411
3585 3586
3586 3586
3587 6228
3587 6229
3588 3589
3589 6222
3589 6224
3589 3590
3590 6224
3591 6215
3591 6216
3592 4410
3594 6214
3594 3596
3595 4409
3597 6224
3598 4410
3598 3600
3599 3600
3601 3602
3601 4410
3602 3603
3603 3604
3607 3610
3609 3610
3609 6490
3611 3614
3612 3615
3616 4277
3617 3618
3620 5419
3621 5432
3621 5419
3625 3627
3628 4569
3628 3630
3629 3914
3630 3632
3630 3631
3631 4568
3631 4569
3632 3633
3632 4537
3633 4412
3633 4592
3634 5082
3634 4561
3634 4616
3635 3636
3636 4558
3637 4574
3637 3638
3637 3639
3638 5026
3638 3640
3639 4550
3639 3640
3640 3641
3641 4579
3641 3643
3642 3645
3642 3644
3643 4550
3643 4578
3644 5075
3644 3645
3646 3647
3647 3648
3647 3649
3648 4606
3648 4605
3649 4549
3649 4578
3650 5101
3650 5069
3651 4549
3651 4581
3651 3653
3652 3656
3652 3659
3652 5101
3653 3657
3653 3654
3654 3657
3654 3655
3656 5068
3656 3659
3657 3665
3658 4581
3658 4624
3658 3660
3660 3661
3661 3662
3661 5068
3662 3663
3662 3664
3663 3669
3663 3666
3664 3666
3664 3667
3666 3668
3667 3668
3667 3669
3668 3669
3672 3673
3674 5306
3674 3676
3675 5297
3676 5297
3676 5301
3677 5299
3677 5301
3678 5300
3678 5299
3679 3680
3680 3682
3681 5855
3683 5806
3683 4241
3684 4336
3685 3686
3686 4339
3686 4340
3686 3691
3687 3689
3687 5813
3687 3688
3688 3690
3689 3692
3689 3690
3691 4342
3692 3693
3694 4881
3694 3933
3696 3697
3698 3698
3701 3702
3703 3705
3712 3718
3720 4314
3720 6257
3720 4485
3721 3725
3722 6463
3723 6257
3723 6242
3726 3727
3726 3738
3727 3727
3728 6196
3728 6363
3729 6362
3730 6353
3730 6362
3731 6355
3732 6354
3732 3733
3733 6355
3734 4283
3735 3738
3735 4283
3736 3737
3736 6462
3737 6351
3737 6359
3740 4282
3740 4095
3740 4281
3741 3742
3743 3745
3745 6386
3745 6384
3747 3749
3749 4436
3752 3753
3753 3754
3753 3755
3757 3759
3758 3761
3758 3762
3759 3765
3763 3767
3764 3766
3769 4789
3769 6428
3770 3770
3770 3771
3774 5116
3774 5118
3775 5131
3775 4393
3775 5132
3776 5132
3777 5141
3777 5137
3777 5140
3779 5159
3779 3781
3780 3782
3781 3783
3782 5163
3785 5277
3785 5281
3785 5137
3786 3787
3787 5283
3788 4034
3789 3790
3789 4658
3790 4078
3790 4071
3790 4064
3791 4064
3791 4071
3791 4841
3792 4361
3792 4329
3793 3794
3795 3796
3797 5244
3798 5238
3801 4022
3801 3846
3802 3846
3802 5201
3803 4222
3803 4892
3804 4327
3804 4339
3805 4350
3805 6199
3805 6202
3806 4332
3806 3807
3807 3808
3808 3809
3809 3810
3810 3811
3811 6271
3811 4348
3811 6344
3812 5467
3812 5476
3812 4670
3813 3881
3813 6312
3814 3888
3814 5630
3814 4533
3814 6312
3815 3830
3815 4269
3816 5780
3816 4258
3817 5763
3817 5757
3817 3818
3818 3819
3818 5744
3819 5743
3819 5742
3819 3820
3820 5747
3820 5748
3821 5754
3821 5755
3821 4023
3822 4871
3822 4867
3822 5772
3823 5718
3823 4867
3823 4862
3824 5765
3824 3825
3824 6289
3824 3891
3825 4256
3825 3892
3826 4261
3827 4265
3827 4264
3828 4859
3828 4254
3828 4255
3829 3872
3829 3873
3829 3830
3830 4233
3830 4272
3830 3886
3831 4229
3832 3833
3832 5697
3833 5701
3834 5414
3834 3836
3834 5409
3835 3836
3835 5411
3835 5412
3836 5405
3837 5465
3837 5483
3837 5463
3837 5480
3838 5486
3838 5485
3839 3844
3839 3843
3839 5405
3840 5425
3841 5430
3841 5433
3841 5422
3842 5421
3842 5422
3842 3843
3842 3844
3843 5170
3844 5404
3845 5196
3845 3846
3846 5200
3847 5214
3847 5199
3848 5223
3848 5221
3848 5288
3849 3991
3849 5418
3850 3851
3850 6187
3850 6493
3851 6188
3851 4085
3852 5483
3852 5452
3852 5480
3853 3868
3854 3857
3855 3860
3856 5662
3856 3858
3856 3864
3856 3861
3857 3858
3857 3866
3857 5611
3858 3865
3859 3862
3859 3860
3859 3868
3860 5662
3860 3863
3861 5614
3862 3867
3862 3863
3863 3864
3864 3865
3865 3866
3866 3867
3867 3868
3868 5615
3869 4276
3869 5708
3869 4674
3870 4535
3870 3876
3870 3889
3871 4667
3871 4276
3871 3887
3872 5703
3872 3873
3872 4102
3873 5694
3874 5690
3874 5709
3874 5698
3875 3876
3875 3889
3875 5632
3876 4671
3877 3878
3877 4070
3877 3887
3878 3879
3878 3887
3878 4668
3879 3880
3879 3882
3880 4070
3880 3883
3881 4534
3881 5627
3882 5627
3883 5437
3884 5436
3884 4068
3885 3886
3886 4273
3888 5631
3888 4269
3889 5631
3890 6296
3890 5777
3891 6289
3891 6290
3891 5763
3892 6288
3892 3893
3893 6288
3893 6289
3894 4214
3895 3896
3896 4850
3896 4851
3897 4850
3898 5397
3898 4851
3898 4659
3900 3901
3900 3905
3900 3906
3901 3906
3901 3904
3901 3905
3901 3902
3902 3904
3902 3905
3903 3904
3906 6117
3907 6117
3908 3956
3909 6322
3909 6340
3910 3911
3911 4553
3912 3913
3912 4553
3913 4552
3913 6323
3915 3918
3915 3916
3916 3917
3917 3921
3919 3920
3920 4873
3922 3924
3922 3923
3923 4875
3923 4879
3925 3926
3927 3928
3928 5102
3929 3931
3929 5102
3930 3932
3930 3931
3931 3932
3933 3934
3934 3936
3935 4198
3935 3936
3936 4881
3938 5013
3938 5014
3938 4515
3938 5015
3940 3943
3940 3941
3940 5326
3941 3943
3941 5324
3942 4333
3942 5321
3942 5320
3943 5321
3944 5326
3944 5310
3944 5329
3945 5251
3945 5241
3946 4688
3946 5251
3947 5250
3947 4688
3947 3948
3948 3948
3950 3954
3950 3951
3951 3954
3952 3956
3952 3955
3957 6279
3957 6479
3957 6464
3958 4255
3958 6279
3958 4256
3960 3961
3961 3965
3961 3963
3962 3964
3963 3964
3963 3966
3964 3976
3966 3967
3966 3977
3967 3972
3967 3976
3968 3969
3968 4160
3969 3971
3969 3970
3970 3976
3970 3971
3971 3973
3972 3977
3972 3974
3973 3975
3973 3974
3974 3976
3978 3979
3979 5738
3980 3981
3983 3984
3984 3986
3985 3986
3987 3988
3989 4849
3989 3990
3990 5397
3990 5398
3991 5423
3991 5416
3992 5785
3993 5722
3993 5788
3993 5785
3994 5788
3994 5786
3994 6388
3995 5786
3996 3998
3997 3998
3998 6020
4000 5336
4001 4044
4001 4528
4002 4003
4002 4006
4002 4983
4003 4526
4003 4004
4004 4061
4004 4527
4005 4988
4005 4007
4005 4061
4006 4982
4006 4007
4007 4987
4008 4058
4008 4981
4008 4982
4009 4060
4009 4018
4009 4058
4010 4059
4011 4983
4011 4058
4012 4014
4013 4526
4013 4223
4014 4528
4015 4017
4016 4017
4019 4451
4020 4327
4021 4349
4022 5199
4022 5200
4023 5710
4023 5715
4023 4871
4024 4043
4024 4041
4024 4045
4026 4027
4028 4030
4028 4032
4029 4033
4030 4033
4030 4031
4031 4032
4031 4033
4035 4039
4035 4036
4035 4392
4036 4040
4036 4199
4036 4882
4037 4882
4038 4039
4039 4772
4041 4042
4044 4045
4045 4046
4047 4443
4047 4444
4048 4444
4052 4053
4054 4055
4056 4057
4059 4060
4062 6236
4062 4483
4063 4089
4063 6269
4063 4480
4063 4483
4064 4065
4065 4066
4066 5407
4067 5407
4067 4068
4067 5411
4067 5701
4068 5439
4069 5436
4069 5439
4069 5437
4069 4070
4071 4081
4072 4137
4072 5725
4073 5719
4076 4077
4079 4656
4079 4080
4079 4081
4081 4082
4083 6180
4084 6190
4085 6183
4085 4086
4085 4418
4086 4419
4086 6182
4087 4088
4089 6265
4089 4415
4090 6238
4090 4091
4091 6237
4092 6240
4092 4093
4093 6239
4094 4282
4095 6253
4096 4099
4096 4098
4096 4097
4097 4099
4097 4098
4098 5608
4098 4099
4100 5608
4100 5572
4101 4103
4101 4102
4103 6295
4105 5153
4107 4108
4110 4111
4110 4370
4111 5391
4112 5390
4113 4114
4113 4529
4113 4118
4114 4117
4115 4493
4115 6452
4115 6453
4116 4296
4116 4298
4117 4118
4118 4530
4119 4499
4120 4121
4123 4124
4125 4475
4125 4126
4126 4475
4127 4128
4127 4129
4128 4130
4130 6120
4130 4467
4131 6120
4132 4133
4135 4136
4136 4564
4137 5726
4138 4175
4138 4139
4138 4140
4139 5727
4139 4140
4140 4141
4141 5728
4141 4142
4142 5729
4145 4802
4146 4147
4148 4800
4149 4800
4150 4151
4151 4800
4152 4153
4154 4156
4155 4156
4157 4158
4160 4161
4161 4163
4161 4172
4162 4167
4162 4163
4163 4169
4164 4166
4165 4168
4166 4168
4166 4167
4167 6174
4168 4169
4169 4170
4171 4244
4172 4244
4173 4174
4174 4175
4175 4646
4177 4681
4179 5047
4179 4575
4180 4181
4182 4183
4183 4185
4184 4185
4185 4188
4186 4188
4187 4188
4191 4195
4191 4193
4192 4193
4193 4194
4196 4930
4197 4901
4197 4928
4198 4942
4199 4927
4200 4914
4201 4918
4202 4203
4204 4205
4204 4206
4205 4207
4206 4207
4206 4209
4207 4208
4208 4209
4208 4211
4209 4210
4210 4211
4210 4213
4211 4212
4212 4213
4216 4218
4216 4217
4217 4219
4218 6001
4218 4219
4220 4903
4221 4222
4224 4225
4226 4414
4229 5688
4229 5703
4230 5274
4230 5176
4230 5182
4231 5273
4231 5181
4231 5275
4231 5274
4232 5275
4232 5177
4232 5180
4234 6002
4235 4237
4235 4470
4235 4238
4236 6119
4237 4477
4237 4476
4238 4465
4238 4239
4238 4471
4239 4478
4239 4472
4240 5987
4240 5988
4240 4478
4241 6052
4242 4243
4245 4258
4245 4246
4245 5780
4246 5780
4246 4260
4248 4249
4249 4250
4251 4252
4252 4253
4252 4262
4253 4259
4253 4862
4253 4261
4254 4264
4254 4255
4255 5633
4256 4257
4256 5634
4257 4258
4257 5765
4259 4260
4259 4861
4260 4261
4261 4262
4262 4263
4264 6284
4266 5640
4267 5640
4267 6285
4268 6281
4268 4269
4268 5632
4269 4270
4271 5639
4273 4859
4273 6280
4274 6282
4274 4275
4274 4856
4274 6284
4275 6287
4275 4855
4276 4671
4278 4279
4284 4464
4284 4314
4285 4648
4285 4464
4285 4487
4286 4487
4286 4648
4287 4288
4287 5016
4290 4291
4292 4293
4293 4294
4297 4298
4299 4301
4299 4300
4300 4774
4300 4301
4302 4789
4302 4885
4303 4885
4304 4305
4308 4309
4311 4312
4311 4313
4312 4313
4313 4316
4314 4315
4315 4316
4315 4484
4316 4484
4318 4319
4320 4321
4325 4326
4326 6099
4326 4328
4327 4328
4328 4338
4329 6146
4329 4330
4330 4331
4330 5246
4331 5247
4331 5248
4332 4333
4332 5245
4332 5248
4333 4334
4333 5323
4334 5321
4334 5324
4335 4336
4335 5333
4335 5331
4336 5327
4336 4337
4337 4338
4337 5336
4338 4339
4340 4341
4341 4342
4342 4345
4343 6209
4343 6204
4343 4531
4344 4346
4344 4345
4345 4346
4346 4347
4347 6344
4347 4666
4348 6344
4348 4349
4350 6271
4350 6199
4351 6199
4351 6204
4351 4352
4352 4353
4352 6198
4353 4355
4354 4360
4354 4355
4354 4356
4354 4357
4355 4356
4356 4357
4357 4359
4358 4359
4358 4360
4358 4361
4359 4360
4362 5895
4366 4367
4369 6505
4376 4377
4379 4381
4380 4381
4383 6423
4383 4386
4384 4386
4385 5382
4385 5383
4385 6426
4388 4942
4388 4939
4389 4391
4391 4392
4391 4510
4392 4509
4397 4398
4398 4399
4398 4402
4400 4404
4401 4403
4402 4403
4402 5256
4403 4404
4405 5256
4412 4568
4412 5091
4415 6268
4416 4737
4416 4417
4417 4738
4417 4737
4418 4419
4420 4459
4420 4422
4420 4460
4421 4422
4423 4431
4423 4430
4424 4425
4425 4434
4425 4433
4426 4432
4426 4427
4426 4434
4427 4428
4427 4435
4428 4430
4428 4432
4429 4430
4431 4435
4432 4434
4436 4441
4436 4438
4437 4438
4438 4439
4439 4447
4440 4452
4440 4443
4441 4442
4442 4445
4443 4445
4444 4445
4445 4446
4446 4449
4447 4449
4447 4448
4448 4450
4448 4451
4449 4451
4450 4454
4450 4457
4452 4455
4453 4454
4453 4455
4453 4456
4456 4459
4457 4460
4458 4459
4460 4504
4461 4462
4466 4468
4466 4467
4468 4469
4469 4474
4469 6119
4470 6002
4470 4478
4473 4474
4474 4477
4475 4476
4476 4477
4479 4739
4479 6260
4480 4481
4481 4482
4481 6260
4482 6261
4483 6261
4484 4485
4486 4489
4486 4490
4487 4489
4488 4489
4492 4493
4493 6455
4495 6122
4496 4500
4496 4497
4499 4500
4505 4506
4507 4898
4507 4899
4510 4510
4511 4843
4511 4842
4512 4516
4513 5013
4513 4514
4513 4515
4514 4515
4514 4517
4516 4517
4518 4519
4519 6135
4520 4521
4523 4999
4523 4998
4526 4527
4527 4528
4529 4530
4529 5377
4530 5378
4531 6202
4531 6422
4531 6207
4532 5606
4532 5458
4532 5601
4533 6311
4533 5635
4534 5628
4534 5629
4535 4667
4535 4668
4536 4538
4536 4539
4537 6142
4537 4538
4538 4539
4539 4540
4540 4541
4540 4542
4541 4542
4542 4543
4543 4544
4543 5018
4545 5019
4545 5018
4545 4599
4546 4548
4547 4548
4548 4549
4550 5023
4551 4552
4554 4555
4555 4556
4556 4594
4557 4582
4558 5028
4559 4560
4560 5080
4560 4561
4561 5085
4561 5079
4563 4564
4565 4566
4568 5088
4570 4571
4573 5022
4574 5022
4576 5046
4577 5059
4577 5057
4577 5046
4578 4579
4579 4625
4580 4581
4582 5028
4582 5027
4583 4586
4583 4585
4584 4607
4584 4585
4587 5039
4591 5091
4592 4593
4594 5064
4594 4595
4596 4597
4598 4599
4599 5096
4600 4601
4601 5048
4601 4603
4602 5048
4604 5024
4607 4608
4608 4609
4608 4610
4611 4612
4611 4613
4611 4615
4613 4614
4617 5023
4618 4619
4620 4621
4621 5075
4624 4627
4625 4627
4626 4628
4627 4628
4629 4631
4629 4633
4630 4631
4631 4635
4634 4635
4636 5573
4636 5557
4636 5569
4637 4639
4638 4639
4639 4645
4640 4641
4641 4645
4641 5557
4642 4643
4643 4645
4643 4644
4646 4647
4649 6250
4649 4739
4650 6248
4651 6248
4652 6233
4653 5437
4654 6347
4654 4660
4655 5442
4655 6348
4655 6345
4656 4841
4656 4658
4657 4659
4658 4659
4660 5626
4660 5435
4661 5443
4661 5429
4662 5626
4662 5443
4662 4663
4665 4675
4666 6344
4667 4671
4667 4668
4668 5631
4669 5466
4670 5466
4670 5479
4671 5702
4672 4673
4672 4674
4677 4678
4678 4679
4680 4681
4682 4683
4684 6163
4684 4685
4685 6161
4685 4686
4686 6166
4686 6170
4686 6167
4687 6161
4689 4690
4691 4883
4691 4692
4693 5912
4693 5851
4694 5851
4695 5914
4695 5916
4697 4699
4697 5916
4697 4700
4698 4700
4698 4699
4699 4700
4701 5888
4701 4705
4702 4704
4702 5874
4702 4705
4703 5888
4703 5997
4703 5996
4704 5892
4704 4706
4705 4706
4706 5996
4707 4710
4708 4710
4709 5862
4709 5861
4710 6109
4711 6006
4711 4712
4713 5993
4713 5987
4714 6102
4714 5976
4714 4716
4715 5927
4715 5977
4715 5975
4716 6102
4716 5915
4717 5822
4717 4724
4718 4719
4718 4723
4719 4722
4719 6050
4720 5821
4720 4722
4721 6050
4723 4724
4724 6015
4725 6015
4726 4727
4728 4729
4730 4731
4732 4733
4735 4736
4736 6267
4736 4738
4738 6268
4739 4740
4740 4740
4741 6493
4741 4742
4743 4744
4745 4746
4746 4750
4746 4748
4747 4748
4748 4749
4749 4750
4749 4751
4750 4751
4752 4753
4753 4754
4754 4755
4758 4759
4760 4761
4762 4763
4765 4766
4766 4767
4768 6153
4769 4771
4770 4963
4770 4771
4772 4955
4772 4773
4775 4786
4775 4776
4777 4784
4778 4784
4779 4781
4780 4781
4781 4783
4782 4783
4783 4784
4785 4786
4787 4788
4789 4948
4790 5799
4790 5797
4792 4794
4792 4797
4793 4798
4794 4795
4795 4796
4795 4799
4797 4798
4797 4799
4798 4799
4801 4802
4803 4804
4805 4806
4809 4810
4811 4812
4814 4820
4814 4818
4814 4819
4815 4816
4815 4819
4815 4817
4818 4819
4820 4821
4823 4824
4825 4826
4826 4828
4827 4828
4830 4831
4833 4834
4836 4838
4836 4837
4839 4840
4841 5402
4845 4846
4847 4848
4850 4851
4850 5156
4851 4852
4852 4852
4853 4856
4854 4855
4855 4856
4857 4859
4858 4859
4860 4863
4861 4862
4861 5779
4862 4863
4864 4866
4864 5712
4864 5713
4865 4867
4865 5717
4865 5773
4866 4867
4868 4870
4868 5713
4868 5760
4869 4871
4869 5778
4870 4871
4872 5307
4872 5302
4872 5303
4873 4874
4875 4876
4877 4878
4878 4879
4879 4880
4882 4936
4883 4884
4885 4947
4885 4969
4886 4889
4887 4888
4888 4889
4890 4891
4890 4946
4890 4945
4891 4892
4891 4895
4892 4944
4893 4896
4893 4933
4893 4902
4894 4895
4894 4934
4894 4936
4895 4896
4897 4898
4897 4935
4897 4936
4899 4937
4900 4924
4900 4901
4901 4904
4902 4903
4902 4929
4903 4904
4905 4908
4905 4915
4905 4966
4906 4907
4906 4911
4906 4938
4907 4908
4909 4910
4909 4939
4909 4912
4910 4911
4912 4914
4912 4940
4912 4926
4913 4914
4913 4965
4915 4918
4915 4941
4916 4917
4917 4918
4919 4921
4919 6120
4919 5150
4920 5152
4920 5151
4922 4924
4922 5148
4922 5149
4923 4925
4923 5147
4923 5154
4924 4925
4926 4927
4926 4942
4927 4943
4928 4930
4928 4932
4929 4930
4929 4931
4949 4951
4949 4959
4949 4958
4950 4951
4950 4952
4950 4960
4952 4953
4952 4961
4953 4963
4954 4955
4954 4956
4954 4962
4955 4957
4962 4963
4962 4964
4967 4969
4968 4969
4970 4972
4971 4972
4973 4975
4974 4975
4976 4978
4977 4978
4979 4983
4980 4981
4981 4982
4981 4986
4982 4983
4984 4986
4985 4988
4986 4987
4987 4988
4989 4991
4990 4991
4992 4995
4993 4994
4994 4995
4996 5000
4997 4998
4998 4999
4999 5000
5001 5004
5002 5003
5003 5004
5005 5007
5006 5007
5008 5010
5009 5010
5011 5012
5011 5015
5011 5013
5014 5014
5017 5019
5018 5096
5018 5019
5020 5024
5021 5023
5022 5023
5022 5024
5025 5026
5025 5028
5025 5032
5026 5086
5029 5031
5030 5031
5031 5032
5032 5033
5034 5038
5035 5039
5035 5036
5036 5038
5037 5038
5040 5050
5041 5042
5041 5061
5041 5062
5042 5046
5042 5059
5043 5044
5043 5046
5043 5057
5044 5055
5044 5051
5045 5049
5047 5048
5047 5051
5048 5049
5050 5066
5050 6142
5051 5053
5052 5053
5053 5055
5054 5055
5055 5057
5056 5057
5058 5059
5059 5061
5060 5061
5061 5064
5062 5064
5062 5066
5063 5064
5065 5066
5067 5069
5068 5070
5068 5069
5071 5072
5072 5075
5072 5073
5074 5075
5074 5077
5074 5076
5078 5079
5079 5085
5080 5082
5080 5083
5081 5082
5084 5085
5087 5088
5088 5089
5089 5090
5089 5091
5091 5097
5092 5093
5092 5098
5092 5095
5094 5095
5095 5096
5098 5099
5098 5100
5103 5105
5103 5129
5103 5106
5104 5105
5104 5111
5106 5107
5106 5133
5108 5109
5108 5110
5110 5113
5110 5114
5111 5112
5111 5115
5112 5113
5114 5128
5115 5126
5116 5119
5116 5123
5117 5118
5117 5146
5117 5145
5119 5122
5119 5124
5120 5121
5120 5127
5120 5125
5121 5122
5126 5127
5130 5132
5130 5139
5130 5144
5131 5132
5131 5133
5133 5135
5134 5135
5134 5138
5136 5137
5136 5143
5136 5278
5137 5139
5138 5140
5138 5143
5139 5141
5140 5141
5153 5166
5153 5164
5153 5163
5155 5156
5155 5257
5155 5161
5156 5157
5157 5159
5157 5258
5158 5159
5158 5260
5158 5259
5160 5162
5160 5276
5160 5165
5161 5163
5161 5164
5162 5166
5162 5163
5164 5168
5165 5166
5165 5177
5167 5263
5167 5175
5168 5169
5168 5398
5169 5170
5171 5173
5171 5174
5171 5261
5172 5173
5172 5270
5174 5262
5176 5178
5176 5265
5177 5179
5178 5182
5178 5266
5179 5180
5179 5185
5180 5272
5180 5186
5181 5183
5181 5272
5181 5271
5182 5271
5183 5187
5183 5272
5183 5271
5184 5188
5184 5190
5184 5189
5185 5186
5185 5194
5186 5187
5186 5195
5187 5188
5187 5196
5189 5266
5190 5191
5191 5192
5192 5193
5193 5197
5193 5267
5194 5195
5194 5202
5195 5196
5196 5197
5198 5201
5198 5208
5198 5207
5199 5203
5200 5201
5200 5211
5202 5204
5202 5206
5203 5204
5203 5205
5204 5206
5205 5206
5205 5256
5207 5267
5208 5209
5209 5210
5210 5212
5211 5218
5211 5215
5211 5213
5212 5213
5212 5268
5214 5215
5214 5219
5215 5220
5216 5217
5216 5284
5216 5268
5217 5218
5218 5227
5218 5220
5219 5220
5219 5221
5222 5229
5222 5284
5223 5225
5223 5285
5224 5228
5224 5231
5224 5229
5225 5226
5225 5230
5226 5227
5227 5237
5227 5228
5230 5235
5231 5232
5232 5233
5233 5269
5234 5238
5234 6148
5234 5269
5235 5236
5235 5239
5236 5237
5237 5238
5239 5241
5239 5255
5240 5241
5240 5251
5240 5249
5242 5243
5242 6148
5242 6151
5243 6147
5243 5245
5243 6149
5244 5320
5244 5245
5244 5249
5246 5247
5246 6151
5247 6149
5247 5248
5249 5319
5250 5253
5250 5298
5251 5253
5252 5254
5252 5255
5252 5291
5253 5254
5255 5339
5263 5265
5263 5264
5273 5275
5273 5274
5276 5283
5276 5279
5277 5278
5277 5279
5278 5290
5280 5290
5282 5283
5285 5286
5285 5288
5287 5289
5288 5289
5291 5292
5291 5342
5292 5341
5292 5293
5293 5300
5293 5294
5294 5297
5294 5295
5296 5297
5296 5304
5296 5308
5298 5299
5298 5309
5299 5300
5300 5301
5302 5303
5303 5306
5304 5306
5304 5307
5305 5306
5305 5315
5305 5310
5307 5312
5309 5310
5309 5316
5311 5315
5312 5314
5313 5314
5313 5877
5313 6086
5317 5342
5318 5320
5319 5320
5319 5321
5322 6422
5323 5324
5323 5332
5324 5333
5325 5326
5326 5330
5327 5331
5328 5331
5328 5330
5328 5333
5329 5330
5330 5331
5332 5333
5334 5335
5335 5336
5337 5339
5338 5339
5338 5340
5338 5342
5341 5342
5343 5344
5343 5350
5346 5349
5346 5347
5348 5349
5348 5348
5352 5353
5357 5358
5359 5360
5359 5361
5362 5370
5362 5363
5362 5381
5364 5367
5365 5371
5366 5371
5366 5367
5368 6210
5368 5369
5369 5370
5369 5372
5371 5372
5373 5376
5373 5390
5373 5384
5374 5375
5374 5377
5374 5392
5375 5376
5377 5393
5378 5379
5378 5394
5379 5380
5380 5382
5381 5383
5381 5385
5382 5395
5384 5386
5384 5391
5385 5387
5385 5396
5386 5387
5388 5391
5389 5390
5390 5391
5397 5400
5398 5399
5400 5401
5400 5402
5402 5403
5403 5406
5403 5410
5404 5415
5404 5425
5404 5426
5405 5415
5405 5406
5407 5410
5408 5413
5408 5625
5408 5427
5409 5412
5409 5413
5410 5411
5411 5412
5414 5415
5414 5425
5416 5418
5416 5420
5417 5419
5417 5453
5417 6307
5418 5419
5420 5421
5421 5422
5422 5426
5424 5425
5424 5430
5424 5426
5427 5429
5427 5443
5428 5441
5428 5430
5428 5429
5431 5432
5431 6307
5431 5454
5432 5433
5433 5448
5433 5441
5434 5518
5434 5517
5434 5520
5435 5625
5435 5624
5436 5437
5437 5628
5438 5513
5439 5699
5440 5449
5440 5482
5440 5481
5441 5449
5442 5451
5442 6347
5443 6345
5444 6310
5444 5482
5444 5456
5445 6310
5445 5451
5445 6315
5446 5455
5446 5452
5446 5447
5447 5448
5447 5480
5448 5481
5448 5449
5449 5450
5450 6310
5450 5482
5452 5480
5454 6172
5454 6276
5455 6276
5456 5478
5456 5457
5457 5474
5458 5469
5458 6391
5459 5473
5459 5467
5459 6410
5460 5464
5460 5477
5460 5484
5461 5465
5461 5463
5461 5485
5462 5465
5462 5483
5462 5487
5463 5464
5463 5485
5464 5486
5466 5477
5466 5468
5467 5468
5467 5504
5468 5502
5469 5472
5469 6413
5470 5471
5470 5470
5471 5472
5472 5476
5473 6413
5473 5476
5474 5475
5474 6315
5475 5476
5477 5479
5478 5479
5480 5481
5484 5486
5484 5491
5485 5486
5487 5488
5488 5489
5489 5492
5490 5511
5490 5495
5490 5496
5490 5583
5491 5511
5491 5502
5492 5493
5492 6350
5493 5498
5494 5498
5494 5495
5496 5501
5496 5527
5497 5510
5497 5534
5497 5500
5498 5499
5499 5500
5501 5510
5502 5504
5503 5504
5503 6410
5503 5508
5505 5506
5505 5507
5505 5594
5506 5583
5507 5509
5507 5588
5508 5509
5508 5597
5512 5570
5513 5517
5513 5516
5514 5516
5514 5515
5515 5629
5516 5521
5517 5521
5518 5624
5518 5519
5519 5520
5519 5624
5520 5521
5523 5524
5524 5526
5525 5529
5525 5530
5525 5554
5526 5528
5526 5529
5527 5528
5527 5531
5530 5533
5530 5567
5531 5532
5531 5583
5532 5581
5533 5566
5534 5535
5535 5558
5536 5558
5536 5552
5537 5552
5537 5561
5538 5539
5538 5540
5538 5545
5538 5607
5539 5546
5539 5542
5540 5610
5541 5542
5541 5563
5541 5562
5543 5550
5543 5561
5543 5562
5544 5549
5544 5550
5544 5551
5545 5546
5545 5564
5545 5607
5546 5551
5547 5548
5547 5554
5547 5564
5548 5555
5548 5549
5552 5553
5553 5555
5554 5555
5556 5571
5556 5573
5556 5557
5557 5567
5558 5560
5559 5560
5564 5609
5565 5568
5565 5573
5565 5574
5566 5581
5566 5593
5567 5569
5568 5569
5568 5578
5570 5572
5570 5602
5571 5572
5571 6398
5574 5576
5574 5577
5575 5576
5575 5579
5576 5580
5577 5580
5577 5578
5578 5584
5579 5580
5581 5582
5582 5593
5584 5589
5585 5587
5585 5590
5585 5588
5586 5587
5586 5591
5586 5603
5587 5592
5588 5599
5589 5594
5589 5590
5590 5592
5591 5592
5591 5616
5593 5595
5594 5595
5596 5598
5596 5601
5596 6391
5597 5598
5598 5599
5600 5601
5600 5604
5600 5606
5603 5605
5603 5618
5604 5605
5604 5619
5605 5620
5606 5635
5607 5609
5608 6395
5608 5609
5611 5615
5611 5613
5612 5613
5612 5616
5612 5618
5613 5617
5614 5621
5614 5665
5615 5617
5616 5617
5618 5620
5619 5620
5619 5623
5621 5622
5621 5665
5622 5623
5623 5635
5625 5626
5626 6347
5627 5628
5627 5630
5630 5631
5631 6281
5632 5702
5636 5638
5636 5650
5636 5646
5637 5638
5637 5651
5637 5664
5638 5652
5639 5685
5640 5642
5641 5643
5641 5686
5641 5683
5642 5685
5642 5643
5643 5687
5644 5706
5644 5705
5645 5647
5645 5677
5645 5707
5646 5647
5646 5674
5648 5649
5648 5686
5648 5683
5649 5704
5650 5652
5650 5674
5651 5652
5651 5671
5653 5680
5654 5682
5655 5676
5656 5676
5657 5673
5658 5667
5659 5668
5660 5661
5661 5663
5661 5670
5662 5663
5664 5666
5664 5671
5665 5666
5667 5669
5667 5673
5668 5669
5668 5670
5670 5672
5671 5672
5673 5675
5674 5675
5676 5678
5677 5678
5677 5704
5679 6286
5679 5681
5679 6283
5680 5681
5680 5682
5682 5684
5683 5684
5685 5687
5686 5687
5688 5691
5688 5696
5689 5690
5689 5692
5689 5709
5690 5693
5690 5691
5691 5697
5691 5694
5692 5693
5692 5702
5693 5694
5694 5703
5695 5698
5695 5708
5695 5709
5696 5697
5696 5789
5697 5698
5699 5708
5700 5701
5704 5705
5705 5707
5706 5707
5709 6317
5710 5778
5710 5750
5711 5712
5714 5716
5714 5760
5714 5731
5715 5716
5715 5751
5717 5718
5717 5773
5718 5779
5719 5724
5719 5720
5720 5722
5720 5730
5721 5722
5721 5733
5721 5785
5723 5729
5724 5725
5725 5787
5726 5787
5726 5727
5727 5728
5728 5729
5730 5732
5730 5781
5731 5732
5731 5782
5733 5752
5733 5734
5734 5735
5735 5738
5735 5736
5737 5738
5737 5740
5737 5739
5740 5744
5740 5741
5741 5756
5741 5757
5741 5777
5742 5749
5742 5744
5743 5746
5743 5756
5745 5748
5745 5749
5745 5753
5746 5747
5746 5750
5747 5748
5747 5754
5748 5755
5750 5754
5751 5752
5751 5753
5753 5755
5754 5755
5756 5759
5757 6294
5757 5761
5757 6293
5758 5759
5758 5766
5758 5769
5761 5763
5761 6290
5762 5764
5762 5774
5762 5767
5763 5764
5766 5768
5766 5769
5767 5768
5767 5770
5768 5771
5769 5771
5770 5771
5770 5774
5772 5775
5773 5775
5774 5775
5776 5777
5779 5780
5783 5786
5784 5785
5784 5786
5784 5788
5787 5788
5790 5791
5793 5795
5793 5794
5795 5799
5796 5799
5797 5798
5801 6110
5801 5802
5802 5804
5802 5803
5805 5808
5806 5809
5807 5808
5808 5809
5809 5810
5811 5812
5814 5924
5814 5899
5814 5815
5815 6124
5815 5917
5816 6115
5816 5820
5816 6054
5817 6019
5818 6046
5818 6044
5818 5822
5818 5830
5819 5820
5819 5821
5819 6096
5821 6021
5822 6021
5823 6059
5823 6022
5823 5829
5824 5825
5824 5839
5824 6057
5825 6060
5825 5828
5825 5841
5826 6057
5826 6022
5826 6060
5827 6067
5827 5831
5827 5869
5828 6059
5828 5831
5829 6063
5829 5831
5829 5830
5830 6062
5831 5843
5832 6017
5832 6019
5832 5834
5833 6063
5833 6067
5833 5834
5834 6062
5835 5842
5835 6125
5835 5869
5836 6126
5836 5840
5836 5839
5837 6128
5837 6126
5837 5846
5838 5840
5838 5842
5839 5841
5840 5863
5840 5841
5842 5845
5842 5843
5843 5869
5844 5845
5844 5867
5844 6038
5845 6125
5846 5863
5846 6039
5847 6042
5848 5866
5848 5850
5848 5858
5849 5866
5849 5887
5849 5853
5849 5997
5850 5868
5850 6038
5851 5910
5852 5907
5852 5857
5853 5858
5853 5999
5854 5855
5854 5864
5855 5925
5856 5857
5856 5861
5856 5862
5857 6100
5857 5906
5858 5860
5859 6100
5859 5999
5859 5860
5860 5861
5861 6109
5862 6128
5863 6126
5864 5887
5864 5865
5865 5866
5865 5868
5867 6125
5867 5868
5870 6089
5870 5872
5870 5874
5871 6089
5872 5873
5873 5877
5874 5876
5875 5884
5875 5876
5876 5891
5877 6085
5877 5925
5878 5942
5878 5956
5878 6085
5879 5883
5879 5956
5879 5943
5880 6074
5881 5944
5881 5926
5881 5883
5882 6074
5882 5926
5883 5952
5883 5886
5884 5890
5884 5940
5884 5885
5885 5886
5887 5888
5888 5996
5889 5996
5889 5997
5889 5998
5890 5893
5890 5900
5890 5936
5891 5892
5891 5894
5892 6091
5893 5894
5894 5895
5896 5897
5896 5905
5896 5900
5896 5938
5897 5922
5897 5932
5898 5899
5899 5905
5899 5922
5901 5904
5901 5920
5901 5905
5902 6036
5902 5920
5902 6034
5902 6000
5903 5921
5903 6036
5903 5906
5903 5914
5904 5921
5906 6000
5907 5910
5907 5909
5908 5909
5908 5911
5908 5913
5909 5912
5910 5912
5911 5912
5911 5918
5913 5916
5913 5914
5915 5975
5915 5933
5916 6026
5917 6026
5917 5923
5918 6107
5918 5919
5920 6035
5921 6092
5922 5924
5923 6010
5923 5924
5925 6069
5926 6070
5926 5930
5927 6008
5927 5934
5927 5931
5928 5937
5928 5935
5929 5939
5929 5930
5929 6006
5931 5937
5931 6029
5931 5932
5932 5938
5933 6010
5933 5934
5934 5975
5935 5939
5935 5936
5936 5940
5937 5958
5937 5938
5939 5940
5941 6073
5942 5955
5942 6086
5943 5952
5943 5955
5944 6070
5944 5952
5945 6073
5945 6070
5946 5954
5947 5954
5947 6071
5948 6133
5948 6071
5948 6132
5949 5950
5949 5990
5949 6134
5950 6132
5951 5954
5952 5953
5953 5954
5955 5956
5957 5985
5957 5959
5957 5986
5958 6030
5959 5964
5960 5970
5961 5968
5961 5963
5961 5991
5962 5964
5962 6030
5962 5963
5964 6032
5965 6029
5965 6033
5966 5971
5967 5969
5967 5991
5967 5968
5968 5970
5969 5971
5969 5974
5970 6083
5971 6077
5972 5973
5973 6075
5973 5974
5974 6083
5975 5979
5976 5979
5976 6001
5977 5979
5978 5979
5978 5981
5978 5980
5982 6001
5982 5984
5982 5983
5985 6002
5986 5995
5987 5988
5987 5992
5988 5989
5989 5990
5991 5993
5992 5995
5992 5993
5994 5995
5998 6091
5998 6034
5999 6000
6001 6118
6003 6004
6004 6005
6006 6007
6008 6010
6009 6010
6011 6012
6012 6013
6012 6016
6014 6016
6015 6016
6017 6046
6017 6099
6018 6020
6019 6020
6021 6023
6022 6023
6023 6056
6024 6108
6025 6108
6026 6027
6028 6029
6030 6031
6031 6032
6031 6033
6032 6033
6035 6092
6035 6036
6037 6038
6037 6037
6039 6040
6039 6041
6040 6041
6040 6127
6041 6042
6042 6127
6043 6048
6044 6048
6044 6045
6046 6048
6047 6048
6049 6050
6051 6053
6052 6115
6052 6053
6053 6054
6054 6055
6056 6057
6057 6058
6059 6060
6060 6061
6062 6063
6063 6064
6065 6067
6066 6067
6068 6069
6070 6072
6071 6072
6071 6133
6073 6074
6075 6077
6075 6076
6075 6080
6077 6078
6079 6080
6080 6081
6082 6083
6084 6085
6086 6087
6088 6089
6090 6091
6092 6093
6095 6096
6096 6097
6098 6099
6100 6101
6102 6105
6103 6105
6104 6105
6106 6107
6107 6108
6109 6109
6110 6113
6111 6113
6112 6113
6114 6115
6116 6117
6117 6122
6119 6120
6121 6122
6123 6124
6127 6128
6129 6131
6130 6131
6132 6133
6137 6138
6138 6140
6138 6139
6139 6142
6139 6140
6140 6141
6143 6144
6143 6145
6146 6150
6147 6148
6148 6150
6149 6151
6150 6151
6152 6153
6153 6154
6156 6159
6156 6160
6157 6159
6157 6157
6158 6159
6162 6167
6162 6163
6162 6173
6163 6172
6164 6273
6164 6173
6164 6165
6165 6166
6167 6169
6168 6169
6169 6170
6169 6173
6170 6171
6172 6173
6173 6304
6174 6175
6175 6177
6176 6179
6177 6179
6178 6179
6185 6186
6191 6192
6192 6193
6192 6461
6193 6359
6193 6360
6194 6358
6194 6363
6194 6357
6195 6196
6198 6272
6199 6272
6200 6203
6200 6201
6201 6201
6202 6204
6202 6423
6203 6206
6204 6205
6205 6206
6207 6209
6207 6424
6208 6210
6209 6210
6212 6216
6213 6214
6214 6215
6215 6216
6216 6229
6217 6219
6218 6219
6220 6224
6221 6223
6222 6223
6225 6227
6226 6229
6228 6229
6230 6232
6231 6232
6234 6239
6234 6262
6235 6265
6235 6240
6236 6261
6236 6238
6237 6243
6237 6254
6238 6244
6239 6263
6240 6264
6241 6242
6241 6256
6241 6257
6242 6243
6243 6245
6244 6245
6244 6246
6246 6260
6247 6250
6247 6248
6248 6257
6249 6250
6251 6253
6252 6253
6254 6255
6258 6260
6259 6261
6265 6268
6266 6267
6267 6268
6271 6272
6274 6276
6275 6277
6275 6276
6277 6278
6279 6464
6288 6291
6289 6290
6291 6295
6291 6296
6291 6292
6293 6294
6295 6296
6298 6300
6299 6300
6300 6301
6304 6308
6304 6306
6305 6308
6307 6308
6308 6309
6310 6316
6311 6312
6313 6315
6314 6315
6317 6317
6319 6322
6319 6320
6320 6321
6320 6322
6325 6326
6326 6329
6326 6339
6327 6337
6327 6421
6327 6414
6328 6329
6329 6414
6330 6416
6331 6337
6331 6419
6332 6335
6332 6333
6333 6334
6333 6335
6337 6338
6342 6343
6345 6346
6347 6348
6348 6349
6351 6352
6353 6354
6354 6355
6357 6358
6358 6359
6361 6363
6362 6363
6364 6365
6367 6368
6367 6371
6371 6372
6373 6374
6373 6376
6375 6376
6376 6379
6377 6378
6379 6382
6380 6382
6381 6382
6382 6383
6384 6385
6386 6387
6388 6389
6390 6393
6390 6392
6391 6392
6394 6409
6394 6397
6395 6404
6395 6396
6396 6397
6396 6400
6397 6399
6398 6405
6398 6404
6399 6400
6399 6402
6400 6403
6401 6405
6401 6402
6401 6403
6402 6406
6403 6404
6405 6406
6406 6407
6408 6409
6410 6412
6411 6412
6412 6413
6414 6415
6416 6419
6416 6417
6418 6419
6420 6421
6422 6424
6422 6423
6424 6425
6425 6426
6430 6431
6432 6433
6433 6434
6433 6435
6436 6437
6438 6439
6440 6441
6442 6443
6443 6446
6443 6444
6445 6446
6446 6447
6448 6449
6450 6451
6452 6453
6453 6454
6455 6456
6457 6458
6457 6459
6459 6460
6461 6462
6465 6476
6465 6492
6465 6473
6466 6481
6466 6491
6466 6480
6467 6469
6467 6468
6468 6471
6468 6470
6469 6471
6470 6473
6470 6472
6471 6473
6472 6476
6472 6474
6474 6478
6474 6475
6475 6480
6475 6477
6476 6478
6477 6479
6478 6480
6479 6482
6481 6482
6484 6485
6485 6486
6485 6487
6486 6490
6486 6488
6489 6490
6491 6492
6493 6494
6495 6498
6496 6498
6497 6498
6499 6502
6500 6502
6501 6502
