0 2318
0 4936
0 2322
0 2320
0 1
1 314
1 313
1 1896
2 159
2 3648
3 1088
3 1796
3 115
4 4603
4 1319
4 1805
5 209
5 819
5 47
6 7
6 104
6 822
7 37
7 821
8 94
8 827
8 188
9 139
9 188
10 105
10 1057
10 1319
11 1057
11 1055
11 104
12 448
12 2944
12 95
13 468
13 512
13 14
14 15
14 508
15 16
15 3490
16 2389
16 3487
17 461
17 4692
17 2389
17 2387
18 422
18 63
18 1327
19 1776
19 374
19 2528
20 64
20 1776
20 1898
21 4941
21 373
21 546
22 72
22 23
22 360
23 1767
23 218
24 339
24 453
24 4758
25 26
25 70
25 3547
25 347
25 1874
26 495
26 332
27 1040
27 2887
27 145
27 1036
28 459
28 3754
28 147
29 155
29 1033
29 2839
29 280
30 425
30 44
30 152
30 1735
31 2105
31 898
31 984
31 2394
32 2400
32 137
32 1000
33 2525
33 3109
33 2847
33 2441
34 2810
34 4588
34 3109
35 36
35 161
35 1932
36 1950
37 821
37 38
38 1844
38 4389
39 1452
39 1449
39 4696
40 1780
40 1319
40 4603
41 835
41 2746
41 4191
42 3884
42 3869
42 3681
42 1954
43 950
43 2699
43 4257
44 1867
44 851
45 4593
45 129
45 1039
46 2038
46 209
46 376
47 2041
47 3854
48 1053
48 2037
48 2038
49 1955
49 1878
49 1956
50 1895
50 1894
50 2292
50 313
50 2296
51 3847
51 1059
51 3846
52 2041
52 828
53 56
53 2049
54 55
54 187
54 212
55 56
55 1837
56 1837
57 3085
57 59
57 1839
58 211
58 4048
58 210
59 1839
59 211
60 825
60 4048
61 4426
61 4675
61 572
62 1903
62 1820
62 422
63 374
63 1903
64 1897
64 375
65 1901
65 1327
65 375
66 3654
66 1037
66 3655
67 1898
67 372
67 1899
68 4629
68 4769
68 327
69 327
69 328
69 1038
70 328
70 1038
71 1022
71 4759
71 358
71 3315
72 253
72 321
72 1018
73 232
73 1766
73 4234
74 232
74 1786
74 245
75 4232
75 3783
75 4231
76 276
76 1027
76 5006
77 5009
78 1031
78 148
78 338
78 1017
79 277
79 3784
79 80
80 2895
80 4865
80 1785
81 2842
81 82
81 280
82 2889
82 2597
83 2597
83 523
83 439
84 283
84 230
84 281
85 3869
85 4078
85 86
86 4078
86 251
86 4883
87 4886
87 2586
87 251
87 1978
88 5093
88 1978
88 2593
88 3870
89 3658
89 2494
89 5096
90 1787
90 1819
90 4515
91 4883
91 92
91 284
92 252
92 93
93 247
93 227
94 827
94 379
95 96
95 4953
96 547
96 477
97 4953
97 4438
97 448
98 410
98 390
98 213
99 1835
99 100
99 390
100 1409
100 101
101 102
101 201
102 518
102 103
103 213
103 1401
104 1262
105 132
105 1093
106 2120
106 1812
106 114
106 3669
107 159
107 1088
107 1796
108 115
108 1777
108 3858
109 3856
109 1084
109 1088
110 1093
110 1085
110 3857
111 2359
111 3859
111 132
112 3862
112 1522
112 1992
113 975
113 898
113 2625
114 1811
114 1882
115 3858
116 1709
116 200
116 197
116 1711
117 194
117 1388
117 3883
117 1369
117 193
118 677
118 401
118 400
119 396
119 648
119 397
120 739
120 2667
120 2664
121 2009
121 2543
121 621
121 555
122 4376
122 4650
122 1612
123 5135
123 913
123 923
123 658
124 2540
124 634
124 2579
124 3152
125 753
125 569
125 3773
126 2700
126 4724
126 3792
126 2991
126 999
126 995
126 2767
127 2519
127 2518
127 947
127 2766
128 3511
128 3507
128 1282
129 228
129 3927
129 130
130 840
130 4593
131 2866
131 4200
131 4586
132 3859
133 3845
133 3239
133 1056
134 1210
134 1976
134 3240
135 1230
136 2852
136 273
136 272
136 2854
136 3849
137 273
137 830
138 1565
138 2634
138 2635
138 1809
139 2049
140 3328
140 1840
140 384
141 1853
141 2025
141 3023
142 847
142 2508
142 941
143 1950
143 161
144 1931
144 1317
144 2756
145 330
145 509
146 147
146 463
146 1035
147 1017
148 149
148 1017
148 151
149 277
149 1032
150 157
150 151
150 1028
151 275
152 1919
152 1918
152 3081
153 3083
153 1920
153 4599
154 502
154 4082
154 442
154 1051
155 454
156 220
156 275
156 280
157 158
157 1785
158 3324
158 220
160 2490
160 161
162 170
162 164
162 726
163 886
163 1005
163 166
164 726
164 167
165 886
165 931
165 867
166 879
166 170
167 171
167 168
168 169
168 176
169 176
169 2106
170 971
170 2106
171 545
171 175
171 776
172 496
172 177
172 2629
173 2375
173 4770
173 1873
173 4629
174 2896
174 2368
174 2628
174 2861
175 2628
175 177
176 2896
176 550
177 3360
178 2582
178 2108
178 550
178 2366
179 2109
179 2365
179 2108
179 2366
180 1872
180 1873
180 1871
180 2372
181 1871
181 2370
181 4834
182 2154
182 1891
182 2153
182 1197
183 2120
183 1876
183 2122
184 1715
184 3527
184 4276
185 548
185 4213
185 4524
186 464
186 4465
186 3537
187 188
187 415
189 190
189 3883
189 1707
190 1411
190 2682
191 2682
191 1419
191 1412
192 193
192 3882
192 3883
193 194
194 195
195 3881
195 1388
196 197
196 200
196 3881
197 198
198 414
198 199
199 3882
199 1712
200 1828
200 1708
201 1830
201 1409
201 3802
202 1824
202 4444
202 1825
203 1335
203 204
203 208
204 2678
204 205
205 206
205 2680
206 207
206 3200
207 2681
207 208
208 2679
209 1858
210 561
210 3085
211 4049
212 415
213 1401
214 1601
214 2545
214 731
214 758
215 693
215 730
215 3174
216 2441
216 2442
216 2855
217 2444
217 2863
217 1994
218 253
218 368
219 2894
219 226
219 2893
220 2890
221 236
221 226
221 3324
222 521
222 225
222 2891
223 225
223 236
223 248
224 226
224 2753
224 225
227 248
227 2771
228 507
228 2886
228 1790
229 230
229 471
229 491
230 507
231 3682
231 4789
231 3683
232 484
232 233
233 3783
233 234
233 238
234 235
234 237
235 241
235 243
236 237
237 3325
238 446
238 243
239 240
239 244
240 246
240 4207
241 250
241 4207
242 4207
242 250
243 244
244 1786
245 1943
245 1786
247 249
247 252
248 249
249 3392
250 5093
251 4884
252 4884
253 322
253 428
254 259
254 323
254 255
255 262
255 257
255 1047
256 1045
256 258
256 257
257 4071
258 1975
259 5094
259 260
260 262
260 263
261 5094
261 3871
261 4550
262 1043
263 5095
263 1041
264 2588
264 265
264 2589
265 5096
265 1041
265 2588
266 267
266 269
266 3246
267 3245
267 268
268 4201
268 269
269 5097
270 4107
270 1990
270 2004
271 5084
271 1564
271 4545
272 273
272 830
274 454
274 275
274 459
276 278
276 1016
277 1028
278 279
278 3784
279 4229
279 1765
281 1046
281 284
282 283
283 3546
284 3683
285 3583
285 5087
285 286
286 5082
287 2278
287 5082
287 288
288 4266
288 4549
289 290
289 5085
289 4892
290 2159
290 2158
291 2148
291 2144
291 2248
291 2135
292 2163
292 1879
292 2242
293 2133
293 1880
293 1883
294 1142
294 5106
294 5104
295 299
295 2161
295 1891
296 1900
296 3815
296 2313
296 3087
297 5000
297 1922
297 316
298 2534
298 324
298 2345
299 2268
299 1894
300 2284
300 2277
300 2278
300 2159
301 2276
301 5106
301 2287
301 5105
302 4212
302 4519
302 2536
303 1908
303 1905
303 1907
303 1909
304 3516
304 1109
304 305
304 1906
305 1909
305 2379
305 307
306 2379
306 316
306 1927
307 1928
307 1077
308 1882
308 1884
308 1813
308 1886
309 2250
309 1889
309 2258
310 1888
310 2268
310 326
310 1884
311 1888
311 4948
311 2153
312 2042
312 2435
312 313
312 1893
314 317
314 5000
315 1927
315 316
315 318
316 317
317 2604
318 1082
318 1928
319 4658
319 2022
319 2819
320 5081
320 4209
320 3440
321 322
321 323
322 1047
323 1944
324 3090
324 1904
325 1904
325 2313
325 2325
325 3816
326 2254
326 1892
327 343
328 329
329 346
329 345
330 331
330 466
331 1036
331 332
331 336
332 336
333 2888
333 336
333 334
334 338
334 1035
335 515
335 463
335 3754
336 337
337 338
337 4767
337 341
339 356
339 2818
340 2751
340 4767
340 1030
341 5011
341 4766
341 2818
342 2607
342 529
342 542
342 2900
343 2360
343 348
343 345
344 346
344 350
344 347
345 346
345 351
347 356
348 352
348 351
348 349
349 4807
349 2361
349 2362
350 4866
350 2843
350 351
352 353
352 354
353 370
353 371
355 2843
355 371
355 4622
356 4663
357 5004
358 5004
358 359
359 1767
359 4866
360 1020
360 1766
361 363
361 4623
361 362
361 2843
362 368
362 4867
363 2844
363 364
364 2844
364 365
365 368
365 4941
366 4109
366 367
366 2844
367 4622
367 4623
367 4868
369 2363
369 370
369 1037
370 373
371 4109
372 529
372 2902
373 4109
374 2529
375 3337
376 2036
376 1262
377 393
377 2978
377 392
378 1740
378 3813
378 385
378 3183
379 380
379 384
380 381
380 3209
381 382
381 404
382 383
382 824
383 384
383 1507
385 3184
385 1741
386 1774
386 387
386 2681
387 388
387 4522
388 389
388 1866
389 390
389 2085
389 410
391 392
391 408
391 2972
392 3206
393 2976
393 394
394 2972
394 3200
395 1393
395 3193
395 1388
396 398
396 397
397 403
398 399
398 640
399 400
399 1013
400 401
401 402
402 403
402 817
403 2569
404 1492
404 3180
405 1449
405 1454
405 406
405 1458
406 824
406 1452
407 408
407 3206
407 3181
408 4901
408 1339
409 4900
409 1339
409 4901
410 411
410 2080
411 3812
411 412
412 3811
412 413
413 2679
413 1436
414 1445
414 1712
414 1709
415 1732
416 1816
416 4356
416 437
416 469
417 3885
417 1818
417 3320
418 450
419 4810
419 3585
419 424
420 1788
420 4954
420 1325
420 3317
421 3587
421 4072
421 1049
421 3588
422 1903
422 1326
423 3334
423 1818
423 1787
424 2601
424 428
425 3080
425 442
425 3577
426 481
426 492
426 512
427 497
428 499
428 2599
429 4763
429 453
429 1044
429 4759
430 4273
430 4274
430 4272
431 527
431 509
431 474
432 2588
432 510
432 1043
433 460
433 449
433 3280
433 4694
434 1038
434 466
434 509
435 531
436 481
436 532
436 473
437 479
437 718
438 4272
438 497
438 4277
439 534
439 1050
440 535
440 481
440 473
441 508
441 3543
441 536
442 2839
443 4679
443 737
443 460
444 4279
444 1716
444 1715
445 516
445 534
445 3358
447 504
447 4277
447 548
448 1439
449 458
450 1051
450 4081
450 1783
451 511
451 465
451 513
452 2369
452 1869
452 549
453 4762
453 4761
454 515
455 4235
455 531
455 525
456 482
456 493
456 639
457 517
457 513
457 533
458 514
458 512
459 490
460 3543
461 1789
461 497
462 525
462 1910
462 3577
463 527
464 547
464 532
465 534
465 523
466 495
467 2686
467 4979
467 1769
468 528
468 485
469 4356
469 537
470 4081
470 501
470 498
471 3927
471 487
471 507
472 551
473 552
474 525
474 486
475 3475
475 4486
475 3330
476 607
476 542
476 4963
477 3263
477 3333
478 547
478 4953
478 526
479 542
479 529
480 4465
480 3262
480 4467
480 3223
483 1794
483 1793
483 3884
485 3489
485 552
486 544
486 1870
486 549
487 543
487 3084
488 1357
488 2055
488 2057
489 520
489 4206
489 1870
491 1042
491 517
492 526
492 532
493 576
493 665
493 652
493 4630
494 4689
494 4732
494 1771
495 1038
496 665
496 780
498 4380
498 538
499 1975
499 1045
500 851
500 541
500 974
501 533
501 4084
502 3081
502 4997
502 3082
503 4084
503 517
503 4999
505 541
505 924
505 550
506 3475
507 5100
508 2836
508 3515
509 3446
511 4379
511 1783
512 4815
513 1029
515 1034
518 1373
518 2071
518 1827
519 538
520 3078
520 2591
521 2771
521 1050
522 2894
523 1783
524 4687
524 641
524 4689
524 4686
526 4818
527 4235
528 3489
528 3487
529 2901
530 737
530 4462
530 4427
531 1034
533 538
536 3266
536 3940
537 724
537 4315
537 4356
539 5095
539 2585
539 2494
539 4550
540 4071
540 1975
541 4271
541 4523
543 3083
543 4999
543 4997
544 4862
544 4828
545 614
545 3560
546 2599
546 3654
548 4276
549 1868
549 2368
551 1042
551 1029
552 3537
553 764
553 715
553 728
554 687
554 669
554 592
555 785
555 4121
555 4957
556 632
556 606
556 2186
557 683
557 799
557 567
558 600
558 4452
558 3443
558 671
559 738
559 4513
559 1692
559 663
560 3875
560 767
560 686
560 706
561 3630
561 3085
562 772
563 756
563 594
563 4957
564 759
565 2647
565 727
565 751
565 672
565 1604
566 3819
566 4625
566 3391
567 4155
567 709
567 659
568 4145
568 5031
568 4044
568 4040
569 619
569 1289
570 3795
570 810
570 725
571 645
571 727
571 3166
572 3301
572 694
573 613
573 679
573 1569
574 2627
574 656
574 664
574 602
575 2194
575 712
575 4159
576 788
576 639
577 616
577 1614
577 3367
578 627
578 812
578 3156
579 4686
579 618
579 798
580 611
580 801
580 3141
581 631
581 801
581 791
582 663
583 4262
583 3215
583 3388
584 705
584 777
584 3382
585 623
585 789
585 667
586 626
586 621
586 4491
587 1875
587 688
587 808
588 1334
588 1698
589 3656
589 3132
589 751
590 2113
590 3917
590 731
591 637
591 669
591 611
592 784
592 2009
593 677
593 2671
593 699
594 4343
594 2654
595 675
595 680
595 809
596 2687
596 767
596 795
597 802
597 641
597 618
598 4513
598 1684
598 3672
599 1694
599 1695
599 717
600 3386
600 761
600 773
601 3323
601 4268
601 4269
602 708
602 656
602 743
603 687
604 768
605 622
605 2116
605 617
606 685
606 649
607 809
607 661
608 713
608 752
608 1266
609 722
609 785
609 651
610 4044
610 3656
610 4038
611 775
611 646
612 1695
613 655
613 2194
614 780
614 776
615 1575
615 1570
615 702
616 3557
616 2668
617 797
617 805
618 638
618 4684
619 1279
619 1294
620 3212
620 3214
620 3389
620 4262
621 790
622 639
622 805
623 685
623 812
624 806
624 3909
624 758
625 722
625 807
625 651
626 770
626 2655
626 2657
627 765
627 3094
628 783
629 751
630 713
630 1267
630 700
631 774
631 2583
633 3383
633 3384
633 3216
634 3686
634 3795
635 801
635 774
635 775
636 4151
636 789
636 729
638 707
638 814
639 808
640 673
640 692
641 4315
641 724
642 765
643 646
643 800
643 4268
644 705
644 736
644 653
646 4269
647 695
647 784
647 790
648 1772
648 711
649 3156
649 3370
650 3909
651 4344
652 788
652 780
653 705
653 3381
654 738
656 776
657 4219
657 687
657 669
658 726
658 2581
659 767
659 674
659 706
660 676
660 3147
660 716
661 4662
661 680
662 816
662 2189
662 750
663 5127
664 776
664 5135
665 2373
666 675
666 703
666 783
667 2187
667 2189
668 3166
668 4036
668 1605
669 4943
670 3918
670 3915
670 2113
671 714
671 740
672 2545
672 4143
673 690
673 692
674 748
674 4156
675 794
676 716
676 3141
677 2356
678 4220
678 3377
678 3743
679 729
679 709
680 697
680 766
681 793
681 1583
681 2045
682 702
682 1287
682 3949
684 704
684 739
684 2656
685 2188
686 774
686 4165
688 1939
688 791
689 690
690 735
691 3161
691 3163
691 5117
692 746
693 762
693 4400
694 741
694 2356
696 2112
696 1569
696 3914
698 721
699 741
700 752
700 2606
701 745
701 3153
701 5022
702 1571
704 3742
704 739
706 771
707 732
707 814
708 804
708 743
709 3618
710 742
710 1847
710 1845
711 749
711 779
712 2192
712 2185
713 752
714 802
714 3819
715 4678
715 798
716 1941
717 1329
717 763
717 3787
718 740
718 724
719 734
719 721
719 769
720 3446
720 4863
720 1872
720 4862
721 768
722 760
723 760
723 796
723 4267
724 802
725 750
725 2186
727 4003
728 764
728 759
729 2193
730 1601
730 767
731 2115
733 3923
733 3163
733 3920
735 746
735 772
736 3210
736 766
737 4681
738 2575
738 2577
740 4662
742 2606
742 755
743 788
743 2116
744 3556
744 1772
744 779
745 3094
745 5135
746 759
747 2661
747 760
747 2662
748 797
748 771
749 798
749 772
750 2187
754 3906
755 2566
755 1267
756 4959
756 2655
757 779
758 795
761 786
761 3385
762 2651
762 1606
763 2577
763 4152
764 811
765 3095
766 4450
766 4219
768 3176
769 3904
769 1592
770 2654
770 807
771 2583
773 3210
773 3213
775 800
777 790
777 4220
778 4166
778 4398
778 3175
781 1598
781 3619
781 1275
782 4959
783 4195
783 809
784 2009
785 1612
785 4372
786 3391
786 3216
787 3131
787 5032
789 2190
791 805
791 1938
792 2657
793 1571
793 1579
795 806
795 2688
797 4153
800 4166
803 2602
803 2575
803 1693
804 4153
804 2116
806 3618
807 2658
810 3763
810 5024
811 3275
811 3301
812 4155
813 2193
814 3819
815 3193
815 2943
815 3192
816 2191
816 2185
817 5128
817 3168
817 5127
818 4708
818 4704
818 4706
818 4432
819 1858
819 820
820 822
820 1858
820 2039
821 825
822 1858
823 2677
823 1713
823 3797
823 2079
824 1467
825 4049
826 2008
826 4712
827 1262
828 3565
828 3854
829 4482
829 4475
829 4483
830 4069
830 4067
831 965
831 844
831 3495
832 901
832 999
832 858
833 3496
833 2785
833 843
833 970
834 920
834 3987
834 854
835 1301
835 1296
836 2393
836 2398
836 986
837 2614
837 983
837 2613
838 948
838 2402
838 841
838 984
839 932
839 906
839 859
840 3853
840 3850
841 981
841 946
842 5054
842 3868
842 3864
842 5052
843 915
843 2199
844 3492
844 905
844 932
845 955
845 918
845 1526
846 873
846 2448
846 2019
847 3509
847 3313
848 996
848 853
848 903
849 1006
849 3496
849 3494
850 944
850 877
850 1004
851 2707
852 992
853 3511
853 4254
854 994
854 5030
855 3879
855 2214
855 2204
856 886
856 971
856 924
857 2018
857 5114
857 1298
857 3773
858 2991
858 931
860 3505
860 916
860 949
861 2018
861 1548
861 1541
862 953
862 895
862 2201
863 3063
863 968
863 2232
864 963
864 972
864 3495
864 905
865 942
865 917
865 885
866 976
867 924
867 967
868 2763
868 3107
868 2764
869 991
870 3065
870 949
870 872
871 893
871 1735
871 3013
872 3499
872 3065
873 2463
873 3584
874 3057
874 2616
874 983
875 3498
875 920
875 2625
876 3497
876 990
876 976
877 5064
877 959
878 2524
878 2525
878 2401
878 2523
879 4722
879 923
879 4721
880 3491
880 3500
880 2235
881 989
881 996
881 1538
882 2239
882 5056
882 5057
883 945
883 3867
883 5061
883 3501
884 908
884 2402
884 893
885 979
885 902
887 3501
887 3491
887 949
888 939
888 896
888 2227
889 992
889 1542
889 1273
889 1545
890 894
890 1552
890 913
891 3501
891 4338
891 3500
892 977
892 2614
892 3072
892 2812
893 3014
894 951
894 4411
895 2198
895 964
896 3064
896 3063
897 973
898 4574
899 2811
899 928
899 982
900 5063
901 1005
901 931
902 943
902 945
904 2995
904 2521
904 2989
905 2233
906 919
906 943
907 2206
907 982
907 958
908 946
909 978
909 2617
909 925
910 929
910 970
910 2786
911 2239
911 3666
911 5061
912 989
913 3763
914 935
915 3497
915 928
916 3064
916 3498
917 4587
917 2449
917 5066
918 4257
918 1542
919 3313
919 943
920 5030
921 933
921 967
921 4271
922 3850
922 946
922 3014
923 2581
923 2626
923 1552
925 2196
925 3987
926 3966
926 3615
926 1963
927 1005
928 2811
929 1993
929 3372
930 965
932 3372
933 4270
933 3007
934 2989
934 2768
934 2519
935 3552
935 2622
936 1089
936 2465
936 5098
937 966
938 991
939 3062
939 3061
940 3070
940 3069
940 965
941 3313
941 1993
942 5066
942 5065
944 980
944 4333
945 979
947 2521
947 2520
947 2105
948 961
948 2394
948 2396
950 2765
950 3148
951 1548
951 1547
951 3770
952 3497
952 990
952 2207
953 998
953 2197
954 974
954 2706
954 3012
956 989
956 988
956 966
957 2778
957 2777
957 1727
957 2779
958 969
958 1523
959 5058
959 2231
960 992
961 997
961 2395
962 2622
962 3148
962 3772
963 2218
963 2226
963 2212
964 2210
964 2214
965 3372
966 996
967 2994
967 995
968 2229
968 2196
968 985
969 978
969 3999
970 3494
971 2106
972 5063
972 2226
973 5018
973 2399
974 4270
975 1001
975 3505
976 2198
977 3071
977 2613
978 2615
978 1525
979 2445
980 2773
980 2772
980 2778
981 1011
981 1009
982 2198
983 2619
984 2402
984 2995
985 2237
985 2196
986 2399
986 2400
987 5114
987 1273
987 1010
990 1008
991 1010
993 1532
993 994
993 1536
994 3616
995 2991
997 2396
997 2393
999 4722
1000 2522
1000 2401
1001 2019
1001 3503
1002 3867
1002 5053
1002 5054
1003 3496
1003 5055
1003 1006
1004 5059
1004 2236
1004 3666
1006 3068
1007 5065
1007 2523
1007 5068
1008 2198
1008 2210
1009 2398
1009 2396
1010 1547
1011 5020
1011 4069
1012 1731
1013 2356
1013 4391
1014 1512
1014 1763
1014 1508
1015 3662
1015 4227
1018 1943
1018 1944
1019 1021
1019 4229
1019 1765
1020 3315
1020 1025
1021 1025
1021 4228
1022 3314
1022 4760
1023 1025
1023 4230
1023 1026
1024 4233
1024 1766
1024 4234
1026 4233
1026 4231
1027 5008
1027 1032
1028 1785
1029 1046
1030 5008
1030 1031
1031 5009
1032 5009
1033 1910
1033 1034
1035 2887
1036 2888
1037 1897
1039 3084
1039 4599
1041 1043
1042 1046
1044 5006
1044 4760
1044 2750
1045 1047
1048 2750
1048 4758
1048 2751
1049 4810
1049 3589
1050 2771
1051 3739
1052 4888
1052 2039
1052 1972
1053 1055
1053 1057
1054 1058
1054 4887
1054 4511
1055 1056
1056 3845
1058 4896
1058 5088
1059 1064
1059 4931
1060 4912
1061 1077
1061 1073
1061 1064
1062 1075
1063 1065
1064 3093
1064 1120
1065 4307
1065 1068
1066 1079
1066 5016
1066 1071
1067 4930
1067 1081
1067 4199
1068 1083
1068 2470
1068 3020
1069 1070
1070 1080
1070 1083
1071 4950
1071 1081
1072 2026
1072 4912
1072 1852
1072 4913
1073 1075
1073 4142
1074 2179
1074 4925
1074 4199
1075 1082
1076 1905
1076 3092
1076 1906
1077 1082
1078 1120
1078 1717
1078 3534
1080 4931
1080 4932
1081 4929
1081 1192
1083 3254
1083 4927
1084 1091
1084 3856
1085 3859
1085 3202
1086 1089
1086 2867
1086 2646
1087 3201
1087 3202
1087 3857
1089 2877
1090 1720
1090 3394
1090 1725
1091 3201
1091 1726
1092 5081
1092 3346
1092 3398
1093 3858
1094 2426
1094 4787
1094 4786
1094 3451
1095 1113
1095 4056
1095 1121
1096 2011
1096 1153
1096 1149
1096 1560
1097 1164
1097 2014
1097 3663
1098 3807
1099 2562
1099 1347
1099 1345
1100 1181
1101 1182
1101 1191
1101 1118
1102 4244
1102 4242
1102 1204
1103 1189
1103 2427
1103 1155
1104 4719
1104 3441
1104 1175
1105 3649
1105 3440
1105 1558
1106 2386
1106 1160
1106 1185
1106 2380
1107 4178
1107 1121
1107 1174
1108 1200
1109 2180
1109 2184
1109 4911
1110 1130
1110 4115
1110 4114
1111 1177
1111 4949
1111 2024
1112 4091
1112 4051
1112 4557
1113 1196
1113 2560
1114 1172
1114 2406
1114 1184
1115 1179
1116 1143
1116 1199
1116 1172
1117 4116
1117 1194
1117 4114
1118 1132
1118 1149
1119 4553
1119 1156
1119 1124
1120 2179
1121 1346
1122 1176
1122 4241
1122 4238
1123 1172
1123 1143
1123 1157
1124 2426
1124 1148
1124 2539
1124 3096
1125 1555
1125 1205
1125 1174
1126 1208
1126 1150
1126 3441
1127 3807
1127 4935
1127 2287
1128 1199
1129 1180
1130 1208
1130 1190
1131 1186
1131 3684
1131 1345
1132 1185
1132 1164
1133 2422
1133 1154
1133 2423
1134 3120
1134 2425
1134 2421
1135 1181
1135 1159
1135 1169
1136 2781
1137 1144
1138 1162
1138 3553
1138 1206
1139 1191
1139 2410
1139 1149
1140 4243
1140 1141
1140 1147
1141 4775
1141 1202
1142 2781
1142 2161
1143 1163
1144 4778
1144 2549
1144 2548
1145 1147
1145 2549
1145 2770
1146 1199
1147 4616
1147 1180
1148 3121
1148 2403
1149 3122
1150 1187
1150 1175
1151 1201
1152 3121
1152 1188
1152 1171
1153 2470
1153 2386
1154 1189
1154 2412
1155 3120
1155 2414
1155 4780
1156 4551
1156 4776
1156 4777
1157 4119
1157 2380
1158 1193
1158 4324
1158 4325
1159 4322
1159 2559
1161 2419
1161 1911
1161 1170
1162 1200
1162 1169
1163 1558
1163 3644
1163 1965
1164 4554
1165 1352
1165 2427
1165 2723
1165 3653
1166 2562
1166 1205
1166 2720
1167 3822
1167 2013
1167 3664
1168 1180
1168 1324
1168 4244
1169 4778
1170 2403
1170 3118
1170 2425
1171 3821
1171 1173
1172 3121
1173 1194
1173 1188
1174 1352
1174 2719
1174 4778
1175 4120
1176 4239
1176 4243
1178 2551
1178 4089
1178 4061
1179 1201
1179 4939
1181 1200
1183 4111
1185 2011
1187 1198
1187 2013
1188 2415
1189 2421
1190 1198
1190 4111
1190 3823
1191 3663
1193 3652
1193 4325
1194 2410
1195 3553
1195 4056
1195 4053
1196 3684
1196 4054
1197 2248
1197 1887
1198 3822
1198 1208
1201 3846
1202 3644
1202 4553
1203 4178
1203 1349
1203 2722
1204 4239
1204 4240
1205 2719
1206 4555
1206 4055
1207 4905
1207 4903
1207 3524
1208 4115
1209 3821
1209 4112
1209 2406
1210 1244
1210 2487
1210 1254
1211 1245
1211 1230
1211 1977
1212 1255
1212 1249
1212 3941
1213 1247
1214 1245
1214 2563
1214 3575
1215 1231
1216 1227
1217 1261
1217 1234
1218 1246
1218 1228
1218 1251
1218 2638
1219 1231
1219 2641
1219 1236
1220 1255
1220 2484
1220 1256
1221 1259
1221 1235
1221 1248
1222 2640
1222 1225
1222 2641
1223 1240
1224 1242
1225 1241
1225 1229
1226 1248
1226 1235
1226 1247
1227 1243
1227 1249
1227 1260
1228 1246
1228 1257
1229 1257
1229 1236
1230 1245
1231 4346
1232 2488
1232 2788
1233 2728
1234 1255
1234 1243
1235 2642
1236 1246
1237 3873
1237 1248
1237 1241
1238 1242
1239 3659
1239 1251
1239 4349
1240 2790
1240 1258
1241 1257
1242 3941
1243 1261
1244 5071
1244 1976
1247 2641
1248 2640
1249 4197
1249 2638
1250 2642
1250 2500
1250 1915
1251 2728
1252 4347
1252 1258
1253 2481
1254 2725
1254 4822
1256 4716
1256 3873
1256 2845
1258 4349
1259 4716
1263 3950
1263 3690
1263 3693
1264 2438
1264 1277
1264 3778
1265 5113
1265 2016
1265 4723
1266 1269
1267 1268
1270 3076
1270 1271
1270 1585
1271 3111
1271 3955
1272 1287
1272 2045
1272 1585
1273 1278
1274 1281
1274 1292
1274 4168
1275 1597
1275 4192
1275 2045
1276 1301
1276 1285
1276 1296
1276 4820
1277 1286
1277 4578
1280 1289
1280 4578
1280 1286
1282 1295
1282 2698
1283 3626
1283 4580
1283 1284
1285 1288
1285 1294
1286 4584
1287 3113
1287 3877
1288 2749
1289 3626
1290 1295
1290 2742
1290 4821
1291 4191
1291 2697
1291 3633
1292 1300
1293 2647
1293 3456
1293 2489
1294 1302
1296 3551
1297 3112
1297 3950
1297 4409
1297 1299
1298 4820
1298 3552
1301 2748
1303 2761
1303 1306
1303 1929
1303 1925
1304 1306
1304 2782
1304 1947
1305 1312
1305 1311
1305 4840
1306 2758
1306 1315
1307 1949
1307 1518
1307 1314
1308 1317
1308 4351
1308 2761
1309 1318
1309 1320
1309 1310
1310 1316
1310 1313
1311 3680
1311 1517
1312 1936
1312 3677
1313 1948
1313 1322
1314 2758
1314 1930
1316 1517
1316 1318
1317 2547
1318 1321
1320 1949
1320 4839
1321 1957
1321 2755
1322 1519
1322 1517
1323 1324
1323 1807
1323 3647
1323 3650
1324 1807
1324 3650
1324 4240
1324 4325
1324 1806
1325 4517
1325 4516
1326 1327
1326 1901
1326 4516
1328 1696
1329 1330
1329 5130
1330 1696
1330 1334
1331 1697
1332 1434
1332 1416
1332 1421
1333 1421
1333 1426
1334 1697
1335 1434
1335 1336
1336 1337
1336 1338
1336 3801
1337 1338
1337 3801
1338 1435
1339 2680
1340 1341
1340 1738
1340 3209
1341 1764
1341 2988
1342 4096
1342 1948
1342 4098
1343 4096
1343 1520
1343 4098
1344 2560
1344 1347
1344 1345
1346 2561
1346 4176
1347 1348
1347 4172
1349 4179
1349 4173
1350 1351
1351 1353
1351 1352
1354 1355
1355 1356
1356 2057
1357 2060
1357 2058
1358 4208
1359 1361
1359 2058
1359 4208
1360 1381
1361 1364
1362 1363
1362 2838
1362 1366
1362 2837
1363 4448
1363 4446
1364 4208
1365 4290
1365 3205
1365 1378
1366 4448
1366 1375
1367 1376
1368 1377
1369 4386
1369 3258
1370 2064
1370 1826
1370 1386
1371 1390
1371 1372
1371 1387
1372 1373
1372 2065
1373 4824
1374 1375
1374 1374
1375 1383
1375 1376
1376 1384
1376 1377
1377 1385
1377 1379
1380 1399
1380 4824
1381 2068
1381 2064
1382 1383
1382 1382
1383 1395
1386 1394
1386 2069
1386 2068
1388 1393
1389 1396
1391 2069
1391 4669
1391 4668
1392 1397
1393 3881
1393 1828
1394 1401
1394 2070
1395 1398
1395 1420
1396 1397
1396 1406
1397 1398
1397 1407
1398 1404
1399 1403
1400 1405
1401 2073
1401 2072
1402 2070
1404 1405
1404 1408
1405 1410
1408 1416
1408 1410
1409 2780
1409 1835
1410 1413
1411 1412
1414 1415
1414 1429
1415 1416
1415 1431
1417 1432
1417 1433
1418 1423
1419 3786
1419 3169
1420 4294
1420 4296
1421 3801
1422 1448
1422 1424
1422 1446
1422 1866
1423 1425
1423 1441
1424 1427
1424 1453
1424 1866
1425 1835
1425 1443
1426 1435
1426 1428
1427 1437
1427 1455
1429 1431
1430 4665
1430 1862
1430 1432
1431 1434
1432 1433
1435 1438
1436 4292
1436 4291
1437 1442
1437 1455
1439 1449
1439 1450
1440 1447
1440 4473
1440 3804
1443 2088
1443 2092
1444 1731
1444 1445
1444 1728
1444 1732
1445 1732
1446 2088
1446 1448
1446 1461
1447 3804
1447 1462
1448 1453
1448 3814
1449 1450
1450 2678
1451 3170
1451 1451
1452 3804
1453 1455
1454 2680
1454 1458
1456 1457
1457 1459
1457 1460
1458 3180
1459 1474
1459 1460
1459 4964
1460 1463
1460 1478
1461 3814
1461 1477
1462 1467
1462 3804
1463 4651
1463 4521
1464 1481
1464 3814
1464 1475
1465 4471
1465 4473
1465 1470
1466 4473
1466 1467
1466 1471
1468 1470
1469 1472
1469 1484
1469 2971
1470 1471
1471 1504
1472 1473
1472 1490
1473 1476
1473 1491
1474 1478
1475 1480
1475 1485
1476 2103
1476 1494
1477 3814
1477 1481
1478 1482
1479 2101
1479 1486
1479 1483
1480 1487
1480 1488
1481 1485
1482 4652
1482 4651
1483 2103
1483 1486
1485 1487
1486 2104
1487 1488
1488 1489
1489 1498
1489 4964
1492 3181
1492 1863
1493 1495
1494 1495
1494 1497
1495 1499
1496 1502
1496 4478
1498 2104
1498 4653
1500 4652
1500 1501
1501 4653
1502 1505
1502 1503
1503 1506
1503 1504
1504 1506
1505 1506
1505 4476
1506 1507
1507 4476
1508 1513
1508 4359
1509 1514
1509 4359
1509 1510
1510 1515
1510 1511
1511 1516
1511 1775
1512 1513
1512 1764
1513 1514
1514 1515
1515 1516
1516 1775
1519 1936
1519 3544
1520 2000
1520 3544
1521 3895
1521 3937
1521 4632
1522 3937
1522 3964
1523 3893
1523 1992
1524 3615
1524 3900
1524 4632
1527 1530
1527 1527
1528 1529
1528 1533
1529 1530
1529 1537
1530 1532
1531 1531
1531 1532
1532 1537
1534 1535
1535 4093
1535 1537
1536 4093
1536 2625
1538 4647
1538 1542
1539 1544
1540 1544
1541 1541
1542 1545
1542 2700
1543 4721
1544 1547
1544 4161
1545 5113
1546 3149
1548 4134
1549 1550
1550 1552
1550 1551
1553 3110
1553 4402
1554 1782
1555 1556
1555 1557
1556 2718
1556 1557
1557 2721
1558 3440
1558 3644
1558 1965
1559 1560
1559 2468
1560 2473
1561 1564
1562 2144
1562 5084
1562 1563
1563 2135
1563 2125
1564 5087
1565 1964
1565 3127
1565 4860
1566 4735
1567 2833
1568 3910
1569 2111
1570 1572
1570 3172
1571 1576
1572 1574
1572 1573
1573 1577
1573 1578
1573 3172
1574 1578
1574 1575
1575 1576
1576 1579
1577 3918
1577 5116
1578 1580
1578 1582
1579 1582
1579 1581
1580 3919
1580 1584
1581 1586
1581 1583
1582 1584
1582 1589
1583 1590
1584 3901
1584 1587
1585 3073
1586 1590
1586 5123
1587 1588
1587 3903
1588 1589
1588 5120
1589 5123
1589 1593
1590 1591
1591 5123
1591 1595
1592 1593
1592 5120
1593 1594
1594 1595
1594 1596
1595 3619
1596 3622
1596 3620
1597 3954
1597 1603
1597 3073
1598 3624
1598 3620
1599 1600
1599 3623
1599 1602
1600 1602
1600 3622
1600 3455
1601 2544
1602 4194
1603 2047
1603 2489
1604 4143
1604 3176
1605 2651
1605 4020
1606 4125
1606 2541
1607 4002
1607 4126
1607 4253
1608 4126
1608 2541
1608 2652
1609 2542
1609 2543
1609 4125
1610 3140
1610 1611
1610 5033
1612 4374
1612 4373
1613 3100
1613 3942
1613 4961
1613 4371
1614 1615
1614 3674
1615 1618
1615 1617
1615 4637
1616 1617
1616 3367
1616 1623
1617 1619
1617 1618
1618 1622
1618 2904
1619 1625
1619 1622
1620 1621
1620 3674
1620 1628
1621 4636
1621 4637
1622 1627
1623 1625
1623 4045
1624 4636
1624 2905
1624 4634
1625 1627
1625 1651
1626 4046
1626 4267
1627 1648
1627 1636
1628 1629
1628 1631
1629 1629
1630 1632
1631 1649
1631 1644
1632 1633
1632 1634
1634 2546
1634 1637
1634 2567
1635 1638
1636 1637
1636 1641
1637 1640
1638 1639
1638 2546
1640 1642
1640 4848
1641 1643
1641 1642
1642 1647
1643 1650
1643 1645
1644 1654
1644 1658
1645 1653
1645 1646
1646 1656
1646 1648
1648 1651
1649 1654
1649 1773
1651 1652
1652 4045
1652 3673
1654 1655
1655 1657
1655 1660
1657 1658
1657 1660
1658 1659
1659 1662
1660 1663
1661 1670
1661 1666
1661 1773
1662 1664
1662 1665
1663 1664
1663 1666
1664 1665
1665 2924
1666 1667
1667 1668
1667 1670
1668 1672
1668 1669
1670 1671
1671 1673
1671 1675
1671 1674
1672 2930
1672 1673
1673 1674
1674 1675
1675 2569
1676 2569
1676 1679
1676 2941
1677 3559
1677 1678
1677 3558
1678 1680
1678 3447
1679 3168
1679 3167
1680 1681
1680 2929
1681 2571
1681 3450
1682 1683
1683 1684
1683 1691
1683 3447
1684 1688
1684 2572
1685 1686
1685 3449
1685 2573
1686 5126
1686 4514
1687 1689
1687 3449
1687 1690
1688 1692
1688 4513
1689 4514
1689 1692
1690 1691
1690 2574
1691 1692
1694 4152
1694 2602
1695 1696
1696 1697
1698 3824
1698 3786
1699 3787
1700 4360
1700 3737
1700 1704
1701 1703
1702 1703
1703 1704
1704 4001
1705 1706
1705 1705
1706 1829
1706 4001
1706 2952
1707 3883
1707 1712
1707 3882
1708 2673
1708 1829
1708 1711
1709 2676
1710 1713
1710 2075
1710 1833
1711 2674
1712 3788
1713 2077
1713 2675
1714 1716
1714 4519
1714 1715
1716 3218
1718 4812
1718 1721
1718 1719
1719 1721
1719 1720
1720 1723
1721 1722
1722 1726
1722 1724
1723 1725
1723 1724
1724 1726
1725 5074
1727 4334
1727 2779
1728 1729
1728 1730
1729 1730
1729 1733
1730 1731
1734 1736
1735 3017
1736 3017
1736 1737
1738 3209
1738 1762
1739 3185
1739 1742
1739 1863
1740 1743
1740 3185
1740 1741
1741 1744
1742 1745
1742 1743
1743 1746
1743 1744
1744 1747
1745 1748
1745 1746
1746 1747
1746 1749
1747 1750
1748 1751
1748 1749
1749 1752
1749 1750
1750 1753
1751 1754
1751 1752
1752 1755
1752 1753
1753 1756
1754 1757
1754 1755
1755 1756
1755 1758
1756 1759
1757 1760
1757 1758
1758 1759
1758 1761
1759 3600
1760 1761
1760 1762
1761 1762
1761 4358
1762 2987
1763 1764
1763 2988
1765 3314
1767 4867
1768 1769
1769 4726
1770 1771
1771 4726
1772 1773
1774 3605
1774 4972
1775 3605
1776 1899
1777 1798
1777 1801
1777 1797
1778 1802
1778 1779
1778 1803
1779 2693
1779 1805
1780 1781
1780 1966
1780 2717
1781 1782
1781 1808
1784 2893
1787 3336
1788 4515
1788 3590
1788 1901
1789 4517
1789 4275
1790 1792
1790 1791
1791 5100
1791 1792
1791 1793
1792 5099
1792 2701
1792 1794
1793 5100
1793 3884
1794 2701
1795 3425
1795 3394
1795 3419
1796 1798
1798 1799
1800 3338
1800 1801
1800 1802
1801 1803
1802 1803
1804 1805
1806 3650
1806 4323
1807 3649
1809 3126
1809 1810
1810 1811
1810 1812
1811 2634
1811 1812
1813 2140
1813 1881
1814 1817
1814 1815
1814 2589
1815 3334
1815 3658
1816 4353
1816 1902
1817 2589
1817 3336
1818 3335
1819 3317
1819 4520
1820 4857
1820 4355
1821 1822
1822 3203
1822 1823
1824 3203
1824 4438
1825 4945
1825 3205
1826 3805
1826 4945
1827 1830
1827 2067
1828 1829
1829 1831
1830 1832
1831 2673
1831 1833
1832 3802
1832 2074
1833 2675
1834 2677
1834 2676
1834 3797
1835 2086
1836 3262
1836 2008
1836 2590
1837 1839
1838 4971
1838 4975
1838 4976
1840 1842
1840 2590
1841 4847
1841 1843
1841 1842
1842 3886
1843 1972
1843 2007
1844 2703
1844 4847
1844 3886
1845 4390
1845 1846
1846 2702
1846 1847
1848 4952
1848 1850
1848 1849
1850 1852
1850 3024
1851 2024
1851 1852
1851 2025
1852 2025
1853 2026
1853 2028
1854 2028
1854 4915
1854 1855
1855 2029
1855 3030
1856 3233
1856 3776
1856 3232
1857 3233
1857 3238
1857 3234
1859 1972
1859 4898
1859 4894
1860 2078
1860 3810
1860 2780
1861 3194
1861 3810
1862 3797
1862 3196
1863 3813
1864 4476
1864 4475
1864 1865
1867 2109
1867 2110
1868 2367
1868 4204
1868 2365
1869 4772
1869 4834
1869 4828
1870 4204
1871 2371
1871 4833
1872 4861
1872 4864
1873 2374
1873 4864
1874 5012
1874 2818
1875 2376
1875 4630
1875 2378
1876 2124
1876 2339
1876 2822
1877 2607
1877 2378
1877 2898
1878 2129
1878 2128
1878 1880
1879 2241
1879 2240
1879 2822
1880 2132
1880 2131
1881 4860
1881 1882
1881 2635
1882 2137
1883 2136
1883 2138
1883 2172
1884 2142
1884 2141
1885 4094
1885 2787
1885 2140
1886 2143
1886 2140
1886 4094
1887 2247
1887 2246
1887 2172
1888 2146
1888 2145
1889 2151
1889 2150
1889 1890
1889 2357
1890 2253
1890 2252
1890 1973
1890 2787
1891 2156
1891 2157
1892 2261
1892 2262
1892 2042
1893 2266
1893 3098
1893 4916
1894 2286
1894 2289
1895 2297
1895 2300
1895 4936
1896 2304
1896 2253
1896 1973
1897 3337
1897 2526
1898 2526
1898 1899
1899 2527
1900 2311
1900 3817
1900 2296
1901 4518
1902 4987
1902 4981
1902 4416
1903 2530
1904 2348
1904 2534
1905 2335
1905 2332
1906 2353
1906 2336
1907 3251
1907 2334
1907 2337
1908 2379
1908 2338
1908 1909
1909 2335
1910 2839
1911 2428
1911 2407
1911 2415
1912 2407
1912 2420
1912 2411
1913 2428
1914 2418
1915 2499
1916 1917
1917 2491
1917 2495
1919 1920
1921 1922
1922 2318
1923 1961
1924 1961
1924 3580
1925 1947
1925 4351
1926 1929
1926 1933
1926 1932
1926 1930
1927 1928
1929 2757
1929 2756
1930 2757
1931 1950
1931 1932
1934 1936
1934 1937
1934 3544
1935 3101
1935 3889
1935 2731
1937 1959
1937 3889
1938 1939
1938 1940
1939 1942
1940 3124
1940 1941
1941 1942
1942 4357
1943 1944
1945 1946
1945 1968
1946 1966
1946 3338
1947 2783
1948 2759
1949 2759
1951 1952
1951 3678
1951 1953
1952 1957
1952 2509
1953 3680
1953 3679
1954 1967
1954 1955
1955 2125
1956 3668
1956 1967
1957 3679
1958 2747
1958 3894
1958 2744
1959 1960
1959 3896
1960 2735
1960 2000
1961 2729
1962 2730
1962 2731
1962 2737
1963 4571
1963 4254
1964 1965
1967 4548
1968 3338
1968 1970
1969 3670
1969 1971
1970 3670
1970 3671
1973 2516
1974 2515
1974 2514
1976 1977
1977 5071
1978 4885
1979 2003
1979 1999
1979 1997
1980 2782
1980 3935
1980 3595
1981 3935
1981 2003
1981 1989
1982 1988
1982 4825
1982 2734
1983 2784
1983 1985
1983 2002
1983 2005
1984 4825
1984 4105
1984 1985
1985 3545
1985 2001
1986 3545
1986 2002
1986 1987
1987 1998
1987 1989
1988 3595
1988 1989
1990 3593
1990 1991
1991 3593
1991 2547
1992 2747
1992 3956
1993 2508
1994 1995
1994 4107
1995 3591
1995 1996
1995 2508
1996 4108
1996 2784
1997 2004
1997 3935
1998 2002
1998 1999
1999 2784
2000 2734
2001 4106
2001 2005
2003 3936
2004 2503
2005 2785
2006 2535
2006 3089
2006 3091
2007 2015
2007 3776
2008 4711
2008 4480
2010 2360
2010 4769
2010 2377
2011 3122
2012 2014
2013 2014
2015 4894
2015 3776
2015 5089
2016 2018
2016 5114
2017 2520
2017 2518
2018 2540
2019 2020
2020 4258
2020 2643
2020 2851
2021 2520
2021 2105
2022 4211
2022 4209
2023 4210
2023 4211
2023 3127
2024 3023
2025 2026
2026 2027
2027 4913
2027 4915
2028 4286
2028 2029
2029 2030
2029 3229
2030 4285
2030 4287
2031 2032
2031 2034
2031 2033
2031 3035
2033 3034
2033 2035
2034 2035
2034 2037
2035 3042
2035 2036
2036 2037
2036 3628
2036 2038
2039 2040
2040 2041
2042 2258
2042 3098
2043 2044
2043 3774
2043 3692
2044 3877
2044 3878
2046 2047
2046 4192
2046 4193
2047 2048
2047 4194
2048 2048
2049 2051
2050 4050
2050 2051
2050 4389
2051 4050
2052 2054
2053 2056
2054 2059
2054 2055
2055 2056
2055 2943
2056 2057
2057 2058
2058 2062
2060 2062
2060 4996
2060 2061
2061 2063
2061 2065
2062 2065
2063 2064
2063 3805
2064 2068
2065 4996
2066 2071
2068 2072
2069 2070
2069 3205
2070 2073
2071 2072
2073 2080
2074 2075
2074 2076
2075 2077
2076 3802
2076 2078
2076 2077
2077 2079
2078 2079
2078 2081
2079 2083
2080 3812
2081 2083
2081 3810
2082 2084
2083 2084
2084 3797
2085 2087
2085 2086
2086 2088
2088 2093
2089 2091
2090 3811
2091 2092
2091 2094
2092 3844
2092 2093
2093 2095
2094 3798
2094 2096
2095 2097
2095 3798
2096 3799
2096 2098
2097 3799
2097 2099
2098 3800
2098 2100
2099 3800
2099 2102
2100 2101
2100 2103
2101 3800
2101 2102
2102 4966
2103 4977
2104 4977
2104 4966
2105 2521
2107 2108
2109 2110
2110 3676
2111 3910
2111 2112
2112 3913
2112 3923
2113 2114
2113 3916
2114 2115
2114 5122
2115 3904
2115 3907
2117 3869
2117 4547
2117 4526
2118 2120
2118 4798
2118 2119
2119 2122
2119 4793
2120 2121
2121 2137
2121 2124
2122 2126
2122 4370
2123 2125
2123 2130
2123 4546
2124 2240
2125 2127
2126 2820
2126 4757
2127 2135
2127 2128
2128 2132
2129 2131
2129 4791
2131 2133
2132 2138
2133 2134
2133 4657
2134 4805
2134 2136
2135 2144
2136 2245
2137 2141
2138 2247
2139 2140
2141 2145
2142 2254
2142 2143
2143 2150
2144 2147
2145 4947
2146 2155
2146 2160
2147 2148
2147 5083
2148 4892
2148 2149
2150 2250
2151 2253
2151 2431
2152 2153
2152 2246
2152 2244
2153 2155
2154 2255
2154 2158
2154 2251
2155 2156
2156 2160
2157 2267
2157 2255
2158 2259
2158 2257
2159 2260
2159 2275
2160 2268
2161 2270
2161 2267
2162 3667
2162 2165
2162 2169
2163 2244
2163 3190
2164 2244
2164 3187
2164 2173
2165 2170
2165 4657
2166 3187
2166 2167
2166 2175
2167 2168
2167 3191
2168 3188
2168 2176
2169 3188
2169 2170
2169 2177
2170 2171
2170 2178
2171 2827
2171 2174
2172 2245
2173 2175
2173 3608
2174 3855
2174 2178
2175 3191
2176 2177
2176 3191
2177 2178
2179 3776
2180 2181
2180 3525
2181 2182
2181 2183
2181 2184
2184 3093
2185 3795
2186 2188
2187 2188
2189 2190
2190 2191
2191 4151
2192 4151
2192 2193
2194 3910
2195 2196
2195 2219
2195 2621
2197 2201
2197 2204
2199 2200
2199 3496
2200 2207
2200 3497
2201 2202
2202 2205
2202 2203
2203 2204
2203 2205
2204 2206
2205 2214
2206 2812
2207 2209
2207 5055
2208 3067
2209 5055
2209 2212
2210 4180
2211 3071
2211 3072
2211 2613
2212 2222
2212 5139
2213 3067
2213 3066
2213 5112
2214 4185
2215 3879
2216 3879
2217 2222
2218 2773
2218 2225
2218 5140
2219 2617
2219 2618
2220 5035
2220 2614
2220 2619
2220 3066
2221 2618
2221 2621
2221 2616
2222 3495
2222 2224
2223 3493
2225 5064
2225 2226
2227 3059
2227 2232
2227 4316
2228 4339
2229 2232
2229 3057
2229 2621
2230 2233
2233 2234
2233 5056
2235 3062
2235 3499
2236 5057
2236 2238
2237 3063
2237 3498
2238 2239
2238 3666
2240 3806
2241 4804
2241 2242
2242 2825
2242 2243
2243 2244
2243 4803
2245 2827
2245 2246
2246 3855
2247 2248
2248 2251
2249 2252
2250 2254
2250 2261
2251 2256
2252 2265
2254 2261
2255 2259
2258 2435
2259 2260
2260 2274
2262 2263
2262 2269
2263 3098
2263 4918
2264 2431
2266 2271
2266 2293
2267 5111
2268 2269
2269 2286
2270 2289
2270 2781
2272 2304
2273 2276
2273 5110
2273 2274
2274 2277
2275 2278
2275 5082
2276 2277
2276 2279
2277 2281
2278 2280
2279 2288
2279 2281
2280 2285
2280 4549
2281 2283
2282 2287
2282 3807
2282 2781
2283 2284
2283 2291
2284 2285
2284 3086
2285 2341
2286 2290
2287 2288
2288 2310
2289 2295
2290 2292
2290 4918
2292 2293
2292 4917
2292 4916
2293 2294
2295 2296
2295 2308
2296 2299
2296 3817
2297 2298
2297 2302
2299 2301
2299 2300
2300 2303
2304 2305
2306 2317
2307 2309
2307 2308
2307 3807
2308 3817
2309 2310
2309 4935
2309 3815
2310 2315
2312 2313
2313 2314
2316 2320
2317 2321
2317 2318
2318 2319
2319 2323
2319 2338
2320 2325
2320 2322
2322 2323
2322 2326
2323 2327
2324 2325
2325 2326
2326 3816
2326 2327
2327 2328
2328 2329
2328 3818
2329 3816
2329 2330
2329 3251
2330 2334
2330 2331
2332 2349
2332 2334
2333 2353
2335 2336
2336 2354
2337 2338
2337 3818
2339 4804
2339 2820
2340 2342
2341 2532
2341 2342
2342 2343
2343 4263
2343 2344
2343 2346
2344 5103
2344 2533
2345 2346
2345 2532
2346 3089
2347 4265
2348 2349
2348 3816
2349 3809
2350 2536
2350 2351
2350 3522
2351 3518
2351 4725
2352 2538
2352 2353
2352 5002
2353 2355
2357 2787
2357 4094
2358 2358
2358 2359
2360 2900
2360 2361
2361 2362
2362 4807
2362 2901
2363 2902
2363 4807
2363 2526
2364 4518
2364 3337
2365 2366
2366 2367
2367 4773
2367 2368
2368 2369
2369 2861
2369 4772
2370 2633
2370 4772
2370 2371
2371 4771
2371 2372
2372 2373
2373 2374
2374 4630
2374 2375
2375 4630
2375 2376
2376 4770
2376 2378
2377 2898
2377 2378
2377 4770
2380 2381
2381 2382
2381 2383
2382 2383
2382 2384
2383 2384
2383 2385
2384 2385
2385 2386
2387 3527
2387 2388
2388 3528
2389 2390
2390 3528
2390 3267
2391 3849
2391 3261
2391 3260
2392 2397
2393 2397
2394 2395
2395 2643
2395 2397
2396 2398
2397 2522
2398 2399
2399 2400
2401 2524
2403 2416
2404 2411
2404 2422
2404 2420
2405 2417
2406 2409
2407 2418
2408 4784
2409 2429
2409 2424
2410 2413
2411 2417
2412 2419
2412 2422
2413 2428
2413 2415
2414 2427
2414 4779
2417 2419
2418 2420
2421 4784
2425 2430
2426 2539
2426 4783
2431 2436
2431 2435
2432 2437
2432 2436
2432 2433
2434 2436
2438 4576
2438 3780
2439 2443
2440 2440
2440 2441
2442 2443
2442 4889
2443 2444
2444 4890
2445 2446
2445 3866
2446 2447
2447 3584
2449 4588
2449 5067
2450 5069
2450 2452
2450 2458
2451 2454
2451 5067
2451 2453
2452 2453
2452 2460
2453 2459
2454 2455
2454 2459
2455 3108
2455 2462
2456 2457
2456 5069
2457 2458
2458 2460
2459 2461
2460 2461
2461 2462
2462 3108
2463 3863
2463 2464
2465 2701
2465 4882
2465 2592
2466 2507
2466 3397
2466 3396
2467 2468
2468 2469
2469 2718
2470 2471
2471 2478
2471 2472
2473 2476
2473 2475
2474 2479
2475 2477
2475 2788
2476 2477
2476 2487
2477 2481
2478 2479
2478 2487
2479 2480
2481 2484
2482 2483
2483 2485
2483 2484
2484 2486
2485 2488
2485 2788
2488 3247
2489 3735
2490 2492
2491 2497
2492 2496
2492 4839
2493 2585
2493 5001
2493 2595
2494 2587
2495 2496
2495 2498
2496 2498
2497 2498
2497 3678
2499 2500
2500 4222
2501 4223
2501 4227
2502 4226
2503 2504
2503 5014
2504 2506
2504 2505
2506 5014
2506 4108
2507 3393
2507 4813
2510 2512
2510 2511
2510 2515
2511 2513
2511 2512
2512 2513
2513 2514
2515 2516
2516 2517
2517 2517
2518 4571
2518 4978
2519 2767
2519 2521
2520 4572
2522 2523
2522 3584
2523 2525
2524 4600
2524 2525
2527 4103
2527 2528
2528 2529
2528 4103
2529 4103
2529 2530
2530 4808
2531 2534
2531 3803
2531 2532
2532 3086
2533 4265
2533 3322
2534 3087
2535 2536
2535 5091
2535 2537
2537 3522
2537 5002
2537 2538
2538 3808
2539 4787
2540 3773
2540 3848
2541 2651
2541 2542
2542 2652
2542 2543
2544 2545
2544 2651
2545 3907
2546 2906
2547 2783
2548 3652
2548 2549
2550 2552
2550 2553
2550 4089
2551 4090
2551 4559
2552 2555
2552 4090
2553 4364
2553 4367
2554 4364
2554 2556
2554 2555
2555 2557
2556 4366
2556 2557
2557 2558
2558 4363
2558 2559
2559 4091
2560 2561
2561 4172
2563 2564
2563 4136
2565 2566
2566 3630
2567 2905
2567 2904
2567 2906
2568 2920
2568 2923
2568 4853
2570 2940
2570 2941
2570 5129
2571 2939
2571 2940
2572 5125
2572 3559
2573 5129
2573 3167
2574 4154
2574 3448
2575 2603
2576 2603
2576 2577
2576 4152
2578 2579
2579 3643
2580 2581
2583 2584
2585 2587
2586 4545
2586 4542
2586 5003
2587 4326
2590 4846
2591 4206
2591 4205
2592 3246
2592 5097
2593 4550
2593 2594
2593 4542
2594 5001
2594 4543
2595 4544
2595 4534
2596 2597
2598 2601
2599 2600
2601 3655
2602 2603
2605 2606
2607 2608
2608 2612
2608 2610
2609 2610
2610 2612
2611 2612
2613 2615
2615 2616
2617 2618
2619 3045
2620 2622
2623 5059
2623 4338
2623 2624
2624 2624
2626 3149
2626 4414
2627 3095
2627 3129
2628 2813
2629 2630
2629 2632
2630 2631
2630 2816
2631 2632
2633 2816
2633 2817
2634 2635
2636 2637
2637 3940
2637 3514
2638 2726
2639 2642
2640 4345
2643 2644
2643 2645
2646 2879
2646 4210
2646 3260
2647 3458
2648 2649
2649 2650
2649 4168
2649 3735
2652 2653
2653 3133
2653 4122
2654 2655
2656 4491
2656 2659
2657 2658
2658 2660
2659 3742
2659 3355
2660 2661
2660 3733
2661 2662
2662 3366
2663 3719
2663 3723
2663 3722
2663 3726
2664 2665
2664 3706
2665 3704
2665 2669
2666 3732
2666 3730
2666 3729
2667 2668
2667 2669
2668 2670
2669 2670
2669 4492
2670 3368
2671 3675
2671 2672
2673 2674
2673 2675
2674 2676
2674 2677
2675 2677
2678 2680
2679 2681
2681 3177
2682 3259
2683 4417
2683 4418
2684 4418
2684 4355
2684 2686
2685 4419
2685 2686
2685 4989
2685 4979
2689 2692
2690 2692
2691 2692
2692 2694
2693 2694
2693 2696
2694 2695
2697 2698
2697 2699
2698 2699
2700 3792
2703 4846
2703 4389
2704 2705
2705 3509
2705 2808
2706 3011
2706 2707
2707 3013
2708 3657
2708 4004
2708 4843
2708 4842
2709 4004
2709 4842
2709 4376
2710 2716
2710 2715
2711 2712
2711 2713
2712 2714
2712 2718
2713 2717
2713 2716
2715 2724
2716 2717
2719 2722
2720 4173
2720 2722
2721 2723
2725 4197
2725 2726
2726 3574
2727 3659
2728 4139
2729 2732
2729 2730
2732 2737
2732 2733
2734 2736
2735 2736
2735 2738
2736 3892
2737 3103
2738 2744
2738 3896
2739 2740
2739 2743
2740 3938
2740 3635
2741 4203
2741 2742
2741 2746
2743 3635
2743 2745
2744 3895
2745 2746
2745 2748
2747 3937
2748 3938
2749 3938
2750 4765
2750 4761
2751 5010
2751 5007
2752 2753
2753 2754
2756 2761
2757 2758
2759 2760
2762 2764
2764 3106
2765 3107
2766 2767
2766 4978
2766 4724
2767 2768
2768 2994
2769 4609
2770 4612
2770 4621
2772 4180
2772 2773
2774 4181
2774 4185
2774 4183
2775 4318
2775 2776
2775 3880
2776 4341
2776 5075
2777 5036
2777 4182
2777 5037
2778 4183
2779 5039
2779 4339
2780 3802
2780 3810
2782 2783
2784 2786
2785 2786
2789 4140
2789 4137
2789 2790
2790 4137
2791 2792
2791 2793
2791 2795
2792 5040
2792 2795
2793 2796
2793 2799
2794 2797
2794 2796
2795 2797
2796 2800
2797 2798
2798 5050
2798 2802
2799 2801
2799 2809
2800 2802
2800 2801
2801 2805
2802 2805
2803 5040
2803 2804
2803 5045
2804 2806
2804 5045
2804 5050
2805 5049
2806 5047
2806 5041
2806 5049
2807 5044
2807 2810
2807 5045
2808 4601
2808 5044
2809 5042
2809 5041
2810 4601
2811 4106
2812 5112
2813 2846
2813 2814
2815 2816
2819 4548
2819 4799
2820 2821
2821 3667
2821 2826
2822 4804
2823 2825
2824 4804
2825 2826
2826 4803
2827 3855
2828 2829
2829 2830
2829 2834
2831 2833
2832 2835
2833 2835
2834 2836
2834 2835
2836 4692
2837 2838
2837 4438
2839 2840
2840 2842
2840 3740
2841 2842
2845 3247
2845 3249
2847 2848
2847 2849
2848 3794
2848 2850
2849 2850
2851 2853
2851 2852
2852 3794
2852 2853
2853 3849
2854 3790
2854 2856
2855 2859
2855 2860
2857 2858
2857 4062
2857 4586
2859 2867
2859 2860
2860 2862
2861 2864
2862 2863
2862 2871
2863 2875
2864 2865
2864 2868
2865 2868
2865 4772
2866 2869
2866 3853
2867 2870
2868 4774
2869 2873
2869 2874
2870 2871
2870 2877
2871 2875
2872 2878
2872 4835
2872 4774
2873 2876
2873 2880
2875 2877
2878 2878
2879 4201
2879 3261
2880 2881
2880 2884
2881 2884
2881 2882
2882 2883
2882 2885
2884 2885
2885 2886
2886 3246
2887 2888
2889 2891
2889 2890
2890 2892
2891 2892
2892 2893
2892 2894
2896 2897
2898 2899
2899 2900
2900 2901
2901 2902
2902 2903
2904 2905
2905 4634
2906 2907
2907 2908
2907 2909
2908 2916
2908 2911
2909 2911
2909 2910
2910 2921
2910 2914
2911 2912
2912 2915
2912 2916
2913 4848
2913 2917
2913 2922
2914 4633
2914 2919
2914 2920
2915 2926
2915 2918
2916 2917
2917 2922
2917 2918
2918 2928
2919 2920
2919 2923
2920 2921
2921 4854
2922 3558
2923 2925
2924 2925
2924 2930
2925 2931
2926 2927
2926 2934
2927 2929
2927 2928
2928 2929
2930 2932
2931 2932
2931 2933
2932 2933
2933 2936
2934 2935
2934 4855
2935 4856
2935 2936
2936 2937
2937 2938
2937 2939
2938 2942
2938 2939
2940 2942
2941 2942
2943 3193
2943 3192
2944 2951
2944 2945
2945 2946
2945 2947
2947 2948
2947 2950
2949 2950
2950 2951
2951 4698
2952 2952
2953 2954
2954 2955
2954 2957
2956 2957
2957 2958
2957 2960
2959 2960
2960 2966
2960 2965
2961 2970
2961 3178
2961 2962
2962 2964
2962 2968
2963 2965
2964 3796
2964 2968
2965 2971
2966 2971
2966 4667
2967 2974
2967 2969
2967 3178
2968 2970
2969 2975
2969 2973
2970 3179
2972 4900
2973 2977
2973 2976
2974 3179
2974 2975
2975 2977
2976 2979
2977 2979
2978 2980
2978 2981
2979 2980
2980 2982
2981 2983
2981 2982
2982 2984
2983 2985
2983 2984
2984 2986
2985 3183
2985 2986
2985 3208
2986 3184
2987 4358
2987 2988
2989 2990
2990 2993
2990 3001
2992 2993
2993 2997
2994 3007
2995 2996
2996 3000
2996 2998
2997 3002
2997 2999
2998 3000
2998 3001
2999 3002
2999 3003
3000 3005
3000 3004
3001 3003
3002 3006
3003 3008
3004 3010
3004 3005
3005 3008
3006 3007
3006 3009
3008 3009
3009 3010
3010 3011
3011 3013
3014 3015
3015 3016
3016 3017
3018 3019
3019 3021
3019 3020
3020 4939
3022 3023
3024 3024
3025 3028
3025 3025
3026 3036
3027 3029
3028 3033
3029 3228
3029 3030
3030 3229
3030 3034
3031 3034
3032 3033
3032 3230
3032 3229
3034 3230
3035 3036
3035 3230
3036 3037
3038 3040
3039 3040
3040 3041
3041 3042
3041 5138
3042 3043
3044 3048
3044 3051
3044 3045
3045 3046
3046 3050
3046 3047
3047 3055
3047 3056
3048 3052
3048 3049
3049 3050
3049 3053
3050 3054
3051 3052
3051 5062
3052 3053
3053 3054
3054 4316
3055 3056
3055 4316
3056 3057
3058 3060
3058 5076
3058 4337
3059 3060
3059 5079
3059 5077
3060 5079
3061 5079
3061 3062
3064 3065
3066 5112
3067 3880
3068 3069
3068 3070
3069 3493
3070 3495
3071 3072
3073 3074
3074 3075
3075 3076
3076 3954
3077 3657
3077 3132
3077 5080
3078 3577
3078 3676
3079 3676
3080 3082
3081 3083
3083 3084
3084 3927
3086 3803
3087 3803
3088 3089
3088 3322
3088 3335
3088 5091
3090 3809
3090 3091
3091 3808
3092 3808
3092 3809
3093 3529
3094 3130
3095 3130
3096 4777
3096 4616
3096 4617
3097 4614
3098 4917
3099 4043
3100 4650
3100 4371
3101 3102
3101 3897
3102 3888
3102 3104
3103 3888
3103 4626
3104 3105
3104 3900
3105 3506
3105 3946
3105 4626
3108 3109
3110 3112
3110 3111
3111 4401
3112 4404
3113 4409
3113 3115
3114 4404
3115 4408
3115 3116
3116 4406
3116 4405
3117 4406
3118 3119
3118 4782
3119 3120
3119 4783
3123 3124
3124 3125
3126 3440
3126 3127
3128 3129
3129 3130
3131 4042
3133 3134
3133 4123
3134 3135
3135 3138
3135 3136
3137 3138
3138 4121
3139 3140
3140 4649
3141 3143
3142 3143
3142 3144
3143 3146
3144 3145
3145 3146
3146 3147
3147 4943
3148 3164
3149 4568
3150 4415
3150 4414
3150 4413
3151 3152
3151 5115
3151 3848
3152 3949
3152 3686
3153 3370
3153 3154
3154 4129
3154 4133
3155 4133
3155 3156
3155 3370
3157 4160
3158 3161
3159 3171
3160 3162
3160 3911
3160 3163
3161 4160
3165 3166
3167 5129
3167 3168
3168 5126
3169 3170
3171 5117
3171 3172
3172 5116
3173 3175
3175 3875
3176 3455
3177 3178
3177 3200
3178 3179
3179 3604
3180 3181
3181 3182
3182 3813
3182 3183
3183 3184
3184 3601
3185 3813
3186 4067
3187 3188
3189 3806
3190 3806
3190 4948
3192 4424
3194 3195
3194 3197
3195 3196
3195 3198
3196 3199
3201 3202
3203 3204
3204 3805
3204 4944
3204 4945
3206 3208
3207 3208
3210 3211
3210 4449
3211 3213
3211 3381
3212 3381
3212 3214
3213 4215
3214 4215
3215 3386
3215 4215
3216 3385
3217 3218
3218 3223
3219 3220
3220 3222
3220 3221
3222 3224
3222 3225
3223 3225
3225 3226
3227 3228
3228 3535
3231 3232
3232 5136
3233 3235
3235 3237
3235 3236
3239 3572
3239 3240
3240 3572
3241 3242
3242 3812
3242 3244
3243 3244
3244 3811
3245 4200
3245 3246
3247 3248
3250 3818
3251 3818
3252 3253
3253 3255
3253 3254
3254 4923
3256 3257
3257 4920
3257 4923
3258 3259
3260 3261
3262 3263
3263 4467
3264 3265
3264 4682
3264 4683
3265 3266
3265 3268
3266 3268
3268 4679
3269 3270
3269 3274
3269 3271
3270 3276
3270 3272
3271 3274
3271 3280
3272 3281
3272 3273
3273 3282
3273 3277
3274 3276
3274 3285
3275 3275
3276 3296
3276 3281
3277 3281
3277 3282
3278 3293
3279 3294
3280 3285
3280 3297
3281 3298
3281 3286
3282 3286
3283 3284
3283 3288
3284 3289
3285 3296
3285 3302
3286 3287
3287 3303
3287 3295
3288 3290
3288 3289
3289 3291
3290 3291
3290 3292
3291 3292
3292 3293
3293 3294
3294 3301
3295 3299
3295 3300
3296 3298
3296 3305
3297 3302
3297 3307
3298 3303
3298 3306
3299 3303
3299 3300
3300 3304
3302 3305
3302 3307
3303 3304
3303 3308
3304 3308
3305 3306
3305 3309
3306 3310
3306 3308
3307 3309
3308 3311
3309 3310
3310 3311
3311 3312
3314 3315
3316 3336
3316 3590
3316 4515
3317 4515
3317 3318
3318 4954
3318 3319
3319 4520
3319 4213
3319 4524
3320 4955
3320 3335
3320 4212
3321 4264
3321 3335
3321 3334
3322 4264
3324 3325
3325 3783
3326 3327
3326 3329
3327 3328
3328 3329
3329 3872
3330 4488
3330 3331
3331 3332
3331 3333
3333 3472
3334 3336
3337 3585
3339 3342
3339 3340
3339 3343
3341 3342
3342 3343
3343 3344
3344 3345
3344 3346
3346 3438
3347 4499
3347 3349
3347 3354
3348 3349
3349 3355
3350 3351
3351 4500
3351 3352
3352 3353
3352 4504
3353 3354
3353 3554
3354 3748
3355 3356
3357 3358
3358 3359
3361 3362
3361 5088
3361 3365
3362 3364
3362 3365
3363 3364
3364 3932
3365 3933
3366 3367
3366 3369
3368 4394
3368 3369
3369 4393
3371 5136
3373 3374
3373 4214
3373 3380
3374 3377
3374 3382
3375 3376
3375 3379
3375 4214
3376 3377
3376 3390
3377 4220
3378 3389
3378 4261
3378 3379
3379 4214
3380 3381
3380 3382
3383 3820
3383 3384
3384 3385
3384 3387
3386 3387
3387 3388
3388 3820
3390 4261
3390 4260
3391 4260
3392 4885
3392 4886
3393 3398
3393 3394
3395 4812
3395 3396
3395 4813
3398 5081
3399 3408
3399 3409
3399 3400
3400 3407
3400 3404
3401 3403
3401 3419
3401 3402
3402 3403
3402 3415
3403 3415
3404 3405
3404 3407
3405 3406
3406 3407
3406 3408
3407 3408
3408 3410
3409 3410
3409 3414
3410 3411
3410 3413
3412 3413
3413 3414
3413 3415
3414 3415
3416 3417
3417 3419
3417 3418
3419 3423
3420 3421
3421 3422
3421 3423
3423 3424
3424 3425
3424 3436
3425 3438
3426 3427
3426 3435
3426 3428
3427 3432
3427 3429
3428 3429
3428 3430
3429 3431
3430 3431
3430 3436
3431 3436
3432 3435
3432 3434
3433 3434
3433 3435
3433 3437
3434 3437
3437 3438
3439 3645
3441 4112
3442 3819
3442 3443
3444 4979
3445 3446
3447 4154
3448 3450
3448 4154
3449 4514
3449 4645
3450 4645
3451 4788
3451 4779
3451 3653
3452 3454
3452 3456
3452 3457
3453 3454
3454 3455
3455 3459
3456 4171
3457 3458
3458 3459
3460 3461
3461 3463
3461 3475
3462 3463
3463 3465
3464 3465
3465 3473
3466 3467
3467 3469
3467 3473
3468 3469
3469 3471
3470 3471
3471 3472
3472 4486
3473 3474
3476 3477
3477 3479
3477 3489
3478 3479
3479 3481
3480 3481
3481 3488
3482 3483
3483 3539
3483 3541
3484 3485
3485 3539
3485 3486
3487 3541
3491 3499
3493 3494
3500 4337
3502 3503
3503 3868
3504 3505
3506 3507
3508 3509
3510 3511
3512 4688
3512 3515
3512 3513
3513 4687
3513 3514
3514 3515
3517 3520
3517 3518
3517 5092
3518 3519
3520 3530
3520 3521
3521 4725
3521 5002
3522 4725
3523 3524
3524 3525
3525 4909
3525 4911
3526 3527
3529 4902
3529 3530
3530 3534
3531 3532
3532 3533
3532 3534
3536 3537
3538 3539
3540 3541
3542 3543
3545 4104
3546 4873
3546 3682
3546 4876
3548 3549
3549 3550
3549 3551
3551 3552
3553 4058
3554 4500
3554 4501
3555 3750
3555 3556
3556 4714
3557 4396
3557 3674
3558 3559
3561 3562
3562 3563
3562 3565
3563 3570
3563 3571
3564 3565
3566 3567
3567 3571
3567 3572
3568 3570
3568 3569
3569 3570
3569 3571
3573 3574
3574 3575
3575 4135
3576 4860
3578 3580
3578 3944
3578 3579
3579 4628
3579 3580
3581 3582
3581 5085
3582 3583
3585 3586
3586 4810
3586 3589
3587 3589
3587 3588
3588 3590
3589 4275
3590 4518
3592 3593
3594 3595
3596 3597
3597 3602
3597 3601
3598 3796
3599 3796
3599 3604
3599 3601
3600 3602
3600 4358
3602 4359
3603 3604
3605 3796
3606 3607
3606 3613
3606 3612
3607 4806
3607 3608
3608 3613
3609 3610
3609 3611
3610 3612
3611 3612
3611 3613
3614 3615
3616 3861
3616 3968
3616 3985
3617 3618
3619 3620
3620 3621
3621 3622
3621 3623
3623 3624
3624 3625
3625 3625
3626 3627
3629 4047
3630 4047
3631 3633
3632 3633
3634 3635
3636 3642
3637 3638
3638 3639
3638 3640
3640 3642
3640 4163
3641 4163
3642 3643
3643 3770
3644 4202
3645 3647
3645 3649
3646 3648
3646 3647
3646 3650
3648 4323
3651 4320
3651 4322
3651 4319
3652 4321
3653 4788
3653 4779
3654 3655
3656 4150
3657 4146
3658 4326
3659 4348
3660 4348
3660 4135
3660 4347
3661 3662
3663 3664
3664 3823
3665 5052
3665 3866
3665 5053
3666 5060
3667 4803
3668 4792
3668 4368
3668 4791
3669 4798
3669 4658
3670 3671
3672 5124
3672 3673
3672 5125
3673 5125
3675 4386
3675 4388
3677 4718
3677 4840
3678 4840
3679 3680
3681 4872
3681 4789
3681 4790
3682 4876
3682 4875
3683 4876
3683 4872
3684 3685
3687 3688
3687 3690
3687 3778
3688 3689
3688 3693
3688 3694
3690 3693
3691 3693
3692 3950
3692 3949
3695 3698
3696 3699
3697 3698
3697 3805
3697 4671
3698 3699
3699 3700
3701 4671
3701 3702
3701 3703
3704 3707
3704 3705
3706 3707
3706 3709
3706 3711
3707 3710
3707 3708
3710 3714
3710 3711
3710 3713
3711 3712
3711 3715
3714 3718
3714 3715
3714 3717
3715 3716
3715 3719
3718 3722
3718 3719
3718 3721
3719 3720
3722 3725
3722 3724
3725 3729
3725 3726
3725 3728
3726 3727
3726 3730
3729 3730
3729 3731
3734 5080
3734 3735
3736 3737
3737 3738
3739 4102
3739 4101
3740 4102
3740 4100
3741 3742
3744 3746
3745 3746
3745 3748
3745 3749
3746 3749
3747 3749
3748 4505
3750 3752
3751 4494
3751 3752
3753 3754
3755 3769
3755 3756
3755 3771
3756 3765
3756 3771
3757 3759
3757 3758
3757 3762
3758 3760
3758 3769
3760 3762
3760 3761
3762 3763
3764 3765
3765 3766
3765 3768
3767 3768
3768 3769
3770 3771
3774 3775
3774 5115
3775 3848
3775 5115
3777 3778
3777 3782
3779 3780
3780 3781
3782 4811
3783 3784
3785 3786
3787 4720
3788 3789
3790 3791
3790 4062
3792 4724
3792 4978
3793 3794
3793 3793
3798 3844
3798 3799
3799 3800
3803 3815
3806 4947
3808 3809
3811 3812
3815 3817
3820 4260
3821 4116
3822 3823
3825 3826
3826 3843
3826 3828
3827 3828
3828 3829
3830 3831
3831 3841
3831 3842
3832 3842
3833 3837
3834 3835
3834 3838
3834 3843
3835 3836
3835 3837
3837 3838
3838 3840
3839 3840
3840 3842
3843 3844
3845 3854
3846 3847
3847 4142
3850 3851
3851 3852
3852 3853
3856 3857
3860 3895
3860 3897
3860 3896
3861 3862
3861 3992
3861 3993
3862 3994
3862 3956
3863 3864
3863 3865
3864 5052
3866 5051
3867 5051
3868 5054
3869 4871
3870 3871
3873 3941
3874 3875
3876 3877
3879 3880
3884 4870
3884 4869
3884 4790
3885 4524
3885 4520
3886 4846
3886 4847
3887 3888
3889 3890
3890 4718
3891 3894
3891 4826
3891 3892
3892 4826
3893 4105
3893 3894
3895 4827
3897 4631
3898 3899
3899 4631
3899 3900
3901 3902
3901 3919
3902 5118
3902 3903
3903 5121
3904 3905
3905 3907
3905 3906
3906 4143
3908 3909
3910 3911
3911 4159
3912 3922
3912 3915
3912 3913
3913 3914
3913 3916
3914 3917
3915 3916
3916 3917
3918 5119
3919 5119
3920 3922
3920 3921
3921 3922
3921 3923
3924 4525
3924 4882
3924 3925
3925 4882
3925 4869
3926 3927
3928 3929
3929 3930
3929 3931
3931 3933
3933 3934
3939 3940
3942 4267
3942 4493
3943 3945
3944 3946
3944 3945
3945 3946
3947 4060
3947 4899
3947 4560
3948 4564
3948 4061
3948 4566
3951 3972
3951 3952
3951 3986
3951 3970
3952 3973
3952 3983
3952 3989
3953 3954
3956 3957
3958 3959
3958 3998
3958 3997
3959 3959
3960 3994
3960 3961
3960 3963
3961 3967
3961 3963
3961 3962
3962 3993
3962 3968
3963 3965
3964 3965
3964 3966
3965 3966
3965 3967
3967 3968
3969 3973
3969 3984
3969 3992
3970 3983
3970 3982
3971 3983
3971 3973
3971 3979
3973 3989
3974 3975
3975 3976
3975 3977
3976 3982
3976 3981
3977 3978
3977 3979
3977 3991
3978 3991
3978 3980
3979 3982
3979 3980
3980 3992
3984 3985
3984 3989
3985 3988
3985 3986
3986 3987
3986 3988
3988 3989
3990 3991
3993 3994
3995 3996
3995 3997
3995 3999
3996 3997
3996 3999
4000 4001
4002 4122
4002 4019
4003 4030
4003 4038
4004 4844
4005 4147
4005 4006
4005 4144
4006 4044
4006 4150
4007 4149
4007 4146
4007 4029
4008 4009
4008 4010
4008 4011
4009 4014
4009 4017
4011 4017
4011 4023
4012 4013
4012 4015
4012 4014
4013 4014
4013 4015
4015 4016
4017 4018
4020 4126
4020 4253
4021 4022
4021 4249
4021 4247
4021 4032
4022 4250
4022 4252
4023 4024
4023 4250
4024 5034
4024 5032
4025 5034
4025 4026
4025 5031
4026 4029
4026 4145
4027 4028
4027 4842
4027 4375
4028 4374
4028 4029
4030 4606
4030 4031
4031 4031
4032 4248
4032 4036
4032 4605
4033 4040
4033 4034
4033 4041
4033 4039
4034 4605
4034 4035
4035 4037
4035 4606
4035 4605
4036 4037
4036 4246
4037 4606
4038 4039
4039 4044
4039 4040
4040 4041
4041 4043
4042 4248
4042 4604
4043 4604
4045 4046
4045 4392
4047 4048
4048 4049
4049 4050
4051 4060
4051 4052
4052 4055
4052 4053
4052 4059
4053 4058
4053 4057
4054 4059
4054 4060
4055 4058
4056 4057
4057 4059
4060 4061
4062 4063
4063 4065
4063 4066
4064 4065
4065 4067
4068 4069
4070 4139
4071 4075
4072 4075
4072 4073
4073 4074
4073 4075
4076 4527
4076 4077
4076 4538
4077 4525
4077 4530
4078 5003
4078 4540
4079 4080
4079 4087
4079 4084
4079 4083
4080 4081
4080 4082
4082 4086
4082 4083
4083 4085
4085 4086
4085 4087
4086 4087
4088 4089
4089 4090
4090 4091
4092 4093
4095 4096
4097 4098
4099 4100
4100 4101
4101 4102
4103 4808
4103 4982
4105 4106
4107 4108
4110 4111
4112 4115
4113 4114
4113 4115
4113 4116
4117 4118
4118 4120
4118 4119
4119 4719
4120 4719
4121 4123
4122 4123
4123 4245
4124 4125
4127 4128
4128 4133
4128 4132
4129 4132
4129 4130
4131 4132
4135 4136
4136 4347
4137 4139
4138 4139
4141 4142
4144 4149
4144 4145
4146 4148
4147 4148
4147 4150
4148 4149
4153 4158
4155 4156
4156 4158
4157 4158
4159 4160
4162 4163
4164 4165
4165 4166
4167 4168
4169 4170
4169 4169
4170 4171
4172 4174
4173 4174
4174 4175
4175 4176
4175 4179
4176 4177
4177 4178
4177 4179
4180 5141
4181 4318
4181 4182
4182 4183
4184 4186
4185 4186
4186 4187
4188 4189
4189 4190
4189 4191
4192 4193
4193 4194
4195 4357
4196 4197
4198 4199
4200 4201
4201 5098
4204 4205
4205 4206
4209 4210
4210 4211
4212 4955
4213 4954
4216 4217
4216 4216
4217 4218
4217 4219
4218 4218
4221 4222
4222 4223
4223 4224
4224 4226
4224 4225
4225 4227
4225 4226
4228 4230
4228 4229
4230 4231
4232 4234
4232 4233
4236 4238
4237 4238
4239 4241
4240 4241
4242 4243
4242 4244
4246 4247
4246 4252
4247 4841
4248 4249
4249 4250
4249 4251
4252 4253
4254 4255
4255 4647
4255 4978
4256 4257
4258 4259
4258 4646
4261 4262
4263 5103
4263 4549
4264 4265
4265 4266
4266 5092
4266 5103
4268 4269
4270 4271
4272 4274
4273 4275
4273 4274
4276 4277
4278 4279
4279 4280
4281 4283
4281 4282
4282 4289
4283 4289
4283 4284
4283 4286
4284 4287
4284 4285
4284 4288
4285 4288
4286 4287
4288 4289
4290 4306
4290 4305
4291 4293
4291 4292
4292 4294
4293 4295
4293 4294
4295 4297
4295 4296
4296 4298
4297 4299
4297 4298
4298 4300
4299 4301
4299 4300
4300 4302
4301 4303
4301 4302
4302 4304
4303 4305
4303 4304
4304 4306
4305 4306
4307 4309
4307 5016
4308 4309
4309 4310
4310 4311
4310 4312
4313 4314
4313 4315
4314 4983
4317 4318
4320 4321
4322 4324
4323 4324
4326 4519
4327 4328
4327 5038
4327 5037
4328 4332
4328 4336
4329 4330
4329 4331
4329 4332
4330 4335
4330 4332
4331 4335
4331 5039
4332 4336
4333 4334
4335 4340
4336 4337
4338 4339
4339 4340
4340 5039
4341 4342
4341 5036
4343 4344
4348 4349
4350 4351
4352 4419
4352 4423
4352 4421
4353 4982
4353 4981
4354 4980
4354 4417
4354 4992
4355 4980
4360 4361
4360 4362
4363 4366
4363 4365
4364 4365
4365 4366
4368 4370
4368 4756
4369 4656
4369 4757
4370 4757
4371 4373
4371 4960
4372 4374
4372 4649
4373 4960
4374 5033
4374 4375
4375 4376
4376 4961
4377 4378
4378 4380
4378 4379
4379 4380
4381 4382
4382 4384
4382 4388
4383 4384
4384 4387
4385 5133
4386 4387
4387 5133
4388 4388
4389 4390
4395 4396
4396 4714
4397 4398
4398 4400
4399 4400
4403 4404
4406 4407
4409 4410
4411 4413
4411 4412
4413 4567
4414 4415
4415 4569
4416 4992
4416 4984
4416 4417
4417 4990
4418 4980
4418 4989
4419 4990
4420 4421
4421 4423
4422 4423
4424 4675
4424 4425
4426 4462
4427 4676
4427 4428
4428 4694
4428 4676
4429 4490
4430 4490
4430 4431
4430 4432
4432 4437
4433 4434
4434 4435
4434 4436
4434 4437
4437 4488
4439 4440
4440 4442
4440 4448
4441 4442
4442 4443
4443 4445
4443 4447
4444 4446
4444 4445
4445 4446
4449 4451
4449 4450
4450 4452
4452 4453
4454 4494
4455 4463
4456 4463
4457 4458
4457 4459
4457 4460
4457 4463
4460 4461
4460 4462
4464 4465
4466 4467
4468 4469
4469 4478
4469 4470
4471 4700
4471 4472
4474 4475
4477 4702
4477 4482
4477 4715
4478 4704
4478 4700
4479 4480
4480 4706
4481 4482
4483 4712
4483 4484
4485 4486
4487 4488
4489 4490
4491 4507
4494 4498
4495 4496
4496 4497
4496 4498
4498 4499
4499 4501
4500 4501
4502 4504
4503 4504
4506 4510
4507 4508
4507 4510
4509 4510
4512 4857
4513 4720
4516 4517
4517 4954
4521 4522
4521 4970
4521 4973
4522 4972
4522 4970
4524 4955
4525 4526
4526 4527
4527 4540
4528 4531
4528 4534
4528 4530
4529 4545
4529 4536
4529 4532
4530 4531
4531 4532
4532 4533
4533 4536
4533 4538
4534 4535
4535 4544
4535 4541
4536 4537
4537 5003
4537 4539
4538 4539
4539 4540
4541 4543
4541 4545
4542 4543
4544 5001
4546 4547
4548 4797
4548 4795
4549 5102
4551 4776
4551 4552
4552 4777
4552 4775
4553 4776
4554 4554
4556 4557
4557 4559
4558 4559
4560 4562
4560 4561
4562 4564
4562 4563
4564 4565
4567 4569
4567 4568
4568 4569
4570 4571
4572 4574
4572 4573
4574 4575
4576 4584
4577 4578
4579 4580
4580 4581
4582 4583
4582 4584
4585 4586
4588 4589
4590 4592
4591 4592
4592 4593
4594 4595
4595 4596
4595 4598
4597 4598
4598 4599
4602 4603
4604 4605
4607 4608
4607 4615
4607 4610
4608 4611
4608 4613
4609 4612
4609 4610
4610 4611
4611 4612
4613 4615
4613 4621
4614 4615
4614 4619
4616 4618
4617 4618
4617 4619
4618 4620
4619 4620
4620 4621
4622 4623
4623 4624
4624 4624
4626 4627
4629 4769
4629 4863
4631 4827
4632 4827
4634 4635
4636 4637
4638 4639
4639 4641
4639 4643
4640 4641
4641 4642
4643 4644
4643 4645
4646 5113
4646 4647
4648 4649
4650 4960
4650 4961
4651 4969
4651 4974
4652 4968
4652 4975
4653 4976
4653 4967
4654 4656
4654 4657
4654 4756
4655 4656
4658 4798
4659 4661
4660 4661
4660 4660
4661 4662
4664 4665
4665 4667
4666 4667
4670 4671
4672 4674
4673 4674
4674 4675
4676 4677
4678 4681
4678 4680
4679 4680
4680 4681
4685 4686
4687 4688
4688 4690
4689 4690
4690 4732
4691 4692
4693 4694
4695 4697
4696 4697
4696 4698
4697 4698
4699 4700
4701 4703
4702 4708
4702 4703
4703 4704
4705 4706
4707 4708
4709 4709
4709 4711
4710 4711
4713 4714
4716 4717
4720 5124
4721 4723
4722 4723
4726 4727
4727 4728
4727 4730
4728 4741
4728 4751
4728 4729
4729 4731
4729 4730
4730 4743
4730 4750
4731 4733
4731 4745
4732 4754
4733 4741
4733 4737
4734 4745
4734 4744
4734 4755
4735 4736
4735 4755
4736 4737
4736 4747
4737 4740
4738 4754
4738 4739
4738 4747
4739 4741
4739 4740
4739 4753
4740 4747
4742 4743
4743 4749
4744 4746
4744 4748
4745 4746
4746 4749
4748 4749
4748 4755
4750 4751
4752 4753
4753 4754
4756 4757
4756 4791
4758 4766
4758 4761
4759 5005
4759 4760
4760 5006
4762 4763
4762 4764
4763 5005
4765 5007
4765 5006
4766 5010
4767 5010
4767 4768
4769 4770
4774 4835
4775 4777
4775 4776
4779 4780
4780 4786
4781 4782
4782 4783
4783 4786
4784 4785
4787 4788
4789 4790
4790 4880
4792 4799
4792 4795
4793 4794
4793 4799
4795 4796
4797 4801
4797 4800
4800 4801
4800 4869
4801 4802
4808 4809
4809 4981
4809 4982
4812 4813
4814 4817
4815 4818
4815 4816
4816 4817
4817 4818
4819 4820
4823 4824
4825 4826
4828 4836
4829 4833
4829 4832
4830 4831
4830 4837
4831 4832
4833 4861
4834 4836
4835 4837
4836 4837
4838 4839
4843 4844
4844 4962
4845 4962
4849 4850
4849 4851
4849 4856
4850 4855
4850 4852
4851 4853
4851 4852
4852 4854
4853 4854
4855 4856
4857 4858
4859 4860
4861 4862
4863 4864
4866 4867
4870 4880
4870 4878
4871 4872
4871 4883
4873 4875
4873 4874
4875 4881
4875 4880
4877 4881
4878 4879
4878 4881
4883 4884
4884 4886
4885 5093
4885 4886
4887 4888
4889 4889
4891 4892
4893 5089
4894 5089
4895 5090
4896 4898
4896 5090
4897 4898
4900 4901
4903 4908
4903 4907
4904 4906
4904 4905
4904 4908
4905 4908
4906 4909
4906 4907
4907 4909
4910 4911
4912 4914
4913 4914
4914 4915
4916 4917
4917 4918
4918 4919
4920 4930
4920 4921
4922 4923
4924 4925
4925 4927
4926 4927
4928 4929
4929 4952
4931 4932
4932 4933
4934 4935
4936 4937
4938 4939
4940 4941
4942 4943
4946 4947
4947 4948
4949 4950
4951 4952
4956 4957
4958 4959
4961 4962
4964 4965
4966 4967
4967 4968
4968 4969
4969 4970
4972 4973
4973 4974
4974 4975
4976 4977
4981 4992
4983 4984
4983 4988
4984 4985
4984 4987
4985 4986
4985 4987
4988 4990
4988 4991
4989 4990
4993 4994
4994 4996
4994 4995
4997 4998
4998 4999
5004 5005
5007 5008
5008 5009
5011 5012
5013 5014
5015 5016
5017 5018
5018 5020
5019 5020
5021 5022
5022 5024
5023 5024
5025 5026
5026 5029
5026 5028
5027 5028
5028 5030
5031 5032
5033 5034
5035 5062
5036 5038
5037 5038
5040 5050
5041 5042
5042 5047
5043 5044
5046 5048
5047 5048
5048 5049
5051 5053
5052 5054
5056 5058
5057 5058
5059 5060
5060 5061
5062 5078
5063 5064
5065 5066
5067 5068
5068 5069
5070 5071
5072 5074
5073 5074
5075 5076
5075 5078
5076 5077
5077 5078
5083 5085
5083 5086
5084 5086
5086 5087
5088 5090
5089 5090
5091 5092
5093 5094
5094 5095
5095 5096
5097 5098
5101 5103
5101 5102
5104 5111
5104 5108
5105 5108
5105 5106
5107 5110
5108 5110
5109 5111
5110 5111
5116 5117
5118 5119
5118 5122
5120 5121
5121 5122
5126 5127
5131 5132
5132 5133
5132 5134
5136 5138
5137 5138
5139 5141
5139 5140
5140 5141
