0 684
0 315
0 884
0 682
0 707
1 492
1 615
1 494
2 231
2 511
2 377
3 116
3 1373
3 361
4 1493
4 5
4 441
5 1297
5 979
6 1296
6 248
6 1354
7 27
7 367
7 1288
7 29
8 110
8 371
8 27
9 251
9 738
9 257
9 132
10 263
10 762
10 257
11 15
11 12
11 21
11 261
12 13
12 1364
13 54
13 14
14 1334
14 413
15 268
15 1111
16 132
16 25
16 262
17 1288
17 1311
17 268
18 415
18 1122
18 413
19 1012
19 74
19 223
20 413
21 128
21 120
21 1311
22 278
22 1276
22 92
23 172
23 91
23 1276
24 120
24 117
24 118
25 1060
25 131
26 131
26 133
26 252
27 113
28 1372
28 489
28 369
29 1371
29 1373
30 65
30 1216
30 274
31 265
31 1363
31 254
32 74
32 71
32 183
33 71
33 1413
33 1420
34 1413
34 76
34 85
35 1269
35 1415
35 1213
36 37
36 64
36 1415
37 1267
37 76
38 225
38 449
38 613
39 1310
39 42
39 462
40 458
40 868
40 41
41 399
41 43
42 169
42 444
43 612
43 169
44 166
44 167
44 611
45 46
45 63
45 77
46 1405
46 1406
47 48
47 311
47 50
48 49
48 51
49 50
49 287
50 1107
51 52
51 298
52 53
52 1277
53 299
53 614
54 1335
54 341
55 343
55 1335
55 337
55 338
56 1334
56 366
56 357
57 380
57 1479
57 1289
58 1479
58 59
58 165
59 703
59 60
61 357
61 219
61 349
62 1220
62 766
62 1221
63 1401
63 79
63 80
64 1269
64 428
65 1269
65 405
66 127
66 100
66 1492
67 68
67 498
67 858
68 851
68 852
69 851
70 731
70 1056
70 1058
71 1315
72 1315
72 202
72 197
73 1370
73 777
74 259
74 75
75 1316
75 274
75 760
76 1401
77 1403
77 1401
77 1267
78 1223
78 290
78 601
79 1404
79 290
80 81
80 771
81 82
81 84
81 605
82 83
82 182
83 1412
83 200
84 85
84 1402
85 1412
86 124
86 370
86 387
87 125
87 88
87 124
88 134
88 90
89 90
89 92
89 95
90 94
91 1227
91 93
92 93
93 94
94 1228
95 96
95 278
96 125
96 97
97 277
97 157
97 484
98 99
98 124
98 100
99 109
99 100
101 370
101 375
101 387
102 106
103 106
103 104
103 109
104 105
104 388
105 387
105 109
106 107
107 376
107 763
108 376
108 764
108 111
110 1311
110 111
111 368
112 374
112 371
112 113
113 385
114 385
114 1312
114 856
115 116
115 1312
115 362
116 1493
117 1062
118 119
118 130
120 126
121 122
122 389
122 127
123 136
123 138
123 137
125 138
126 127
126 1492
128 273
128 1237
129 273
130 372
130 1060
131 132
133 272
133 267
134 370
134 854
135 136
135 389
135 137
136 389
137 139
138 139
139 141
140 484
141 143
141 277
142 143
142 145
142 372
143 146
144 1326
144 1322
144 1324
145 741
145 153
145 148
146 1322
146 741
147 151
147 148
147 741
148 153
149 150
149 741
149 743
150 151
150 744
151 156
152 744
153 154
154 810
154 156
155 372
155 1319
155 814
156 157
157 834
157 438
157 158
159 1494
159 983
159 858
160 655
160 236
160 497
161 656
161 497
161 496
162 448
162 626
162 658
163 478
163 637
163 626
164 522
164 707
164 684
165 513
165 711
166 171
166 612
167 168
167 611
168 168
169 170
170 171
170 452
171 401
172 690
172 828
173 268
173 269
173 1111
174 175
174 1142
175 176
176 177
176 245
177 247
177 356
178 356
178 179
178 355
179 701
179 715
180 247
180 1003
180 698
180 1285
181 1033
181 212
181 1018
181 1032
182 201
182 200
183 1315
183 414
184 358
184 416
184 414
185 1011
185 1117
185 203
186 198
186 199
186 1117
187 199
187 193
187 188
189 1024
189 1025
189 192
190 191
190 1025
190 192
192 195
193 1027
193 194
194 1038
194 1022
195 1038
195 204
196 199
196 197
196 1412
197 198
198 203
200 1027
201 1022
201 1490
202 203
202 416
203 416
204 728
204 1029
205 1029
205 1017
205 723
206 1010
206 1118
206 207
207 213
207 217
208 216
208 1010
208 209
210 347
210 1011
210 1314
211 1021
212 213
212 1021
213 242
214 215
214 224
214 347
215 217
215 237
216 1314
216 217
218 219
218 1002
218 349
218 1007
219 987
219 694
220 987
220 997
220 1344
221 993
221 222
221 998
221 1345
222 1073
222 994
223 224
223 244
224 238
225 249
225 1296
226 227
226 230
226 249
227 228
227 463
228 439
228 450
228 466
229 230
229 1495
230 453
231 232
231 493
232 233
232 345
232 234
233 512
233 235
234 235
234 492
235 1479
236 494
236 1381
236 660
239 240
240 241
240 246
241 245
241 243
242 243
242 1015
243 1013
244 1013
244 1012
245 246
246 247
248 1296
248 613
249 483
250 393
250 401
251 265
251 252
252 254
253 266
253 267
253 815
254 272
255 1498
255 263
255 1202
256 1317
256 1363
256 762
257 1363
258 265
259 260
259 1426
261 262
261 1426
262 1237
263 264
266 267
266 1319
269 270
269 344
270 271
270 337
271 1287
271 1288
272 1316
273 1237
274 408
275 815
275 411
275 1368
276 406
276 407
276 1428
277 742
278 484
279 280
279 396
279 394
280 292
280 318
281 1221
281 771
281 1223
282 283
282 930
282 927
283 283
284 1050
284 1047
284 549
285 1109
285 548
285 1052
286 552
286 561
286 560
287 595
287 288
288 559
288 593
289 290
291 1097
291 293
292 293
292 318
293 1097
294 295
294 595
294 296
295 300
295 296
296 298
296 306
297 306
297 305
297 299
298 299
300 422
300 931
300 301
301 1333
301 303
302 303
302 599
302 305
303 304
303 1333
304 305
304 306
307 310
308 314
308 1388
308 1389
309 310
310 311
310 312
311 313
312 1391
312 1461
313 604
313 1461
315 514
315 707
316 928
316 1053
317 706
317 1102
318 395
319 1312
320 955
321 945
321 955
321 948
322 902
322 323
322 944
323 945
323 951
324 946
324 325
324 950
326 327
326 690
326 857
327 688
327 1279
328 785
328 426
328 333
329 845
329 332
329 330
330 787
330 426
331 936
331 902
331 941
332 783
332 843
333 904
333 871
334 938
334 942
334 941
334 1208
335 937
335 1208
336 341
336 337
336 382
338 366
338 340
339 1287
339 1291
339 343
340 345
340 1481
341 382
342 344
343 1482
344 736
344 382
345 354
345 383
346 1206
346 356
347 358
348 364
349 365
350 363
351 354
351 1289
351 384
352 355
353 362
354 380
355 360
357 363
358 414
359 364
360 1002
360 701
360 695
362 364
363 1483
366 1478
368 371
368 374
369 489
369 446
373 383
373 386
373 384
374 376
375 388
375 856
377 492
377 488
378 381
379 386
380 996
381 488
381 494
383 384
385 388
386 1478
390 1386
390 891
391 396
392 1083
392 1193
392 1189
393 400
393 401
394 1107
394 402
396 553
397 1394
397 1189
397 404
398 1361
398 400
398 866
399 400
399 458
402 610
402 1087
403 1255
403 1245
403 1394
405 406
405 409
406 410
407 798
407 1429
408 1368
408 411
411 1367
412 1367
415 1012
415 1364
417 418
417 452
417 443
418 962
418 1212
419 966
420 421
420 777
420 1374
421 782
422 424
423 425
423 540
423 1116
424 925
424 924
425 915
425 1197
426 430
427 920
427 437
427 805
427 435
428 696
428 433
429 434
429 803
429 918
430 1114
430 437
431 908
431 433
431 905
432 812
432 436
432 813
433 922
433 919
434 799
434 905
435 789
435 790
436 825
436 1432
437 909
438 834
438 831
439 449
439 759
440 461
440 1149
440 482
441 480
441 447
442 472
442 633
442 450
443 460
443 456
444 452
444 451
445 665
446 662
446 655
448 457
448 675
449 985
450 959
451 968
451 758
454 958
454 1068
454 461
455 462
458 867
459 675
461 665
462 868
464 465
464 648
464 641
465 673
465 1149
466 474
466 957
467 480
468 673
468 674
468 676
469 664
469 644
469 652
470 476
471 475
471 873
472 479
472 482
473 662
476 670
476 676
477 646
477 659
479 1328
479 672
480 1068
481 482
482 672
482 670
485 1150
485 1152
485 488
485 1175
486 1150
486 489
486 1176
487 1188
487 1177
487 1187
488 650
489 1274
490 1275
491 1183
491 1182
491 1180
495 623
495 624
495 497
496 623
496 658
498 499
498 1229
500 750
500 747
500 751
500 505
501 508
501 1497
501 504
502 1497
503 509
503 863
503 968
503 504
504 1497
505 748
505 749
505 507
506 751
507 964
507 508
508 965
510 511
511 1291
513 525
513 524
514 524
514 711
515 1299
515 1376
515 1298
516 1376
516 1476
516 518
517 1300
517 878
517 680
518 1300
518 521
519 878
519 523
519 1304
520 1293
520 677
521 1474
521 680
522 1298
522 1308
523 1476
523 1309
524 879
525 616
525 527
526 527
526 1380
526 881
527 1113
528 533
528 1205
528 563
529 581
529 576
529 585
530 582
530 581
531 533
531 1044
531 571
532 538
533 534
534 538
534 537
535 541
536 930
536 537
536 547
537 563
538 541
538 539
539 1051
539 1049
540 926
540 1198
541 542
543 549
544 549
545 547
546 548
547 1050
548 1047
550 554
550 555
550 553
551 1504
551 557
551 558
552 557
552 555
553 1504
555 556
557 1052
559 1468
559 560
560 1109
561 1468
561 1467
562 566
562 776
562 571
563 1109
564 565
564 780
564 566
566 775
567 570
568 569
569 570
569 586
570 571
571 587
572 577
572 574
572 576
573 583
573 1100
573 582
574 578
575 1098
576 586
577 1101
577 583
578 1099
579 580
579 584
579 581
580 582
580 583
586 592
587 1205
587 590
588 594
588 591
588 589
589 596
589 933
590 592
590 594
592 596
593 686
593 1041
594 1205
595 686
596 597
598 599
598 1459
598 1294
598 1453
598 1295
599 1333
600 1457
600 1486
601 603
601 604
602 774
602 604
602 603
603 1143
605 1327
605 606
606 1398
606 1396
606 1375
607 1491
608 1096
608 610
608 1190
609 1093
610 1094
611 612
613 1356
614 1465
614 1294
615 616
615 619
616 617
617 621
617 1270
618 622
619 619
620 622
621 1271
622 1273
623 625
626 1219
627 1219
627 629
627 628
628 630
628 629
629 631
629 630
630 631
631 632
633 735
633 645
634 1147
634 641
634 635
635 1463
635 640
635 651
636 1149
637 638
638 639
640 1462
640 641
642 660
643 651
643 1148
643 657
644 656
644 647
645 659
647 655
647 649
648 653
648 1063
649 662
649 654
651 1146
652 1069
652 664
653 656
653 661
657 661
657 1332
658 1219
658 661
659 1328
660 1381
663 664
663 665
663 1063
666 668
666 667
666 725
667 779
667 781
668 1058
668 1234
669 1057
669 779
670 671
671 672
671 1328
673 674
674 1330
675 676
677 679
677 935
678 1293
680 683
681 876
681 1293
682 684
682 683
683 1472
685 686
687 688
688 838
689 690
691 693
691 1006
691 716
692 693
693 709
696 697
696 1464
697 774
697 921
698 702
698 699
700 701
702 714
702 1043
703 1073
703 710
704 1365
704 717
705 708
705 706
705 713
706 712
709 1075
710 711
710 1074
713 720
713 1042
715 717
715 718
717 1003
719 720
720 721
721 722
721 1042
722 724
722 723
723 1031
724 1035
724 1037
725 730
725 726
727 728
728 729
732 735
732 733
733 734
734 735
737 1426
737 738
739 740
739 1248
739 1250
740 1249
740 1251
742 1326
742 743
743 744
745 751
746 747
747 757
751 754
752 754
753 970
754 756
755 1280
755 978
755 872
760 761
760 765
761 1317
762 765
763 1492
763 764
764 1311
765 1202
766 1396
766 1076
767 768
767 1076
767 1225
768 770
768 769
769 1375
769 1392
770 1225
770 1226
771 1220
772 777
772 773
774 1195
778 779
782 926
782 895
783 969
783 784
786 787
787 791
788 791
789 792
789 793
790 791
790 824
794 1437
794 796
794 1435
795 800
795 797
795 801
796 1444
796 1438
797 802
797 1442
798 825
798 801
801 1348
802 1433
802 803
803 809
804 1347
804 1346
804 1439
805 808
805 826
806 807
806 1432
806 1430
808 809
808 1437
809 1114
810 817
810 811
812 817
812 813
813 824
814 819
814 816
815 822
816 821
816 818
817 1318
818 1320
818 1318
819 821
819 1319
820 822
820 821
820 1320
822 1318
823 824
825 827
828 1110
828 829
829 831
829 837
830 832
830 831
830 833
834 835
836 838
837 838
837 839
840 841
841 842
842 1276
843 847
843 1279
844 847
845 846
845 847
848 1231
848 852
848 854
849 850
849 853
849 851
850 1232
850 852
853 855
853 856
854 1229
854 1228
858 859
860 861
861 863
861 862
863 983
864 865
865 1361
865 1362
868 869
870 871
871 944
872 969
872 874
873 1354
873 875
877 1385
878 1385
879 1378
879 880
882 883
882 885
882 892
883 889
884 893
884 887
886 887
887 889
888 889
890 893
891 893
891 892
894 903
894 896
894 1351
895 1211
895 899
896 1352
896 1350
897 900
898 899
899 942
900 902
900 904
901 1350
903 904
903 1211
905 1194
906 914
907 912
910 912
911 1194
912 921
913 914
914 921
915 925
915 917
916 1218
923 924
924 925
926 1369
928 1097
929 930
931 933
931 1041
932 933
934 1386
935 1379
935 1306
939 940
940 942
940 941
943 955
944 951
945 956
947 953
948 954
948 950
949 953
950 953
951 952
958 959
958 961
959 960
962 966
962 963
966 967
968 972
969 976
970 971
970 973
971 978
971 975
974 978
977 1280
980 1297
980 1494
980 982
981 983
982 985
982 1297
984 985
986 1278
987 988
989 998
990 992
991 993
992 994
992 1000
993 1070
994 1001
995 999
995 998
995 997
997 1343
1002 1007
1003 1008
1004 1006
1005 1007
1006 1007
1009 1010
1009 1011
1009 1314
1013 1014
1016 1021
1017 1118
1017 1020
1018 1031
1018 1019
1022 1023
1023 1030
1025 1026
1027 1030
1028 1029
1031 1035
1032 1042
1032 1036
1033 1281
1033 1034
1035 1037
1038 1039
1040 1041
1045 1052
1046 1047
1048 1050
1053 1056
1053 1055
1054 1056
1057 1057
1058 1264
1059 1265
1060 1061
1063 1066
1064 1066
1065 1066
1067 1068
1070 1338
1070 1071
1072 1073
1076 1384
1077 1078
1077 1079
1077 1082
1078 1080
1078 1085
1079 1081
1079 1083
1080 1088
1080 1081
1081 1084
1082 1085
1082 1087
1083 1086
1084 1090
1084 1086
1085 1088
1086 1091
1087 1089
1088 1090
1089 1095
1089 1192
1090 1091
1091 1093
1092 1094
1093 1192
1094 1095
1095 1096
1096 1191
1098 1100
1098 1099
1099 1101
1100 1101
1102 1392
1102 1103
1103 1104
1103 1105
1106 1277
1106 1464
1107 1108
1111 1112
1114 1115
1116 1218
1116 1196
1117 1118
1119 1120
1120 1137
1120 1140
1121 1137
1121 1123
1121 1131
1122 1123
1122 1128
1123 1124
1125 1142
1125 1128
1125 1126
1127 1128
1129 1134
1130 1132
1131 1134
1131 1132
1132 1133
1133 1134
1133 1135
1136 1139
1137 1139
1138 1139
1141 1142
1143 1445
1143 1503
1144 1447
1144 1144
1145 1447
1145 1503
1145 1407
1147 1330
1147 1148
1148 1331
1150 1151
1151 1153
1151 1152
1152 1154
1153 1274
1153 1154
1154 1275
1155 1157
1155 1274
1155 1156
1156 1275
1156 1158
1157 1159
1157 1158
1158 1160
1159 1161
1159 1160
1160 1162
1161 1163
1161 1162
1162 1164
1163 1164
1163 1165
1164 1166
1165 1167
1165 1166
1166 1168
1167 1169
1167 1168
1168 1170
1169 1171
1169 1170
1170 1172
1171 1172
1173 1174
1173 1175
1173 1179
1174 1178
1174 1176
1175 1176
1178 1180
1178 1179
1179 1181
1180 1181
1181 1182
1182 1184
1183 1185
1183 1184
1184 1186
1185 1186
1185 1187
1186 1188
1187 1188
1189 1245
1194 1195
1195 1217
1199 1200
1199 1204
1199 1499
1200 1201
1200 1203
1201 1202
1201 1203
1203 1204
1204 1500
1206 1207
1208 1209
1210 1211
1213 1423
1213 1216
1214 1425
1214 1215
1214 1216
1215 1421
1215 1425
1217 1218
1220 1221
1221 1382
1222 1224
1222 1223
1224 1382
1225 1226
1227 1228
1227 1229
1230 1231
1231 1233
1234 1236
1234 1235
1235 1236
1238 1247
1238 1249
1238 1239
1238 1256
1239 1240
1239 1242
1240 1247
1241 1242
1241 1243
1242 1244
1243 1244
1245 1254
1246 1258
1246 1256
1246 1259
1247 1257
1248 1256
1248 1249
1250 1252
1250 1251
1251 1253
1252 1254
1252 1253
1253 1255
1254 1255
1257 1262
1257 1263
1258 1260
1258 1259
1259 1261
1260 1261
1260 1262
1261 1263
1262 1263
1264 1265
1266 1420
1266 1414
1266 1416
1266 1421
1267 1268
1271 1273
1271 1272
1272 1273
1274 1275
1278 1280
1278 1279
1281 1282
1281 1285
1283 1285
1283 1284
1283 1286
1287 1371
1289 1290
1291 1470
1292 1470
1293 1377
1294 1450
1295 1455
1295 1456
1298 1299
1299 1378
1300 1480
1301 1308
1301 1309
1301 1303
1302 1303
1302 1304
1302 1308
1304 1307
1305 1306
1306 1309
1310 1356
1310 1357
1313 1364
1316 1317
1320 1321
1322 1323
1325 1326
1327 1491
1327 1490
1329 1331
1330 1331
1334 1335
1336 1338
1336 1340
1336 1337
1338 1339
1340 1343
1340 1341
1342 1343
1347 1442
1347 1440
1349 1350
1353 1354
1355 1356
1358 1359
1359 1361
1359 1360
1366 1368
1367 1428
1371 1372
1372 1373
1375 1399
1376 1379
1377 1380
1377 1379
1378 1379
1380 1381
1382 1383
1383 1384
1385 1386
1387 1388
1388 1391
1390 1391
1392 1393
1394 1395
1396 1397
1397 1399
1397 1398
1398 1399
1400 1402
1401 1402
1405 1407
1405 1411
1406 1407
1406 1408
1408 1410
1409 1410
1413 1419
1414 1422
1414 1417
1414 1419
1415 1424
1418 1419
1419 1420
1421 1422
1421 1423
1422 1424
1423 1424
1423 1425
1427 1428
1431 1432
1433 1444
1433 1434
1436 1437
1441 1442
1443 1444
1445 1447
1445 1446
1446 1449
1446 1448
1450 1455
1450 1454
1451 1456
1451 1453
1451 1452
1452 1453
1454 1455
1454 1456
1457 1459
1458 1459
1460 1461
1460 1460
1462 1463
1464 1465
1465 1466
1468 1469
1470 1471
1473 1474
1474 1475
1476 1477
1478 1484
1481 1482
1485 1486
1486 1489
1487 1489
1488 1489
1490 1491
1493 1494
1495 1496
1498 1501
1498 1502
1499 1500
1499 1501
1500 1502
1501 1502
1504 1506
1505 1506
1506 1511
1507 1517
1507 1514
1507 1515
1507 1521
1508 1519
1509 1511
1510 1511
1511 1514
1512 1514
1513 1514
1516 1517
1517 1519
1518 1519
1520 1521
1521 1522
1522 1523
1522 1524
1523 1524
