0 2444
0 2335
0 2453
1 886
1 12
1 508
2 2881
2 11
2 886
3 516
3 2934
3 523
3 2675
4 419
4 911
4 912
5 2628
5 186
5 422
6 1668
6 576
6 3326
7 246
7 17
7 1668
8 224
8 229
8 1671
9 10
9 423
9 701
10 2443
10 702
11 883
11 2881
12 2949
12 881
13 1118
13 2316
13 1112
14 1115
14 703
14 1113
15 1117
15 1886
15 1114
16 2294
16 2296
16 2297
17 3326
17 1667
18 343
18 251
18 219
18 356
19 249
19 380
19 20
20 24
20 21
21 22
21 1677
22 1940
22 23
23 1677
23 325
24 320
24 380
25 2118
25 2119
25 2895
25 1669
26 582
26 99
26 558
27 1344
27 2856
27 3404
28 3177
28 3181
28 3174
29 3367
29 662
29 1346
30 3368
30 382
30 448
31 32
31 35
31 347
32 1224
32 1223
33 36
33 3945
33 1224
34 929
34 260
34 3945
35 1329
35 1226
36 1227
36 261
37 261
37 929
38 2233
38 1562
38 1753
39 40
39 41
39 104
40 41
41 83
42 3381
42 2564
42 3379
43 987
43 44
43 45
44 1013
44 995
45 1021
45 1013
46 47
46 700
46 2329
47 707
47 48
48 423
48 704
49 884
49 536
49 879
50 880
50 495
50 537
51 3848
51 365
51 58
52 53
52 3157
52 1056
53 3342
53 2980
54 1036
54 1046
54 61
55 508
55 56
55 2300
56 1797
56 508
57 3848
57 1809
58 3862
58 376
59 633
59 3859
59 3867
60 633
60 372
60 2085
60 643
61 3872
61 3342
62 1321
62 3878
62 1322
63 3398
63 3400
63 4019
64 3398
64 3881
64 4017
65 66
65 992
65 2126
65 3881
66 1264
66 1265
67 69
67 995
67 2069
68 69
68 2059
69 70
71 72
71 1013
71 992
73 74
74 75
74 1781
75 76
76 3909
76 1660
77 1228
77 990
77 3889
78 1684
79 1684
79 985
79 3909
80 904
80 1524
80 3333
81 1194
81 906
81 904
82 83
82 2261
83 1525
84 85
84 3336
84 1193
85 1522
85 1530
86 1815
86 1061
86 1814
87 893
87 950
87 92
88 89
88 379
88 1383
89 90
89 3092
90 345
90 357
91 960
91 2879
91 3694
91 1926
92 1060
92 893
93 3115
93 94
93 323
93 3116
94 333
94 1339
95 1339
95 1915
95 2008
96 171
96 97
96 2879
96 321
97 1893
97 1892
97 197
98 3223
98 1366
98 1893
98 197
99 1673
99 241
100 175
100 353
100 244
101 3689
101 196
101 351
102 2015
102 1357
102 1910
102 936
102 961
103 174
103 433
103 236
104 128
104 3388
104 3383
105 3802
105 3807
105 3583
106 1349
106 1356
106 1566
107 341
107 3747
107 336
108 2125
108 1573
108 3749
109 3788
109 1593
109 2532
110 1337
110 3788
110 1951
111 1338
111 3587
111 1337
112 400
112 1928
112 402
113 138
113 2434
113 4021
113 1203
114 1439
114 115
114 2051
115 2046
115 799
116 1558
116 1646
116 1466
117 1553
117 1556
117 1551
117 1554
118 796
118 1553
118 1548
119 1387
119 781
119 788
120 121
120 1393
120 1388
121 2925
121 1200
122 390
122 3974
122 3671
123 1760
123 3524
123 387
124 2873
124 2435
124 207
124 332
125 1928
125 211
125 126
126 1927
126 214
127 1340
127 205
127 2875
128 1859
128 258
129 3924
129 898
129 2075
130 131
130 2603
130 2626
132 1626
132 1629
132 133
133 3348
133 1952
133 1627
134 1628
134 3347
134 3348
135 3634
135 1076
135 3117
136 2213
136 2618
137 3635
138 4002
139 792
140 149
140 157
140 163
141 143
141 1941
141 163
142 154
142 143
142 4011
143 170
144 3392
144 146
144 1941
145 147
145 1388
145 3391
146 147
146 1941
146 148
147 1387
148 149
148 1387
149 153
149 187
150 1389
150 442
150 437
151 166
151 1389
151 167
152 153
152 166
154 155
154 156
157 161
157 158
158 159
158 4012
159 160
159 4012
160 161
162 3510
162 163
162 4011
164 165
164 167
165 167
165 166
167 176
168 3510
169 401
169 4002
169 405
169 3114
170 405
170 397
171 199
172 173
172 175
172 200
173 351
173 353
174 208
174 193
175 2109
176 437
176 435
177 683
177 179
177 184
178 179
178 181
178 180
179 1666
180 1824
180 1823
181 182
181 183
184 185
184 1373
185 1824
185 1825
186 422
186 911
188 255
188 256
189 191
189 912
189 1762
190 1564
191 2654
191 1770
191 912
191 2728
192 2895
192 2118
192 198
193 3221
193 913
193 1342
194 356
194 2895
194 3167
194 198
195 200
195 196
195 199
196 2876
197 1341
197 913
198 224
199 200
199 432
201 213
201 206
201 214
202 216
202 2265
202 203
202 3596
203 231
203 253
204 213
204 215
204 205
205 1927
206 212
206 209
207 212
207 209
207 232
207 3700
208 1947
208 225
208 236
208 216
209 231
210 215
210 3224
210 2243
210 2265
211 2437
211 2874
212 214
213 253
214 2874
215 2875
216 1946
216 1763
217 219
217 229
217 226
218 228
218 232
218 3998
219 3167
219 3168
220 228
220 2872
220 221
221 2123
221 237
221 2929
222 1343
222 1803
222 1804
223 227
223 231
223 369
224 3167
225 3226
225 3225
226 3225
226 234
227 369
227 1764
228 237
229 234
230 1765
230 1763
230 2266
230 2930
230 1764
232 2872
233 3332
233 247
233 245
234 1673
234 1763
234 1672
235 243
235 324
235 383
235 381
236 244
236 251
237 248
237 254
238 3332
238 251
238 242
239 1861
239 1805
239 1675
240 247
240 3685
240 245
241 1672
241 1671
242 245
242 249
243 1905
243 3289
244 247
245 1677
246 3330
246 3316
246 1667
247 3340
248 3494
248 1902
248 2929
249 343
250 1806
250 3259
250 324
252 361
252 1056
252 1057
252 384
253 2265
254 3997
254 1903
254 3494
255 256
256 257
257 898
257 908
258 2073
258 1857
259 2335
259 2336
259 2880
260 929
262 839
262 1348
262 1949
263 1867
263 264
263 655
264 654
264 653
265 271
265 267
265 272
266 269
266 270
267 3684
267 269
268 3684
269 1678
270 1682
273 1678
273 1682
273 1680
274 286
274 292
275 295
275 300
275 3413
275 3412
276 2729
276 282
276 299
276 2574
277 3484
277 3483
277 1381
278 294
278 1063
278 279
279 1380
279 3484
280 3486
280 3424
280 3418
281 2248
281 3481
281 300
282 286
282 284
283 289
283 285
283 305
283 817
284 2583
284 296
285 2529
285 3486
286 294
287 289
287 291
287 301
288 3413
288 295
288 1380
289 291
290 1382
290 2241
290 4014
290 2414
291 301
291 3412
292 4014
293 817
293 300
293 3412
294 1815
295 302
296 1680
296 3684
297 2417
297 2413
297 2647
297 2414
297 478
298 2529
298 302
298 3489
299 3411
299 2248
299 300
301 302
303 307
303 1505
303 305
304 306
304 420
304 2246
305 308
307 3480
307 3408
308 3485
309 3424
309 3480
309 3417
310 2886
310 317
310 2186
311 3261
311 3265
311 3281
312 330
312 1929
312 1676
313 3315
313 320
314 1939
314 3694
314 1938
315 1359
315 2184
315 2886
316 1358
316 321
316 1925
316 1361
317 2885
317 1360
318 398
318 390
318 396
318 2925
319 3279
319 327
319 3296
319 3274
320 1667
321 333
322 3299
322 326
322 827
323 333
323 1930
323 960
324 1279
325 3688
325 1383
326 362
326 3341
327 3273
327 329
328 3261
328 866
328 3262
329 3278
329 3281
330 3689
330 3695
331 3267
331 3265
331 3280
332 3698
332 2873
332 2870
332 2871
334 1106
334 2955
334 2457
334 2474
335 3604
336 3749
336 341
337 1630
337 1338
337 952
338 2553
338 2548
338 2550
339 1583
339 3355
339 3353
339 1336
340 1631
340 1952
341 1336
342 355
342 347
343 349
344 1049
344 355
344 1057
345 1939
345 354
346 349
347 348
348 3875
348 3879
349 356
350 2988
350 2987
350 2990
351 1929
352 355
352 3878
352 822
353 3685
354 896
354 3097
357 3097
357 3093
358 3428
358 379
359 3866
359 3870
359 1040
360 868
360 813
360 836
361 384
361 822
362 3509
362 367
363 370
363 373
363 1760
363 2869
364 370
364 373
364 427
365 1725
365 376
366 374
366 1375
367 427
367 383
368 381
368 2873
368 2116
369 2266
369 3596
371 3429
371 3421
371 3430
372 4026
372 813
372 621
373 375
374 3315
375 2116
375 383
375 427
376 3857
377 1375
377 1377
377 1376
378 1292
378 1290
378 1288
379 893
380 385
381 2435
382 448
382 3367
384 3158
386 1335
386 389
386 391
387 392
387 1759
388 1289
388 1293
388 394
389 391
389 1297
390 1200
390 3973
391 417
392 1759
392 1202
393 1761
393 395
393 3524
394 3301
394 3511
395 1205
395 1761
396 2871
396 399
397 406
397 398
398 407
399 402
399 407
400 404
400 1928
400 1203
401 3161
401 403
401 405
402 407
403 3114
403 3112
403 3160
404 3227
404 4007
404 4005
406 4004
406 407
406 3106
408 418
408 410
408 1280
409 412
410 1294
410 414
411 412
411 414
411 3299
412 3296
413 429
413 414
413 430
414 3294
415 416
415 1294
415 1948
416 871
416 1948
417 1281
417 1282
418 1281
418 3344
419 1770
419 911
420 3318
420 3319
421 3997
422 1769
423 701
424 3686
425 2974
425 2616
425 635
426 427
428 430
429 431
429 1288
430 3509
432 433
432 913
433 2109
434 444
434 439
434 443
435 444
435 443
436 438
436 441
436 440
437 441
438 444
438 669
439 1729
439 3253
439 730
440 441
440 442
442 1392
443 1385
445 656
445 871
445 1949
446 3688
446 3687
446 3695
447 4012
448 656
448 1685
448 1344
449 493
449 483
450 810
451 1721
452 493
452 2843
452 1820
453 458
453 1718
453 498
454 490
454 2847
455 2733
455 2060
455 3165
455 2736
456 2936
456 3401
456 2934
457 466
457 501
457 477
458 1722
458 464
459 810
459 2832
459 825
460 1670
460 601
460 2119
461 1770
461 477
461 3402
462 492
462 2858
462 469
463 2744
463 2742
463 3202
463 2743
464 1820
464 466
465 497
466 498
467 482
468 501
468 472
468 471
469 2828
469 480
470 496
470 489
470 3201
470 3220
471 482
471 483
472 3163
472 489
473 488
474 1720
474 1721
474 1718
475 1943
475 500
475 532
476 3200
476 854
476 2846
477 488
478 601
478 1722
479 491
479 1942
479 486
480 2842
480 2843
481 2746
481 2745
481 3218
481 2747
482 3201
483 2746
484 2844
484 3196
484 2850
485 494
485 3218
485 2733
485 3217
486 492
486 2838
487 489
487 2780
487 2782
488 2936
489 2816
490 2845
491 492
491 3162
491 1942
494 2740
494 1799
495 2932
495 527
495 2759
496 3201
496 2817
496 3220
497 501
497 3163
498 1720
499 2845
499 3165
499 3200
499 3166
500 3195
500 3197
502 512
502 503
502 523
504 512
505 526
505 2755
505 542
506 3859
506 3862
506 513
507 2061
507 2766
507 545
508 2950
509 514
509 527
509 520
510 518
511 2955
511 879
511 1797
512 518
513 3847
513 540
514 3837
514 2757
515 1811
515 2784
515 2808
516 546
516 543
517 2758
517 537
517 3847
517 520
518 539
519 2759
520 521
521 2757
521 526
521 2758
522 3831
522 3829
522 539
523 543
523 535
524 536
525 532
525 3359
525 2832
526 3837
527 2756
528 2773
528 2807
528 2061
529 539
530 3829
530 3832
530 3833
531 545
532 2832
533 535
533 543
533 546
534 540
534 3849
534 3855
535 2764
535 2673
536 882
537 885
538 539
540 3851
541 2790
541 2809
542 3850
542 2749
544 599
544 803
544 571
545 3852
546 2017
547 613
547 604
547 2062
548 560
548 3466
548 604
549 3473
550 599
550 603
550 3472
551 579
551 560
551 587
552 602
552 596
552 566
553 572
553 553
554 588
554 598
554 569
555 573
555 3187
555 583
556 567
556 566
556 573
557 584
557 2922
557 568
557 595
558 582
558 597
559 590
559 574
559 593
560 2911
560 584
561 580
561 601
561 2857
562 2904
562 2903
562 2902
563 575
563 572
563 595
564 572
565 595
565 575
565 568
566 602
567 573
567 597
568 590
568 596
569 580
569 598
570 3230
570 2898
570 2904
571 3704
571 592
573 3194
574 589
574 602
575 586
575 596
576 3325
576 3327
576 3316
577 3851
577 3703
577 3705
578 1689
578 1885
578 585
579 593
579 2855
580 2424
581 2970
581 2903
581 3194
582 2856
583 3403
583 597
584 590
585 2967
585 600
587 3199
587 2855
587 854
589 589
591 3403
591 3174
591 3404
592 3703
592 3705
592 3704
593 598
594 617
594 609
594 1900
594 645
599 2898
600 1689
600 650
601 1942
603 3470
603 2922
604 613
605 856
605 874
605 621
606 610
606 629
606 620
607 3702
607 618
607 644
608 647
608 640
608 648
609 639
609 874
610 611
611 637
611 623
612 632
612 649
612 620
613 3461
613 2911
614 638
614 637
614 624
615 636
615 627
615 646
616 627
616 1900
616 645
617 628
617 626
618 637
618 649
619 625
619 3703
619 649
620 648
621 628
621 637
622 630
623 623
624 641
624 631
625 643
625 632
626 634
626 631
627 2971
628 638
630 2974
630 639
631 638
632 648
633 643
634 816
634 636
635 645
635 1885
636 646
639 2976
641 644
641 816
642 2976
642 2927
642 876
644 1504
646 803
650 657
650 2239
651 2237
651 657
651 2239
652 660
652 2614
652 675
653 1865
653 1688
654 855
655 1864
655 1863
656 830
657 1687
658 1348
658 844
658 1347
659 1686
659 662
659 2237
660 1315
660 661
661 1865
662 3182
662 3367
663 667
663 671
663 669
664 724
664 665
664 737
665 757
665 737
666 781
666 673
666 670
667 672
667 725
668 737
669 672
670 723
670 1392
672 749
672 673
673 749
674 1314
674 984
674 1313
675 1866
675 4023
676 1664
676 683
677 1217
677 2286
677 2287
678 3588
678 914
678 680
679 1284
679 3588
680 1282
680 3102
681 2145
681 2152
682 3304
682 691
682 686
683 687
684 1480
684 1641
684 1872
685 1480
685 3733
685 3312
686 691
686 2202
687 1821
688 1736
688 1487
688 1489
689 691
689 3307
689 3308
690 1492
690 1495
690 3314
692 1734
692 1735
692 1727
693 3668
693 1368
694 699
695 2468
695 697
695 696
695 699
698 701
698 2468
698 2467
699 1944
700 2330
700 2352
702 2352
702 2444
703 1887
703 1113
704 707
704 2467
704 710
705 708
705 2309
705 2304
706 2318
706 2316
706 2467
707 710
707 2469
708 2314
708 709
709 1183
710 1087
711 2327
711 1105
711 1097
712 1788
712 724
712 756
713 751
713 757
713 735
714 723
715 746
715 752
715 719
716 717
716 778
716 1790
717 746
717 739
718 748
718 738
718 3594
719 729
719 726
720 750
720 729
721 738
721 3942
721 743
722 723
724 750
725 747
725 2096
726 750
726 733
727 740
727 754
727 753
728 744
728 736
728 1732
730 734
730 1730
731 736
731 757
731 756
732 733
732 754
732 752
733 1788
734 3947
734 1408
735 769
735 751
736 1732
737 739
738 1398
739 1789
740 742
740 745
741 752
741 746
741 773
742 2096
742 2095
744 3964
744 756
745 749
747 1788
747 3959
748 1728
748 3592
751 3665
754 780
755 3958
755 1396
755 1398
756 3966
758 769
758 777
758 760
759 2926
759 762
759 791
760 772
760 3667
761 764
761 768
761 771
762 770
762 768
763 775
764 768
764 765
765 773
765 775
766 1791
766 778
766 777
767 3667
769 778
770 777
770 771
771 775
772 774
772 779
773 2272
774 776
774 3665
780 1691
780 781
782 2274
782 1371
782 786
783 785
783 791
783 1370
784 786
784 789
784 2926
785 791
785 787
786 2926
786 787
787 1371
788 1393
788 790
789 2272
790 2110
790 2259
792 1371
792 1216
793 3511
793 2274
793 1335
794 3939
795 3707
795 2022
795 1471
796 3133
796 3134
797 1566
797 3805
797 3807
798 1986
798 2027
798 2029
799 2049
799 2051
800 2032
800 2034
800 1988
801 3425
801 859
801 842
802 3247
802 865
802 3238
803 2899
803 816
804 814
804 841
804 824
805 3436
805 1379
805 3437
805 1505
806 875
806 824
806 813
807 844
807 1864
807 850
808 2829
808 2846
808 828
809 859
810 848
811 843
811 823
811 2829
812 845
812 2730
812 2420
813 820
814 852
814 819
815 3246
815 3252
815 3251
817 1378
817 2245
818 845
819 865
819 831
821 3455
821 3436
821 3435
822 829
823 843
823 2831
824 841
825 861
825 848
825 828
826 861
826 860
826 851
827 3257
827 862
827 3341
828 849
829 834
829 869
831 858
831 865
832 854
832 2851
833 836
833 833
834 3158
834 3159
835 3362
835 851
835 838
835 3364
836 870
836 878
837 3243
837 2085
837 3242
839 840
839 1280
840 844
840 1862
841 867
842 3450
842 3446
843 848
844 846
845 3476
846 1863
846 1685
847 3476
848 2829
849 851
849 2851
852 867
852 858
853 866
853 864
853 862
855 3099
855 857
856 874
856 876
857 1283
858 877
858 873
859 3433
860 3364
860 861
862 3288
862 3257
863 3260
863 866
863 3282
864 3256
864 3283
867 868
868 877
871 1280
872 3238
872 3237
872 3157
875 3249
875 3231
876 4026
877 3159
878 878
879 888
880 882
880 3831
881 883
881 2763
882 887
883 2763
884 886
884 888
885 1809
885 887
887 891
888 1797
889 1119
889 2728
889 1187
889 1191
890 1119
890 2763
890 2938
890 1899
892 1671
892 1670
892 2118
894 3816
894 951
894 938
894 948
895 958
895 907
895 1541
896 2011
896 946
897 3825
897 899
897 1541
898 1213
898 1508
899 952
899 1634
900 903
900 905
900 3925
901 2607
901 3822
901 903
902 2410
902 1860
902 3385
903 2608
904 3333
904 906
905 2606
905 1508
906 3335
906 909
907 3820
907 1640
908 3334
908 3335
909 3333
909 3334
910 2604
910 2559
910 3822
914 2287
914 1284
915 1750
915 928
915 921
915 1746
916 1745
916 923
916 921
917 1750
917 1751
917 919
917 1752
918 1766
918 1767
919 2143
919 1766
919 921
920 1839
920 1841
920 1836
922 925
922 3634
922 3631
923 924
923 2203
924 1076
924 1073
925 926
925 2220
926 3628
926 3629
927 1075
927 1756
927 928
928 1073
930 933
930 931
930 932
931 932
931 2260
932 933
933 2261
934 2011
934 1930
934 938
935 3137
935 937
935 3138
935 950
936 1910
936 944
936 2009
936 2015
936 3115
937 966
937 973
938 974
939 965
939 955
939 943
940 972
940 941
940 956
941 1911
941 978
942 954
942 946
942 1059
943 956
943 2419
944 975
944 1912
944 3116
945 974
945 976
945 948
946 1060
947 963
947 953
947 968
948 972
949 957
949 953
950 2244
951 967
951 958
951 972
952 1540
954 973
954 1059
955 973
955 1890
956 964
958 970
959 2419
959 3458
960 971
961 1908
961 3587
962 971
963 1208
963 1209
964 976
964 1059
965 3817
965 1209
967 1540
967 969
968 3137
968 977
969 3816
969 3814
969 3813
971 1936
974 976
975 1908
975 3808
975 3810
979 2338
980 1010
981 1028
981 1022
981 1008
982 998
983 1019
984 3890
984 994
984 3903
985 3923
985 1014
986 1006
987 989
987 995
988 993
988 1017
988 1027
989 996
989 1007
990 1000
990 3897
991 4023
991 1015
991 1020
992 1002
993 1027
993 1014
994 1020
994 2338
997 1011
997 1022
997 1023
998 1012
998 1026
999 1684
1000 1011
1001 1019
1002 1030
1002 1021
1003 1008
1003 1024
1003 1009
1004 3903
1005 1024
1005 1009
1006 3901
1006 3899
1007 1032
1007 1016
1008 1022
1009 1027
1010 1312
1010 3589
1012 3893
1012 1028
1014 1025
1014 3136
1015 1020
1015 1306
1016 2127
1016 2128
1017 3899
1017 3907
1018 2600
1018 2601
1018 2602
1018 1266
1019 1025
1020 1683
1021 2127
1025 1029
1028 1031
1031 1326
1031 1331
1033 1035
1034 1044
1034 1043
1034 1051
1035 1053
1035 2093
1036 1053
1036 1047
1037 1039
1038 1044
1039 1041
1039 1048
1040 1045
1040 1055
1041 1054
1041 1050
1042 1057
1042 1042
1043 1053
1043 1052
1044 1046
1045 1048
1045 3872
1046 1056
1048 1058
1049 1267
1049 1051
1051 2093
1060 3939
1061 1063
1061 1521
1062 3414
1062 1521
1062 1063
1064 1471
1064 1473
1064 3726
1065 1446
1065 1953
1065 1447
1065 1414
1066 1067
1066 2038
1066 1456
1067 1069
1067 1458
1068 2036
1068 2038
1068 1422
1069 1460
1069 1459
1070 1460
1070 1071
1070 2039
1071 1434
1071 2176
1072 1439
1072 1909
1072 2177
1072 3721
1073 1075
1074 3649
1074 3644
1074 1077
1075 3641
1076 3649
1076 1079
1076 3117
1077 1078
1077 3647
1078 3642
1078 3647
1079 3648
1079 3118
1080 1081
1080 3646
1081 3642
1082 3663
1082 2235
1083 2209
1083 2208
1083 3663
1084 2208
1084 1085
1084 3630
1085 3628
1085 2617
1086 2220
1086 2219
1087 2962
1087 1099
1088 1094
1088 2474
1088 1090
1088 1111
1089 1110
1089 1090
1089 1111
1090 2456
1090 2330
1091 2460
1091 2462
1091 1108
1092 2520
1092 2517
1092 1107
1093 1098
1093 1096
1093 1101
1094 2332
1094 2329
1095 2504
1095 1103
1095 1104
1096 2477
1096 2478
1096 2373
1096 1101
1097 2328
1097 1105
1098 2457
1098 1106
1099 2312
1099 2469
1099 2328
1100 2373
1100 2480
1100 2479
1100 2392
1101 1110
1102 2380
1102 1103
1102 2496
1103 2503
1103 2505
1103 2504
1104 2507
1104 2394
1105 2332
1106 1111
1107 2514
1107 2465
1108 2502
1108 2504
1109 2518
1109 2399
1109 2517
1110 2456
1112 1118
1112 1115
1113 1117
1114 1117
1114 1118
1115 2313
1116 1119
1120 1173
1120 1167
1120 1155
1120 1151
1121 1173
1121 1167
1121 1154
1122 1150
1122 1141
1123 1139
1123 1142
1123 1131
1124 1132
1124 1157
1124 1170
1125 1169
1125 1153
1125 1149
1126 1172
1126 1155
1126 1128
1127 1144
1127 1150
1127 1157
1127 1132
1128 1158
1128 1154
1128 1167
1129 1130
1129 1143
1129 1145
1130 1142
1130 1145
1131 1139
1131 1146
1132 1152
1132 1162
1133 1161
1133 1140
1134 2508
1134 1172
1134 1153
1135 2494
1135 1156
1135 2495
1136 1173
1136 1151
1136 2485
1136 2495
1137 2485
1138 2494
1138 2495
1138 1148
1139 1143
1139 1165
1140 2486
1140 1171
1141 1144
1142 1143
1143 1163
1144 1165
1144 1157
1145 1163
1146 1165
1146 2514
1147 2489
1147 1159
1147 1160
1148 2493
1148 2491
1149 1152
1149 1162
1150 1152
1151 2502
1151 2501
1153 1158
1153 1162
1154 1169
1155 1167
1156 1164
1156 2493
1158 1169
1158 1172
1159 2490
1159 2491
1160 2488
1160 1161
1161 2486
1162 1170
1163 1165
1164 1168
1164 2501
1166 2498
1166 2489
1166 1171
1168 2499
1168 2498
1170 2508
1171 2488
1174 1778
1174 1779
1174 1896
1175 1186
1175 3929
1175 3927
1176 1191
1176 1681
1176 1177
1177 1537
1177 1182
1177 1191
1178 1522
1178 1523
1178 1529
1179 2290
1180 1184
1180 1196
1180 1192
1181 1186
1181 1181
1182 3927
1182 1188
1183 2324
1185 1189
1185 1190
1185 1196
1186 1776
1187 1188
1187 2293
1188 1896
1188 1538
1189 1190
1189 1192
1190 1195
1192 2089
1193 1194
1193 1198
1194 1198
1195 1531
1195 1537
1196 1199
1197 1819
1197 3938
1197 1529
1198 1524
1198 1527
1199 1773
1199 1778
1200 2925
1200 3671
1201 1206
1201 1202
1201 1205
1202 1204
1203 2434
1204 1206
1204 1759
1205 2863
1206 2863
1207 1208
1207 1890
1207 2267
1208 1209
1210 3372
1211 2510
1211 3507
1211 1725
1212 3504
1212 3507
1212 3505
1213 1516
1213 1214
1215 3526
1215 1509
1215 1512
1216 1217
1218 1220
1219 1222
1219 1220
1219 2058
1220 1221
1223 1224
1223 2057
1225 1231
1226 1227
1226 3574
1227 1334
1228 3886
1228 3885
1229 1333
1229 1230
1229 1232
1230 1237
1230 1334
1231 3022
1231 3027
1232 3022
1232 1233
1233 3024
1233 3023
1234 3073
1234 3084
1234 3027
1235 1247
1235 3554
1236 3532
1236 1249
1236 3139
1236 3149
1237 1240
1237 1238
1238 3015
1238 3576
1239 3023
1239 1240
1239 3141
1240 3140
1241 3015
1241 3144
1241 3571
1242 3571
1242 2996
1242 2612
1243 2991
1243 3028
1243 3033
1244 1245
1244 3028
1244 3148
1245 1248
1245 3009
1245 2997
1246 1247
1246 3141
1246 3142
1246 3068
1247 3556
1247 3140
1248 3012
1248 3038
1248 3147
1249 3036
1249 3039
1250 3555
1250 1251
1250 3064
1251 1253
1251 3556
1252 3064
1252 3065
1252 1254
1253 2438
1253 1255
1254 1257
1254 2439
1255 3045
1255 3537
1256 3062
1256 1257
1256 1259
1257 1258
1258 1260
1258 1259
1259 1264
1260 1262
1260 1261
1261 1261
1262 1263
1262 3153
1263 3153
1263 2108
1264 1265
1265 3152
1266 2598
1266 2128
1267 1741
1267 1740
1268 2989
1268 1740
1268 1269
1269 1270
1269 1272
1271 1272
1271 1275
1271 1741
1272 1273
1273 1274
1273 1275
1275 1276
1277 1675
1277 1861
1277 1902
1278 1805
1278 1861
1278 3289
1278 1803
1279 3289
1279 3298
1280 1949
1281 1283
1282 1283
1283 3588
1284 3588
1284 3366
1285 1286
1285 1384
1286 1287
1286 1385
1287 3253
1287 1386
1288 1289
1289 1291
1290 1291
1290 1292
1291 1293
1292 1294
1293 1295
1295 1296
1295 1297
1296 3343
1296 1299
1297 1298
1298 3343
1298 1300
1299 3344
1299 2077
1300 3344
1300 2078
1301 3390
1301 3388
1301 3389
1302 2567
1303 2562
1303 2563
1303 2565
1304 2569
1304 2568
1304 2567
1305 4025
1305 1307
1305 3089
1306 1309
1306 1314
1307 1308
1307 1309
1307 3089
1308 1311
1308 1310
1308 4027
1309 1310
1309 1314
1310 1313
1310 1312
1311 1323
1311 4027
1312 1313
1315 4024
1315 2615
1316 4022
1316 2927
1316 2613
1316 2615
1316 4024
1317 2615
1317 2613
1317 1318
1317 2614
1318 2613
1318 4023
1319 1320
1319 4022
1320 3089
1321 1325
1321 1327
1322 1323
1322 1324
1323 1324
1324 1325
1324 1326
1325 1328
1325 1327
1326 1328
1326 1331
1327 3879
1328 1330
1328 1329
1329 1330
1330 1332
1331 1332
1332 3889
1333 3574
1333 1334
1335 3511
1336 3355
1337 3586
1337 3587
1338 1628
1339 2009
1340 3223
1340 3222
1340 1367
1341 3223
1341 3222
1341 1342
1342 1947
1342 2243
1343 3170
1343 1673
1344 3170
1345 3179
1345 3181
1345 3368
1346 3179
1346 3368
1347 1945
1347 1348
1350 1351
1350 1353
1350 1354
1351 1353
1351 1352
1352 1355
1352 1354
1353 1355
1354 1355
1355 1356
1356 3747
1357 1440
1357 3586
1357 1914
1358 2191
1358 1924
1359 2187
1359 2884
1360 1674
1360 2884
1361 1362
1361 1892
1361 1364
1362 1674
1362 1363
1363 1364
1363 1365
1364 1366
1365 1366
1365 1367
1366 1892
1366 1367
1367 3223
1368 1370
1368 1369
1369 1370
1371 1372
1373 1737
1373 1807
1374 2247
1374 2246
1374 2413
1375 3420
1377 3433
1377 3421
1377 3424
1378 3431
1378 3432
1380 3483
1380 3409
1381 3410
1381 3411
1382 2411
1382 2641
1383 3419
1384 1386
1385 3253
1386 3523
1388 1393
1389 1390
1390 1391
1390 1392
1394 1400
1395 1397
1396 3952
1396 1407
1397 3960
1397 1402
1398 1404
1399 1400
1400 1402
1401 1403
1402 1409
1403 1405
1403 1404
1404 1406
1407 3954
1407 3953
1408 1409
1408 1690
1409 1410
1409 3962
1410 1411
1410 1412
1411 3229
1411 3228
1412 3961
1412 1413
1413 3965
1413 3959
1414 1417
1414 1475
1415 1476
1415 1474
1415 1416
1416 3726
1416 1954
1416 2028
1416 1477
1416 2023
1417 1477
1418 2030
1419 2030
1419 2029
1419 2032
1420 1990
1420 1994
1420 1995
1421 1995
1421 1423
1421 1476
1422 2039
1422 2041
1423 1428
1423 2001
1424 2041
1424 1425
1424 2044
1425 3725
1425 2045
1425 2042
1426 2044
1426 2046
1426 1427
1427 1429
1427 2047
1427 2045
1428 1430
1428 3725
1429 1430
1429 1431
1430 1433
1430 2054
1431 1431
1432 2050
1432 2053
1432 2049
1433 3718
1433 1437
1434 2177
1435 3717
1435 1440
1435 3716
1436 2053
1436 1438
1436 2054
1438 1440
1438 2055
1439 1441
1440 1443
1440 2055
1440 2054
1441 1442
1441 2055
1442 1443
1442 3721
1443 3719
1444 1445
1444 3730
1444 1449
1445 1449
1445 1447
1446 1475
1446 3727
1447 3728
1447 1454
1448 1452
1449 1452
1450 1455
1451 1455
1452 1453
1453 1454
1453 1458
1454 1456
1455 1457
1456 1953
1457 1458
1457 1848
1460 1461
1462 2132
1462 2242
1462 1463
1463 1465
1463 1503
1464 1466
1464 1647
1464 2012
1466 2012
1467 1469
1468 2132
1468 2012
1468 1469
1469 3707
1470 1471
1470 1472
1470 2532
1472 1474
1472 3726
1473 1475
1473 1477
1474 1476
1478 1739
1478 1481
1478 1792
1479 1482
1480 3737
1481 1482
1481 1897
1482 1484
1483 1897
1483 1486
1483 3713
1485 3715
1485 1499
1485 1808
1486 3712
1486 3715
1487 1488
1487 1490
1488 1694
1488 1490
1489 3303
1489 1493
1489 1711
1490 3711
1490 1695
1491 1696
1491 1711
1491 1492
1492 3314
1494 1495
1494 3712
1494 1496
1494 1712
1495 1496
1496 2242
1497 1500
1498 1501
1499 1500
1499 2021
1500 1501
1501 1647
1501 1502
1502 1648
1502 3709
1503 1697
1503 2242
1505 3408
1506 1758
1506 1757
1506 1507
1506 4028
1507 4028
1507 2866
1508 1509
1509 3817
1510 1516
1511 1512
1512 1514
1513 1514
1514 1515
1516 1518
1517 1518
1518 3338
1519 3336
1520 3337
1521 3338
1521 3526
1522 3337
1523 3338
1523 1814
1524 1525
1525 1526
1526 2609
1526 1528
1527 1531
1527 1528
1528 2611
1529 1771
1531 1532
1532 1533
1532 2089
1534 3934
1534 1679
1534 3937
1535 1536
1535 3934
1536 1537
1537 3931
1538 1539
1538 2963
1540 2554
1541 2554
1542 2087
1542 1543
1542 3407
1543 1782
1543 1549
1544 1545
1545 1547
1545 1549
1546 1550
1549 1550
1550 2020
1552 2021
1552 1646
1552 1651
1553 2020
1555 1651
1555 1557
1555 1558
1556 1706
1556 1560
1558 1706
1559 1560
1560 1561
1562 1564
1562 2234
1563 1565
1564 1565
1565 3627
1566 1567
1567 3496
1567 1851
1568 1569
1568 2097
1568 2014
1569 3772
1569 1572
1570 1575
1571 1579
1572 3793
1572 1576
1573 1576
1573 2014
1574 1578
1575 2086
1575 3771
1576 3792
1577 1584
1578 3777
1578 2086
1579 3770
1579 1582
1580 2124
1580 1581
1580 1588
1581 1590
1581 2125
1582 1583
1582 3354
1583 2535
1584 3777
1584 1587
1585 3775
1585 3797
1585 1586
1585 3778
1586 3773
1586 1595
1587 2099
1587 3769
1588 1589
1589 1590
1590 1593
1591 3773
1591 1600
1591 3776
1592 3776
1592 1596
1592 1599
1593 3791
1594 3794
1594 3795
1594 1608
1595 1598
1595 1600
1596 3744
1596 2099
1597 3780
1597 3796
1597 1603
1598 1604
1598 3780
1599 1602
1599 1601
1600 1601
1601 1606
1601 1950
1602 3744
1602 2102
1603 1610
1603 1605
1604 1605
1605 1950
1606 2102
1606 2104
1607 2531
1607 1950
1607 1714
1608 3787
1608 3789
1609 1615
1610 3785
1610 1612
1610 1692
1611 2104
1611 1613
1611 2531
1612 3782
1612 1708
1613 1614
1613 3763
1614 2537
1614 2540
1614 1616
1615 1617
1616 3753
1616 2551
1617 1626
1618 3761
1618 1951
1618 3752
1619 2551
1619 3753
1619 1621
1620 1622
1620 3352
1620 2553
1620 1621
1621 1623
1621 1622
1622 1624
1623 3752
1623 1624
1624 3351
1624 1625
1625 3350
1625 3349
1626 2221
1627 3346
1627 3347
1628 1630
1629 2625
1629 3824
1630 1632
1631 1633
1631 3827
1633 1634
1633 1636
1634 3827
1635 1636
1636 1638
1637 1638
1638 1639
1639 2610
1639 3825
1640 2557
1640 2556
1641 3313
1641 1642
1643 3311
1643 3312
1643 3607
1644 1872
1645 1648
1646 1647
1648 1650
1649 1651
1652 1873
1652 1654
1652 3607
1652 1653
1653 2132
1653 1654
1654 2166
1655 2166
1655 3743
1655 1657
1656 1657
1657 1658
1657 3743
1658 3730
1658 1659
1661 3384
1662 3107
1662 4001
1662 3161
1663 2133
1663 2134
1663 1665
1663 1664
1664 1665
1665 1666
1666 3612
1667 3327
1668 3316
1669 3330
1669 2895
1669 3316
1670 2425
1670 2119
1672 1673
1674 2191
1675 3494
1676 1677
1678 1682
1679 1680
1679 1681
1681 1772
1685 1686
1686 1687
1687 1688
1688 1689
1690 3964
1690 3950
1691 2110
1691 2432
1692 1708
1692 1707
1693 1699
1694 3313
1694 1715
1697 1701
1697 3709
1698 1711
1699 3129
1700 1705
1702 1710
1702 1704
1702 1715
1703 1706
1705 3760
1705 3761
1708 3760
1709 3711
1710 1713
1710 1715
1714 3781
1714 2533
1716 1723
1716 1722
1717 1719
1718 1720
1718 1721
1719 1723
1719 1724
1725 1726
1727 3943
1727 1728
1728 3665
1729 3521
1729 1730
1730 3943
1731 3972
1731 1733
1731 3970
1732 1733
1732 3970
1733 3971
1734 3669
1735 3666
1735 3669
1736 3313
1736 3303
1736 3611
1737 3610
1737 1738
1739 3302
1739 3610
1740 1741
1742 1743
1743 1745
1743 1744
1745 1767
1747 1748
1748 1749
1748 1750
1752 1753
1753 1754
1754 1755
1754 3626
1754 3627
1755 1756
1755 3626
1757 3978
1758 1759
1758 2255
1758 2860
1759 2860
1760 2860
1760 1761
1760 3524
1761 2896
1761 2863
1762 2628
1762 2664
1763 1765
1764 2122
1765 3405
1766 1767
1768 2650
1768 2417
1768 1769
1769 2656
1769 1770
1772 1774
1772 2576
1775 1777
1777 1779
1777 1778
1779 1780
1783 3608
1784 1786
1785 2087
1785 3612
1786 3612
1787 1860
1787 2234
1787 3254
1793 3866
1793 3865
1793 1794
1794 1795
1795 1796
1798 1801
1798 2745
1798 2747
1799 2740
1799 1800
1800 2741
1800 2744
1801 2742
1801 2744
1802 1898
1802 3361
1802 3363
1803 1804
1804 1861
1805 1905
1805 1904
1805 1903
1806 3341
1806 3288
1807 1808
1810 2782
1810 1811
1810 2816
1811 2812
1812 1813
1813 3939
1814 1816
1815 1817
1818 1819
1819 3935
1819 3936
1820 3162
1821 1868
1821 1822
1824 1826
1827 1828
1828 1829
1828 1832
1829 2140
1829 1830
1830 1832
1830 1831
1832 1833
1833 1836
1833 1835
1834 1836
1837 1839
1838 1841
1839 1840
1840 2143
1840 1845
1841 1843
1842 1843
1843 1844
1845 3585
1845 2230
1846 1847
1847 1848
1847 3616
1848 3598
1849 2291
1850 2291
1850 2297
1850 2300
1851 3805
1851 3804
1852 3804
1852 2224
1852 3799
1853 2224
1853 1855
1853 2228
1854 1856
1855 1856
1855 2228
1856 2227
1856 1859
1857 2227
1857 2071
1858 1859
1859 1860
1863 1864
1865 1885
1866 1867
1868 3304
1868 2201
1868 1877
1869 2201
1869 2200
1869 1870
1870 2200
1870 2199
1871 3611
1871 3738
1871 2199
1871 2200
1872 3313
1872 3312
1873 1874
1873 3614
1874 2166
1874 2164
1875 2159
1875 2594
1875 2151
1875 2593
1876 2594
1876 2588
1877 3304
1877 2921
1878 1879
1879 2921
1879 3305
1880 3616
1880 1882
1880 3619
1881 3620
1881 2173
1881 2168
1882 1883
1882 3599
1883 2167
1883 2169
1884 2175
1886 2299
1886 1889
1887 1889
1887 2305
1888 1889
1890 1891
1890 2262
1892 1893
1894 1896
1895 2944
1895 2881
1895 2762
1897 3302
1898 3362
1898 3359
1900 1901
1902 3405
1903 3999
1904 1905
1904 3999
1906 1907
1907 1909
1907 2179
1908 1910
1909 2263
1911 3458
1911 1916
1912 3809
1912 2007
1913 1914
1913 1917
1913 1918
1914 1915
1914 1920
1915 1919
1917 1920
1917 2893
1918 2894
1918 2264
1919 1922
1919 1920
1920 1921
1921 1922
1921 2893
1921 1924
1922 1925
1923 2182
1923 1924
1923 2894
1924 1925
1926 3690
1926 2876
1927 2076
1929 3685
1930 1931
1932 1933
1932 1934
1933 3091
1934 1935
1934 3091
1935 1937
1935 1936
1936 1937
1937 1938
1938 1939
1939 3687
1943 2828
1943 2827
1944 2334
1944 2443
1946 1947
1946 2243
1948 3295
1953 2023
1954 2023
1954 2024
1955 1959
1955 1956
1956 1957
1956 1958
1957 1961
1957 1964
1958 1961
1958 1962
1959 1960
1960 1962
1960 1963
1961 1964
1961 1965
1962 1966
1962 1965
1963 1966
1963 1967
1964 1968
1965 1969
1965 1968
1966 1969
1966 1970
1967 1970
1967 1972
1968 1971
1969 1971
1969 1973
1970 1973
1970 1974
1971 1975
1972 1974
1972 1977
1973 1975
1973 1976
1974 1976
1974 1977
1975 1978
1976 1978
1976 1979
1977 1979
1977 1980
1978 1981
1979 1981
1979 1983
1980 1982
1980 1989
1981 1985
1982 1983
1982 1987
1983 1984
1983 1987
1984 1985
1984 1987
1985 1991
1986 2031
1986 1988
1988 2033
1989 1991
1989 1990
1989 2031
1990 2033
1991 1995
1992 1998
1992 1993
1993 1994
1994 1996
1994 1997
1997 1997
1999 2000
2000 2003
2001 2003
2001 2002
2002 2004
2004 2005
2006 3813
2006 3809
2006 2007
2007 2010
2008 2015
2008 2009
2010 2010
2011 2056
2013 2014
2016 2017
2016 2712
2016 2711
2017 2675
2017 2673
2018 2020
2019 2021
2022 3727
2022 3729
2023 2025
2024 2027
2024 2026
2025 2026
2025 2030
2026 2027
2026 2029
2027 2028
2028 2031
2030 2035
2031 2033
2032 2034
2033 2037
2034 2036
2035 2036
2035 2038
2036 2037
2037 3722
2038 2039
2039 2040
2040 2041
2040 2043
2041 2042
2042 3722
2043 2044
2043 2046
2044 2045
2046 2047
2047 2048
2048 2050
2048 2049
2049 2052
2050 2240
2050 2054
2051 2052
2052 2053
2052 2055
2057 2058
2060 2844
2060 3218
2061 3460
2062 3463
2062 3472
2063 3139
2063 2064
2063 3003
2064 2065
2064 2067
2065 2066
2065 2068
2070 2223
2070 3925
2070 2071
2071 2073
2072 2073
2074 2075
2075 3924
2078 3345
2078 2079
2079 2080
2079 3345
2081 2082
2082 2083
2082 2084
2083 2085
2083 3869
2086 3774
2087 2088
2089 2090
2091 3729
2092 2093
2094 2096
2097 2098
2097 3772
2099 3767
2100 2101
2100 3767
2100 3745
2102 3765
2103 3765
2104 3764
2105 2106
2105 3764
2105 2530
2106 3763
2106 3354
2107 2108
2108 3153
2109 4013
2110 2111
2111 2113
2112 2866
2112 2117
2112 2873
2113 2258
2114 2116
2115 2258
2115 2115
2118 2119
2120 2122
2121 2123
2122 2123
2123 2930
2124 2124
2125 3791
2126 2128
2126 2127
2129 2130
2130 3310
2130 2131
2131 3309
2131 3609
2133 2134
2135 2138
2135 2137
2136 2139
2136 2137
2136 2141
2137 2142
2138 2139
2139 2140
2140 3802
2140 3800
2142 2143
2144 3583
2145 2162
2145 2152
2146 2147
2146 2162
2146 2163
2147 2148
2147 3613
2148 2149
2148 2157
2149 2150
2149 3614
2150 2158
2150 2919
2151 2158
2151 2595
2152 2153
2153 3605
2153 3606
2154 2595
2154 2155
2154 2596
2155 2597
2155 2156
2156 2157
2156 2918
2157 3606
2158 2164
2159 2160
2159 2592
2160 3616
2160 3618
2161 2162
2161 2163
2161 3609
2161 3308
2163 3608
2164 2165
2167 3620
2167 2168
2167 2169
2168 2174
2169 2171
2169 3599
2170 3599
2170 2171
2172 2587
2172 2173
2172 3617
2173 3619
2174 2175
2174 3600
2175 3598
2176 2178
2176 2177
2179 2180
2179 2181
2182 2194
2182 2882
2182 2883
2183 2184
2183 2887
2183 2190
2183 2197
2184 2185
2185 2186
2185 2886
2186 2197
2187 2188
2187 2190
2188 2189
2188 2191
2189 2190
2189 2882
2192 2883
2192 2888
2192 2193
2193 2194
2193 2892
2193 3155
2194 2894
2194 2264
2195 2196
2195 2887
2195 2888
2196 2197
2196 3156
2198 3738
2201 2202
2202 3731
2204 2205
2204 3637
2205 2206
2205 3650
2205 3119
2206 2207
2206 3650
2206 3120
2207 3650
2207 2208
2209 2214
2209 3661
2210 2214
2210 2211
2210 3660
2211 3655
2211 3657
2212 3121
2212 2213
2212 3657
2213 3121
2214 2215
2215 2216
2215 2618
2216 2217
2216 2250
2217 2220
2217 2218
2218 2219
2218 2250
2221 3500
2221 3495
2222 2225
2222 3495
2222 2226
2223 2603
2223 2225
2224 2226
2225 2603
2225 2226
2228 3585
2229 2233
2229 2230
2229 2232
2230 2231
2233 2234
2235 3662
2235 3624
2236 3124
2236 3123
2237 2238
2238 2239
2238 3182
2241 2245
2241 2635
2244 3416
2244 3138
2245 3488
2246 2247
2247 2644
2247 2635
2248 3410
2249 2250
2249 2618
2251 2254
2252 2255
2253 2433
2253 2432
2253 2431
2254 2255
2254 2433
2254 2256
2255 2257
2258 2259
2259 2431
2260 2261
2263 4021
2263 2891
2264 2891
2266 3596
2267 2269
2267 3701
2268 2269
2269 2270
2271 2276
2273 2275
2274 2276
2275 2277
2275 2278
2276 2279
2276 2285
2277 2278
2277 2279
2278 2283
2279 2281
2280 2284
2281 2285
2281 2283
2282 2285
2283 2284
2284 2285
2286 3102
2286 2287
2288 2290
2289 2293
2290 2293
2291 2297
2292 2294
2294 2295
2296 2298
2296 2299
2297 2301
2298 2299
2298 2302
2300 2961
2300 2950
2302 2315
2302 2303
2304 2308
2304 2309
2305 2309
2305 2307
2306 2314
2307 2322
2310 2314
2311 2316
2312 3365
2312 2948
2312 2962
2315 2317
2315 2319
2318 2319
2318 2321
2319 2327
2320 2321
2321 2325
2322 2323
2324 2324
2326 2333
2327 2470
2327 2328
2329 2330
2329 2470
2330 2471
2331 2333
2332 2470
2332 2474
2333 2334
2334 2450
2335 2450
2335 2475
2336 2337
2336 2475
2337 2453
2337 2965
2338 2339
2340 2456
2340 2481
2340 2343
2341 2350
2341 3678
2341 2348
2342 2343
2342 2344
2343 2345
2344 3681
2344 2346
2345 3681
2345 2347
2346 3682
2346 2448
2347 3682
2347 2454
2348 2448
2348 3677
2349 2447
2349 3673
2349 2351
2349 2368
2350 2471
2350 2446
2351 2368
2351 2445
2352 2445
2353 2354
2353 2363
2353 2362
2354 2364
2354 2458
2355 2357
2355 2368
2355 2367
2355 2356
2356 2358
2356 2357
2357 2359
2357 2452
2358 2360
2358 2359
2359 2361
2359 2366
2359 2451
2359 2452
2360 2449
2360 2451
2361 2363
2361 2451
2361 2365
2362 2363
2362 2449
2363 2364
2364 2365
2365 2366
2366 2452
2369 2370
2369 2371
2370 2371
2371 2372
2372 2374
2372 2459
2373 2459
2374 2375
2374 2480
2375 3369
2375 2481
2376 2518
2376 2377
2376 2525
2377 2378
2377 2379
2378 2524
2378 2379
2379 2526
2380 2392
2380 2487
2381 2382
2382 2487
2383 2388
2383 2387
2383 2390
2384 2386
2384 2482
2384 2385
2385 2386
2385 2387
2386 2387
2388 2389
2388 2482
2389 2483
2389 2390
2390 2457
2391 2482
2392 2483
2393 2507
2393 2393
2394 2395
2394 2462
2395 2396
2395 2510
2395 2509
2396 2397
2396 2403
2397 2398
2397 2402
2399 2515
2399 2466
2400 2407
2400 2516
2400 2408
2401 2405
2401 2408
2401 2406
2402 2527
2402 2403
2403 2405
2404 2406
2404 2527
2404 2405
2406 2407
2407 2408
2409 3664
2409 3622
2409 3627
2410 2917
2410 2915
2410 3622
2411 2412
2411 2416
2412 2415
2412 2418
2413 2645
2414 2646
2414 2647
2415 2418
2415 2577
2416 2418
2416 2641
2417 2648
2420 2798
2420 3473
2421 2422
2421 2803
2421 2798
2422 3467
2422 2804
2423 2424
2424 2425
2425 2427
2426 3318
2426 2429
2426 3320
2428 2429
2428 2430
2429 2430
2431 2433
2431 2432
2434 2436
2435 3699
2436 2437
2436 3699
2437 2870
2438 2439
2438 2441
2439 2440
2440 3539
2440 3047
2441 3047
2441 3539
2442 3539
2443 2444
2443 2468
2444 2472
2445 2471
2445 2472
2446 2447
2446 3678
2447 3677
2448 3683
2449 2473
2449 2451
2450 2964
2452 3672
2453 2475
2453 2473
2454 3683
2454 3673
2455 3672
2456 2477
2457 2478
2458 2965
2458 2481
2459 2480
2459 2477
2460 2461
2460 2506
2460 2463
2461 2509
2461 2462
2461 2464
2463 2465
2463 2512
2463 2464
2464 2513
2464 2466
2465 2466
2467 2468
2469 2470
2472 2473
2476 2476
2476 2965
2478 2479
2479 2483
2480 2500
2483 2487
2484 2485
2486 2488
2487 2496
2488 2489
2489 2490
2490 2499
2490 2492
2491 2492
2492 2493
2492 2499
2493 2494
2494 2495
2496 2497
2496 2505
2498 2500
2498 2499
2500 2503
2501 2503
2502 2506
2502 2503
2505 2507
2506 2511
2507 2510
2508 2511
2509 2513
2511 2512
2512 2514
2513 2515
2514 2519
2515 2516
2515 2518
2516 2522
2517 2520
2518 2521
2519 2520
2520 2523
2520 2521
2521 2524
2523 2524
2527 2528
2529 3487
2531 2534
2532 3586
2533 2536
2533 2534
2534 2536
2534 2537
2535 2538
2535 3353
2535 3354
2536 2537
2538 2542
2538 2539
2539 2541
2539 2543
2540 2541
2540 3750
2540 2545
2541 2545
2541 2544
2542 2546
2542 3353
2543 2546
2543 2544
2544 2547
2545 2552
2545 2547
2546 2549
2547 2548
2548 2549
2549 2550
2550 3352
2551 2552
2552 2553
2555 2556
2555 2557
2555 3825
2556 2557
2558 2619
2558 2559
2558 2610
2559 2623
2560 2563
2561 2566
2563 2567
2564 2571
2564 2565
2565 2569
2566 2568
2569 2573
2570 2571
2571 2572
2574 2663
2574 2662
2575 2586
2576 2578
2576 2583
2577 2637
2577 2638
2578 2729
2578 2585
2579 2663
2579 2580
2579 2661
2580 2651
2580 2662
2581 2661
2581 2659
2581 2658
2582 2664
2582 2668
2582 2584
2583 2586
2584 2662
2584 2651
2585 2660
2585 2663
2586 2729
2587 2588
2588 2589
2589 2593
2589 2590
2590 2591
2590 3617
2591 2592
2591 3604
2592 2593
2594 2595
2596 3605
2596 2597
2597 3606
2598 3152
2598 3151
2599 3151
2603 2627
2604 3820
2604 3818
2605 3818
2610 3823
2613 4022
2614 2615
2616 2979
2616 2978
2619 2620
2619 3824
2620 2621
2620 2622
2622 2625
2622 2624
2623 3823
2623 2627
2625 2626
2626 2627
2628 2664
2629 2652
2629 2630
2629 2656
2630 2632
2630 2631
2631 2656
2631 2650
2633 2635
2634 2649
2635 2643
2636 2640
2636 2637
2636 2639
2637 2638
2638 2639
2639 2640
2640 2665
2641 2647
2642 2645
2642 2643
2642 2644
2643 2646
2644 2645
2645 2646
2647 2648
2648 2649
2649 2650
2651 2654
2652 2666
2652 2653
2653 2655
2653 2668
2654 2664
2655 2664
2655 2656
2657 2658
2657 2659
2659 2660
2660 2661
2665 2667
2665 2666
2666 2667
2667 2668
2669 2671
2669 2692
2669 2672
2670 2702
2670 2677
2670 2674
2671 2681
2671 2693
2672 2689
2672 2686
2673 2689
2674 2703
2674 2707
2675 2707
2676 2711
2676 2690
2676 2691
2677 2678
2677 2701
2677 2700
2679 2685
2679 2680
2679 2686
2680 2697
2680 2681
2681 2696
2681 2682
2682 2693
2682 2695
2683 2688
2684 2688
2685 2686
2685 2688
2686 2687
2687 2688
2687 2689
2689 2690
2690 2691
2691 2709
2692 2703
2692 2709
2692 2693
2693 2702
2694 2700
2694 2695
2694 2701
2695 2696
2696 2700
2696 2697
2697 2698
2698 2699
2698 2700
2701 2702
2702 2703
2703 2710
2704 2706
2705 2706
2706 2707
2707 2708
2708 2710
2708 2712
2709 2710
2711 2712
2713 2714
2714 2726
2714 2725
2715 2726
2716 2717
2717 2726
2717 2727
2718 2719
2719 2724
2719 2727
2720 2724
2721 2723
2722 2723
2723 2724
2727 2728
2730 3466
2730 3464
2731 2736
2731 2737
2731 2732
2732 3213
2732 2736
2732 2733
2734 3217
2734 2735
2734 2824
2734 2741
2735 2739
2735 3211
2735 3214
2736 3212
2737 3212
2737 3475
2737 3215
2738 3478
2738 3474
2738 3211
2738 3473
2739 3478
2739 3475
2740 2747
2741 3209
2741 3217
2742 2743
2742 3206
2743 3219
2745 3206
2745 2746
2748 2766
2749 3849
2749 2750
2750 2772
2750 2770
2751 2765
2751 2772
2751 2752
2752 3852
2752 3855
2753 2754
2754 2777
2754 2755
2755 2756
2756 2778
2757 3837
2758 3839
2759 3834
2760 3832
2761 3833
2764 2941
2764 2939
2765 2767
2765 2768
2766 2767
2767 2768
2768 2771
2769 2771
2770 2774
2770 2771
2771 2772
2773 2775
2773 2774
2774 2776
2775 2809
2775 2776
2776 2777
2777 2778
2778 2779
2779 2809
2779 2811
2780 2932
2780 2812
2781 2782
2783 2788
2783 2784
2783 2808
2784 2786
2785 2786
2785 2788
2785 2791
2786 2787
2788 2793
2789 2792
2790 2792
2790 2808
2791 2822
2791 2795
2792 2793
2793 2806
2794 2806
2794 2807
2794 2802
2795 2796
2795 2797
2795 2821
2796 2797
2796 2799
2797 2806
2798 2799
2799 2800
2800 2801
2800 3467
2801 2806
2801 2802
2802 2805
2802 2807
2803 2803
2804 3459
2804 2805
2805 3467
2808 2812
2810 2811
2811 2812
2813 2815
2814 2815
2815 2816
2817 3204
2817 3205
2817 3219
2818 2819
2819 2820
2819 2823
2820 2822
2820 2823
2821 2825
2821 2822
2823 3207
2823 3208
2824 3208
2824 2825
2824 3210
2825 3210
2826 2827
2827 2828
2830 3363
2830 3361
2830 3364
2831 2849
2831 2848
2831 3357
2832 3197
2833 2837
2834 2857
2835 2836
2836 2837
2836 2857
2837 2838
2838 2841
2839 2841
2840 2841
2842 2843
2842 2858
2844 2850
2845 2846
2847 2850
2847 2848
2848 2849
2848 3198
2849 3357
2852 2854
2853 2854
2854 2855
2856 3170
2858 2859
2861 2896
2861 3519
2861 2862
2862 2863
2864 2866
2864 3976
2864 3977
2865 3977
2866 2867
2867 2868
2867 2869
2869 4028
2870 2871
2872 3991
2872 3992
2874 3980
2874 3979
2875 3222
2876 2877
2878 2879
2882 2887
2882 2883
2884 2885
2885 2886
2888 2889
2889 3155
2889 3156
2890 3156
2890 2892
2890 3155
2891 2892
2893 2894
2896 2897
2898 2899
2899 2900
2900 2901
2900 2902
2901 2902
2901 2971
2903 2904
2903 2969
2905 3230
2905 2906
2905 2907
2908 3230
2908 2923
2908 2910
2909 2924
2909 2923
2910 2924
2910 2923
2911 3470
2912 2913
2912 2917
2912 2916
2913 2916
2914 2920
2914 2915
2915 3664
2915 2916
2915 3622
2916 2917
2918 2919
2920 3664
2922 3230
2927 2928
2929 2930
2931 2932
2931 3836
2933 2934
2935 2936
2937 2938
2938 2949
2940 2942
2941 2942
2941 2944
2942 2943
2944 2945
2946 2962
2946 2947
2946 3365
2947 3365
2947 2948
2948 2961
2949 2950
2951 2954
2951 2952
2952 2953
2953 2960
2953 2957
2954 2955
2954 2956
2956 2960
2956 2958
2957 2958
2957 2961
2958 2959
2966 2967
2966 3183
2967 3187
2968 2969
2971 2972
2973 2974
2975 2976
2977 2978
2978 2979
2979 4024
2980 3236
2980 3157
2981 2983
2982 2983
2983 2985
2984 2985
2985 2987
2986 2987
2989 2990
2990 3946
2991 2996
2991 2993
2992 2993
2993 2995
2994 2995
2995 2996
2998 2999
2998 3002
2998 3003
3000 3002
3001 3002
3002 3559
3003 3544
3004 3006
3004 3005
3005 3139
3006 3036
3006 3038
3007 3008
3007 3011
3007 3010
3008 3010
3008 3012
3009 3148
3009 3010
3011 3012
3011 3037
3013 3580
3014 3577
3014 3146
3014 3567
3015 3564
3016 3017
3017 3021
3017 3022
3018 3021
3019 3020
3020 3573
3020 3021
3023 3024
3024 3025
3025 3026
3026 3027
3028 3029
3029 3033
3029 3030
3030 3031
3030 3563
3031 3562
3031 3032
3032 3561
3032 3033
3034 3035
3035 3037
3035 3036
3037 3038
3037 3527
3039 3150
3040 3041
3041 3043
3041 3042
3042 3530
3042 3527
3043 3044
3044 3538
3045 3535
3045 3538
3046 3047
3048 3049
3049 3051
3049 3067
3050 3051
3051 3056
3052 3054
3053 3054
3054 3055
3055 3060
3055 3063
3056 3059
3056 3057
3057 3058
3057 3063
3058 3059
3058 3060
3059 3060
3061 3062
3061 3067
3061 3065
3062 3063
3064 3066
3065 3066
3066 3067
3068 3941
3068 3555
3069 3070
3069 3075
3069 3071
3070 3071
3070 3077
3071 3083
3072 3074
3072 3077
3072 3075
3073 3076
3073 3074
3074 3075
3076 3077
3076 3540
3078 3552
3078 3080
3078 3084
3079 3552
3080 3550
3080 3082
3081 3550
3082 3083
3084 3087
3085 3086
3085 3088
3086 3087
3087 3546
3088 3546
3088 3886
3090 3091
3092 3093
3092 3095
3093 3096
3094 3095
3095 3096
3096 3097
3098 3099
3099 3101
3100 3101
3102 3103
3103 3104
3103 3105
3106 3107
3108 3114
3109 3110
3110 3111
3110 3113
3111 3112
3115 3116
3117 3634
3117 3120
3118 3637
3118 3119
3119 3120
3121 3656
3121 3122
3122 3657
3122 3123
3123 3658
3124 3659
3124 3125
3125 3623
3125 3660
3126 3127
3127 3129
3127 3131
3128 3129
3130 3131
3131 3133
3132 3133
3135 3135
3135 3136
3136 3890
3137 3138
3140 3141
3140 3554
3141 3142
3142 3540
3142 3941
3143 3144
3144 3145
3149 3150
3149 3530
3151 3152
3154 3154
3154 3299
3157 3237
3158 3159
3160 3161
3160 3227
3163 3164
3165 3199
3166 3166
3167 3331
3168 3169
3168 3226
3171 3173
3172 3173
3173 3174
3175 3180
3175 3176
3175 3178
3176 3491
3176 3177
3177 3178
3178 3181
3179 3492
3180 3493
3180 3491
3182 3183
3184 3186
3185 3186
3186 3187
3188 3193
3189 3193
3190 3192
3191 3192
3192 3193
3193 3194
3195 3196
3197 3356
3198 3357
3198 3356
3199 3200
3201 3205
3202 3203
3202 3207
3203 3204
3203 3219
3203 3220
3204 3220
3205 3206
3207 3209
3208 3209
3210 3211
3212 3474
3213 3215
3213 3216
3214 3216
3214 3215
3216 3217
3225 3226
3227 4003
3227 4006
3231 3252
3231 3232
3232 3249
3232 3233
3232 3248
3233 3251
3233 3247
3233 3234
3234 3235
3234 3240
3234 3238
3235 3236
3235 3237
3236 3250
3239 3240
3239 3250
3239 3244
3240 3250
3240 3245
3241 3243
3241 3244
3241 3242
3242 3246
3243 3342
3244 3245
3244 3246
3245 3251
3247 3249
3248 3251
3248 3252
3255 3379
3255 3380
3255 3385
3256 3287
3256 3285
3257 3262
3258 3298
3258 3259
3258 3260
3259 3284
3260 3298
3261 3262
3263 3276
3263 3264
3264 3273
3265 3266
3266 3280
3266 3281
3267 3268
3267 3279
3268 3279
3268 3280
3269 3273
3269 3274
3269 3270
3270 3275
3270 3276
3271 3278
3271 3273
3271 3272
3272 3276
3272 3277
3274 3275
3275 3279
3276 3280
3277 3281
3277 3278
3282 3283
3282 3284
3283 3285
3284 3285
3286 3287
3287 3288
3290 3291
3290 3294
3291 3292
3293 3294
3295 3295
3296 3297
3300 3301
3301 3519
3302 3314
3302 3303
3305 3306
3305 3307
3307 3706
3308 3609
3309 3608
3309 3310
3310 3311
3311 3312
3311 3607
3317 3318
3320 3325
3320 3321
3322 3324
3323 3324
3324 3325
3326 3327
3327 3328
3329 3330
3332 3339
3333 3334
3334 3335
3335 3336
3336 3337
3337 3338
3343 3344
3346 3349
3346 3347
3347 3348
3349 3350
3350 3351
3351 3352
3356 3357
3358 3359
3358 3360
3358 3361
3362 3363
3369 3372
3369 3373
3370 3371
3370 3375
3370 3373
3371 3374
3371 3372
3371 3373
3376 3380
3376 3378
3376 3383
3377 3378
3377 3382
3377 3384
3378 3383
3379 3381
3380 3385
3381 3382
3382 3384
3386 3388
3387 3388
3391 3392
3393 3395
3393 3399
3393 3398
3394 3395
3395 3396
3397 3399
3399 3400
3400 3885
3401 3402
3403 3404
3405 3406
3408 3426
3409 3481
3409 3413
3410 3411
3414 3415
3415 3416
3416 3940
3417 3418
3421 3422
3422 3479
3422 3487
3423 3423
3423 3431
3425 3446
3425 3441
3426 3451
3426 3444
3427 3430
3427 3429
3427 3479
3428 3429
3430 3479
3431 3432
3432 3433
3434 3435
3434 3438
3434 3456
3435 3443
3436 3437
3437 3443
3437 3442
3438 3443
3438 3439
3438 3452
3439 3440
3439 3448
3439 3449
3440 3441
3440 3445
3440 3446
3441 3451
3442 3454
3442 3453
3443 3453
3444 3447
3444 3445
3445 3451
3445 3448
3446 3449
3447 3454
3447 3448
3448 3452
3449 3450
3449 3456
3450 3455
3452 3453
3452 3454
3455 3456
3457 3458
3461 3462
3461 3468
3465 3466
3469 3470
3471 3472
3474 3476
3474 3477
3475 3477
3477 3478
3480 3485
3481 3483
3482 3484
3483 3484
3486 3487
3490 3491
3492 3493
3495 3496
3496 3500
3497 3498
3497 3499
3497 3500
3501 3502
3502 3503
3502 3504
3506 3507
3508 3508
3508 3509
3512 3514
3513 3514
3514 3515
3515 3517
3515 3518
3516 3518
3518 3519
3520 3521
3521 3621
3522 3621
3525 3525
3525 3526
3527 3528
3529 3530
3530 3531
3531 3534
3531 3533
3532 3533
3532 3535
3533 3534
3534 3535
3536 3538
3536 3537
3540 3542
3541 3542
3542 3543
3544 3545
3544 3554
3546 3547
3547 3548
3547 3549
3550 3551
3552 3553
3555 3556
3555 3941
3556 3557
3557 3558
3557 3559
3559 3560
3562 3563
3564 3567
3564 3565
3566 3567
3568 3569
3569 3570
3569 3571
3572 3573
3573 3575
3573 3574
3576 3576
3577 3579
3577 3578
3579 3580
3579 3581
3580 3582
3584 3585
3589 3891
3589 3893
3590 3891
3591 3592
3591 3948
3593 3594
3594 3595
3597 3601
3598 3599
3600 3601
3600 3602
3601 3603
3602 3603
3604 3615
3605 3606
3607 3613
3610 3611
3613 3614
3617 3618
3618 3619
3619 3620
3623 3624
3623 3651
3625 3626
3628 3630
3629 3630
3629 3631
3631 3633
3632 3633
3633 3634
3635 3638
3635 3636
3637 3638
3639 3640
3639 3643
3639 3641
3641 3644
3642 3643
3643 3644
3645 3646
3645 3647
3646 3648
3648 3649
3652 3662
3653 3661
3654 3655
3655 3658
3658 3659
3659 3660
3660 3661
3661 3662
3662 3663
3666 3668
3667 3668
3670 3671
3672 3673
3673 3679
3674 3675
3675 3679
3675 3677
3676 3678
3677 3678
3679 3683
3680 3681
3681 3682
3682 3683
3686 3696
3686 3695
3687 3693
3688 3697
3689 3691
3690 3691
3690 3692
3691 3696
3692 3696
3692 3697
3693 3694
3693 3697
3698 3700
3698 3699
3699 3700
3704 3705
3707 3730
3708 3709
3710 3711
3714 3715
3717 3718
3720 3721
3722 3724
3723 3724
3723 3725
3727 3728
3728 3729
3731 3734
3731 3732
3732 3734
3732 3733
3732 3735
3733 3734
3735 3741
3735 3736
3736 3740
3736 3739
3737 3740
3737 3741
3738 3739
3739 3740
3740 3741
3742 3743
3744 3766
3745 3767
3745 3768
3746 3747
3748 3749
3751 3752
3753 3754
3754 3756
3754 3757
3755 3756
3756 3757
3757 3758
3758 3781
3758 3759
3759 3760
3759 3761
3762 3766
3763 3764
3764 3765
3765 3766
3766 3767
3768 3769
3768 3770
3769 3770
3771 3775
3771 3772
3773 3774
3774 3775
3776 3777
3778 3796
3778 3779
3779 3794
3779 3793
3780 3797
3781 3782
3782 3783
3784 3785
3785 3787
3786 3787
3788 3789
3789 3790
3791 3795
3792 3795
3792 3793
3794 3795
3796 3797
3798 3799
3799 3803
3800 3801
3801 3803
3802 3803
3804 3806
3805 3806
3806 3807
3809 3811
3810 3811
3810 3814
3811 3812
3812 3813
3812 3814
3815 3816
3817 3818
3819 3820
3821 3822
3823 3824
3826 3827
3828 3829
3828 3828
3830 3831
3832 3834
3833 3835
3834 3835
3835 3836
3838 3846
3838 3839
3838 3844
3839 3850
3840 3841
3841 3843
3841 3848
3842 3843
3843 3847
3845 3846
3846 3847
3849 3850
3851 3854
3852 3854
3853 3854
3854 3855
3856 3858
3857 3865
3857 3858
3858 3864
3859 3861
3860 3861
3860 3860
3861 3862
3863 3864
3864 3865
3866 3867
3867 3870
3868 3869
3869 3870
3871 3872
3873 3877
3874 3875
3874 3876
3875 3877
3876 3878
3876 3877
3877 3879
3880 3881
3882 3883
3883 3884
3883 3885
3886 3887
3887 3888
3887 3889
3890 3891
3892 3893
3894 3896
3895 3896
3896 3897
3897 3901
3898 3899
3900 3901
3902 3903
3904 3905
3904 3919
3904 3906
3905 3918
3905 3910
3906 3920
3906 3908
3907 3908
3907 3923
3908 3921
3908 3913
3909 3911
3910 3917
3910 3911
3911 3912
3912 3916
3912 3913
3913 3922
3913 3923
3914 3915
3915 3922
3915 3916
3916 3917
3917 3918
3918 3919
3919 3920
3920 3921
3921 3922
3924 3925
3926 3927
3928 3929
3929 3931
3930 3931
3931 3932
3933 3934
3935 3936
3935 3937
3936 3937
3942 3956
3942 3943
3944 3946
3945 3946
3947 3952
3947 3948
3948 3950
3949 3950
3951 3952
3955 3956
3956 3958
3957 3958
3959 3961
3960 3962
3960 3961
3961 3962
3963 3964
3963 3965
3963 3966
3965 3966
3967 3969
3968 3969
3969 3970
3971 3972
3974 3978
3974 3975
3975 3975
3977 3978
3981 3985
3981 3988
3981 3987
3982 3993
3982 3989
3982 3986
3983 3986
3983 3988
3983 3996
3984 3994
3984 3987
3984 3989
3985 3990
3985 3988
3985 3987
3986 3989
3990 3996
3990 3992
3992 3994
3993 3995
3993 3994
3993 3996
3997 3998
3998 3999
4000 4003
4000 4002
4000 4005
4001 4006
4001 4009
4003 4005
4004 4006
4004 4007
4007 4008
4010 4011
4014 4015
4016 4018
4017 4018
4018 4019
4019 4020
4025 4026
4025 4027
