0 1
0 1753
0 1798
0 1802
1 1762
1 1799
1 1801
2 56
2 3
2 1035
3 313
3 949
4 1039
4 339
4 1036
5 1027
5 6
5 1026
6 1025
6 427
7 850
7 1817
7 1813
8 850
8 1257
8 1688
9 1694
9 2184
9 533
10 1370
10 1254
10 1371
11 1337
11 1358
11 1371
12 13
12 1255
12 2538
13 1260
13 2540
14 2540
14 2547
15 531
15 522
15 530
16 1334
16 512
16 514
17 18
17 904
17 148
18 19
18 143
19 1233
19 169
19 903
20 1232
20 25
20 1233
21 2189
21 1031
22 86
22 2671
23 181
23 2532
23 924
23 1192
24 1335
24 1223
24 637
25 166
25 1230
25 923
26 28
26 170
26 1858
27 172
27 28
27 173
28 29
29 2165
29 173
29 1335
30 1225
30 635
30 766
31 172
31 1802
31 1801
31 1800
31 1207
32 2534
32 2533
32 2532
33 77
33 2753
33 189
34 2210
34 1222
34 2165
35 321
35 1248
35 2766
36 1085
36 636
36 156
37 1119
37 1505
37 809
38 1249
38 1498
38 1499
39 366
39 40
39 1250
39 1249
40 361
40 2594
41 42
41 362
41 2589
42 43
42 46
43 47
43 1194
44 45
44 359
44 2519
45 371
45 2692
45 249
46 365
46 48
47 48
47 2311
48 382
49 335
49 1228
49 1037
50 1042
50 1167
50 53
51 1039
51 53
51 955
52 493
52 1292
52 494
53 2119
54 1118
54 725
54 56
55 58
55 57
55 1118
56 1035
57 632
57 2570
58 1116
59 918
59 374
59 2108
60 251
60 61
60 62
61 63
61 785
61 62
62 2321
63 64
63 142
64 784
64 951
65 66
65 2321
65 139
66 142
66 695
67 135
67 2363
67 68
68 79
68 141
68 69
69 72
69 70
70 1378
70 73
70 2755
71 2322
71 78
71 133
72 2322
72 73
72 2526
73 901
74 1191
74 1731
74 945
74 1193
75 2755
75 1192
75 145
75 634
76 1735
76 2753
76 634
76 1285
77 1651
77 1650
77 1649
78 139
78 1684
79 2526
79 134
80 633
80 2175
81 327
81 2681
81 324
82 761
82 775
82 2645
82 2647
83 87
83 761
83 2652
83 777
84 88
84 86
84 775
85 2650
85 2647
86 2098
87 2140
87 767
88 2654
88 90
89 2671
89 2673
89 2667
91 94
91 92
91 2655
92 2652
92 2654
93 2657
93 2655
93 2658
94 2659
94 2141
95 1102
95 2663
95 2673
95 1104
96 2141
96 645
96 99
97 129
97 774
97 776
98 759
98 667
98 140
99 1734
99 100
100 770
100 101
101 129
101 770
102 103
102 645
102 2711
103 104
103 108
104 999
104 1000
104 108
105 110
105 2618
105 2059
106 2172
106 2171
106 2628
106 2630
107 629
107 2623
108 109
110 112
110 1000
111 2065
112 2061
112 2064
113 2061
114 122
114 117
114 2708
115 120
115 118
115 116
115 2134
116 2504
116 260
117 2528
117 643
118 119
118 979
120 128
120 126
121 123
121 122
121 999
122 124
123 127
123 1030
124 125
124 2528
125 127
125 2477
125 997
127 2607
128 2606
128 2477
129 130
130 131
130 132
131 1288
131 132
132 2504
133 2021
133 143
134 1684
134 141
135 141
135 2195
135 696
136 1061
136 756
136 2076
136 757
137 2535
137 148
137 756
138 2320
138 139
138 2535
140 665
140 1048
142 783
143 144
144 147
144 145
145 146
147 901
147 2021
148 1061
149 1129
149 867
149 1987
149 1378
150 668
150 2742
150 1050
151 1052
151 1056
151 1051
152 1236
152 651
152 268
153 1654
153 1178
153 946
153 1655
153 1656
154 1664
154 1235
154 1234
154 1252
155 2471
155 324
155 2678
156 1265
156 2766
156 1248
157 158
157 766
157 904
158 1077
158 159
159 160
159 754
160 1265
160 673
161 2086
161 162
161 2042
162 2076
162 163
162 1077
163 666
163 672
164 1204
164 1315
164 1046
165 1315
165 593
165 1059
166 170
166 1059
166 169
167 171
167 697
167 2178
168 2178
168 698
168 169
170 1733
171 2165
171 1733
172 804
173 333
174 1807
174 1748
174 1806
174 1858
175 583
175 176
175 1044
175 820
176 185
176 1262
177 1182
177 178
177 2718
178 2456
178 180
179 2718
179 1230
179 2717
180 2269
180 1375
181 2254
181 923
181 2256
182 2253
182 2219
182 183
182 184
183 931
183 1012
184 189
184 2533
185 1263
185 2764
186 192
186 982
186 984
187 1309
187 1263
187 931
188 1312
188 1262
188 984
188 1175
189 1012
190 982
190 2295
190 2385
191 201
192 983
192 985
193 1175
193 1647
193 1648
193 1644
193 1625
194 1240
194 833
194 1239
195 202
195 196
195 834
196 835
196 836
197 198
197 1346
197 199
197 1347
198 589
198 2558
199 200
199 2384
199 2382
200 1043
200 203
200 201
201 2770
202 1239
202 2293
202 2384
203 2785
203 833
204 205
204 2302
204 1318
205 230
206 219
206 215
206 207
207 208
208 2300
209 2302
209 2300
209 840
209 2301
209 839
210 217
210 214
210 839
211 1336
211 231
211 212
211 840
212 845
212 213
213 216
213 214
214 843
215 217
215 221
216 217
216 223
218 2768
218 220
218 233
219 220
219 221
220 236
221 222
222 223
222 224
223 225
224 236
224 234
224 226
225 226
225 232
226 227
227 228
227 237
228 229
228 238
229 238
229 237
229 233
230 1631
230 231
230 1629
231 232
231 1659
232 1659
233 2782
233 235
234 237
234 235
235 236
238 249
238 247
239 240
239 247
239 2782
240 248
240 241
241 242
241 953
242 1183
242 245
243 370
243 246
243 248
244 919
244 246
244 245
245 246
247 248
249 1133
250 1282
250 783
250 2363
251 1288
251 1286
252 784
252 2457
252 986
253 790
253 255
253 662
254 662
254 1289
254 255
255 258
256 2508
256 262
257 258
257 2508
257 2509
258 791
259 986
259 270
260 2503
260 975
261 964
261 1278
261 1277
261 913
262 791
262 1990
263 1656
263 265
263 264
264 265
264 1696
265 266
266 1654
266 1661
267 1667
267 1669
267 1666
269 1669
269 1670
269 1873
270 1874
270 1876
270 415
271 274
272 957
272 2135
272 425
273 274
273 2135
274 276
275 1820
275 277
275 276
276 1819
277 1951
277 2013
278 281
278 290
278 1951
279 296
279 290
279 289
279 298
280 2013
281 291
281 282
283 970
283 294
283 744
284 425
284 285
284 2453
285 286
285 287
288 289
289 2138
290 291
291 292
292 299
292 723
293 2453
293 1878
293 2454
294 1878
294 2138
295 296
295 922
295 297
296 970
299 301
299 303
300 301
300 302
300 304
301 302
302 303
303 2067
303 304
304 1090
305 744
305 1822
305 306
306 308
306 307
307 310
307 309
309 312
309 311
311 1739
311 2067
313 2066
313 1739
314 1096
314 1762
314 1763
315 1101
315 1799
315 1763
316 326
316 329
316 317
317 352
317 354
318 1248
318 1085
318 714
319 1305
319 322
319 320
320 324
320 321
321 323
322 323
322 780
323 714
325 354
325 1861
325 347
326 347
326 781
327 937
327 2674
328 2678
328 2676
328 2674
329 330
329 782
330 719
330 331
331 334
331 720
332 333
332 2600
332 715
333 716
335 337
335 336
336 1040
336 337
337 340
338 1038
338 949
338 339
339 343
340 341
340 344
341 342
341 344
342 343
342 345
344 345
346 1859
346 349
347 348
348 349
348 1859
349 350
351 2071
351 714
351 2041
352 1161
352 353
353 354
353 2189
355 1252
355 981
355 1667
356 1853
356 1626
356 1251
357 1499
357 358
357 1119
358 1851
358 1250
359 2319
359 2593
360 362
360 361
360 2594
361 363
361 1867
362 363
363 365
364 391
364 377
364 380
365 367
365 384
368 2373
368 391
368 2371
369 370
369 372
369 2691
370 371
371 372
372 2693
373 918
373 2691
373 1950
374 1024
374 375
375 1120
375 1948
375 1022
376 2361
376 2359
376 1842
376 2360
377 378
377 379
380 382
380 381
382 383
384 1864
384 2207
385 386
385 2493
385 1864
386 1057
386 446
387 1742
387 447
387 1058
387 2168
388 2361
388 2208
388 389
389 2354
389 1834
390 1195
390 2375
390 2341
391 392
393 2416
393 397
393 434
394 397
395 1942
395 396
395 435
396 435
396 2117
397 2493
397 398
399 1460
399 1437
399 460
400 1459
400 1174
400 1041
400 1458
401 1032
401 1437
401 1423
402 1670
402 1276
402 403
403 1275
403 912
404 1670
405 406
405 2265
405 408
406 409
406 1275
407 2265
407 416
407 418
408 409
408 1006
409 412
410 1977
410 1111
410 1009
411 1111
411 1887
411 1891
411 1901
412 1887
412 1865
413 1863
413 448
413 1867
414 1274
414 913
414 1273
415 1877
415 416
416 417
418 1011
418 1006
419 1877
420 741
420 1993
420 1995
421 1916
421 1967
421 968
421 1826
422 748
422 1965
422 968
423 443
423 440
423 442
423 1143
424 436
424 425
426 430
426 432
426 429
427 479
427 478
428 479
428 2390
428 1123
429 2404
429 1198
430 1198
430 431
431 1195
431 2354
432 433
432 1837
433 2410
433 450
434 454
434 457
435 455
436 437
436 1883
437 732
437 1929
438 992
438 462
438 439
439 1912
439 1908
440 1965
440 441
441 443
441 466
442 2122
442 443
442 464
443 466
444 731
444 494
444 493
445 494
445 955
445 1167
446 2118
446 2167
447 1863
447 2118
447 1058
448 472
449 452
449 2163
449 2400
450 451
450 2408
451 2405
451 2411
452 2423
452 2424
453 2398
453 2420
453 1243
454 2441
454 2414
455 1740
455 1480
456 2435
456 2432
456 1243
457 458
457 2414
459 1482
459 2169
459 1422
460 1417
460 2121
461 925
461 1901
461 2048
462 1909
462 987
463 491
463 468
463 1830
464 992
464 1966
464 466
465 993
465 467
465 989
467 471
467 2122
468 473
468 1894
469 470
469 1894
469 1899
470 1169
470 474
471 1898
471 990
472 1969
472 1890
473 1831
473 1891
474 1938
474 1510
475 476
475 1122
475 828
475 479
476 478
476 477
476 826
477 478
477 1132
480 2387
481 1026
481 1622
481 1025
482 2124
482 2126
482 1622
483 1159
483 1174
483 1160
484 2132
484 2126
484 485
486 1324
486 1020
486 1326
487 2157
487 2160
487 1328
488 2160
488 1159
488 2113
488 496
489 2157
490 491
490 989
490 988
491 991
492 1899
493 2520
495 1151
496 1848
496 942
497 502
498 1848
498 1124
498 1069
499 1074
499 1300
499 2113
500 501
500 2190
501 1069
501 2473
502 1847
502 1982
503 2473
503 1846
503 1847
504 507
505 2371
505 2416
505 506
507 1913
507 735
508 1726
508 511
508 510
509 510
509 513
509 911
510 511
511 514
512 911
512 514
513 1618
513 911
515 1620
515 521
515 535
516 1314
516 517
516 537
517 1727
517 519
518 537
518 1266
518 535
519 523
519 1727
520 1623
520 534
520 542
521 2706
521 547
522 1618
522 524
523 543
523 524
524 527
525 532
526 2161
527 531
527 528
528 543
528 1624
529 534
529 1686
529 1624
530 532
530 531
530 1691
531 1685
532 2161
533 1695
533 1344
534 573
535 536
536 1398
536 1332
537 538
538 540
538 1620
539 541
540 541
540 1620
541 2130
542 2130
542 545
543 544
544 545
544 1623
545 2130
546 929
546 718
546 2571
547 1621
547 928
548 718
548 1621
548 930
549 1621
549 2706
549 569
550 2097
550 1078
550 1083
551 557
552 553
552 1078
552 1379
554 555
555 563
555 1379
556 557
556 2573
556 563
557 558
558 559
558 561
559 560
560 562
563 1361
563 1256
564 1693
564 1344
564 565
565 1379
565 2161
566 1370
566 2553
566 1369
567 2050
567 568
568 570
569 570
570 2068
571 572
571 2052
572 573
574 1756
574 1798
575 2034
575 593
575 2030
576 577
576 1339
577 2568
577 2695
578 608
578 587
578 2698
579 1014
579 2697
580 587
580 2556
580 2697
581 1354
581 1340
581 1342
582 1347
582 1348
582 584
583 2295
583 819
584 1351
584 1349
585 1348
586 2567
586 587
586 588
588 1338
588 596
589 1347
589 1338
590 2558
590 591
590 1338
591 868
591 890
592 1986
592 890
592 1975
593 1060
593 1059
594 1974
594 868
594 595
596 1019
596 597
598 1163
598 611
599 614
599 612
599 611
600 612
600 616
600 1307
601 625
601 1307
602 1065
602 603
602 779
603 1176
603 1177
604 612
604 610
604 605
605 1307
606 2561
606 607
608 2695
608 609
611 615
613 617
616 621
616 625
617 619
617 621
618 619
619 620
621 622
622 624
622 623
623 627
623 1308
625 626
627 628
628 1308
628 1973
630 2635
630 2642
631 2635
631 2636
633 1996
634 2754
634 2752
635 637
635 1224
636 2041
636 2040
637 2164
637 2072
638 2296
639 643
640 647
640 646
640 645
641 644
642 646
643 644
644 979
646 2609
648 657
648 658
648 670
649 672
649 666
649 1061
650 663
650 785
650 786
651 670
651 657
652 670
652 654
652 658
653 656
653 796
653 673
654 1127
654 658
655 669
655 787
655 663
656 673
656 1265
657 1236
659 661
659 945
659 1109
660 662
660 958
660 664
661 945
661 2129
663 787
664 2306
665 759
665 2320
666 672
667 671
667 776
668 2198
668 1127
669 786
669 958
671 768
671 759
674 2128
674 2742
674 1109
675 684
675 680
675 689
676 677
676 682
676 693
676 679
677 693
677 1389
678 693
679 686
679 690
679 689
679 680
680 692
680 684
681 1711
681 1705
681 1722
683 1365
683 855
683 854
684 689
685 1392
685 691
685 856
686 1392
686 1390
687 1408
687 1410
687 1709
688 2549
688 856
688 855
690 852
690 1383
691 2552
691 854
692 853
692 1388
692 1165
694 1708
694 1721
694 1402
694 1410
695 696
695 2716
696 2716
699 2026
699 1786
699 2025
700 2029
700 1208
700 1211
701 710
701 704
702 705
702 1764
702 707
703 711
703 1771
703 1208
704 705
705 713
706 1792
706 1785
706 1780
707 2028
707 1209
708 1212
708 1766
708 1208
709 712
709 1771
709 1791
710 713
710 1796
711 712
711 1219
712 1767
713 1797
715 716
715 2039
716 2596
717 929
718 2571
719 720
719 808
719 1676
720 2463
721 1168
722 727
723 1091
723 2204
724 897
724 2205
724 2201
725 2570
725 1118
725 1053
726 1095
727 1095
727 2524
728 1055
728 898
728 897
729 1093
729 1117
729 1961
729 2206
729 1116
730 1055
730 1738
731 1143
731 2122
732 745
733 1897
733 1907
733 738
734 736
735 746
735 1823
736 737
736 2014
737 751
738 743
738 2047
739 749
739 741
740 964
740 959
740 2578
741 1925
742 831
742 830
742 811
743 1897
743 746
744 751
745 2019
746 1897
747 1268
747 1270
747 1513
748 1981
748 2044
748 1964
749 794
750 1921
750 1994
750 1923
750 1827
752 759
752 768
752 763
753 754
754 2086
755 2469
756 760
757 772
757 768
758 778
760 763
760 772
761 775
762 767
762 2739
762 2127
763 772
764 777
764 778
764 2721
765 901
766 2073
767 2738
769 771
769 2082
769 2079
770 774
771 774
771 776
773 778
777 2744
780 2197
780 2460
781 1305
781 2197
783 951
784 788
785 786
787 788
788 790
789 958
790 2457
791 792
792 962
792 1989
793 1989
793 1990
794 1980
794 831
795 798
795 796
795 799
796 800
797 798
798 802
799 800
799 803
800 803
801 802
802 803
804 2600
804 805
805 806
805 1676
806 807
806 2602
807 1682
807 1680
808 1681
808 1677
809 1675
809 1856
810 1011
810 1978
810 811
811 1900
812 1714
812 1712
812 1715
812 1706
812 1711
813 819
813 821
813 947
814 815
814 2456
814 1715
815 1507
815 1701
816 1701
816 1375
816 1044
817 818
817 2035
817 1816
817 1813
818 1814
818 1812
818 1815
819 820
820 1044
821 822
821 824
822 823
822 824
823 825
824 827
825 826
826 828
827 1021
827 828
829 1539
829 830
829 1540
830 1538
831 832
833 1237
834 1238
834 1240
835 2773
835 2769
836 837
836 2304
838 2773
839 841
840 842
841 843
841 842
842 1336
843 845
844 943
844 1130
844 1625
844 1647
845 1336
846 944
846 1646
846 1649
847 1646
847 848
847 1650
848 1179
848 1178
848 1652
848 1970
849 1685
849 1687
849 1686
850 1687
851 1698
852 1386
852 1383
852 1387
853 1374
853 1392
854 2551
855 1364
856 2550
857 858
857 1411
858 1412
858 1400
859 1399
859 1714
859 1412
860 1399
860 1411
860 2575
861 967
861 966
862 948
862 864
862 1939
863 2479
863 2119
863 866
864 902
864 865
865 2479
865 917
866 2119
866 1039
868 869
869 873
869 875
870 886
870 884
870 872
870 893
870 1974
871 881
871 883
871 892
872 887
872 892
873 910
873 874
874 876
874 910
875 877
875 910
876 878
876 909
877 879
877 909
878 880
878 908
879 881
879 908
880 882
880 907
881 907
882 884
882 906
883 885
883 906
884 905
885 887
885 905
886 905
886 887
888 896
889 896
889 894
889 893
890 1985
891 892
893 1975
895 896
897 898
898 2202
899 920
899 900
900 1164
902 902
903 904
903 2210
905 906
906 907
907 908
908 909
909 910
913 1221
914 916
915 916
915 917
916 2482
918 952
919 954
919 1185
920 1291
921 1886
923 924
924 2005
925 1114
925 1115
926 1110
926 1112
926 1114
926 1113
927 927
927 2244
931 2222
932 1144
933 1144
933 934
933 1146
934 1331
935 1164
935 2088
935 936
935 2094
936 1618
936 1062
937 2144
937 938
938 2679
938 939
939 2142
939 2679
940 2142
941 2131
941 1458
941 1027
943 944
943 1632
944 1625
946 1653
946 1655
947 1619
948 1940
948 1941
949 2066
950 951
952 954
952 1975
953 1187
953 1184
954 1184
955 1168
956 2606
956 2474
956 957
957 1279
959 960
959 1991
961 962
962 1277
963 964
963 2500
963 1989
965 2019
965 1886
965 966
965 2014
966 967
967 969
968 2044
969 1981
969 2043
970 2146
971 973
972 973
973 2146
974 2716
975 1279
975 976
976 2577
976 1279
977 978
978 979
978 980
981 1666
981 1503
981 1671
982 983
983 2293
984 985
985 1175
986 1188
987 988
987 993
988 1833
989 990
990 991
991 1898
992 993
994 995
994 997
994 2474
995 2476
995 996
996 997
996 2477
998 999
1000 1004
1001 1004
1001 1002
1001 1003
1004 1005
1006 1007
1007 1009
1007 1010
1008 1010
1009 1010
1010 1011
1013 1014
1013 1017
1013 2542
1014 1015
1016 1017
1017 1349
1018 1019
1019 2562
1020 2131
1021 1180
1021 2147
1022 1023
1022 1180
1023 2149
1023 1024
1024 2148
1025 1026
1026 1027
1028 2478
1028 1820
1028 1029
1029 1819
1029 2475
1032 1420
1032 1424
1033 1421
1033 1034
1033 1420
1034 1417
1034 1413
1035 1117
1036 1038
1036 1037
1037 1040
1038 1040
1041 1042
1041 2133
1042 2133
1045 1049
1045 2187
1045 2036
1046 1811
1046 1745
1046 1744
1047 1202
1047 1812
1047 1811
1048 2321
1048 2320
1049 2034
1049 2036
1050 1051
1050 1056
1051 1052
1052 1868
1054 1961
1054 1959
1054 1958
1055 1088
1056 1191
1057 2168
1057 2166
1058 2167
1058 2166
1059 1060
1060 2718
1063 1064
1063 2075
1063 2076
1063 2730
1064 2074
1065 1066
1065 1953
1066 2615
1066 2614
1067 2616
1067 1803
1067 1806
1068 1298
1069 1070
1070 2713
1070 1073
1070 2714
1071 2192
1072 1074
1072 1280
1072 2049
1074 1508
1075 2544
1076 1077
1078 1079
1079 1080
1079 2088
1081 2096
1082 2096
1083 2088
1083 2091
1084 1260
1085 1248
1086 1087
1086 1698
1086 1388
1089 1090
1090 1091
1091 1092
1093 1738
1093 1094
1095 2199
1096 1758
1096 1097
1097 1757
1097 1098
1098 1759
1098 1729
1099 1759
1100 1757
1100 1758
1100 2517
1101 2510
1101 2514
1102 2662
1102 1105
1103 1105
1104 1106
1104 1108
1105 1107
1109 1127
1110 1900
1110 1824
1111 2048
1112 1900
1112 1115
1113 1114
1113 1901
1115 2048
1116 1117
1119 1505
1120 1842
1120 1121
1121 1180
1121 1122
1121 1840
1122 1123
1123 1837
1124 1847
1124 1167
1125 1730
1125 1735
1125 2748
1125 1126
1126 2023
1126 1737
1127 1653
1128 1129
1128 2022
1128 1193
1129 1737
1130 1660
1130 1131
1130 2299
1131 1645
1131 1631
1132 1622
1133 1134
1133 1696
1135 1497
1135 1136
1135 1498
1136 1137
1136 1138
1139 1141
1139 2590
1139 1496
1140 1142
1141 1142
1143 2122
1143 2484
1143 1964
1144 1145
1147 1148
1148 1151
1148 1153
1149 1150
1150 1153
1150 1155
1151 1152
1153 1154
1155 1157
1155 1156
1157 1160
1157 1158
1159 1160
1161 1162
1161 2512
1162 1162
1163 1974
1164 1291
1165 1253
1165 1359
1165 1166
1166 1343
1166 1345
1167 1168
1168 1982
1169 2018
1169 2015
1170 2121
1170 1969
1170 1172
1171 1413
1171 2018
1171 1173
1174 2133
1176 2615
1176 2612
1177 2613
1177 2612
1178 1637
1178 1643
1179 1643
1179 1642
1179 1633
1181 1182
1182 1712
1184 1185
1185 1186
1189 1190
1189 1648
1189 1628
1191 2747
1191 1193
1192 2008
1192 2752
1193 1987
1194 2319
1194 2307
1195 1196
1196 1198
1196 1197
1196 1199
1200 1201
1200 1818
1200 2182
1200 1808
1201 1202
1201 2181
1202 1809
1203 1817
1203 1814
1203 1809
1204 1815
1204 1816
1205 1753
1205 2617
1205 1206
1206 1754
1206 1753
1206 1207
1207 1802
1207 1754
1209 2027
1210 2027
1210 1211
1211 2028
1212 1771
1212 1785
1213 1768
1213 1788
1213 1216
1214 1788
1214 1218
1214 1217
1215 1773
1215 1781
1215 1220
1216 1770
1216 1769
1217 1789
1217 1761
1218 1767
1218 1219
1219 2037
1220 1769
1222 2173
1222 1223
1223 2072
1223 1335
1224 1225
1224 2164
1224 2041
1225 2040
1226 1822
1226 1228
1226 1227
1227 1228
1227 2066
1229 1873
1229 2263
1230 1501
1231 1501
1232 2007
1232 1233
1234 1503
1234 1663
1235 1236
1235 1665
1235 1668
1237 2784
1237 1238
1238 2779
1238 2769
1239 1240
1241 1242
1241 2425
1241 2450
1242 1243
1242 2419
1242 1244
1244 1244
1245 2436
1245 2435
1246 2432
1246 2431
1246 2433
1247 1883
1249 1250
1251 1854
1251 1626
1252 1503
1253 1358
1253 2759
1253 1354
1254 1337
1254 1370
1254 1371
1254 1255
1255 1337
1256 1364
1256 1365
1257 1688
1257 1691
1258 1259
1258 2005
1258 2002
1260 2554
1261 2554
1262 1263
1264 1368
1266 1267
1266 1397
1267 1398
1267 1314
1268 1993
1268 1271
1269 1273
1269 1271
1269 1272
1270 1272
1270 1271
1272 1274
1273 1274
1275 1276
1276 1874
1277 1278
1278 1876
1280 1281
1280 2714
1282 2263
1282 1283
1283 2362
1283 1284
1285 2751
1285 2750
1285 1652
1286 2287
1286 1287
1287 1288
1287 2273
1289 2290
1289 1850
1290 1748
1290 1954
1292 2115
1292 1297
1293 1294
1293 2521
1293 1297
1294 1296
1294 2480
1295 2522
1295 1296
1295 2481
1296 2523
1296 2480
1297 2520
1298 2049
1298 1304
1299 2713
1300 2192
1300 1508
1301 2049
1301 1508
1301 2190
1302 2049
1303 1304
1304 2713
1305 1306
1308 1971
1309 1312
1309 1310
1310 1311
1310 2194
1312 1313
1314 1726
1315 1316
1317 2304
1317 1318
1317 1319
1318 1319
1319 1644
1320 1322
1320 1323
1320 1321
1321 1322
1321 1324
1322 1323
1323 2132
1324 1325
1326 1327
1326 1328
1328 1329
1330 1331
1331 1334
1333 1334
1335 2071
1339 1341
1339 1340
1340 1352
1341 1342
1341 1350
1342 1351
1343 1502
1344 1362
1344 1693
1345 1354
1345 1351
1347 1348
1348 1349
1349 1350
1350 1351
1352 1353
1352 1354
1355 2759
1356 2759
1356 1358
1356 1357
1358 1359
1359 1372
1360 1361
1361 1366
1362 2551
1362 1366
1363 1364
1363 1368
1363 2549
1364 1365
1365 1366
1367 1368
1369 2550
1369 2549
1370 1373
1371 1372
1372 1373
1373 1374
1374 2550
1375 1502
1376 1377
1376 2022
1377 2023
1378 2580
1380 1384
1381 1385
1382 1386
1383 1388
1384 1385
1384 1394
1385 1386
1389 1393
1389 1390
1390 1391
1391 2552
1391 1392
1393 1394
1393 1694
1394 2765
1394 1689
1395 1813
1395 1689
1395 2712
1396 1397
1397 1398
1399 2187
1400 1404
1400 1408
1401 1402
1401 1404
1402 1699
1402 1409
1403 1404
1404 1407
1405 1706
1405 1714
1405 1406
1405 1709
1406 1408
1406 1412
1407 1408
1407 1409
1409 1410
1410 1720
1411 2712
1411 1412
1413 1415
1414 1415
1414 1418
1416 1417
1417 1418
1418 1419
1420 1421
1421 1425
1422 1473
1422 1441
1422 1451
1423 1459
1423 1424
1423 1433
1424 1425
1425 1426
1427 1451
1427 1428
1427 1487
1428 1429
1428 1488
1429 1430
1429 2020
1430 1484
1430 1448
1431 1485
1431 1432
1431 2439
1431 1484
1433 1446
1433 1435
1434 1435
1434 1461
1434 1438
1435 1438
1436 1437
1437 1438
1439 1440
1439 2101
1439 1477
1440 1480
1440 1478
1441 1442
1441 1468
1441 2162
1442 1447
1442 1443
1443 1452
1443 1444
1444 1454
1444 1447
1445 1455
1446 1468
1446 1447
1447 1455
1448 1740
1448 1449
1449 1479
1449 1488
1450 1473
1450 1488
1450 1487
1450 1479
1451 2169
1451 1487
1452 1482
1452 1453
1452 1486
1453 2429
1453 1454
1454 1481
1454 1456
1455 1456
1456 1457
1458 1459
1460 2112
1460 1461
1461 2101
1461 1903
1462 1466
1463 1464
1463 1467
1463 1466
1465 1466
1467 1469
1467 1471
1468 1469
1469 1470
1471 1472
1471 1903
1473 2162
1473 1476
1474 2099
1474 1475
1474 2101
1475 1477
1475 2099
1475 2162
1476 1478
1476 1480
1477 1478
1478 2162
1479 1480
1482 1486
1483 1486
1483 2020
1483 2449
1484 1485
1484 2020
1485 1740
1486 2169
1489 1491
1490 1494
1491 1492
1491 2015
1492 1494
1492 1493
1494 1495
1496 2581
1496 1497
1497 2585
1498 1499
1500 1501
1502 1723
1503 1672
1504 1506
1504 1505
1505 1506
1507 1700
1507 1702
1507 1723
1508 2190
1509 1995
1509 1992
1509 1933
1511 1968
1511 1938
1511 1512
1513 1546
1513 1522
1513 1541
1514 1547
1514 1515
1514 1526
1515 1545
1515 1571
1516 1517
1516 1571
1516 1541
1516 1523
1517 1518
1517 1530
1517 1566
1518 1532
1518 1519
1519 1520
1519 1532
1519 1533
1520 1533
1520 1534
1520 1569
1521 1611
1521 1616
1521 1535
1522 1564
1522 1549
1523 1524
1523 1564
1524 1528
1524 1527
1525 1526
1525 1591
1527 1529
1527 1528
1528 1530
1529 1531
1529 1530
1531 1533
1531 1532
1534 1537
1534 1535
1534 1536
1535 1537
1536 1537
1536 1616
1537 1611
1541 1542
1542 1544
1542 1569
1543 1566
1543 1544
1545 1565
1546 1591
1546 1548
1546 1570
1547 1554
1547 1548
1548 1550
1550 1562
1550 1563
1551 1559
1551 1561
1551 1563
1552 1557
1552 1558
1552 1559
1553 1555
1553 1554
1553 1557
1554 1555
1555 1556
1556 1558
1556 1557
1558 1560
1559 1560
1560 1561
1561 1562
1562 1563
1564 1565
1565 1617
1566 1567
1567 1568
1568 1569
1570 1572
1570 1571
1572 1602
1572 1573
1573 1603
1573 1574
1574 1603
1574 1601
1575 1610
1575 1599
1575 1601
1576 1577
1576 1610
1576 1608
1577 1607
1577 1578
1578 1579
1578 1606
1579 1604
1579 1580
1580 1597
1580 1581
1581 1596
1581 1592
1582 1591
1582 1583
1582 1593
1583 1594
1583 1593
1584 1585
1584 1594
1584 1596
1585 1586
1585 1597
1586 1605
1586 1604
1587 1588
1587 1605
1587 1607
1588 1589
1588 1608
1589 1598
1589 1609
1590 1602
1590 1598
1590 1600
1592 1593
1592 1595
1594 1595
1595 1596
1596 1597
1597 1604
1598 1599
1599 1600
1599 1609
1600 1603
1600 1601
1602 1603
1604 1606
1605 1606
1606 1607
1607 1608
1608 1609
1609 1610
1611 1614
1612 1614
1613 1615
1614 1615
1615 1616
1619 1983
1619 2102
1623 1624
1625 1648
1625 1647
1626 1675
1627 1660
1629 1631
1629 1630
1629 1660
1632 1645
1632 1970
1633 1656
1633 1696
1634 1644
1634 2299
1634 2296
1635 1652
1635 1651
1635 2751
1636 1652
1636 2750
1636 1637
1636 1736
1637 1638
1638 2176
1638 1653
1639 1655
1639 1665
1639 1653
1640 1646
1640 1650
1640 1649
1641 1645
1641 1970
1641 1642
1642 1657
1643 1656
1644 1647
1645 1658
1646 1970
1648 1649
1650 1651
1651 1652
1654 1655
1654 1663
1655 1664
1657 1658
1657 1697
1658 1659
1659 1697
1661 1663
1661 1672
1662 1666
1662 1669
1662 1671
1663 1664
1664 1665
1666 1667
1667 1668
1668 1669
1671 1673
1671 1854
1672 1856
1672 1673
1673 1857
1674 1675
1675 1857
1676 1679
1677 1682
1677 1679
1678 1679
1680 1682
1680 1681
1681 2039
1683 1684
1684 2322
1685 1686
1687 1818
1687 1691
1688 1690
1688 1689
1688 2765
1690 1692
1690 1691
1692 1694
1692 2186
1693 2184
1693 2186
1694 2765
1695 2551
1695 2552
1696 1697
1698 1699
1699 1707
1700 1723
1700 1705
1701 1723
1702 1717
1702 1703
1703 1719
1703 1704
1704 1710
1704 1705
1705 1707
1706 1711
1706 1709
1707 1721
1708 1722
1708 1721
1708 1720
1709 1720
1710 1718
1710 1711
1712 1713
1712 1715
1713 1714
1713 2187
1715 1716
1716 1718
1716 1717
1717 1719
1718 1719
1721 1722
1724 1726
1724 1725
1724 1727
1726 1728
1729 1756
1730 1731
1730 2023
1731 2022
1732 1733
1734 2139
1734 2140
1735 2750
1737 2754
1738 1955
1739 2067
1740 1741
1742 2499
1742 2489
1743 1814
1743 1812
1743 1809
1744 1810
1744 1815
1745 1811
1745 1746
1746 1858
1746 1807
1747 1807
1747 2182
1747 1748
1748 1804
1749 1762
1749 1763
1749 1799
1750 1798
1750 1762
1750 1756
1751 1798
1751 1752
1751 2612
1752 2611
1752 1753
1754 1805
1755 2037
1755 1759
1757 1759
1757 1758
1758 1763
1760 1777
1761 1777
1761 1788
1761 1773
1764 1787
1764 2029
1765 1793
1766 1787
1766 1786
1767 1778
1768 1769
1768 1781
1770 2037
1772 1776
1773 1776
1773 1781
1774 1777
1774 1789
1774 1790
1775 1776
1776 1777
1778 1779
1778 1789
1779 2024
1779 1789
1780 1791
1780 2024
1782 1783
1782 1793
1782 2025
1783 1790
1783 1792
1784 1795
1784 1793
1785 1792
1786 2025
1787 2026
1787 2029
1788 2037
1790 2024
1791 2024
1792 2025
1793 2026
1794 1796
1794 1795
1795 1797
1795 2026
1796 1797
1799 1800
1800 1801
1801 1802
1803 1804
1803 2610
1803 2614
1804 1806
1805 1806
1805 1858
1807 2181
1808 1809
1808 1818
1810 1812
1810 1811
1813 1814
1815 1816
1816 2036
1817 1818
1819 1820
1821 1822
1823 1824
1823 1825
1824 1825
1825 1831
1826 1829
1826 1827
1827 1828
1828 2046
1828 1829
1829 2045
1831 1832
1834 1838
1834 1839
1835 1838
1835 1836
1835 1839
1836 1838
1836 1837
1839 1841
1840 1841
1842 1843
1844 1845
1845 1846
1848 1849
1851 1852
1851 1853
1854 1855
1854 1857
1856 1857
1860 1862
1861 1862
1861 2189
1863 1864
1865 1866
1865 1889
1865 1867
1868 2363
1868 1870
1869 1870
1870 1871
1872 1873
1873 2362
1874 1875
1876 1877
1878 1881
1879 1881
1880 1881
1882 1883
1882 1884
1882 1885
1887 1888
1890 1968
1890 1892
1891 1896
1892 1896
1892 1893
1893 1896
1893 1895
1894 1895
1895 1938
1898 1899
1902 2048
1903 2099
1904 1920
1904 1905
1904 1912
1905 1906
1905 1922
1906 1908
1906 1907
1907 1911
1908 1911
1909 1913
1909 1910
1910 1911
1910 1915
1912 1917
1913 1915
1914 1915
1916 2045
1916 1917
1917 1966
1918 2045
1919 2046
1920 1922
1920 2045
1921 2047
1921 2046
1922 2046
1923 1925
1923 1924
1924 2047
1924 1927
1925 1927
1926 2047
1927 1928
1929 1992
1929 1930
1930 1931
1930 1932
1931 1933
1931 1932
1931 1937
1932 1937
1933 1994
1934 1935
1934 1937
1934 1936
1935 1994
1935 1967
1939 1941
1939 1940
1940 1941
1942 2494
1942 1943
1943 1944
1943 1946
1945 1946
1946 1947
1948 1949
1948 2692
1949 1950
1951 1952
1953 1954
1955 1956
1956 1957
1960 1961
1961 1962
1963 1964
1963 1981
1963 2484
1964 1965
1965 1966
1967 2043
1967 2044
1968 1969
1971 1972
1971 1973
1976 1977
1977 1978
1978 1979
1981 2043
1983 2108
1983 1984
1987 1988
1990 2503
1992 1993
1994 1995
1996 2644
1996 1999
1997 1998
1997 2644
1997 2643
1998 1999
1998 2098
1999 2098
2000 2001
2000 2746
2000 2711
2002 2003
2002 2007
2004 2005
2006 2007
2009 2010
2009 2011
2009 2755
2011 2012
2011 2193
2014 2019
2015 2016
2017 2018
2021 2322
2022 2023
2027 2028
2028 2029
2031 2033
2032 2033
2033 2034
2035 2575
2035 2036
2038 2039
2040 2041
2042 2467
2042 2074
2043 2044
2050 2052
2051 2052
2053 2054
2054 2055
2054 2058
2055 2056
2055 2057
2058 2626
2058 2618
2058 2627
2060 2061
2062 2065
2063 2064
2064 2065
2068 2069
2069 2070
2071 2164
2072 2073
2073 2173
2075 2079
2077 2078
2077 2080
2077 2734
2078 2081
2078 2084
2079 2083
2080 2081
2080 2082
2081 2083
2082 2083
2084 2719
2084 2730
2085 2086
2087 2173
2089 2094
2089 2093
2089 2092
2090 2094
2092 2095
2092 2097
2096 2097
2100 2117
2100 2112
2100 2101
2102 2105
2102 2103
2103 2108
2103 2109
2104 2106
2104 2105
2104 2107
2105 2110
2109 2110
2111 2117
2111 2116
2112 2114
2113 2120
2114 2116
2114 2121
2115 2119
2115 2479
2118 2167
2123 2124
2125 2126
2127 2739
2127 2722
2128 2129
2131 2132
2136 2137
2137 2138
2137 2146
2140 2141
2142 2143
2144 2145
2147 2153
2147 2154
2147 2156
2148 2150
2148 2149
2149 2151
2150 2152
2150 2151
2151 2153
2152 2154
2152 2153
2154 2155
2155 2156
2157 2159
2158 2160
2158 2159
2163 2405
2163 2411
2166 2168
2166 2167
2169 2170
2171 2621
2171 2172
2172 2626
2174 2632
2174 2628
2174 2633
2175 2650
2175 2643
2177 2178
2179 2180
2180 2183
2180 2182
2181 2182
2184 2186
2185 2186
2187 2188
2190 2191
2191 2192
2196 2197
2199 2201
2199 2200
2201 2202
2202 2204
2203 2204
2208 2208
2209 2210
2211 2218
2212 2213
2213 2215
2213 2218
2214 2215
2215 2217
2216 2217
2217 2219
2218 2251
2219 2227
2220 2245
2221 2245
2221 2222
2221 2250
2222 2270
2223 2244
2223 2225
2223 2224
2224 2227
2224 2226
2225 2226
2225 2248
2226 2246
2227 2246
2228 2229
2228 2235
2228 2250
2229 2230
2229 2240
2229 2234
2230 2231
2230 2242
2230 2233
2231 2248
2231 2232
2232 2233
2232 2239
2233 2234
2233 2238
2234 2235
2234 2237
2235 2236
2236 2237
2236 2251
2237 2238
2237 2241
2238 2239
2238 2243
2239 2249
2240 2250
2240 2242
2241 2243
2241 2251
2242 2248
2243 2249
2244 2247
2245 2247
2246 2249
2247 2248
2252 2253
2253 2254
2254 2255
2256 2260
2256 2257
2258 2259
2259 2260
2259 2261
2260 2269
2262 2263
2264 2265
2266 2267
2267 2268
2267 2269
2271 2288
2271 2272
2271 2289
2272 2273
2272 2274
2273 2275
2274 2289
2274 2275
2275 2276
2277 2281
2277 2278
2277 2279
2278 2282
2278 2290
2279 2286
2279 2287
2280 2284
2280 2288
2280 2282
2281 2285
2281 2283
2282 2283
2283 2284
2284 2285
2285 2286
2286 2288
2287 2290
2289 2291
2292 2294
2292 2295
2293 2294
2296 2298
2297 2298
2298 2299
2300 2301
2301 2303
2301 2302
2304 2305
2307 2310
2307 2308
2308 2349
2308 2310
2309 2310
2310 2311
2311 2335
2312 2314
2312 2313
2312 2315
2313 2316
2313 2314
2314 2319
2315 2317
2315 2379
2316 2318
2316 2377
2317 2349
2317 2318
2318 2356
2323 2324
2323 2361
2323 2351
2324 2325
2324 2354
2325 2326
2326 2327
2327 2328
2328 2339
2329 2330
2329 2342
2329 2343
2331 2332
2331 2348
2331 2334
2333 2348
2334 2335
2334 2343
2335 2344
2336 2337
2336 2343
2336 2344
2337 2340
2337 2338
2338 2339
2338 2345
2339 2340
2340 2341
2341 2344
2345 2351
2345 2347
2346 2347
2346 2353
2346 2356
2347 2349
2348 2349
2350 2351
2350 2352
2352 2353
2353 2355
2355 2358
2355 2356
2357 2358
2358 2359
2359 2519
2360 2360
2362 2529
2364 2372
2365 2372
2366 2367
2367 2368
2367 2372
2367 2370
2369 2370
2370 2371
2372 2373
2373 2375
2374 2375
2376 2377
2377 2379
2378 2379
2380 2382
2381 2382
2383 2384
2385 2385
2386 2387
2387 2389
2388 2389
2389 2391
2390 2391
2392 2394
2392 2396
2392 2397
2393 2395
2394 2395
2394 2400
2395 2417
2397 2417
2397 2398
2398 2423
2398 2421
2399 2403
2400 2403
2401 2402
2402 2407
2402 2403
2404 2407
2404 2410
2405 2406
2406 2408
2406 2409
2406 2407
2408 2410
2411 2412
2413 2414
2415 2416
2417 2418
2418 2419
2422 2423
2425 2450
2425 2451
2426 2428
2427 2428
2428 2429
2429 2430
2430 2431
2430 2449
2431 2448
2432 2433
2433 2436
2433 2446
2434 2435
2437 2438
2437 2445
2437 2439
2439 2441
2440 2442
2441 2442
2442 2443
2443 2445
2443 2444
2444 2447
2444 2451
2445 2447
2446 2447
2446 2448
2448 2449
2450 2451
2452 2454
2453 2454
2455 2456
2457 2458
2459 2460
2460 2466
2461 2462
2462 2599
2462 2463
2463 2598
2464 2466
2465 2466
2467 2471
2467 2468
2468 2469
2468 2471
2469 2470
2472 2473
2474 2475
2474 2607
2475 2478
2480 2481
2481 2482
2482 2483
2483 2484
2483 2522
2485 2486
2485 2489
2485 2488
2486 2488
2486 2492
2487 2489
2488 2493
2490 2491
2491 2498
2491 2496
2494 2497
2494 2498
2495 2496
2495 2497
2495 2498
2496 2499
2497 2499
2501 2502
2501 2504
2501 2503
2505 2507
2506 2507
2507 2508
2510 2513
2510 2511
2512 2513
2514 2517
2514 2515
2516 2517
2518 2519
2520 2521
2521 2523
2522 2523
2524 2524
2525 2526
2527 2528
2530 2534
2531 2532
2533 2534
2535 2536
2537 2538
2538 2539
2540 2541
2543 2546
2544 2548
2544 2546
2545 2546
2547 2548
2549 2550
2551 2552
2553 2555
2553 2554
2557 2558
2559 2560
2560 2561
2560 2705
2561 2562
2562 2703
2563 2566
2564 2565
2565 2705
2565 2566
2566 2567
2567 2569
2568 2701
2568 2700
2571 2571
2572 2573
2574 2712
2575 2712
2576 2577
2577 2578
2578 2579
2581 2585
2581 2592
2582 2583
2583 2585
2583 2584
2584 2592
2584 2586
2586 2588
2586 2594
2587 2588
2587 2591
2587 2592
2588 2589
2590 2593
2590 2591
2591 2593
2595 2596
2596 2598
2597 2598
2600 2601
2603 2604
2604 2605
2604 2606
2607 2608
2610 2611
2610 2616
2611 2617
2614 2615
2616 2617
2618 2619
2620 2621
2621 2623
2621 2622
2623 2624
2625 2626
2628 2629
2631 2632
2632 2636
2634 2635
2636 2637
2638 2642
2639 2640
2640 2642
2640 2641
2643 2644
2645 2645
2646 2647
2648 2650
2649 2650
2651 2652
2653 2654
2655 2656
2659 2662
2659 2660
2661 2662
2664 2665
2665 2669
2665 2667
2666 2667
2668 2669
2670 2671
2672 2673
2674 2675
2677 2678
2679 2680
2681 2683
2681 2682
2683 2684
2683 2685
2685 2686
2685 2687
2687 2689
2687 2688
2689 2690
2691 2692
2694 2695
2696 2697
2698 2701
2698 2699
2701 2702
2704 2705
2707 2708
2708 2710
2709 2710
2709 2709
2710 2711
2714 2715
2719 2741
2719 2734
2720 2721
2721 2722
2722 2723
2723 2745
2723 2724
2724 2739
2724 2725
2726 2734
2726 2727
2726 2735
2727 2728
2727 2729
2728 2732
2730 2731
2732 2733
2734 2740
2735 2736
2735 2738
2737 2738
2742 2743
2748 2750
2748 2749
2751 2753
2752 2753
2754 2755
2756 2762
2756 2759
2756 2760
2757 2758
2757 2762
2757 2763
2761 2762
2766 2767
2768 2769
2768 2773
2768 2772
2770 2785
2770 2771
2771 2784
2771 2781
2772 2786
2772 2779
2774 2776
2775 2777
2775 2776
2775 2780
2776 2779
2778 2783
2781 2783
2781 2782
2783 2784
2784 2785
