0 1209
0 563
0 1210
0 223
1 1558
1 1238
1 4716
2 5029
2 242
2 5028
3 1644
3 928
3 1122
4 348
5 712
5 711
6 708
6 2488
6 658
6 711
7 10
7 8
8 9
8 1643
9 2432
10 1714
10 347
10 1643
10 348
10 4778
11 289
11 13
11 1714
12 293
12 13
12 289
13 1714
14 295
14 2176
14 287
15 4457
15 2176
15 286
16 285
16 260
16 4457
17 244
17 262
17 253
17 265
18 4780
18 1242
18 2316
19 20
19 116
19 4471
20 21
20 5076
21 4471
21 5074
22 23
22 1555
23 116
23 24
24 116
24 5081
25 1552
25 1555
25 762
26 761
26 5018
27 4930
27 4190
27 4488
27 4752
28 2132
28 769
28 1116
28 1115
29 4174
29 1680
29 1681
30 368
30 943
30 944
31 2891
31 32
31 864
32 2892
32 33
33 4159
33 34
34 1693
34 4158
35 1669
35 51
35 2148
35 5050
36 3737
36 37
36 45
37 3736
37 1508
38 2202
38 3733
38 2201
38 2200
39 40
39 407
39 3461
40 4226
40 44
40 548
41 2205
41 359
41 4226
41 5140
42 4629
42 1677
42 1673
42 3055
43 81
43 1511
43 83
43 1506
43 1671
44 800
44 801
44 1677
45 407
45 801
46 1253
46 1255
46 4574
46 2128
46 1520
47 319
47 321
47 4143
48 4143
48 298
48 572
49 1959
49 56
49 2342
50 2147
50 1524
50 80
50 1536
51 1526
51 5049
51 1510
52 5203
52 54
52 53
52 1439
53 4608
53 785
53 355
54 5199
54 1117
54 355
55 787
55 2129
55 788
55 1711
56 1551
56 1960
57 4153
57 2362
57 2364
58 2363
58 2365
58 3051
59 2890
59 4158
59 864
60 3966
60 4222
60 62
60 2041
60 4219
61 3031
61 365
61 1471
61 5039
62 4220
62 3966
62 4215
63 5108
63 64
63 66
63 2128
64 65
64 1521
65 66
65 5050
66 1531
66 5048
66 5049
67 68
67 5114
67 5115
67 4575
68 4569
68 4566
69 5273
69 86
70 3909
70 1390
70 3131
71 5118
71 569
71 92
72 3786
72 419
73 311
73 2343
73 3910
74 310
74 75
74 1398
75 773
75 2345
75 310
76 78
76 5273
77 78
78 5018
79 87
79 4464
79 3763
80 2150
80 1512
80 4273
81 1540
81 82
81 1499
82 1518
82 83
82 1491
83 1514
83 1527
84 929
84 930
84 763
85 760
85 930
85 1553
86 766
86 1554
87 159
87 157
87 110
88 5079
88 109
88 157
89 113
89 151
89 155
89 569
90 1690
90 107
90 783
91 783
91 154
91 105
91 93
92 918
92 570
93 104
93 96
93 149
94 323
94 324
94 918
94 919
95 149
95 2963
95 96
96 103
97 4335
97 100
97 2966
98 4337
98 2312
98 4336
99 163
99 1432
99 3542
100 160
100 2266
100 102
101 2966
101 112
101 102
102 111
102 159
103 1054
103 104
104 111
104 105
105 110
105 106
106 109
106 107
106 783
107 108
108 109
108 5072
109 158
110 158
110 3543
111 3543
111 112
112 1054
113 783
113 3667
114 5072
114 1646
114 5182
115 1650
115 1649
115 1648
117 1741
118 301
118 119
118 120
119 131
119 2399
120 126
120 4156
120 122
120 2300
121 126
121 122
121 2304
121 1382
122 2302
122 2366
123 2305
123 4365
123 124
124 866
124 2330
125 2303
125 2400
125 1383
126 2303
127 1373
127 1374
127 1371
128 2299
128 1661
128 4368
128 2300
129 2299
129 2366
129 132
130 131
130 1357
130 2873
131 1343
131 946
131 957
131 2651
131 2988
132 2302
132 133
132 1385
133 134
133 3308
133 3305
134 136
134 3306
134 3405
135 2422
135 4743
135 2893
136 137
136 4859
136 2422
137 4743
137 138
138 139
138 2313
139 344
139 140
140 141
140 342
141 3645
141 869
142 1370
142 1380
142 869
143 174
143 185
143 2894
144 167
144 1981
144 145
144 173
144 171
144 172
145 166
145 146
145 1981
146 166
146 170
146 2002
147 429
147 148
147 2002
148 2268
148 421
149 153
149 4884
150 2876
150 2875
150 2880
150 2879
151 770
151 3667
152 5117
152 4884
152 3997
153 2875
153 2874
153 3997
154 4000
154 2879
154 2960
155 2876
155 4001
155 3339
156 2880
156 5117
156 569
156 4003
157 158
159 160
159 3543
160 3763
161 163
161 164
161 2308
161 3544
162 4479
162 4477
162 4480
162 164
163 2309
164 4472
165 1174
165 1148
165 4476
166 168
166 774
167 1985
167 2367
167 168
168 1979
168 169
169 1974
169 4659
170 2270
170 175
171 1369
171 1983
172 174
172 1983
173 174
173 2894
175 1369
175 1983
176 2269
176 182
176 421
177 178
177 420
177 1378
178 180
178 1378
179 180
179 1376
179 1373
180 1377
181 182
181 1377
181 1376
182 3032
183 335
183 3645
183 337
184 332
184 1986
184 185
185 2897
186 3561
186 3554
187 3552
187 2580
187 760
188 189
188 195
188 198
189 3558
189 190
190 191
190 3561
191 802
191 192
192 193
192 1071
193 3546
193 194
194 195
194 3552
195 200
196 199
196 197
196 1036
197 198
197 199
198 3558
198 200
199 3560
199 200
200 3559
201 4997
201 4765
201 202
202 1037
202 4997
203 5020
203 204
203 1037
204 5174
204 205
205 5172
205 1035
206 412
206 208
206 416
206 417
207 3089
207 4954
207 3913
207 419
208 213
208 410
209 213
209 211
210 3786
210 418
211 212
212 410
213 418
214 216
215 216
216 4386
217 779
217 3090
218 313
218 2338
218 322
218 920
219 2061
219 4410
219 3049
220 4410
220 4148
220 3038
221 322
221 222
221 2061
222 326
222 3049
223 1208
223 4789
223 564
224 4200
224 3063
224 509
225 2558
225 1473
225 5038
226 4117
226 2940
226 4123
226 4826
227 2432
227 1360
228 263
228 270
228 269
228 268
229 230
229 234
229 231
229 238
230 4459
230 4463
231 240
231 928
231 4902
232 4902
232 233
232 4459
233 4386
233 928
234 245
234 4370
234 3642
235 4898
235 4463
235 430
236 3642
237 1489
238 240
238 3008
238 4370
239 3008
239 241
239 240
241 3614
241 3613
242 4779
243 5029
244 247
244 264
244 431
245 271
245 264
246 287
246 247
247 286
247 253
248 249
248 259
249 356
249 250
250 251
250 258
251 252
251 278
251 257
252 2289
252 2288
252 255
252 256
253 254
253 285
254 914
254 261
254 262
255 256
255 914
255 273
256 257
256 279
257 258
257 277
258 280
258 259
259 282
260 2165
260 261
261 285
261 284
262 2288
262 263
263 265
263 266
264 267
265 267
266 2287
266 274
267 268
268 271
269 274
269 2066
270 271
270 272
273 2170
273 2171
274 275
275 278
275 2287
276 278
277 296
277 3702
279 5230
279 3702
279 283
280 281
280 296
281 296
281 282
283 4455
283 2171
284 2166
284 914
285 286
286 287
287 288
289 290
290 2156
290 291
291 292
291 915
292 294
292 293
293 295
294 2172
294 295
297 3235
297 3275
297 2986
297 4626
298 3348
298 3052
298 3275
299 3590
299 571
299 3348
300 3194
300 1682
300 3485
301 2399
301 2400
301 2401
302 2098
302 2057
302 3563
302 3562
303 3195
303 2988
303 2120
304 3210
304 3193
304 3205
304 3195
305 1462
305 3355
305 464
305 1458
306 477
306 539
306 4200
307 466
307 1458
307 908
308 1728
308 1405
308 1995
309 3565
309 312
309 311
310 312
310 3131
310 2343
311 2197
311 2339
312 2340
312 2197
313 3043
313 3969
314 315
314 5006
314 1509
315 1519
315 1509
316 1519
316 317
316 1533
316 5011
317 1517
317 1507
317 5010
318 5259
318 3002
318 5258
319 321
319 320
320 5045
320 2363
321 3051
322 326
323 3530
323 331
324 920
324 325
325 326
325 935
327 935
327 3487
327 330
328 1955
328 3530
328 3531
329 1955
329 1957
329 5143
330 331
330 3531
331 935
332 335
332 333
333 334
333 339
333 336
333 1986
333 1370
334 337
334 335
336 5231
336 337
338 340
338 4664
338 2439
339 340
339 1381
339 2899
340 2901
341 2439
341 2369
341 2898
342 343
342 869
343 344
343 2791
344 2021
345 2785
345 346
345 2792
346 2767
346 2764
346 2761
347 2382
347 3104
349 4863
349 1209
349 350
350 562
350 351
352 4651
352 4649
352 4654
352 4862
352 819
353 5198
353 355
353 785
353 1708
354 4749
354 2124
354 5198
355 4749
356 785
356 4608
357 3764
357 2556
357 2554
358 2209
358 4228
358 2210
358 5136
358 5137
359 4225
359 5139
359 2207
360 1492
360 1516
360 4281
360 3058
361 2994
361 3010
361 470
361 3000
362 3207
362 3300
362 589
363 2100
363 364
363 595
363 943
364 3276
364 941
365 1470
365 5042
365 3030
366 3267
366 595
366 2081
367 3523
367 5106
367 607
368 2534
368 2886
368 2533
369 627
369 518
369 2835
370 637
370 386
370 631
371 2491
371 5036
371 5033
371 2542
372 374
372 2051
372 4915
373 4139
373 523
373 601
374 3961
374 2405
375 378
375 3064
375 384
375 4139
376 632
376 627
376 519
376 623
377 2886
377 2535
377 2887
377 2536
378 4393
378 388
379 2117
379 2406
379 3962
380 383
380 513
380 3514
381 2054
381 3267
381 382
382 2117
382 2053
383 514
383 522
384 523
384 521
385 524
385 631
385 632
386 601
386 524
386 598
387 2050
387 593
387 2397
388 3291
388 522
389 1447
389 390
389 391
390 391
390 786
390 2122
390 4609
391 1440
391 4578
391 787
392 2575
392 2888
392 2882
393 2541
393 4696
393 2492
394 395
394 397
394 2101
395 2492
395 396
396 3515
396 397
397 3513
398 1684
398 1675
398 1670
398 1682
399 3204
399 401
399 3202
400 3721
400 587
400 3508
401 3230
401 3193
402 3349
402 4165
402 3200
402 3211
403 3351
403 2114
403 587
403 3026
404 3215
404 885
404 3214
405 3508
405 2079
405 3507
406 4945
406 407
406 2202
408 2199
408 409
408 5108
409 1521
409 525
409 4604
410 413
411 414
411 412
411 415
412 4910
413 414
413 415
414 415
416 417
416 3786
417 418
419 4954
420 2269
420 1378
421 1975
422 775
423 3294
423 424
423 1998
424 425
424 1973
424 3294
425 774
425 426
425 934
426 775
426 427
427 3742
427 428
428 772
428 3742
430 431
432 1711
432 1414
432 433
433 1711
433 4593
433 4391
433 788
434 4804
434 4703
434 472
435 474
435 437
435 436
436 437
436 440
437 2494
438 439
438 441
438 2494
439 447
439 440
440 448
441 442
441 2494
442 443
442 2275
443 4084
443 5121
444 4084
444 4081
444 445
445 4081
445 2409
445 4080
446 4079
446 4076
446 487
447 4808
447 448
448 4807
449 4866
449 1462
449 467
450 3769
450 2142
450 451
450 3768
451 3767
451 4182
452 3764
453 1119
453 465
453 467
453 1118
454 457
454 463
454 465
455 1710
455 1413
455 1713
456 469
456 1412
456 2036
456 2129
457 458
457 460
458 459
458 477
459 907
459 463
460 486
460 1457
461 4516
461 1237
461 462
462 4517
462 2357
463 466
464 465
464 466
467 2232
467 2237
467 3355
468 4179
468 1413
468 2232
469 2035
469 4180
469 4590
470 3437
470 3981
470 2073
471 3297
471 3450
471 2994
471 3445
472 4794
472 474
473 474
475 1119
476 2394
476 2045
476 2110
476 2393
477 2037
477 486
478 489
478 1030
478 2908
479 1026
479 1030
479 1024
480 490
480 1022
480 482
481 482
481 490
482 3959
483 3959
483 1019
484 2037
484 485
484 907
485 1459
485 509
486 1480
486 539
487 4077
487 2357
488 3381
488 2557
488 493
489 2909
489 3381
490 491
491 494
491 493
492 493
492 494
494 495
496 1009
496 3414
497 2906
497 2562
497 3368
498 1007
498 2560
498 2564
499 1365
499 792
499 796
500 2482
500 793
500 795
501 3984
501 1361
501 502
502 3197
502 3190
502 3235
503 2483
503 796
503 1367
504 2038
504 3965
504 2040
504 4312
505 4217
505 1460
505 1459
506 507
506 1716
506 544
507 3967
507 903
508 903
508 1716
508 3968
509 3062
510 3802
510 2083
510 4220
511 4251
511 2358
511 2393
512 2103
512 2106
512 2083
513 3512
513 514
513 2121
514 2097
514 515
515 2095
515 516
515 522
516 521
516 517
516 3960
517 2091
517 518
517 520
518 519
518 2090
519 524
519 520
520 521
520 523
521 522
523 524
525 4603
525 2199
525 3425
526 1018
526 527
527 1022
528 2906
528 1020
528 1022
529 1009
529 3368
529 3367
530 3373
530 1011
530 651
530 4014
531 532
531 4746
532 1010
532 985
533 4015
533 534
533 2565
534 1466
534 4016
535 4815
535 653
535 1469
536 4824
536 2567
536 758
537 4825
537 2568
537 4017
537 4015
538 4972
538 651
538 4970
539 1480
539 3647
540 1010
540 541
540 1013
541 542
541 4014
542 1012
542 4121
543 4130
543 4791
543 3638
544 3328
544 3017
545 546
545 4754
545 829
545 4229
547 2039
547 4665
547 4753
548 2039
548 904
549 4301
549 4298
549 4310
549 550
550 4297
550 4299
550 4665
551 5135
551 552
551 4505
551 5134
552 556
552 4921
552 4185
552 4957
553 554
553 3423
553 555
553 4921
554 3979
554 4562
555 4957
555 3426
555 3979
556 564
556 4185
557 565
557 1213
557 567
558 1561
558 4181
558 561
558 3430
558 4180
559 1213
559 1214
559 1563
560 1559
560 4635
560 1214
561 5206
561 1455
563 564
563 565
565 566
568 799
568 3600
568 4752
568 4411
569 570
570 2962
570 2965
572 3616
572 3504
573 759
573 1516
573 3262
574 4250
574 3058
574 4278
574 4228
575 1538
575 4155
575 4263
575 3741
576 579
576 584
576 578
576 4252
577 4270
578 585
578 3884
578 579
579 580
580 581
580 583
581 4252
581 4270
582 4252
582 1495
582 583
583 584
584 585
585 2992
586 588
586 3442
586 3710
587 3028
588 3026
588 3215
589 2486
589 2485
590 592
590 3196
590 3224
590 3351
591 2406
591 2405
591 2532
592 2116
592 3765
592 3766
593 4915
593 2115
594 942
594 4167
594 2434
594 2479
595 944
595 2099
596 4175
596 4176
596 3505
596 4172
597 607
597 603
597 3528
598 599
598 600
599 3528
599 748
600 602
600 601
602 748
602 749
603 674
603 604
604 1486
604 605
605 606
605 1486
605 5106
606 635
606 5106
607 1486
608 1484
608 609
608 741
609 747
610 2553
610 747
610 744
611 612
611 2553
611 622
612 613
612 618
612 622
613 4396
613 614
614 5026
614 3680
615 4396
615 5027
615 3680
616 617
616 729
616 5027
617 4396
617 618
618 619
618 4071
619 620
619 3681
620 728
620 3682
621 3681
621 3682
622 3681
623 629
623 624
623 628
624 633
624 625
625 626
625 634
625 2111
626 655
626 664
627 2398
628 902
628 2412
629 630
629 632
630 631
630 633
633 634
633 636
634 654
634 3520
635 636
635 638
635 656
636 637
637 3523
638 3520
638 3522
638 676
639 2481
639 694
639 730
640 641
640 731
641 648
641 644
642 643
642 644
642 727
643 728
644 645
645 646
645 647
646 649
646 727
647 648
647 649
648 734
648 733
649 1692
650 651
652 3747
652 3745
652 3749
652 1740
653 4893
653 4824
654 663
654 3602
655 4023
655 664
656 675
656 677
656 676
657 1481
657 4112
657 1487
658 4011
658 713
659 4198
659 660
659 4022
659 4019
660 5039
660 1469
661 671
661 665
661 666
662 669
662 664
662 671
663 664
663 669
665 666
665 4135
666 4025
667 4135
667 668
668 4655
668 4131
669 670
670 2495
670 4136
671 4136
672 680
672 3522
672 673
673 3521
673 3603
674 1484
674 675
675 1482
675 677
676 677
677 1481
678 4658
678 4655
678 4133
679 679
679 4134
680 2497
680 681
682 4106
682 4108
682 4113
683 4947
683 4102
683 716
683 4100
684 742
684 744
684 2481
685 686
685 4087
685 689
686 687
686 746
687 688
687 1487
688 689
688 4026
689 4032
690 2481
690 745
690 4029
690 4087
691 692
691 4094
691 705
692 693
692 726
693 705
693 3691
694 695
694 706
695 696
695 730
696 697
696 698
697 699
697 705
698 727
698 699
699 3690
700 701
700 4074
700 4914
701 702
701 4038
702 2590
702 703
703 704
703 732
704 4914
704 732
706 4091
706 4092
706 4029
707 4012
707 4091
707 726
707 4036
708 710
708 717
709 710
710 711
711 712
712 713
713 1544
714 4829
714 4941
714 2940
715 4099
715 4947
715 4940
715 4941
716 4101
716 4099
717 718
717 4098
718 4097
718 2488
719 1687
720 4454
720 1687
720 2907
721 4399
721 2554
721 2931
722 2555
722 3709
722 2924
723 1686
723 4403
723 2924
724 3691
724 3697
724 2519
724 4047
725 4074
725 734
725 4073
726 3697
727 5080
728 3682
729 4066
729 5027
730 4066
731 733
732 735
733 735
734 4072
736 737
736 1484
736 741
737 738
737 740
738 1482
738 739
739 740
739 742
740 741
742 743
743 2481
743 1483
744 5026
745 1481
745 1483
749 1485
750 1485
750 917
751 2531
751 4511
752 3663
752 753
752 2063
752 4406
753 3679
753 3073
753 4408
754 3748
754 1480
754 3634
754 1479
755 756
755 5043
755 1472
756 4215
756 4216
757 4958
758 2319
758 2566
759 937
759 3261
759 3220
760 761
761 762
762 763
763 4473
764 3542
764 765
764 929
765 929
765 766
767 1554
767 930
767 929
767 1432
768 4642
768 3537
768 3601
769 1254
769 1253
770 4411
770 3810
770 4875
770 3538
771 776
772 776
772 3912
772 3092
773 2198
773 1372
773 1397
774 775
774 1973
775 776
776 777
777 3091
777 3092
778 779
778 3091
780 5243
780 5264
780 5263
781 3598
781 3596
782 4405
782 3594
782 3122
782 3124
784 2396
784 2995
784 2397
784 2049
786 788
786 1439
786 787
787 1442
788 4390
789 3393
790 3238
790 3186
790 2485
791 3186
792 794
792 3571
792 1365
793 3570
793 1367
793 3217
794 798
794 4685
794 1364
795 4677
795 3209
795 3433
796 3198
796 4678
797 3567
797 940
797 3433
797 798
798 3568
798 1361
798 3984
799 4752
799 1115
799 4870
800 3575
800 1672
800 3054
801 3574
802 803
802 1071
802 3561
803 804
803 1127
804 3551
804 901
805 1061
805 1196
805 1056
805 3548
806 815
806 824
806 807
806 813
807 808
808 809
809 820
809 810
810 822
810 811
811 3296
811 910
811 823
812 821
812 3295
812 814
813 816
813 814
814 817
815 819
815 816
815 828
816 817
816 818
817 818
818 819
819 827
820 821
820 822
821 4860
822 3296
822 4860
823 825
823 824
824 828
825 828
825 826
825 4861
825 910
826 911
826 827
826 910
827 828
829 4308
829 3802
829 2083
830 841
830 831
830 834
831 840
831 832
832 2673
832 833
833 849
833 834
834 843
835 849
835 837
835 836
836 850
836 839
837 2670
837 838
838 844
838 839
839 851
840 841
840 2674
841 842
842 1342
842 843
843 848
844 851
844 2669
844 2667
845 850
845 851
845 5271
846 850
846 1394
846 847
847 849
847 848
848 1394
849 2672
852 2598
852 2597
852 853
852 2609
853 1389
853 2591
854 1289
855 856
855 1290
855 858
857 1801
857 2910
857 858
858 860
858 2659
859 860
859 1291
859 2658
859 1293
860 861
862 863
863 1664
863 2910
864 2889
865 867
865 2296
865 1992
866 1652
866 2033
867 1994
867 1379
868 2789
868 2788
868 3070
870 1838
870 1815
870 1828
870 1821
871 2792
871 2768
872 1908
872 1904
872 1913
873 1935
873 874
873 1938
874 875
874 1939
875 1611
875 1946
876 1593
876 1948
876 1949
877 3871
877 1593
877 1910
878 3872
878 1932
878 1914
878 1923
879 1939
879 1923
879 1919
880 1897
880 1346
880 1908
881 882
881 1897
881 1886
882 1895
882 1899
882 1347
883 1323
883 1564
883 1949
884 1568
884 4911
884 1590
884 1336
885 3191
885 886
886 888
886 887
886 4762
887 1492
887 3298
888 3437
888 3974
889 3318
889 1189
889 890
889 3923
890 893
890 3924
890 1059
891 894
891 1190
891 3924
892 3805
892 1189
893 1189
893 3925
894 3925
894 4768
895 1191
895 4662
895 4663
896 3545
896 1188
896 3553
897 898
897 1181
897 1188
898 1187
898 899
899 900
900 1181
903 904
904 3610
905 2203
906 4295
906 3965
906 2038
906 4222
907 909
908 909
908 4294
909 1456
912 3414
912 2423
912 3754
913 3793
913 4944
916 917
916 3564
918 5071
919 3134
919 4465
919 920
921 3902
921 922
921 1388
921 4956
922 4955
922 2028
923 4339
923 4335
923 4337
924 2030
924 925
924 1724
925 2025
925 3903
925 3902
926 3041
926 3969
926 2340
927 4778
930 1553
931 1972
931 933
931 932
931 3742
932 1972
932 3912
933 934
933 3910
933 1972
934 3742
934 3294
936 3459
936 3081
936 1957
936 3458
937 2482
937 3229
938 3011
939 3485
939 3231
939 3240
939 1364
939 1365
940 3433
940 3228
940 3984
941 4163
941 2081
942 2118
942 2081
942 2092
943 2058
943 944
944 2056
945 959
945 3712
945 958
946 3939
946 3942
947 1298
947 1315
947 1316
948 957
948 967
948 973
948 966
948 1982
949 975
949 953
949 952
950 1804
950 955
950 957
951 1297
951 952
951 1804
952 956
953 1982
953 4364
954 955
955 1982
957 959
957 2300
957 958
958 3957
959 960
960 1297
960 1392
961 962
961 1297
961 1308
962 964
962 5267
963 1392
963 964
963 1343
964 3100
965 3099
967 1656
967 968
969 970
969 1655
969 976
969 2654
969 2842
971 972
971 976
971 973
973 975
974 1308
974 975
974 2854
976 2855
977 981
977 978
977 980
978 979
978 991
979 992
979 993
980 992
980 994
981 983
981 985
982 983
982 984
985 988
985 4747
986 989
986 3356
986 987
987 3358
987 996
987 988
988 3357
989 990
989 3359
990 3360
990 1001
991 993
991 999
992 993
994 995
994 3356
995 998
995 996
996 997
1000 3360
1001 3363
1001 1002
1001 1032
1002 1003
1002 3370
1003 3372
1003 2917
1004 2571
1004 1005
1004 3372
1005 1006
1005 2570
1006 3371
1006 1007
1007 1014
1008 3365
1008 3361
1008 3414
1009 3365
1010 1011
1011 1014
1012 1013
1014 2560
1015 1021
1015 1015
1016 1020
1016 1017
1017 1018
1017 1021
1018 1019
1020 1021
1022 1026
1023 1027
1025 1026
1027 1028
1027 1029
1028 1029
1028 2906
1029 2908
1030 1031
1032 3364
1032 3366
1033 1035
1033 1034
1034 1035
1036 1737
1037 1038
1038 1039
1038 1041
1039 1042
1040 1041
1041 1042
1042 1043
1044 2761
1044 2767
1044 2786
1045 2769
1045 2574
1045 2774
1045 2817
1046 1595
1046 2702
1046 1047
1047 1811
1047 2698
1048 1817
1048 1595
1048 1049
1049 1811
1049 1816
1050 1051
1050 1052
1051 1052
1052 1053
1053 1737
1053 1706
1054 1245
1055 1062
1055 3548
1055 5187
1056 1060
1056 1057
1057 1202
1057 1058
1058 1201
1058 1059
1059 1205
1060 1061
1060 3326
1061 1152
1061 3549
1062 1109
1062 1108
1062 3549
1063 1141
1063 1064
1063 1140
1063 3555
1064 1065
1064 1142
1064 1141
1065 1072
1065 1066
1066 3550
1066 1075
1067 1076
1067 1068
1067 3550
1068 1069
1068 1133
1069 1070
1070 1071
1071 3546
1072 1073
1072 1075
1073 1074
1074 1075
1076 1139
1076 1077
1077 1132
1077 1135
1078 1171
1078 1143
1078 1132
1079 1082
1079 1105
1079 1106
1080 1081
1080 1084
1080 1083
1081 1085
1081 1086
1082 1104
1082 1103
1083 1090
1083 1084
1084 1089
1084 1085
1085 1088
1085 1086
1086 1111
1087 1094
1087 1111
1087 1088
1088 1093
1088 1089
1089 1092
1089 1090
1090 1091
1091 1098
1091 1092
1092 1097
1092 1093
1093 1096
1093 1094
1094 1110
1095 1102
1095 1110
1095 1096
1096 1101
1096 1097
1097 1100
1097 1098
1098 1099
1099 1106
1099 1100
1100 1105
1100 1101
1101 1104
1101 1102
1102 1103
1103 1104
1104 1105
1105 1106
1107 1108
1107 5187
1107 5189
1108 3547
1109 1110
1109 1170
1111 1112
1112 1114
1112 1170
1112 1169
1113 1175
1113 1177
1113 1147
1113 1169
1115 1116
1116 4930
1117 4387
1117 4591
1118 2588
1118 2945
1119 4416
1120 1121
1120 3893
1120 3611
1121 1121
1122 4695
1122 1123
1123 1124
1123 1125
1124 4695
1124 3892
1126 4878
1126 4934
1126 4877
1127 1131
1127 1130
1128 1131
1128 1129
1129 1130
1130 1131
1132 1133
1133 1134
1134 1136
1134 1135
1134 1138
1135 1136
1136 1139
1137 1139
1137 1138
1140 3556
1140 1142
1141 1143
1142 5191
1143 1144
1143 1179
1144 1145
1144 1173
1144 1171
1146 1166
1146 1150
1146 1161
1147 1166
1147 1148
1148 3908
1149 3908
1150 4885
1150 1155
1151 3321
1151 1152
1151 3322
1152 3327
1153 1157
1153 1154
1153 3321
1155 1157
1155 1156
1156 1157
1156 3320
1158 4885
1158 1161
1158 1159
1159 1162
1159 1164
1160 1161
1161 1162
1162 1163
1165 1167
1166 1168
1167 1168
1169 1170
1171 1172
1173 1180
1173 1174
1174 1175
1175 1176
1176 1178
1176 1177
1176 5016
1177 5017
1179 1180
1181 1182
1182 1183
1182 1186
1183 1184
1183 1186
1185 1186
1188 3540
1190 3929
1190 4767
1191 1192
1191 1205
1192 1193
1192 3553
1193 1194
1193 1199
1194 1195
1194 1198
1195 1196
1195 4698
1196 1197
1197 1198
1197 1202
1198 1199
1199 1207
1200 1203
1200 1201
1200 1207
1201 1202
1202 1203
1203 1204
1205 4767
1206 1207
1208 4691
1208 4689
1209 1210
1210 1558
1211 4631
1211 4579
1211 1212
1211 4613
1213 2284
1214 1563
1214 4640
1215 1233
1216 1217
1216 3174
1216 3144
1217 1233
1217 3156
1217 1227
1218 1222
1218 3169
1218 3157
1218 3155
1219 3157
1219 3164
1219 3146
1220 3155
1220 3162
1220 3250
1221 1222
1221 3146
1221 3177
1222 1231
1222 1228
1223 3136
1223 1225
1223 1226
1224 3136
1224 3170
1224 3173
1224 2019
1225 1226
1225 1235
1226 3138
1227 3137
1227 3251
1228 3250
1228 1235
1228 3254
1229 3143
1230 3175
1230 3177
1230 2007
1231 2016
1231 1232
1231 3254
1233 3143
1233 3246
1234 1244
1234 1245
1235 3176
1236 4202
1236 2108
1236 4203
1237 1479
1237 3704
1238 3614
1238 1239
1239 1240
1239 3024
1241 4779
1241 1241
1242 5028
1242 4780
1243 2958
1243 5230
1243 4317
1244 1245
1246 3422
1246 3421
1246 3420
1246 3992
1247 3479
1247 3418
1247 3422
1248 2180
1248 3417
1248 3419
1249 3648
1249 4712
1249 3476
1249 4329
1250 2907
1251 1252
1251 2143
1251 3424
1251 5110
1252 3425
1252 2144
1253 1254
1254 3601
1255 4856
1255 1256
1257 1258
1257 1261
1257 1635
1257 5265
1258 1474
1258 1265
1259 1270
1259 1269
1259 1266
1259 1265
1260 1321
1260 1267
1260 1266
1261 1262
1261 1267
1261 5260
1262 1263
1262 1635
1262 1267
1263 1307
1263 1264
1264 1474
1264 1268
1265 1279
1265 1269
1265 1474
1266 1295
1266 1321
1266 1269
1267 1294
1267 1321
1268 1269
1268 1307
1270 1271
1270 1274
1271 1279
1271 1272
1272 2862
1272 1273
1273 1796
1273 1798
1274 1295
1274 1798
1275 1400
1275 1276
1275 1278
1276 1778
1276 5265
1277 1404
1277 1778
1277 2652
1278 1403
1278 1404
1279 1400
1280 2652
1280 1756
1280 5242
1280 2598
1281 1402
1281 2598
1281 1748
1281 1389
1282 2857
1282 1748
1282 1755
1282 1396
1283 1293
1283 2867
1283 2660
1283 1399
1284 1760
1284 1766
1284 1391
1284 1397
1285 1292
1285 1791
1285 1799
1285 1793
1286 2865
1286 1292
1286 1293
1287 1668
1287 1289
1287 1294
1288 1294
1288 2663
1288 5260
1288 1296
1289 1290
1290 2655
1291 1293
1291 1799
1291 1292
1295 1668
1296 1315
1296 5260
1296 1625
1298 1318
1298 1299
1299 1300
1299 1303
1299 1803
1300 1311
1300 1312
1301 1310
1301 1311
1301 1314
1301 5260
1302 1309
1302 1310
1302 1313
1303 1309
1303 1306
1303 2854
1304 1306
1304 1305
1304 1964
1305 1312
1305 1963
1306 1965
1306 1803
1307 1321
1308 1309
1309 1965
1310 1962
1310 5267
1311 1315
1311 1961
1312 1803
1312 1961
1313 1964
1313 1962
1313 1965
1314 1963
1314 1961
1314 1962
1316 2656
1316 2846
1317 1320
1317 1319
1317 2855
1318 1980
1318 1319
1319 1320
1319 2853
1320 2839
1320 2657
1322 1828
1322 1885
1322 1838
1322 1464
1323 1333
1323 1324
1324 1325
1324 1327
1325 1326
1325 2032
1326 1327
1326 1951
1327 1334
1328 1329
1328 1337
1328 2831
1329 2031
1329 1330
1330 2031
1330 1331
1331 1334
1331 1332
1332 1333
1332 1336
1332 1334
1333 1336
1334 3076
1335 1590
1335 1345
1335 1576
1335 1887
1337 3080
1337 1951
1338 2857
1338 2862
1338 1776
1339 1776
1339 1340
1339 3128
1340 1341
1340 1781
1341 1783
1341 1662
1342 1343
1342 5252
1343 1393
1343 5251
1343 2645
1343 3100
1344 1703
1344 1356
1345 1580
1345 1617
1346 1582
1346 1603
1347 4409
1347 1879
1347 1355
1348 1879
1348 1349
1348 1596
1349 1355
1349 1596
1350 1354
1350 1575
1350 1622
1350 3986
1350 3857
1351 1825
1351 1622
1351 1832
1352 1619
1352 1572
1352 1822
1352 1825
1352 1703
1353 1822
1353 1354
1353 1622
1354 3985
1355 1356
1356 1812
1357 2871
1357 2872
1358 3911
1359 3714
1359 3713
1359 3717
1359 3804
1361 3222
1361 1364
1362 4679
1362 4682
1362 4685
1363 4681
1363 4680
1363 3569
1364 3221
1365 3233
1366 1368
1366 4679
1366 4684
1367 3216
1367 4683
1368 4680
1368 4683
1369 1981
1370 1380
1370 5231
1371 1399
1371 1387
1372 1374
1372 1391
1372 1375
1373 1375
1374 1375
1375 1376
1376 1377
1377 1378
1379 1381
1379 4664
1380 1988
1380 1987
1381 1993
1381 1994
1382 2305
1382 1383
1383 1652
1383 3856
1384 2293
1384 3895
1384 3687
1384 1715
1384 3046
1385 3305
1385 2297
1386 2370
1386 1387
1386 2297
1387 2911
1388 3043
1388 3902
1389 1390
1389 1396
1390 3131
1390 1398
1391 1399
1392 3712
1393 3947
1393 3939
1394 1395
1395 2872
1395 2873
1396 1397
1397 1398
1400 2861
1401 1665
1401 1403
1401 2859
1402 1665
1402 2858
1403 2860
1404 2979
1405 4322
1405 1463
1405 1731
1406 5193
1406 4564
1407 1408
1407 3770
1407 3769
1407 4558
1407 4561
1408 4866
1408 1410
1409 4594
1409 4553
1409 4551
1410 1411
1410 2223
1411 4555
1411 2125
1412 1709
1412 2141
1412 4590
1413 2130
1413 1709
1414 4703
1414 4392
1414 3006
1415 2123
1415 5201
1415 4389
1416 3899
1416 1417
1416 1419
1417 3898
1417 2436
1418 1970
1418 1419
1418 1631
1420 1971
1420 1630
1420 1421
1421 1634
1421 1723
1422 5015
1422 1423
1422 1629
1423 1723
1423 3646
1424 1426
1424 3615
1424 3646
1425 1632
1425 3615
1425 1629
1426 3615
1426 1632
1427 3914
1427 4938
1427 2417
1428 1430
1428 3915
1428 4953
1429 3787
1429 4933
1429 3914
1430 1475
1430 3787
1431 5176
1431 1632
1431 5177
1432 4483
1432 3542
1433 4472
1433 5195
1433 3544
1434 5073
1434 5078
1434 5076
1434 1649
1435 1437
1435 5205
1435 4609
1436 1438
1436 2140
1436 5205
1439 2122
1440 1442
1440 4578
1440 4611
1441 4538
1441 4535
1441 4583
1441 3620
1442 2036
1443 4541
1443 4586
1443 5207
1443 4544
1444 4530
1444 4579
1444 4611
1444 4533
1445 4578
1445 4613
1445 1447
1446 2348
1446 1455
1446 4635
1446 5209
1447 2066
1448 1454
1448 3430
1448 4547
1449 4921
1449 5058
1449 4589
1449 3423
1450 1451
1450 5064
1450 2431
1450 1452
1451 4552
1451 1559
1451 2348
1452 2431
1452 5063
1452 4873
1453 4552
1453 1454
1453 4587
1453 5064
1454 4546
1454 5063
1455 4181
1455 2431
1455 5207
1455 5208
1456 4293
1456 1459
1457 1461
1457 3704
1458 1462
1460 2067
1460 4214
1460 4293
1461 1479
1461 1480
1464 1606
1464 1840
1465 2107
1465 4201
1465 3030
1465 3031
1466 1467
1466 4751
1467 1468
1467 4750
1468 2566
1468 2565
1469 4828
1470 3062
1470 1471
1470 5043
1471 5038
1471 3063
1472 2085
1472 5042
1473 5037
1473 4017
1473 2059
1474 1635
1475 5030
1475 2418
1476 1647
1476 5078
1476 2190
1477 3915
1477 4933
1477 4879
1478 3298
1478 3503
1478 3435
1479 2357
1482 1483
1487 4085
1488 3983
1488 4295
1488 1717
1488 4222
1489 4899
1489 4898
1490 4276
1490 4275
1490 1497
1490 3354
1491 1540
1491 3056
1491 4281
1492 3503
1492 3502
1493 3336
1493 3879
1493 1534
1493 1532
1494 1535
1494 2139
1494 4617
1495 4525
1496 4615
1496 1535
1496 4621
1496 2987
1497 3354
1497 1505
1498 4623
1498 4625
1498 2986
1498 3269
1499 1511
1499 3057
1499 2071
1500 1508
1501 5007
1501 1522
1501 1525
1502 1505
1502 3343
1502 1514
1503 4266
1503 2153
1503 2152
1504 2147
1504 1524
1504 4189
1504 4913
1505 4277
1505 3354
1506 1514
1506 1671
1506 1683
1508 3431
1508 1528
1509 4152
1510 1532
1510 2146
1511 3055
1511 3054
1512 2152
1512 1524
1512 2148
1513 1528
1513 3431
1513 5051
1513 4603
1514 2993
1515 1519
1516 3060
1516 3056
1517 1530
1517 1537
1517 5009
1518 3056
1518 1527
1518 4155
1519 5005
1520 1531
1520 3761
1521 3018
1522 1530
1522 1525
1523 4263
1523 3885
1523 4262
1523 1538
1524 3880
1524 2146
1525 3083
1526 1534
1526 5048
1526 1532
1527 2993
1527 4263
1528 3464
1529 2355
1529 1539
1529 2352
1530 1542
1530 5008
1531 2128
1531 5047
1532 3880
1534 2133
1534 5047
1535 2362
1535 4622
1536 2150
1536 3881
1536 2149
1538 4526
1538 4616
1539 3336
1540 4281
1540 3057
1541 4276
1541 3344
1541 3343
1543 4188
1543 4913
1543 3661
1544 4012
1544 2490
1544 2427
1545 2429
1545 3906
1545 4998
1546 5156
1546 2430
1546 2529
1547 1889
1547 1907
1547 1861
1547 1911
1547 1903
1547 1847
1548 1903
1548 3074
1548 2472
1549 2475
1549 2454
1549 2458
1549 2472
1550 2458
1550 2473
1550 2463
1550 2475
1551 2344
1551 5046
1552 4476
1552 4375
1553 1554
1555 4375
1556 4738
1556 4739
1556 4788
1556 4742
1557 4735
1557 4852
1557 4692
1557 4693
1557 4787
1558 3024
1559 1563
1559 4636
1560 1563
1560 1562
1560 2286
1561 3429
1561 4180
1564 1568
1564 1593
1564 1900
1565 1613
1565 1602
1565 2751
1566 1940
1566 3875
1566 1946
1566 1947
1567 1587
1567 1820
1567 1819
1568 1590
1569 1596
1569 1705
1569 1614
1570 1850
1570 1621
1570 1836
1571 1610
1571 1577
1571 1826
1572 1597
1572 3072
1572 1830
1573 1870
1573 1589
1573 1586
1574 1581
1574 1598
1574 1620
1574 1883
1575 1599
1575 1585
1576 1884
1576 1584
1577 1615
1577 1583
1578 1885
1578 2752
1578 1618
1579 1614
1579 3864
1579 1852
1580 1616
1580 1581
1581 1620
1582 1600
1583 1594
1583 1836
1584 1623
1584 1878
1585 1612
1585 1622
1586 1589
1586 1604
1587 1607
1587 1823
1588 3072
1588 1705
1588 1848
1588 3864
1589 1873
1589 1620
1591 4363
1591 3099
1592 1885
1592 1602
1592 1838
1594 1837
1594 1599
1595 3069
1597 1702
1597 1704
1598 1873
1598 1881
1599 1605
1600 1910
1601 1840
1601 1841
1601 2750
1601 2753
1602 1885
1603 1616
1603 1892
1604 1892
1604 1614
1605 1870
1605 1624
1605 1621
1606 2754
1606 2753
1606 2577
1607 1615
1607 1610
1608 1613
1608 2443
1608 1950
1609 2754
1609 4911
1609 1950
1610 1615
1611 1947
1611 1948
1612 1624
1612 1848
1613 2454
1615 3400
1616 1617
1617 1900
1619 1701
1621 1837
1623 2577
1623 2750
1624 1852
1626 3125
1627 2066
1628 2437
1628 3898
1628 4883
1628 4882
1629 3646
1630 3900
1630 1631
1631 1970
1633 5179
1633 4482
1633 4955
1634 1971
1634 5012
1636 2921
1636 1642
1636 1639
1637 2347
1637 2949
1637 3084
1637 3641
1638 2954
1638 2336
1638 3045
1639 2386
1639 1641
1640 2955
1640 2954
1640 2922
1641 2921
1641 2918
1642 2955
1642 3085
1643 4702
1644 2316
1644 4781
1645 4690
1645 4450
1645 4694
1645 4721
1646 1648
1646 5079
1647 2191
1647 5153
1648 1650
1649 5077
1650 5182
1650 5183
1651 5081
1651 5030
1651 4385
1652 3075
1653 1656
1654 2618
1655 2662
1655 1656
1655 3048
1657 2626
1658 2624
1659 4379
1660 2616
1662 1787
1662 1786
1663 1771
1663 3128
1663 1667
1664 1799
1664 1796
1665 1752
1666 4380
1666 2061
1666 4379
1666 5249
1667 2982
1667 1767
1668 1802
1669 4183
1669 5213
1669 2134
1670 1679
1670 3201
1670 3616
1671 3577
1671 1674
1672 3576
1672 3577
1672 1674
1673 2071
1673 4630
1674 1683
1674 1678
1674 1685
1675 1679
1675 1676
1676 1679
1676 5087
1676 1684
1677 2069
1677 3054
1678 1685
1678 3344
1678 3350
1678 4276
1679 3506
1680 4172
1680 3506
1681 4171
1681 3241
1682 3208
1682 3201
1683 3344
1684 3202
1684 3208
1685 3342
1686 2935
1686 2930
1687 2932
1688 1690
1688 1689
1689 1691
1690 3667
1691 3855
1692 4090
1692 3690
1693 3671
1693 2062
1693 3289
1694 1696
1694 3676
1694 3677
1695 1698
1695 3679
1696 3674
1696 3673
1696 3676
1696 2552
1697 3593
1697 3122
1697 3595
1699 2145
1699 5152
1699 4912
1700 5262
1700 1958
1700 3534
1701 1702
1702 1704
1704 1705
1707 1713
1707 4417
1707 1710
1708 5202
1708 5197
1709 4179
1710 2945
1711 2141
1712 3007
1712 3006
1712 1713
1715 2383
1715 2382
1716 3965
1717 4294
1717 1718
1717 2067
1718 3965
1718 4295
1718 4294
1719 1726
1719 4519
1720 4324
1720 3565
1720 3683
1721 1730
1722 4519
1722 1736
1722 1735
1723 1728
1724 4857
1724 1728
1725 1734
1726 1734
1726 1727
1727 4521
1727 4520
1729 3683
1729 1731
1729 1733
1730 4322
1730 2025
1731 4325
1732 1734
1732 4320
1732 4318
1735 4523
1735 4522
1736 4321
1736 4318
1737 1738
1739 3391
1740 3743
1740 3744
1741 1745
1741 1746
1741 1743
1742 1745
1742 3135
1742 1747
1743 1744
1744 1749
1745 2635
1745 1746
1746 1751
1748 2856
1749 1752
1750 2634
1751 2635
1751 1756
1752 1753
1752 1758
1753 1754
1753 2970
1754 2640
1754 1758
1755 1757
1755 1761
1756 1759
1756 2635
1757 1760
1757 1764
1758 2979
1759 2641
1759 1762
1760 1770
1761 1764
1761 2857
1762 2979
1762 2644
1763 1768
1763 1767
1763 1776
1764 1770
1764 1768
1765 1769
1765 1771
1765 1767
1766 1779
1766 1775
1767 1772
1768 1773
1768 1772
1769 1771
1769 3128
1770 1775
1772 2982
1772 1774
1773 1774
1773 1777
1774 1777
1774 2981
1775 1780
1776 1788
1777 3129
1778 2980
1779 1785
1779 1780
1780 2863
1781 1784
1781 1783
1782 5268
1783 1784
1784 1787
1785 1794
1785 2863
1786 3132
1786 1789
1787 1788
1787 1789
1788 1793
1789 1792
1789 1793
1790 1794
1790 2863
1790 2864
1791 1796
1791 2862
1792 3132
1792 1795
1792 1797
1793 1795
1794 2866
1795 1797
1797 3133
1798 2910
1800 5251
1800 5245
1800 5267
1804 1805
1806 2676
1806 2684
1806 2680
1807 2680
1807 2677
1807 1808
1808 2678
1808 2682
1809 3068
1810 4157
1810 2738
1810 1812
1810 2740
1811 3068
1812 2742
1813 1815
1813 2726
1813 1828
1814 2024
1815 1821
1816 2741
1816 1817
1817 3397
1818 3069
1818 2721
1818 1819
1818 2717
1819 1831
1820 2722
1820 2723
1821 1909
1822 2747
1824 1831
1825 1830
1826 1835
1826 1834
1827 2820
1827 1847
1827 2819
1827 2818
1829 1841
1830 1832
1831 1835
1832 3072
1833 2820
1833 2798
1833 2819
1834 2576
1834 1845
1835 1840
1836 1837
1839 3071
1839 2805
1839 2802
1839 1861
1839 2821
1841 1846
1842 1846
1843 2731
1843 2805
1843 1862
1844 1860
1844 1845
1844 1850
1845 1856
1846 1851
1847 1861
1847 1889
1847 2822
1848 1852
1848 3864
1849 1851
1850 1855
1851 1869
1853 1859
1854 1860
1855 1857
1855 1858
1857 1876
1857 1859
1858 1870
1858 1864
1859 1871
1860 1866
1861 1902
1861 1888
1861 1862
1861 2822
1862 1888
1862 1863
1863 2813
1863 2811
1863 2812
1864 1865
1864 1868
1865 1872
1865 1867
1866 1869
1866 1871
1867 1868
1867 1872
1868 1874
1869 1875
1871 1875
1872 1873
1874 1877
1874 1876
1875 1878
1876 1884
1877 1880
1877 1881
1878 1882
1879 1886
1880 1887
1880 1884
1881 1883
1881 1887
1883 1890
1886 1892
1888 1891
1889 1907
1891 1893
1891 2813
1891 1902
1893 2453
1893 2451
1893 2480
1894 1906
1894 4409
1894 1898
1895 1896
1895 1899
1896 1898
1896 4409
1897 1901
1898 1904
1898 1905
1899 1901
1900 1910
1901 1905
1902 3074
1903 3074
1903 1911
1904 1906
1905 1908
1906 1915
1907 1912
1911 1912
1911 2444
1912 2448
1913 1915
1913 1914
1914 1919
1915 1919
1916 1917
1916 1922
1916 3871
1917 1918
1917 1920
1918 1921
1918 3872
1920 1922
1920 1929
1921 1926
1921 1924
1922 1927
1923 1936
1924 1925
1924 1931
1925 1928
1925 1933
1926 3873
1926 3866
1927 1930
1927 1929
1929 1940
1930 3874
1930 3865
1931 1933
1931 3875
1932 1935
1932 3873
1933 1934
1933 1942
1935 1936
1936 1939
1937 1938
1938 1942
1940 3862
1941 3876
1941 3875
1941 1945
1942 1943
1943 3877
1943 1944
1943 3876
1944 1945
1944 3877
1945 3877
1945 1946
1947 1948
1949 2032
1950 2476
1951 1952
1952 2471
1952 2450
1953 2465
1953 2471
1953 2470
1954 2470
1954 2473
1954 2296
1954 2469
1955 4144
1955 1956
1956 3456
1956 3483
1956 1957
1957 5083
1958 3750
1958 2151
1958 3532
1959 1960
1959 3750
1959 2154
1960 3005
1960 2137
1963 1964
1966 5015
1966 5014
1966 1967
1967 5177
1967 5015
1968 1970
1969 3900
1969 1971
1969 5014
1970 3900
1972 3911
1973 1999
1974 4660
1974 1979
1975 1976
1975 1977
1976 1978
1976 2268
1979 1984
1980 2854
1980 2855
1984 2438
1984 1985
1985 2895
1986 2897
1987 1992
1987 1989
1988 1993
1988 1989
1989 1990
1990 1991
1990 1993
1991 1994
1991 1992
1995 4374
1995 4908
1996 4098
1996 3801
1996 4101
1997 4096
1997 4103
1997 4106
1998 1999
1998 3980
1999 2000
1999 3032
2001 2002
2003 3313
2003 3310
2003 2834
2003 3311
2004 3311
2004 2005
2004 4314
2005 2835
2005 3312
2006 3313
2006 2832
2006 3312
2006 2834
2007 2010
2007 3179
2007 3178
2008 3183
2008 3179
2008 3172
2009 3181
2009 2010
2009 3175
2010 3182
2011 2012
2011 3172
2011 2013
2012 2014
2012 3183
2012 2013
2013 2017
2013 2014
2014 2015
2015 3144
2015 3183
2017 3152
2017 3160
2017 3147
2018 3150
2018 3174
2018 3139
2019 3154
2019 3161
2020 2313
2021 2313
2021 2757
2022 3067
2022 2023
2022 2759
2022 2760
2023 2763
2023 2760
2023 2759
2024 3067
2024 2794
2024 2795
2025 2027
2026 2027
2027 3903
2028 4955
2028 2029
2029 2030
2031 3078
2032 2330
2033 2330
2033 2296
2034 3017
2035 4610
2035 4533
2036 4610
2037 3978
2038 2041
2039 4296
2039 4223
2040 4302
2040 4311
2041 4219
2041 4221
2042 4221
2042 4219
2042 2068
2043 3197
2043 2986
2043 3235
2043 4614
2044 3029
2044 2045
2044 2393
2045 2111
2045 3282
2046 5086
2046 4760
2046 4196
2047 2395
2047 3517
2047 4196
2048 2113
2048 3517
2048 4193
2048 5086
2049 4314
2049 3573
2049 3977
2050 2090
2050 3279
2050 3263
2051 3961
2051 3279
2051 2091
2052 2113
2052 2833
2053 2054
2053 3280
2053 2097
2054 2121
2054 3277
2055 3970
2055 2100
2055 3276
2056 2099
2056 4676
2057 2101
2057 3972
2057 3970
2058 2100
2058 2534
2059 2060
2059 4200
2062 4158
2062 4668
2062 4405
2063 3675
2063 3073
2063 4376
2064 2515
2064 3676
2065 4378
2065 4377
2065 3075
2067 3982
2067 3983
2067 4293
2068 3802
2068 4310
2069 4227
2069 4278
2070 2072
2070 3055
2071 2072
2073 3435
2073 3439
2073 2994
2074 3439
2075 3450
2076 3981
2077 3990
2078 3442
2078 3242
2078 3990
2078 3000
2079 3436
2079 4762
2080 2584
2080 5197
2080 3764
2081 2094
2082 2206
2082 4284
2082 4285
2083 4218
2084 4215
2084 2085
2084 4218
2085 5041
2085 2104
2085 4204
2086 2105
2086 4251
2086 2104
2086 2358
2087 4313
2087 3268
2087 2995
2088 2397
2088 2115
2088 2995
2089 3573
2089 2090
2089 4314
2090 2091
2091 3960
2092 2094
2092 4164
2093 2119
2093 5088
2093 2118
2094 3345
2094 3266
2095 3962
2095 3960
2095 2097
2096 3971
2096 3276
2096 2119
2097 2121
2098 2120
2098 3971
2098 3973
2099 3277
2099 2121
2099 3512
2100 3513
2100 2101
2101 2102
2102 2989
2102 2402
2103 2104
2103 2105
2104 4204
2105 2106
2106 2358
2106 2109
2107 4790
2107 2108
2107 3029
2108 3695
2109 2110
2109 4754
2109 3019
2110 3283
2110 3281
2111 3022
2111 4197
2112 2995
2112 3721
2112 2114
2113 5085
2113 4755
2114 2115
2114 4160
2115 3271
2116 2532
2116 4160
2116 3345
2117 3274
2117 3280
2118 2434
2118 4163
2119 4163
2119 2120
2122 4609
2122 5203
2123 4591
2123 5200
2123 4388
2124 5200
2124 5202
2125 4594
2125 5061
2125 4554
2126 4576
2126 5130
2126 5128
2126 2131
2127 5053
2127 4576
2127 5126
2127 2132
2128 4573
2129 2141
2130 3006
2130 2141
2131 5134
2131 4488
2131 4577
2132 4577
2132 5093
2133 3761
2133 3336
2133 2355
2134 3737
2134 4267
2135 2137
2135 2990
2135 2150
2136 4261
2136 3484
2136 4260
2137 3003
2138 4255
2138 2139
2138 4259
2138 3484
2139 3005
2140 4607
2140 5204
2142 4182
2142 4559
2142 3770
2143 2144
2143 4575
2144 5111
2144 4569
2145 3118
2145 3460
2145 4927
2146 3880
2146 2148
2147 4912
2147 3881
2148 3882
2149 3001
2149 2154
2150 2991
2151 4926
2151 4924
2152 2153
2152 4265
2153 4273
2153 4274
2154 3004
2155 2156
2156 2157
2158 2178
2158 2159
2158 2419
2159 2160
2159 5217
2160 2161
2160 5218
2161 2163
2161 2168
2162 2164
2164 2168
2164 2169
2165 2167
2165 2166
2166 2167
2167 2170
2168 5238
2169 2171
2169 2170
2172 3107
2172 2177
2173 2174
2174 2175
2174 2176
2177 2416
2177 2415
2178 5192
2178 2956
2179 2184
2179 4515
2179 4512
2180 4329
2180 3650
2180 5068
2181 4514
2181 2182
2181 2184
2182 2183
2182 2186
2182 4869
2183 4643
2183 4868
2184 2185
2185 2186
2185 4513
2186 2187
2186 2188
2187 4948
2187 4643
2188 4513
2188 2189
2189 4948
2189 5065
2190 2191
2190 2388
2191 2192
2191 2193
2192 2195
2192 2420
2193 2420
2193 5153
2194 2196
2194 2195
2194 2388
2195 2420
2197 2343
2198 2345
2198 4906
2199 4572
2200 3469
2200 3470
2200 3464
2201 3498
2201 2202
2201 3736
2202 3472
2203 3499
2203 4945
2203 3472
2204 5140
2204 4227
2204 2206
2204 4629
2205 4753
2205 2207
2205 4223
2206 4630
2206 5139
2207 4224
2207 4753
2208 4229
2208 4291
2208 4292
2208 5137
2209 4205
2209 4289
2209 4291
2210 4289
2210 4286
2210 3974
2211 2213
2211 2218
2211 2212
2212 2214
2212 2230
2213 2219
2213 2215
2214 2218
2214 2220
2215 2217
2215 2221
2216 5061
2218 2226
2218 2220
2219 2221
2219 2226
2220 2225
2221 2222
2222 2223
2222 2224
2223 2224
2224 2229
2225 2230
2225 2227
2226 2227
2226 2229
2227 2231
2228 2229
2229 2233
2230 2232
2234 2238
2234 2237
2234 2239
2235 2236
2235 2241
2236 2239
2236 2242
2237 2238
2238 2240
2239 2240
2240 2243
2241 2242
2242 2243
2243 3355
2244 2246
2244 2245
2244 2247
2245 2248
2245 2250
2246 2251
2246 2249
2247 2252
2247 2261
2248 2253
2248 2255
2249 2258
2249 2259
2250 2256
2250 2252
2251 2253
2251 2254
2252 2257
2253 2260
2254 2258
2254 2262
2256 2260
2256 2257
2257 2261
2258 2259
2258 2263
2259 2264
2260 2266
2261 2266
2262 2263
2262 2265
2263 2264
2264 2267
2268 2270
2269 2270
2271 2272
2272 2273
2272 3627
2272 3664
2273 4880
2273 3630
2273 3628
2274 2275
2275 2277
2276 5121
2276 2277
2276 5120
2277 2278
2278 4516
2279 2280
2279 2905
2279 5119
2280 2280
2281 3684
2281 5119
2281 2282
2282 3685
2282 2283
2283 4454
2283 3707
2284 2285
2285 2286
2287 2289
2288 2289
2290 2416
2290 5192
2290 3670
2291 2946
2291 2435
2291 3046
2291 3116
2292 2376
2292 3093
2292 3116
2293 3895
2293 3093
2294 3102
2294 2950
2294 3113
2295 3102
2295 3107
2295 2413
2295 3103
2297 2371
2298 2299
2298 2373
2298 3048
2299 2301
2300 2301
2301 4156
2302 4366
2302 2304
2303 2400
2304 2586
2304 2305
2306 4377
2307 4472
2308 3542
2308 4480
2309 4331
2309 4333
2310 2312
2310 2311
2311 4332
2311 4331
2313 2724
2314 4366
2315 2794
2316 4781
2317 3743
2318 4750
2318 4972
2318 4751
2319 2565
2319 2566
2319 4964
2320 2321
2320 2324
2320 2328
2320 2909
2321 2323
2321 2326
2322 2323
2322 3377
2324 2328
2324 2325
2326 2327
2326 3376
2327 2329
2327 3376
2328 2329
2329 3377
2331 3788
2331 3803
2331 4938
2332 2380
2332 2333
2333 2381
2333 3407
2333 2952
2334 2923
2334 2952
2334 2381
2334 2346
2335 3752
2335 2923
2335 2336
2336 3668
2336 3084
2337 3683
2338 3909
2338 2591
2338 3969
2339 3910
2339 3609
2339 3911
2340 3131
2341 4725
2342 3750
2342 5262
2342 5257
2343 2345
2344 3005
2344 4153
2344 5046
2345 4904
2346 2347
2346 3752
2346 2379
2347 3751
2348 4636
2348 2431
2349 3760
2349 2350
2350 2351
2351 2352
2351 3760
2352 2353
2354 2355
2356 3661
2356 4188
2356 3660
2358 3283
2359 2360
2360 5124
2360 5147
2360 5157
2361 3110
2362 2364
2362 2987
2363 3264
2363 4153
2364 3264
2364 2987
2365 3264
2365 2987
2365 4142
2366 4156
2367 2894
2367 2895
2368 2369
2368 2896
2368 2898
2369 2477
2369 2438
2370 2661
2370 2371
2371 2373
2372 3047
2373 3047
2373 2374
2375 2377
2375 3094
2375 3641
2376 2947
2376 3094
2376 2384
2377 3086
2377 2378
2378 2379
2378 3641
2379 2381
2380 2381
2380 3088
2382 2421
2383 3119
2383 2421
2383 5021
2383 3113
2384 3105
2384 2385
2384 3101
2384 2947
2385 3119
2385 5021
2386 2953
2386 3407
2387 4649
2387 4647
2387 4648
2387 4646
2388 4647
2389 4337
2390 2391
2390 3724
2390 3731
2390 4313
2391 2392
2391 5084
2391 3268
2392 4756
2392 3518
2393 3283
2394 3023
2394 3282
2394 3281
2395 4177
2395 4315
2395 4194
2396 3268
2396 3977
2396 4756
2397 3263
2398 2412
2398 2997
2399 3973
2400 2989
2401 3563
2401 2989
2402 2403
2402 2404
2404 4887
2404 4892
2405 3273
2405 3272
2406 3265
2406 3278
2407 2409
2407 2408
2408 4518
2408 2410
2409 2410
2410 4517
2411 2944
2411 4082
2411 2905
2412 2999
2413 2414
2413 3103
2414 3103
2414 3669
2415 2416
2415 3669
2417 4946
2418 4858
2418 3787
2421 3104
2422 2893
2423 2424
2424 2425
2425 3793
2425 3754
2425 3756
2426 3412
2426 4944
2426 4010
2427 3845
2427 4998
2428 3845
2428 4999
2428 3780
2428 2518
2429 3906
2429 3854
2430 2530
2431 4181
2433 4975
2434 5089
2435 3086
2435 3116
2435 3087
2436 3896
2436 3897
2437 3897
2437 5274
2437 4942
2438 2896
2439 2900
2440 2454
2440 2442
2440 2468
2441 2462
2441 3860
2441 2459
2441 2449
2442 2461
2442 2476
2442 2468
2443 3870
2443 2454
2443 2472
2444 2445
2444 2472
2444 2448
2445 2460
2445 2472
2445 2467
2446 2474
2446 2451
2446 2449
2446 2812
2446 2808
2447 2469
2447 2467
2447 2460
2448 2467
2449 2474
2450 2461
2450 2476
2451 2474
2451 2813
2452 2457
2452 3870
2452 2453
2452 2480
2452 2472
2453 2455
2453 2480
2453 2457
2453 2474
2455 2464
2455 2474
2455 2456
2456 2457
2456 3869
2457 3870
2458 2475
2458 2460
2459 3861
2459 3867
2459 3859
2460 2463
2461 2471
2461 2466
2462 2464
2462 2474
2462 3867
2463 2469
2463 2473
2464 3868
2464 3869
2465 2475
2465 2466
2465 2470
2466 2468
2466 2475
2468 2475
2478 4666
2478 2890
2478 3120
2479 4168
2479 4164
2479 4165
2480 3074
2482 3209
2482 3217
2483 3207
2483 3198
2483 3216
2484 3244
2484 3223
2484 3214
2484 3300
2485 3225
2485 3189
2486 3225
2486 3226
2486 3196
2487 4011
2487 2489
2488 2489
2490 3846
2490 4012
2491 2538
2491 2887
2491 2537
2492 5032
2493 2943
2493 5123
2493 2905
2493 2942
2493 2944
2495 2496
2495 2497
2495 4658
2496 2497
2496 3606
2498 3606
2499 3064
2499 2501
2499 2500
2500 2502
2500 3065
2501 2502
2501 2504
2502 2507
2503 2504
2504 2508
2504 2505
2505 3066
2505 2509
2506 2507
2507 2508
2507 2510
2508 2511
2508 2509
2509 2511
2510 2511
2510 3065
2512 2513
2512 4127
2512 4916
2513 4916
2513 4010
2513 3411
2513 3639
2513 4943
2514 3678
2514 3677
2514 3073
2515 4378
2516 4407
2516 4378
2517 4511
2517 3406
2518 3846
2518 2519
2518 3779
2519 4038
2520 2522
2520 3854
2521 3838
2521 3779
2521 3776
2521 3839
2522 2530
2522 3773
2523 3830
2523 3838
2523 2524
2524 2525
2524 3837
2525 2528
2525 3830
2525 3829
2526 3832
2526 3834
2526 3842
2527 2528
2527 3836
2527 3830
2528 2529
2529 2530
2529 3773
2531 4408
2531 3663
2532 3341
2532 3347
2533 3285
2533 3512
2533 4676
2534 3513
2534 3284
2535 3286
2535 3514
2535 3285
2536 3284
2536 3287
2536 3515
2537 3292
2537 3286
2537 4395
2538 5032
2538 3287
2538 5033
2539 2541
2540 2543
2541 2543
2542 5035
2542 3292
2542 4393
2543 2884
2543 4670
2544 2549
2544 5216
2544 2546
2545 2547
2546 2547
2546 2548
2547 2550
2549 4705
2549 2552
2551 4674
2551 3121
2551 4405
2551 3887
2554 4397
2556 2926
2556 2925
2557 4076
2557 3707
2558 4017
2558 2568
2559 4018
2560 2561
2561 2908
2561 2562
2562 2563
2563 2564
2563 2917
2564 3371
2566 4965
2567 5184
2567 4820
2568 4124
2569 4893
2569 4820
2569 4818
2570 4748
2570 2571
2571 4747
2572 4814
2572 4817
2572 4818
2573 4816
2573 5025
2573 4817
2574 2816
2574 2749
2575 2883
2575 2583
2575 4666
2577 4911
2578 3404
2578 3394
2578 2726
2579 3407
2579 2920
2580 3558
2581 3887
2581 3120
2581 4667
2582 4669
2582 4667
2582 2583
2583 2884
2585 2738
2586 2733
2586 2734
2586 4365
2587 3106
2587 3115
2587 3114
2587 2950
2589 4807
2590 4037
2591 3909
2591 2594
2592 2629
2592 2630
2592 2628
2593 2596
2593 2597
2593 2595
2594 2600
2594 2595
2594 2629
2595 2596
2595 2604
2596 2597
2596 2599
2597 2604
2599 2601
2600 2975
2600 2977
2601 2604
2602 2974
2602 2603
2602 2978
2603 2606
2603 2977
2605 2612
2605 2616
2605 2978
2606 2607
2606 3095
2607 2608
2607 2621
2608 2611
2608 2610
2609 2611
2609 5248
2610 2622
2610 2868
2611 2613
2612 3096
2612 2615
2613 2614
2613 2971
2614 2869
2614 2624
2614 5248
2615 2617
2615 3097
2616 2617
2617 5249
2617 2618
2618 3098
2619 2623
2619 2868
2619 2870
2620 3095
2620 2621
2620 3098
2620 2664
2621 2622
2621 5241
2622 2623
2622 2665
2623 2626
2624 2625
2625 2870
2625 5247
2625 2626
2627 2628
2628 2629
2629 2631
2630 2631
2632 2975
2633 2636
2633 2634
2633 3135
2634 2640
2635 2637
2635 2641
2635 3135
2636 2638
2636 2637
2637 2639
2638 2640
2638 2639
2639 2643
2640 2642
2640 2979
2640 2644
2641 2643
2643 2644
2645 2647
2645 2646
2646 2647
2646 2648
2647 2648
2648 2649
2649 2650
2649 2651
2650 2873
2650 2651
2652 2653
2653 5239
2654 2662
2654 2657
2655 2656
2655 2659
2656 2657
2658 2659
2658 2660
2660 2911
2661 2911
2661 2662
2666 5270
2668 2669
2669 2670
2670 2672
2671 2674
2672 2673
2672 5250
2673 2674
2675 2678
2675 2679
2675 3403
2677 2680
2677 3403
2678 2679
2678 3403
2679 2681
2682 2683
2682 2686
2683 2688
2683 2684
2684 2749
2685 2687
2685 2693
2685 2686
2686 2689
2687 2695
2687 2690
2688 2689
2688 2691
2689 2694
2690 2692
2690 2697
2691 2746
2691 2749
2692 2696
2693 2694
2693 2695
2694 2746
2695 2697
2696 3068
2697 2698
2698 2702
2699 2749
2699 2705
2699 2707
2700 2701
2700 2746
2700 3034
2701 2703
2701 2709
2702 2704
2703 2713
2703 2708
2704 2708
2704 2714
2705 2712
2705 2707
2706 2709
2706 2710
2706 3034
2707 2710
2708 2715
2709 2711
2710 2711
2711 2712
2712 2713
2713 2715
2714 2716
2714 2717
2715 2717
2716 2718
2718 3069
2719 3069
2719 2720
2720 2723
2723 3401
2723 3397
2725 2726
2727 2814
2728 2770
2728 2769
2728 2795
2729 2779
2729 2730
2729 2770
2729 2785
2730 2731
2730 2790
2731 2796
2731 2806
2732 3860
2732 2782
2732 2803
2735 2737
2736 2737
2737 3988
2738 3394
2739 3068
2743 3985
2744 2745
2744 3988
2744 3989
2745 3986
2745 3396
2748 2752
2749 3034
2750 2753
2752 2755
2754 4415
2755 4412
2755 4415
2755 4413
2756 2790
2756 2785
2756 2767
2757 2758
2757 2793
2758 2759
2758 2791
2760 2766
2761 2791
2762 2791
2762 2763
2762 2764
2763 2765
2764 2765
2765 2792
2766 2795
2766 2792
2767 2787
2768 2770
2769 2771
2770 2772
2771 2773
2771 2774
2772 2775
2772 2777
2772 2773
2773 2776
2773 2775
2774 2776
2775 2778
2775 2777
2776 2778
2776 2783
2777 2781
2777 2780
2778 2781
2779 2803
2779 2780
2780 2782
2781 2784
2782 3859
2783 3858
2783 3861
2783 2784
2784 3858
2786 2787
2786 2818
2787 2789
2788 2790
2788 2796
2789 2797
2793 3067
2793 2794
2794 3067
2796 2799
2797 3070
2797 2798
2798 3071
2799 2800
2799 2801
2800 3070
2800 2802
2801 2805
2801 2802
2803 2804
2804 2807
2804 2808
2806 2811
2806 2809
2807 2809
2807 2808
2809 2810
2810 2812
2810 2811
2814 3033
2814 2815
2814 2816
2815 3033
2815 2816
2816 2817
2817 3033
2818 2819
2820 2822
2821 3071
2821 2822
2823 3076
2823 2825
2823 2824
2824 3077
2824 3079
2825 3076
2825 2826
2826 3076
2826 2829
2827 3078
2827 3079
2827 2831
2828 3080
2828 2830
2828 2829
2829 3080
2830 3080
2830 2831
2832 2835
2832 3312
2832 2997
2833 2998
2834 3313
2834 3782
2836 2838
2836 4352
2836 4345
2837 4352
2837 4361
2837 4344
2838 2839
2838 4346
2839 4353
2839 2841
2840 4361
2840 2842
2840 4343
2841 4355
2841 4347
2842 2843
2842 4362
2843 4359
2843 4350
2844 4357
2844 4355
2844 4348
2845 4359
2845 4357
2845 4349
2846 2848
2846 2847
2846 2852
2847 2849
2847 2853
2848 2849
2848 2850
2849 2851
2850 2852
2850 2851
2851 2853
2852 2853
2856 2858
2856 2857
2858 2859
2859 2860
2860 2861
2861 2862
2864 2866
2864 2865
2865 2867
2866 2867
2868 2869
2869 2870
2871 2984
2871 5271
2871 2988
2872 2984
2874 2960
2874 2878
2875 4932
2875 2878
2876 4002
2876 3998
2877 4006
2878 2879
2879 3999
2880 4006
2880 4931
2881 4002
2882 3526
2882 2883
2883 3527
2883 2885
2884 2885
2885 3527
2886 3284
2886 3285
2887 3287
2887 3286
2888 4666
2888 2889
2888 2890
2889 3288
2889 2890
2891 3564
2891 3288
2891 2892
2892 3290
2893 3306
2895 2896
2897 2899
2898 2900
2899 2901
2900 2901
2902 3009
2902 2903
2903 3117
2904 2904
2904 3745
2907 3684
2909 3744
2912 3582
2913 3581
2914 3579
2915 2916
2915 3580
2915 4425
2917 3370
2918 2919
2918 2921
2919 2958
2921 2957
2922 2952
2922 2923
2923 2954
2924 2925
2925 2930
2926 2929
2927 4419
2927 4420
2927 2930
2928 4420
2928 4422
2931 2932
2931 2942
2932 5123
2933 4399
2933 4403
2933 2934
2936 4814
2936 4986
2937 4782
2937 4819
2938 4978
2938 5002
2938 4784
2939 4828
2939 2940
2939 4829
2940 4821
2941 4821
2941 4119
2941 4120
2941 4791
2942 2943
2943 2944
2945 4418
2947 2948
2947 3112
2948 3106
2948 3112
2949 3114
2949 3112
2950 3105
2950 3102
2951 3101
2951 3093
2951 3895
2952 3408
2953 2955
2953 3408
2955 4316
2955 3085
2956 5217
2956 3045
2957 4317
2957 2958
2957 3085
2959 2960
2961 2963
2962 4884
2962 2964
2963 3134
2966 4729
2967 4740
2967 4722
2967 4447
2968 4723
2969 3812
2969 3810
2969 4849
2972 2977
2973 2975
2976 2978
2980 5239
2980 5265
2981 2982
2981 3129
2983 2984
2985 3018
2986 4624
2987 3053
2987 4615
2989 3972
2990 3003
2990 2991
2990 4261
2991 4253
2991 4274
2992 3884
2992 3886
2993 4262
2994 3298
2996 3445
2996 3191
2996 3010
2996 3242
2997 2999
2998 3784
2998 3310
2999 3785
3000 3436
3000 3981
3001 4927
3001 3881
3001 3004
3002 5257
3002 4381
3003 4254
3003 4255
3004 4925
3004 4926
3005 4254
3008 3024
3009 3608
3010 4762
3011 3229
3011 3975
3012 3014
3013 3297
3013 3014
3013 3975
3014 3539
3015 5193
3015 4563
3015 4881
3016 3732
3016 5155
3017 5154
3017 3304
3018 5213
3018 3431
3018 4604
3018 5214
3019 3021
3019 4249
3020 4760
3020 3282
3020 3022
3020 3023
3021 3281
3021 4195
3021 3023
3022 4759
3023 4761
3025 3027
3025 3710
3025 3026
3027 3028
3029 4197
3029 4251
3030 5041
3030 3031
3031 4790
3032 3980
3032 4906
3035 3036
3035 3599
3035 3492
3036 3037
3036 3039
3037 5151
3037 3039
3038 3040
3038 5233
3038 3599
3039 3040
3039 4152
3040 4148
3041 3044
3041 3042
3042 3043
3042 3044
3044 3903
3045 4316
3047 3048
3049 5233
3050 3051
3051 3052
3052 4143
3052 4142
3053 4626
3053 4142
3053 4625
3054 3577
3056 4280
3057 3058
3057 4279
3058 3503
3059 4300
3059 4297
3059 3061
3059 4296
3060 3502
3060 3539
3061 4212
3061 4301
3061 4302
3062 3063
3062 5044
3063 5037
3064 3065
3070 3071
3073 4407
3075 3125
3077 3078
3077 3079
3081 3111
3081 3082
3081 3532
3081 5083
3082 3083
3082 3459
3083 3534
3083 3533
3084 3751
3086 3094
3086 3087
3087 3088
3089 3090
3089 3092
3090 3091
3095 3096
3096 3097
3097 3098
3099 3100
3101 5021
3102 3107
3103 3115
3103 3670
3104 3113
3105 3119
3105 3106
3107 3113
3108 5141
3108 3415
3108 3109
3109 5083
3109 5070
3109 4145
3110 4145
3110 3532
3111 3534
3111 3532
3112 3114
3114 3115
3117 4433
3120 4668
3120 4158
3121 3122
3121 3593
3123 3593
3123 3673
3123 3595
3124 3595
3124 3597
3124 3675
3125 4377
3126 3771
3126 3794
3127 3851
3127 3333
3127 3849
3129 3133
3130 4140
3130 3134
3130 3254
3132 3133
3136 3171
3136 3176
3137 3173
3137 3138
3137 3140
3138 3171
3139 3142
3139 3160
3140 3159
3140 3151
3141 3142
3141 3149
3141 3168
3141 3147
3142 3150
3142 3163
3144 3180
3145 3169
3145 3149
3145 3166
3146 3174
3147 3152
3147 3160
3148 3163
3148 3166
3148 3149
3150 3156
3151 3165
3151 3156
3152 3164
3153 3162
3153 3169
3153 3167
3153 3155
3154 3162
3154 3158
3156 3163
3157 3168
3158 3161
3158 3167
3159 3161
3159 3165
3163 3165
3164 3168
3165 3167
3166 3167
3168 3169
3170 3250
3170 3176
3171 3173
3172 3182
3175 3180
3177 3180
3178 3181
3179 3182
3184 3203
3184 3230
3184 3185
3185 3211
3185 3349
3186 3236
3186 3189
3187 3204
3187 3236
3187 3202
3188 3216
3188 3207
3188 3244
3189 3206
3190 3222
3190 3213
3191 3243
3191 3301
3192 3302
3192 3300
3192 3227
3192 3223
3193 3199
3193 3239
3194 3590
3194 3201
3194 4687
3195 3210
3195 4161
3196 3346
3196 3224
3197 3237
3197 3984
3198 3206
3198 3233
3199 3210
3199 3202
3200 3212
3200 4165
3200 4168
3203 3204
3203 3218
3204 3238
3205 3212
3205 4167
3205 4161
3206 3207
3208 3232
3209 3261
3209 3228
3210 4169
3211 3224
3212 3239
3213 3235
3213 3270
3214 3234
3214 3219
3215 3243
3215 3234
3216 3217
3217 3229
3218 3225
3218 3238
3219 3244
3219 3301
3220 3539
3220 3229
3221 3240
3221 3222
3223 3234
3224 3765
3226 3303
3226 3346
3227 3452
3227 3453
3228 3237
3230 3349
3230 3239
3231 3233
3231 3232
3232 3485
3236 3238
3237 4614
3240 4687
3241 4170
3241 5087
3242 3243
3242 3448
3243 3442
3245 3247
3245 3253
3245 3259
3246 3248
3246 3253
3246 3252
3247 3258
3247 3252
3248 3260
3248 3257
3249 3256
3249 3260
3249 3257
3251 3252
3251 3258
3253 3255
3255 3260
3255 3259
3256 3259
3256 3258
3257 3260
3261 3262
3262 5160
3262 4280
3263 3573
3265 3962
3265 3272
3266 3274
3266 3267
3267 3277
3269 4615
3269 4625
3269 4619
3270 3275
3270 3348
3271 4915
3271 3273
3272 3961
3273 3341
3274 3278
3275 4142
3276 3562
3278 3347
3279 4915
3280 3962
3288 3525
3289 4159
3289 3290
3289 3933
3290 4159
3291 4395
3291 4394
3292 4394
3293 3296
3293 4860
3293 3295
3294 3910
3295 4860
3297 3299
3297 3301
3298 3299
3299 3502
3301 3445
3303 3452
3303 3455
3305 3306
3307 3308
3308 3309
3310 3311
3311 3312
3314 4723
3314 3848
3314 3315
3315 3316
3315 3333
3316 3334
3316 3333
3317 3321
3317 3325
3318 3324
3318 3319
3319 3323
3319 3326
3319 3322
3319 3324
3320 3325
3320 3327
3322 3323
3323 3905
3324 3326
3327 4885
3328 3331
3328 3332
3329 3330
3330 3331
3330 5155
3331 5154
3334 3847
3334 3849
3335 3760
3336 3878
3337 3339
3338 3339
3338 3340
3338 4000
3341 4160
3342 3350
3342 3576
3343 3354
3343 3344
3345 3765
3345 3347
3346 3351
3348 3591
3349 3352
3350 4264
3351 3766
3353 3591
3356 3705
3357 3358
3357 3359
3358 3359
3360 3361
3361 3362
3362 3365
3362 3363
3363 3364
3364 3367
3366 3370
3366 3369
3367 3369
3368 3369
3371 3372
3373 3375
3373 3374
3374 3374
3375 3749
3375 4137
3376 3377
3378 3389
3379 3380
3379 3389
3379 3384
3380 3383
3380 3389
3381 3383
3381 3391
3382 3383
3382 3388
3382 3387
3384 3385
3384 3386
3385 3388
3385 3386
3386 3387
3387 3388
3390 3391
3392 3795
3392 3393
3392 3934
3393 3798
3394 3395
3394 4365
3396 3400
3396 3402
3397 3402
3398 3402
3398 3401
3398 3399
3399 3400
3399 3401
3406 3598
3407 3408
3409 3411
3409 3413
3409 3410
3410 3413
3410 3412
3411 3413
3412 3753
3415 4711
3415 3476
3415 4709
3416 3477
3416 3651
3416 3419
3416 3418
3417 3650
3417 3653
3417 3479
3418 3480
3418 3658
3419 3651
3419 5069
3420 3659
3420 3759
3420 5185
3421 3888
3421 4329
3421 3650
3422 3759
3422 3657
3423 3427
3423 4182
3424 3425
3424 5053
3424 4572
3425 5052
3426 4872
3426 3428
3426 5114
3427 4562
3427 5057
3427 4559
3428 4566
3428 5055
3428 4565
3429 4551
3429 3430
3429 5059
3430 4873
3431 4604
3432 3599
3434 3981
3434 4288
3434 3436
3435 4250
3435 3572
3436 3711
3437 3572
3437 4288
3438 3990
3439 3440
3439 3441
3442 3711
3443 3444
3443 3492
3443 3483
3444 5150
3444 5151
3445 3446
3447 3990
3449 3450
3450 3451
3452 3454
3456 5150
3456 3458
3457 3460
3458 3459
3458 3535
3459 3533
3460 4924
3461 3500
3461 3499
3461 4945
3462 3463
3463 3469
3463 3464
3464 3465
3465 3467
3465 3470
3466 3497
3466 3471
3466 3475
3468 3469
3468 3733
3468 3495
3470 3498
3471 3472
3471 3733
3473 3735
3474 3475
3475 3475
3476 5070
3476 5068
3478 3654
3478 3659
3478 3757
3479 3658
3479 3657
3481 3482
3481 3758
3483 3531
3484 4256
3484 4271
3485 4687
3486 4162
3486 3504
3486 3662
3486 4175
3487 3488
3487 3490
3488 3490
3488 3489
3489 3491
3489 3492
3490 3491
3491 5233
3493 3494
3494 3497
3494 3495
3495 5193
3496 3497
3498 3735
3499 3501
3503 4250
3504 4162
3505 4162
3505 3506
3505 3616
3507 4645
3507 3719
3508 4645
3508 3509
3510 5091
3510 5090
3510 3511
3511 5089
3511 5092
3512 3514
3513 3515
3514 4395
3515 5032
3516 3517
3516 4763
3518 4177
3518 3519
3519 4763
3520 3521
3521 3522
3523 3524
3525 3526
3525 3564
3525 5035
3526 5036
3526 3527
3527 5034
3529 3759
3530 5144
3532 4146
3533 3535
3535 4152
3536 4152
3536 4148
3536 4147
3537 3600
3537 4868
3538 4515
3538 4929
3540 5272
3541 3849
3544 4470
3545 4662
3545 3553
3546 3554
3546 3552
3547 3557
3547 3555
3548 3549
3550 3551
3551 5191
3552 3559
3554 4473
3555 3556
3556 3557
3557 5189
3558 3561
3559 3560
3560 4997
3562 3971
3562 3970
3563 3973
3563 3972
3565 4725
3565 3566
3567 4681
3567 3568
3567 4677
3568 4682
3568 4685
3569 4686
3569 4677
3570 4686
3570 4683
3571 4679
3571 4685
3571 4678
3572 4287
3574 3575
3575 3576
3578 3579
3579 4430
3581 3890
3581 4431
3582 3891
3582 4432
3583 3586
3583 3587
3583 3592
3584 3585
3584 3587
3584 3592
3587 3588
3589 3590
3591 3592
3593 4705
3594 3597
3594 3596
3594 3672
3596 3933
3597 4406
3597 3598
3600 4929
3600 4870
3601 4870
3601 4949
3602 3603
3604 3605
3605 4910
3605 4952
3606 3607
3607 4133
3607 4134
3608 4383
3608 3644
3608 4653
3611 3613
3611 3612
3612 3613
3612 3614
3617 4532
3618 3622
3619 4537
3619 4583
3619 3622
3619 4534
3620 4536
3620 4539
3621 3622
3623 3745
3623 3747
3623 4975
3624 3748
3624 3634
3624 3746
3625 3748
3625 3631
3625 4974
3625 3632
3626 3749
3629 4880
3631 3747
3631 3749
3633 3744
3634 3958
3635 4178
3635 3636
3635 4249
3635 3724
3637 3783
3637 3785
3637 3781
3638 4792
3638 4823
3639 4916
3639 4009
3640 4230
3642 4899
3643 3644
3644 4863
3645 5231
3647 4974
3647 4976
3648 4330
3648 5066
3648 4707
3649 3652
3650 3657
3651 3653
3652 4452
3652 3656
3652 3654
3653 3658
3654 3888
3655 3656
3656 3757
3659 3660
3659 3992
3660 3661
3662 5254
3662 4381
3663 4408
3665 3666
3666 4880
3666 3746
3668 5192
3668 3670
3669 3670
3671 3672
3673 3674
3674 4376
3675 4406
3676 3678
3677 4376
3677 3678
3679 4407
3680 5026
3683 4725
3684 3685
3685 4453
3686 4453
3687 3895
3687 5021
3688 3690
3688 3689
3689 3692
3691 3692
3692 4089
3693 3694
3694 4072
3694 4088
3695 3696
3695 4197
3697 3698
3699 3700
3699 4896
3700 5157
3701 3702
3703 3704
3706 3707
3708 3709
3709 4397
3710 3711
3712 3951
3714 3716
3714 3715
3715 3718
3715 4877
3715 3921
3718 3920
3718 4878
3719 3720
3719 3726
3720 4645
3720 4644
3720 3727
3721 4644
3722 3964
3722 3723
3722 3725
3723 3726
3723 4205
3724 5084
3724 3964
3725 3730
3725 3726
3727 3729
3727 3730
3728 3729
3728 3963
3728 3731
3729 3731
3730 3963
3732 3991
3733 3991
3734 3735
3735 3736
3737 3738
3739 4617
3740 3741
3740 4617
3740 4616
3740 4622
3741 4141
3741 4621
3743 3745
3743 3744
3746 4975
3747 3748
3750 4925
3751 3752
3753 3756
3753 3754
3754 3755
3756 3793
3757 3758
3762 3763
3766 4160
3767 4550
3767 5058
3767 3768
3768 4606
3768 4556
3769 3770
3769 4606
3770 4605
3771 3936
3771 3794
3771 3935
3771 3772
3772 3935
3772 3795
3773 3854
3773 3774
3774 3775
3774 3808
3775 3776
3775 3837
3776 3808
3776 3837
3777 3835
3777 3842
3777 3778
3778 3779
3778 3843
3779 3808
3780 3906
3780 3808
3780 4999
3781 3853
3781 3852
3782 3784
3782 3852
3782 3853
3783 3852
3783 3784
3785 3853
3788 4939
3788 3803
3789 4433
3790 4429
3791 4428
3792 4435
3794 3934
3795 3796
3796 3800
3796 3797
3797 3799
3797 3798
3798 3799
3799 3800
3799 3801
3800 3801
3802 4309
3803 3804
3804 4937
3805 3923
3805 3806
3806 3807
3806 3922
3807 3921
3809 3810
3810 4867
3811 3812
3811 4847
3811 3815
3812 4848
3813 3814
3813 4733
3813 4841
3814 4842
3814 4843
3816 4445
3817 4444
3818 4445
3819 4441
3820 4443
3821 4442
3822 4439
3823 4438
3824 4440
3825 4437
3826 4436
3827 4437
3828 4446
3828 4720
3830 3831
3831 3840
3831 3836
3831 3832
3832 3836
3832 3833
3833 3834
3833 3844
3834 4037
3835 3841
3835 3840
3835 3842
3835 3843
3836 3844
3837 3838
3838 3839
3839 3841
3839 3843
3840 3841
3841 3843
3844 5156
3845 3846
3845 4999
3847 3849
3847 3855
3848 3855
3848 4922
3850 3851
3851 5067
3858 3859
3859 3860
3861 3867
3862 3874
3862 3863
3863 3874
3863 3865
3865 3871
3867 3868
3868 3869
3872 3873
3876 3877
3878 4188
3878 3879
3879 4189
3879 3880
3882 5211
3882 4183
3883 4264
3883 4275
3883 4266
3883 4276
3884 4275
3884 4253
3885 4268
3885 4526
3886 4268
3886 4277
3886 4262
3887 4668
3888 3992
3888 4330
3889 4837
3889 4447
3889 4427
3892 3893
3892 3894
3893 3894
3894 4901
3897 3898
3900 3901
3904 3932
3904 3919
3904 4775
3904 3930
3905 3923
3905 3922
3907 3908
3911 4954
3912 3913
3914 4858
3915 3916
3916 4934
3916 4879
3917 3918
3918 3919
3919 3931
3920 3921
3920 3922
3924 3925
3925 3926
3927 3929
3927 3928
3930 3931
3930 4663
3931 4662
3935 4916
3936 3937
3936 4009
3937 4192
3937 4009
3938 4967
3939 3940
3940 3941
3940 3943
3941 3956
3941 3942
3942 3957
3943 3944
3943 3946
3944 3945
3944 3948
3945 3946
3945 3950
3946 3947
3947 3951
3948 3949
3948 3951
3948 3952
3949 3950
3952 3953
3952 3954
3955 3956
3956 3957
3960 3961
3963 3964
3966 4216
3966 3982
3966 3983
3967 3968
3974 4287
3974 4290
3975 3976
3977 4757
3979 4565
3980 4904
3982 4214
3982 3983
3985 3986
3987 3988
3991 4191
3993 3997
3993 3996
3993 3994
3994 3995
3995 4007
3996 4007
3996 4932
3998 5116
3998 3999
3999 4000
4001 4005
4001 4002
4002 4006
4003 4006
4003 4004
4004 4005
4007 4931
4008 4192
4008 4010
4009 4010
4011 4085
4013 4059
4013 4065
4013 4062
4013 4068
4015 4016
4015 4964
4016 4966
4016 4017
4018 4199
4018 4021
4019 4024
4019 4198
4019 4021
4020 4021
4020 4025
4020 4024
4021 4023
4022 4024
4022 5184
4023 4025
4024 5184
4027 4029
4028 4030
4030 4034
4030 4031
4031 4032
4033 4034
4034 4036
4035 4036
4037 4040
4038 4040
4039 4040
4041 4045
4042 4073
4042 4045
4042 4043
4044 4046
4045 4047
4046 4073
4046 4047
4048 4053
4049 4050
4049 4051
4049 4053
4050 4051
4050 4062
4051 4052
4051 4058
4053 4054
4054 4057
4054 4056
4055 4056
4056 4058
4058 4064
4059 4060
4059 4069
4061 4062
4062 4067
4063 4064
4063 5080
4063 4071
4064 4070
4066 4067
4067 4068
4068 4069
4069 4070
4070 4071
4072 4095
4074 4914
4075 4076
4078 4080
4078 4079
4078 4081
4078 4082
4079 4080
4080 4517
4081 4082
4083 5120
4084 5120
4085 4110
4086 4087
4088 4090
4088 4089
4089 4090
4091 4092
4092 4094
4093 4094
4097 4100
4097 4098
4099 4102
4100 4101
4100 4102
4102 4103
4103 4104
4105 4106
4107 4111
4108 4110
4108 4111
4109 4110
4111 4112
4112 4895
4114 4115
4115 4118
4115 4117
4116 4918
4116 4118
4116 4121
4117 4822
4118 4121
4118 4919
4119 4120
4119 4919
4119 4822
4120 4823
4120 4918
4122 4123
4123 4826
4123 4827
4124 4827
4124 4828
4124 4826
4125 4126
4126 4943
4126 4129
4127 4130
4127 4943
4128 4129
4129 4792
4130 4792
4131 4894
4131 4132
4132 4133
4132 4134
4135 4136
4138 4139
4141 4154
4141 4155
4144 5146
4144 5143
4144 5144
4145 4146
4145 5069
4146 5083
4147 4150
4148 4149
4150 4151
4151 5006
4154 4620
4154 4619
4161 5090
4164 4166
4164 4165
4167 4168
4167 5091
4169 4171
4169 4170
4170 5087
4171 4174
4172 4173
4173 4176
4173 4174
4175 4176
4177 4178
4178 4194
4178 5084
4179 4590
4179 5060
4183 5212
4184 4957
4184 5132
4184 5135
4185 4589
4185 4548
4186 4187
4186 5099
4187 4602
4187 4570
4187 5051
4188 4928
4189 4928
4190 4506
4190 4789
4193 4757
4193 4315
4193 5085
4194 4195
4195 4196
4196 4761
4198 4199
4199 4203
4201 4204
4201 4251
4203 5040
4205 4247
4206 4242
4207 4241
4208 4211
4208 4209
4208 4239
4209 4231
4209 4210
4210 4211
4210 4233
4211 4232
4213 5044
4213 4216
4213 4217
4214 4217
4215 4216
4218 4220
4219 4220
4221 4312
4223 4226
4224 4292
4224 4308
4225 5138
4225 4292
4225 5137
4226 4227
4228 4283
4228 4282
4229 4230
4230 4291
4232 4233
4232 4234
4233 4246
4234 4235
4234 4238
4235 4236
4235 4237
4240 4245
4241 4242
4241 4247
4242 4246
4243 4245
4243 4246
4243 4247
4244 4245
4248 4249
4250 4282
4252 4272
4253 4261
4254 4255
4255 4256
4256 4261
4257 4259
4258 4259
4264 4267
4265 5211
4265 5210
4266 4267
4267 5210
4268 4269
4270 4271
4271 4272
4272 4618
4273 4274
4274 4275
4278 4279
4279 4284
4280 5159
4282 4286
4283 4284
4283 4285
4285 5138
4286 4287
4288 4290
4289 4290
4293 4294
4296 4297
4297 4301
4298 4299
4298 4309
4299 4665
4301 4305
4302 4305
4303 4311
4303 4304
4303 4307
4304 4306
4304 4307
4305 4306
4306 4310
4306 4311
4307 4312
4308 4309
4309 4310
4313 4644
4314 4758
4315 4763
4316 4317
4317 5217
4318 4323
4319 4320
4320 4321
4320 4328
4321 4322
4321 4325
4324 4328
4324 4325
4325 4326
4327 4328
4329 4330
4331 4333
4332 4336
4332 4333
4333 4469
4333 4334
4334 4466
4334 4336
4334 4338
4335 4340
4336 4467
4337 4338
4338 4339
4339 4468
4339 4340
4340 4484
4341 4341
4341 4469
4342 4959
4351 4352
4354 4355
4356 4357
4358 4359
4360 4361
4363 5267
4365 4366
4367 5254
4367 5271
4367 5250
4369 4754
4370 4371
4372 4374
4373 4374
4375 4479
4379 4380
4380 4381
4382 5045
4383 4654
4383 4384
4386 4780
4386 4779
4387 4390
4387 4592
4388 4389
4388 4592
4388 4391
4389 4392
4390 4593
4391 4392
4391 4593
4393 4394
4394 4395
4397 4398
4399 4400
4400 4401
4400 4402
4403 4404
4410 5256
4410 5255
4411 4929
4411 4874
4414 4415
4416 4807
4416 4808
4420 4422
4421 4424
4422 4424
4423 4424
4425 4426
4425 4427
4426 4435
4426 4837
4427 4434
4428 4431
4428 4430
4429 4432
4429 4431
4430 4434
4432 4433
4434 4435
4436 4437
4436 4448
4437 4438
4438 4439
4439 4440
4440 4443
4441 4443
4441 4442
4442 4444
4444 4445
4446 4448
4446 4717
4447 4832
4447 4722
4448 4718
4449 4690
4450 4451
4451 4722
4453 4454
4455 5221
4455 5235
4456 4457
4458 4458
4458 4459
4460 4462
4461 4462
4462 4463
4466 4468
4466 4469
4468 4484
4469 4483
4471 5030
4473 4474
4475 4476
4478 4479
4479 4480
4481 4483
4481 4482
4484 4956
4484 4485
4486 4489
4486 4499
4486 4500
4487 4489
4488 4489
4490 4491
4490 4504
4490 4492
4490 4493
4491 4505
4491 4506
4492 4506
4492 4501
4493 4503
4493 4505
4494 4498
4494 4499
4494 4500
4494 4495
4495 4496
4495 4497
4495 4501
4496 4501
4496 4499
4500 4503
4502 4503
4507 4649
4507 4647
4507 4508
4508 4510
4508 4651
4509 4649
4509 4648
4512 4513
4512 4715
4514 4869
4514 4515
4520 4521
4520 4522
4521 4523
4522 4523
4524 4531
4525 4526
4526 4618
4527 4535
4527 4530
4527 4581
4527 4528
4528 4529
4528 4536
4529 4533
4529 4530
4530 4580
4531 4532
4531 4580
4531 4631
4532 4534
4532 4581
4534 4582
4535 4582
4535 4536
4537 4540
4537 4584
4538 4541
4538 4584
4538 4539
4539 4542
4540 4543
4540 4585
4541 4585
4541 4542
4542 4544
4543 4586
4543 5209
4544 5206
4545 4587
4545 4548
4545 4552
4546 4587
4546 4549
4546 4547
4547 4550
4548 4588
4549 4588
4549 5058
4549 4550
4551 5062
4553 4556
4553 4595
4554 4557
4554 4555
4554 4595
4555 4558
4556 4596
4557 4558
4557 4596
4557 4606
4559 4597
4560 4561
4560 4597
4560 5056
4560 4605
4561 4564
4562 4598
4563 4564
4563 4598
4563 5056
4565 4599
4566 5113
4567 4600
4567 5054
4567 4570
4567 4568
4568 4871
4568 4571
4569 5112
4570 4571
4570 4601
4571 5099
4572 5107
4573 4574
4573 5107
4573 5053
4574 5093
4575 5109
4576 4577
4576 5127
4578 4612
4579 4580
4579 4612
4580 4581
4581 4582
4582 4583
4583 4584
4584 4585
4585 4586
4586 5208
4587 4588
4588 5031
4589 5031
4590 5059
4591 4592
4591 5199
4592 4593
4594 4595
4594 5062
4595 4596
4596 4606
4597 5057
4597 4605
4598 4599
4598 5057
4599 4881
4599 5055
4600 5113
4600 5055
4600 4601
4601 5112
4601 4602
4602 5111
4602 5052
4603 4604
4603 5052
4607 4608
4607 5203
4609 5204
4610 4611
4611 4612
4612 4613
4614 4624
4615 4620
4616 4618
4617 4618
4619 4620
4619 4623
4620 4621
4621 4622
4623 5168
4623 4624
4624 5171
4625 4626
4627 4629
4628 4630
4631 4633
4632 4633
4633 4634
4635 4636
4637 4640
4638 4639
4639 4640
4639 4641
4642 4949
4642 4643
4644 4645
4646 5082
4647 5082
4650 4651
4651 4653
4652 4653
4653 4654
4655 4656
4656 4657
4656 4658
4661 4988
4661 4783
4661 4782
4663 4767
4666 4667
4670 4670
4671 4673
4672 4673
4673 4675
4674 4675
4678 4684
4680 4686
4681 4682
4683 4684
4688 5153
4688 5183
4688 4876
4689 4691
4689 4690
4691 4694
4692 4693
4692 4721
4692 4745
4693 4694
4696 5216
4696 4697
4698 4700
4698 4699
4698 4701
4699 4700
4703 4704
4705 4706
4707 4712
4707 4710
4707 5066
4708 5118
4708 4715
4708 4897
4709 4896
4709 5158
4710 5065
4710 4713
4710 4715
4711 4713
4711 4712
4712 4713
4713 4714
4714 4715
4714 4897
4717 4851
4717 4733
4718 4839
4718 4733
4719 4851
4719 4850
4719 4720
4721 4732
4722 4737
4723 4734
4724 4725
4726 4727
4726 4730
4728 4729
4729 4730
4731 4867
4731 4734
4731 4853
4732 4745
4733 4853
4733 4745
4734 4788
4735 4736
4735 4739
4736 4737
4736 4739
4737 4738
4738 4830
4738 4742
4740 4836
4740 4741
4741 4835
4741 4742
4743 4744
4746 4748
4747 4748
4749 5199
4750 4968
4750 4751
4751 4966
4752 5067
4752 4930
4755 5086
4755 4759
4756 4757
4757 4758
4758 5085
4759 4760
4760 4761
4764 4765
4765 4766
4768 4769
4769 4771
4770 4771
4771 4773
4772 4773
4773 4777
4774 4775
4775 4777
4776 4777
4778 4779
4780 4781
4782 4991
4782 5002
4783 4784
4783 4786
4784 4988
4785 4786
4786 5022
4787 4788
4787 4789
4790 5040
4791 4823
4792 4943
4793 4794
4793 4804
4793 4795
4794 4806
4795 4796
4795 4797
4798 4799
4799 4802
4799 4801
4800 4801
4801 4803
4803 4805
4803 4804
4807 4808
4809 4958
4809 4810
4809 4813
4810 4815
4810 4812
4811 4812
4811 4815
4811 4828
4812 4813
4813 4814
4816 4818
4816 4817
4819 5023
4819 5025
4820 4962
4820 4960
4821 4822
4823 4918
4824 4965
4824 4961
4825 4827
4825 4964
4829 4947
4831 4837
4832 4836
4832 4838
4833 4838
4834 4838
4836 4839
4839 4840
4841 4851
4841 4842
4841 4846
4842 4845
4842 4843
4843 4844
4843 4854
4844 4849
4844 4845
4844 4855
4845 4848
4845 4846
4846 4850
4846 4847
4847 4848
4847 4850
4848 4849
4849 4855
4853 4854
4854 4855
4858 4946
4863 4864
4865 4866
4867 4875
4868 4869
4871 4881
4871 5193
4871 5105
4872 5129
4872 5131
4873 5063
4874 5067
4874 4875
4877 4878
4879 4936
4879 4933
4881 5054
4886 4892
4887 4892
4887 4891
4888 4891
4889 4890
4890 4891
4890 4892
4893 4962
4893 4959
4894 4895
4896 4897
4899 4900
4902 4903
4904 4906
4905 4906
4907 4908
4907 4909
4910 4954
4912 4913
4912 4927
4913 4928
4917 4919
4918 4919
4920 5118
4921 4957
4923 5185
4923 4924
4923 5152
4925 4926
4926 4927
4931 5117
4931 4932
4934 4937
4935 4938
4935 4939
4935 4936
4936 4939
4936 4937
4940 4941
4948 4949
4949 5066
4950 4952
4951 4952
4955 4956
4958 4959
4961 4963
4961 4962
4965 4968
4966 4971
4967 4968
4967 4972
4969 4971
4969 4970
4969 4976
4970 4976
4970 4973
4971 4972
4973 4974
4973 4976
4977 4978
4978 5004
4979 4980
4980 5003
4980 5002
4981 4983
4981 4987
4981 4986
4982 4986
4982 4983
4982 5004
4983 4984
4984 5003
4984 4985
4988 4996
4989 4992
4990 4995
4990 4994
4990 4991
4991 4992
4992 4993
4998 5000
4998 4999
5000 5001
5003 5004
5005 5011
5005 5006
5006 5257
5007 5262
5007 5008
5008 5009
5009 5010
5010 5011
5013 5014
5018 5019
5024 5025
5028 5029
5031 5058
5032 5033
5033 5034
5034 5036
5035 5036
5037 5038
5038 5039
5039 5040
5041 5042
5042 5043
5043 5044
5045 5259
5045 5046
5046 5258
5047 5048
5048 5049
5049 5050
5050 5214
5051 5052
5053 5126
5054 5055
5056 5057
5059 5062
5059 5060
5060 5061
5061 5062
5063 5064
5065 5066
5068 5069
5069 5070
5072 5079
5073 5195
5073 5074
5073 5079
5074 5076
5075 5078
5075 5076
5077 5078
5081 5082
5088 5089
5088 5092
5089 5091
5090 5091
5090 5092
5093 5094
5095 5100
5095 5099
5095 5098
5096 5100
5096 5102
5097 5098
5098 5100
5098 5102
5100 5101
5103 5105
5104 5105
5107 5108
5109 5127
5109 5115
5109 5110
5110 5126
5111 5112
5112 5113
5114 5115
5115 5128
5119 5123
5121 5122
5124 5125
5124 5148
5125 5145
5125 5149
5126 5127
5127 5128
5128 5129
5129 5131
5130 5133
5130 5131
5131 5132
5132 5135
5133 5135
5133 5134
5136 5137
5136 5138
5138 5139
5139 5140
5141 5143
5141 5142
5142 5149
5142 5146
5144 5145
5145 5146
5147 5158
5147 5148
5148 5149
5150 5151
5152 5185
5154 5155
5157 5158
5159 5232
5159 5160
5160 5161
5161 5163
5161 5232
5162 5232
5162 5164
5162 5163
5163 5165
5164 5166
5164 5165
5165 5169
5166 5167
5166 5169
5167 5168
5167 5170
5168 5171
5169 5170
5170 5171
5172 5174
5172 5173
5174 5175
5176 5181
5176 5177
5178 5179
5179 5181
5180 5181
5182 5183
5186 5187
5188 5189
5190 5191
5194 5195
5196 5202
5196 5197
5196 5201
5198 5202
5199 5200
5200 5201
5203 5204
5204 5205
5206 5207
5207 5208
5208 5209
5210 5212
5211 5212
5213 5214
5215 5216
5218 5223
5218 5229
5219 5223
5219 5221
5219 5237
5220 5237
5220 5238
5220 5222
5221 5236
5222 5236
5222 5235
5223 5238
5224 5225
5225 5230
5225 5227
5226 5227
5227 5229
5228 5229
5234 5235
5235 5236
5236 5237
5237 5238
5240 5243
5240 5268
5240 5269
5240 5270
5241 5249
5241 5246
5242 5247
5242 5244
5243 5244
5243 5245
5244 5265
5245 5267
5246 5268
5246 5247
5247 5248
5250 5253
5251 5252
5252 5269
5253 5254
5253 5269
5253 5270
5257 5258
5258 5259
5260 5266
5261 5266
5261 5263
5261 5264
5263 5264
5265 5266
5266 5267
5273 5274
