0 1
0 120
1 3
1 1712
2 123
2 122
2 6
3 6
3 4
4 121
4 125
5 124
5 131
5 129
6 4117
7 2509
7 45
7 2595
8 45
8 1036
8 2508
9 2508
9 10
9 46
10 98
10 210
11 2600
11 99
11 98
12 5367
12 2042
12 2044
13 42
13 33
13 190
14 36
14 35
14 4165
15 16
15 4126
16 17
17 183
17 188
18 19
18 2055
18 208
19 20
19 209
20 3942
20 209
21 339
21 22
21 1587
22 4765
22 4766
23 24
23 3076
23 4765
24 3076
24 3297
25 341
25 2056
25 3297
26 2056
26 3070
26 4760
27 3083
27 4749
27 29
28 29
28 3087
28 4734
29 3071
30 31
30 191
30 3314
31 32
31 4738
32 555
32 33
33 190
34 37
34 42
35 4166
35 42
36 41
36 37
38 4126
38 39
38 41
39 4124
39 4168
40 4168
40 4125
41 4167
43 101
43 100
43 5254
44 959
44 5254
44 1124
45 3344
46 5363
46 2509
47 90
47 71
47 92
48 49
48 57
48 90
49 58
49 50
50 51
50 67
51 846
51 52
52 53
52 846
53 1709
53 54
54 55
54 78
55 75
55 56
56 57
56 76
57 89
58 59
58 67
59 2956
59 60
60 61
60 70
61 250
61 62
62 64
62 250
63 65
63 64
63 96
64 96
65 1058
65 66
66 67
66 1058
68 4676
68 69
69 3246
70 2956
70 149
71 905
72 3106
73 308
73 150
73 74
74 1661
74 2814
75 1661
75 76
76 77
77 95
77 151
78 1709
78 85
79 2632
79 80
79 1709
80 81
80 2617
81 2606
81 1003
82 87
82 83
82 1003
83 84
83 88
84 685
84 85
85 684
86 1711
86 2640
86 2606
86 2649
87 135
87 88
88 89
89 90
91 92
91 93
93 905
93 94
94 95
94 151
95 1710
96 97
98 5363
99 100
99 2598
100 5255
101 211
101 210
102 2548
102 103
102 110
103 1576
103 110
104 1578
104 3600
104 1577
105 107
105 106
105 1578
106 1579
106 107
107 3425
108 119
108 109
108 1580
109 110
109 119
111 1688
111 112
111 3958
112 3957
112 1679
113 1064
113 558
113 4114
113 5352
114 3014
114 4173
114 5352
115 4587
115 864
115 3376
115 1063
116 2461
116 459
116 2377
116 2470
117 2834
117 1691
117 3163
117 3202
118 194
118 4066
118 193
119 565
120 121
120 123
121 125
122 3476
122 123
124 125
124 131
126 127
126 131
126 1588
127 130
127 128
128 129
128 130
129 4169
130 3670
132 4150
132 3475
132 1089
132 1090
133 1090
134 1091
135 522
135 1712
136 518
136 5393
136 4169
137 138
137 148
137 4473
138 2356
138 139
139 141
139 2695
140 2694
140 152
140 143
140 141
141 142
142 144
142 143
143 149
143 152
144 149
144 145
145 146
145 2680
146 4472
146 147
147 148
147 308
148 2686
149 2680
150 151
150 4472
152 153
153 154
153 1662
154 155
154 1662
155 156
156 157
157 991
157 158
158 159
158 991
159 249
159 160
160 1662
160 249
161 162
161 3753
161 163
162 163
162 1719
163 2824
164 165
164 171
165 3441
165 166
166 5189
166 3441
167 392
167 168
167 2032
167 5189
168 169
168 392
169 170
169 5579
170 171
170 2027
171 172
172 811
173 5633
173 214
173 1129
174 2431
174 843
174 819
175 176
175 177
175 3311
176 178
176 5190
176 4725
177 179
177 178
178 4721
178 4123
179 578
179 180
180 181
180 578
181 182
181 184
182 187
182 183
182 578
183 184
183 4723
184 185
185 201
185 186
186 3311
186 201
187 189
188 190
188 189
191 3315
191 192
192 4739
192 192
193 194
193 2586
194 195
195 583
195 196
196 197
196 583
197 2587
197 2856
198 2586
198 2870
198 2587
199 2657
199 2603
199 2610
199 2137
200 4713
200 3080
200 3079
201 4724
202 3087
202 1139
202 3083
203 1007
203 3305
203 3300
203 845
204 3317
204 1659
204 3316
205 4732
205 1660
205 1659
206 1006
206 1659
206 1660
207 1006
207 3316
207 1007
208 3943
208 215
209 3943
210 5633
211 5606
211 5284
212 1128
212 213
213 214
213 1133
214 2585
215 837
215 838
216 217
216 5355
216 4524
217 2598
217 4524
218 1787
218 930
218 925
219 223
219 956
219 222
220 226
220 221
220 1810
221 222
221 1801
222 223
223 224
224 225
224 2766
225 3340
225 1810
226 4458
226 228
226 1809
227 3340
227 1809
227 4600
228 1801
228 4677
229 1805
229 1575
229 235
230 267
230 231
230 1575
231 232
231 267
232 4384
232 233
233 234
233 4385
234 4390
234 235
235 4387
236 4151
236 4150
237 5387
237 382
237 3027
237 5388
238 1909
238 797
238 5385
239 5469
239 240
239 5470
240 5141
240 5142
241 3099
241 5469
241 242
242 3099
242 2190
242 4378
243 1437
243 3098
243 3743
244 4574
244 3281
244 4577
244 3280
245 3119
245 247
245 2201
246 2201
246 248
246 3113
247 2200
247 3118
248 3112
248 2355
249 250
251 4462
251 4461
251 719
251 3283
251 3988
252 390
252 5197
252 4462
253 5132
253 5133
253 5130
253 5131
254 4387
254 4391
254 4392
255 5136
255 1148
255 1673
255 5127
256 2194
256 5181
256 1403
257 4105
257 1398
257 5180
258 5229
258 4200
258 5228
259 3710
259 3712
260 1698
260 5343
260 462
261 2696
261 1729
261 312
262 3636
262 4363
262 4361
263 3366
263 3370
263 4477
264 4420
264 265
264 3370
264 4471
265 4424
265 4423
266 1732
266 4494
267 268
268 1767
268 396
268 394
269 2266
269 4543
269 1620
270 2792
270 2475
270 2471
270 2469
270 4466
271 2463
271 2729
271 4463
271 2367
271 2474
272 538
272 273
272 673
273 674
273 707
274 700
274 5235
274 5390
275 3795
275 3334
275 5235
276 3268
276 3795
276 280
277 5532
277 3272
277 281
278 5533
279 4464
279 2367
279 460
279 2476
280 3268
280 3270
281 3272
281 3267
282 3267
282 3269
282 5534
283 284
283 626
283 3955
284 4286
284 626
285 1351
285 286
285 4266
286 1351
286 295
287 293
287 288
287 4285
288 4127
288 289
289 290
289 295
290 295
290 291
291 292
291 3045
292 3050
292 294
293 296
293 294
294 296
296 1347
297 4245
297 298
297 303
298 303
298 299
299 300
299 3482
300 3482
300 302
301 302
301 304
301 4244
302 304
303 4527
304 3481
305 1321
305 1319
305 872
306 865
306 1376
306 4467
306 457
307 2146
307 477
307 476
308 2693
308 4472
309 312
309 2967
309 3096
310 1224
310 1226
310 1227
311 2967
311 2966
311 1230
312 1396
313 1211
313 5396
313 5394
314 481
314 1210
314 480
315 676
315 3999
315 4001
316 4684
316 1370
316 662
317 1370
317 1369
317 666
318 1369
318 319
318 320
319 323
319 320
320 1368
321 324
321 322
321 2833
322 2837
322 324
323 664
323 2833
324 4008
325 2839
325 3174
325 2393
325 2841
325 3170
325 3173
326 2393
326 3184
326 5547
326 3174
327 2423
327 363
327 1666
328 330
328 1664
328 1663
329 1666
329 1168
329 1665
330 1664
330 3426
331 3235
331 5076
331 3237
332 1843
332 333
332 5081
333 1630
333 2340
333 2346
334 2351
334 1607
334 2350
335 2344
335 1789
335 1775
336 1595
336 1775
336 3854
337 822
337 2391
337 458
337 3225
338 3102
338 3228
339 340
339 4769
340 3942
340 4758
341 3657
341 3656
342 4764
342 4775
342 4772
343 4770
343 4768
343 4767
344 4770
344 353
344 345
345 3304
345 353
346 3304
346 347
346 348
347 350
347 348
348 349
349 2540
349 350
350 2545
351 352
351 5502
352 353
354 355
354 361
355 356
355 3460
356 1084
357 1583
357 1084
358 1583
358 1085
358 3466
359 1085
359 2559
359 1535
360 3361
360 2981
360 3092
362 363
362 3975
362 3427
362 2425
363 5182
364 2824
364 365
364 4518
365 730
365 366
366 720
366 5199
367 385
367 1719
367 807
368 369
368 1718
368 2827
369 732
369 5201
370 733
370 732
370 377
371 733
371 372
371 747
372 729
372 732
373 1912
373 724
373 749
373 3259
374 754
374 753
374 375
375 376
375 768
376 761
376 755
377 5200
377 755
378 1573
378 1702
378 734
379 1703
379 1705
379 4113
380 3027
380 381
381 382
382 5387
382 715
383 716
383 796
383 718
383 4393
384 5498
384 3028
384 784
385 5195
386 5135
386 5134
386 387
387 388
387 5126
388 5128
388 5129
388 391
389 2026
389 390
389 5135
390 5215
390 5216
390 5197
391 5127
391 5133
392 711
393 4392
393 1672
393 4390
394 395
394 1757
395 399
395 1757
396 4344
396 427
397 398
397 4343
397 3793
398 1753
398 401
399 1759
399 1758
400 1759
400 986
400 401
401 440
401 443
402 5212
402 3251
402 5219
402 1766
403 1764
403 1811
403 5219
403 1740
404 4487
404 5470
404 4490
405 4471
405 4414
405 4486
405 4488
406 4498
406 4494
406 4493
407 4470
407 4423
407 4420
408 4416
408 4419
408 1917
408 1738
409 4683
409 1741
409 1744
409 576
410 3541
410 1918
410 4412
411 4361
411 412
411 2049
412 1979
412 1987
413 4402
413 581
413 4398
413 4395
413 4397
414 2047
414 4395
414 1986
415 1977
415 416
415 574
416 4049
416 574
417 3255
417 2053
417 417
417 4045
418 777
418 424
418 5529
418 1741
419 777
419 778
419 422
419 420
420 774
420 421
421 771
421 649
421 422
422 423
423 771
423 5529
424 792
424 1742
424 775
425 1117
425 426
425 428
425 984
426 1670
426 1752
426 1116
427 4343
427 1767
427 1752
428 985
428 952
428 1670
429 433
429 430
429 434
430 434
430 877
431 877
431 432
431 437
432 437
432 2171
433 2173
433 483
434 435
435 4479
435 4478
436 2134
436 495
436 2978
437 2172
438 5213
438 5138
438 568
439 444
439 440
439 491
439 903
440 4413
441 1523
441 442
441 444
442 1755
442 4382
442 2164
443 4381
443 1754
444 489
444 4112
445 1696
445 446
445 4312
446 4313
446 447
447 639
447 1681
448 449
448 1681
448 1689
449 450
449 3204
449 3162
450 3203
450 3162
450 3157
451 1356
451 3156
451 3157
451 3199
452 453
452 1353
452 3148
453 4304
453 4292
454 5259
454 4292
454 5599
455 2994
455 4315
455 4313
456 4109
456 4108
456 3282
457 2147
457 4467
458 3224
458 2376
458 3229
459 2462
459 3574
459 2468
460 2467
460 2471
460 4465
461 2469
461 2477
461 3217
462 5171
462 2950
463 1285
463 1286
463 4231
463 5208
463 5170
463 5169
464 897
464 1269
464 468
465 466
465 4233
465 468
466 988
466 467
467 468
467 5185
469 1236
469 471
469 474
470 482
470 472
470 473
471 473
471 474
472 475
472 473
474 2261
475 2261
475 1235
476 477
476 481
477 478
478 479
478 482
479 480
479 482
480 481
483 890
483 486
484 1521
484 485
484 890
485 486
485 1516
486 975
487 2045
487 1517
487 2048
488 2700
488 2920
488 1517
488 1519
489 2048
489 491
489 2046
490 4053
490 901
490 902
490 5196
491 902
492 493
492 4335
492 5427
493 2179
493 2812
493 494
494 2180
494 2515
495 870
495 2136
495 2515
496 883
496 876
496 5443
496 5442
497 880
497 499
497 2327
498 2396
498 4365
498 1121
499 2811
499 921
499 3437
500 2758
500 2765
500 4482
500 3436
501 2787
501 2781
501 2765
502 506
502 4248
502 515
503 4273
503 4275
503 3559
504 4273
504 4272
504 4274
505 1053
505 1055
505 4254
506 1051
506 509
506 4254
507 3547
507 3544
507 4274
508 509
508 3554
508 1051
509 3566
509 4262
510 4258
510 4261
510 3571
511 512
511 4247
511 3565
512 4570
512 513
513 3552
513 3550
514 4247
514 3558
514 4243
514 3551
515 4244
515 4245
515 4246
516 810
516 517
516 2927
517 3497
517 518
518 519
519 1712
519 520
520 521
520 556
521 556
521 522
522 523
523 5393
523 524
524 810
524 998
525 2631
525 998
525 2637
526 530
526 527
526 2631
527 2637
527 531
528 531
528 529
528 2616
529 2651
529 530
530 2602
531 2607
532 2609
532 533
532 2651
533 2616
533 2638
533 4561
534 2607
534 2612
534 1067
534 5641
535 2625
535 2645
535 5409
536 2926
536 999
536 2608
537 5008
537 5009
537 2283
538 2732
538 2248
539 2726
539 2329
539 2335
540 2333
540 5006
540 5005
541 3417
541 2283
541 5002
542 2422
542 2322
542 3257
543 4914
543 546
543 548
544 547
544 545
544 4913
545 2550
545 547
546 548
546 2550
547 2080
548 3257
549 2303
549 552
549 551
550 553
550 4878
551 552
551 553
552 2499
553 554
554 4876
554 2503
555 3320
555 4733
555 3319
556 1059
557 558
557 1065
559 2993
559 5604
559 5546
559 3214
560 5545
560 3188
560 5546
561 5543
561 3177
561 3182
561 3186
562 3166
562 3205
562 3167
562 3146
563 1686
563 3164
563 564
563 3205
564 3202
564 1684
564 3159
565 2547
565 4066
566 3183
566 3175
566 3176
566 5549
567 842
567 3196
567 2440
568 4681
568 650
568 570
569 4683
569 570
569 4681
570 4054
571 4051
571 958
571 4052
572 573
572 1574
572 958
573 958
573 1574
574 4051
575 1745
575 1574
575 4402
576 1742
576 1745
576 4418
577 4405
577 4414
577 4412
577 1916
578 3071
578 4721
579 3080
579 3085
579 3069
580 5461
580 3069
580 1009
581 1975
581 4395
581 4402
582 4406
582 1922
582 3541
583 584
584 2856
584 585
585 586
585 5340
586 606
586 2861
586 587
587 5337
587 588
588 2855
588 589
588 601
589 590
589 4009
589 2861
590 595
590 2855
591 597
591 3687
591 5341
592 593
592 596
592 4011
592 3687
593 2860
593 594
594 595
594 3676
595 3676
597 2861
597 2589
598 3694
598 3690
598 3682
599 2052
599 3694
599 5336
600 3701
600 3703
600 5338
601 602
601 5336
602 603
603 3689
604 5337
605 5338
606 3701
606 607
607 5340
607 5339
608 3690
608 609
608 611
609 3700
609 610
610 3702
610 611
611 4511
612 5334
612 3700
612 613
613 3696
613 3695
614 3695
614 3693
614 3696
615 5334
616 617
616 3702
616 1584
617 619
617 618
619 5335
619 620
620 2858
620 5335
621 2035
621 5580
621 2027
621 5579
622 625
622 5240
622 713
622 5238
623 624
623 3024
623 5223
623 5240
624 3276
624 816
625 5239
625 5241
626 4512
627 2125
627 628
627 631
628 629
628 4330
629 630
629 4331
630 2835
630 631
631 2588
632 3192
632 3190
632 2389
632 633
632 3147
633 2880
633 3192
633 2898
634 635
634 2756
634 4107
635 636
635 637
636 637
636 3779
637 638
639 640
639 2907
640 641
640 2523
641 644
641 3768
642 2524
642 3771
642 3774
643 2524
644 645
644 647
645 3773
645 3775
646 647
646 3775
646 3776
647 2404
648 5700
648 5699
648 5220
648 1743
649 5450
649 5701
650 4680
650 4679
651 3213
651 5604
651 5603
652 2993
652 653
653 654
655 4159
655 4163
655 2851
656 657
656 678
656 4550
657 679
657 658
658 659
658 5389
659 671
659 675
660 707
660 675
660 5390
661 2248
661 2883
661 2729
662 4159
662 672
663 2876
663 2883
663 5536
663 2874
664 2897
664 2833
665 5537
665 668
665 669
666 667
666 5538
667 668
667 670
668 669
669 673
670 674
670 671
671 672
672 4684
673 674
674 675
676 2128
676 4551
677 678
677 2127
677 5535
677 679
678 4551
679 680
680 682
680 681
681 5534
681 5535
682 682
683 684
683 688
683 2603
684 685
685 686
686 687
686 1710
687 688
687 690
688 2137
689 2547
689 3958
689 4512
690 1710
690 5393
691 910
691 911
691 2331
692 693
692 3403
692 911
692 2316
693 694
693 696
695 696
696 698
697 699
698 703
698 699
698 702
699 704
700 2316
700 701
701 3798
701 3796
705 4997
705 4999
705 706
706 2721
706 2750
707 2721
708 2028
708 709
708 5580
709 710
709 2033
709 3947
711 2032
711 3947
712 5581
712 5583
712 2114
713 5584
713 5581
714 715
714 1722
714 717
715 716
716 717
717 718
718 804
718 3028
719 3283
719 3990
719 721
720 3993
720 4518
721 2029
721 2026
722 3261
722 3259
722 805
723 5197
723 805
723 806
724 806
724 1743
724 3431
725 3988
725 727
725 3993
726 3431
726 3433
726 5700
726 5216
727 3029
727 3258
727 3260
728 1913
728 1912
728 731
729 4572
729 731
730 5199
730 2827
731 3258
733 754
734 5201
734 1571
735 744
735 737
735 1743
736 740
736 751
736 738
737 1565
737 748
738 741
738 745
739 743
739 766
739 742
740 743
740 753
741 1565
741 750
742 746
742 773
742 1568
743 768
744 748
744 3749
745 746
745 774
746 778
747 1913
747 752
748 749
749 750
750 751
751 752
752 753
753 754
754 755
755 757
756 758
756 761
756 1572
757 5200
757 758
758 1573
759 5195
759 807
759 1704
760 804
760 764
760 3751
761 764
761 769
762 1572
762 3751
762 765
763 1568
763 770
763 766
764 802
765 3368
765 1702
766 769
766 768
767 5450
767 5699
767 774
769 800
770 800
770 1566
771 5704
772 780
772 790
772 791
773 776
773 778
773 791
774 1743
775 779
775 808
775 776
776 808
777 808
779 780
779 791
780 781
780 782
781 788
781 5504
782 792
782 5504
783 784
783 3367
783 785
783 796
784 1707
785 1739
785 787
786 1731
786 5206
786 4491
787 795
787 1726
787 4497
788 790
788 1570
789 3748
789 803
789 5498
790 1564
792 4421
792 1738
793 5386
793 799
793 1715
794 1726
794 1715
794 795
795 796
797 3027
797 798
798 5386
798 799
799 4393
800 801
801 802
801 1569
802 803
803 804
805 806
807 1703
809 1722
810 998
812 816
812 813
812 1944
813 1149
813 814
814 5367
814 815
815 5368
815 2042
815 1924
816 3067
817 819
817 818
817 5190
818 2540
818 819
820 826
820 3225
820 3244
821 5073
821 825
821 3224
822 2387
822 3229
822 3234
823 824
823 3229
823 3231
824 3221
824 3237
824 2397
825 5074
825 3220
825 3235
826 3226
826 2368
826 3236
827 2668
827 828
827 4060
828 1082
829 2666
829 1082
830 2670
831 2670
831 3501
831 832
832 2669
832 3503
833 3451
833 2458
833 2669
834 2432
834 3429
834 3430
835 3285
835 5207
835 2437
836 3573
836 5207
836 837
837 838
838 1143
839 840
840 2673
841 1681
841 1683
841 3165
841 3206
842 1675
842 3195
842 3151
843 844
843 2431
844 3948
844 3500
845 3501
845 3312
845 3299
846 2748
847 5097
847 2943
847 5098
848 849
848 853
848 5097
849 5096
849 850
850 856
850 5095
851 5093
851 5091
851 4176
852 5095
852 5089
852 5096
853 5098
853 857
854 3961
854 5464
854 3960
855 858
855 856
855 5101
856 5102
857 858
857 5099
858 5100
859 5119
859 3658
859 5122
860 5120
860 3659
860 5124
861 862
861 3659
861 2576
862 5111
862 5114
863 2579
863 2996
863 864
864 2580
865 866
865 2149
866 4467
866 2147
867 3972
867 4780
867 2179
868 2527
868 965
868 869
869 2529
869 2513
869 4109
870 871
870 2522
871 2977
871 2134
871 873
872 3481
872 4243
873 3282
873 2135
874 2135
874 924
874 2758
875 4108
875 4107
875 2513
876 1795
876 1782
877 2174
878 879
878 893
878 3790
878 2798
879 920
879 895
880 889
880 4057
880 2808
881 1687
881 882
881 1676
882 3266
882 1798
883 3088
883 2182
884 885
884 2168
884 5467
885 886
885 888
886 894
886 887
887 1680
887 889
888 1680
888 4529
889 896
890 891
891 4478
891 892
891 2702
892 983
892 893
892 2175
893 894
894 896
895 2808
895 896
895 916
897 899
897 898
898 1272
898 964
899 5421
899 964
900 901
900 5196
900 1507
901 5196
902 903
902 3130
903 987
904 5179
904 2953
904 2958
906 907
906 4148
907 3296
907 3322
908 5451
908 909
908 4015
909 913
909 910
910 5233
911 2315
912 2315
912 2314
912 2313
913 914
913 2313
914 915
915 2318
916 5425
916 2806
917 918
917 2130
917 5423
918 919
918 3791
919 923
919 3788
920 2805
920 2806
922 2131
922 3785
922 2130
922 2133
923 924
923 1121
923 2132
924 2131
925 2189
925 2108
926 3871
927 1793
927 3134
927 1796
927 3265
928 929
928 1771
928 1783
929 3138
929 3853
930 4154
930 1777
931 3275
931 1770
931 3854
931 1787
932 1106
932 5368
932 1939
933 2572
933 2016
933 1992
934 2568
934 935
934 2563
935 2001
935 2568
936 939
936 937
936 2001
937 938
937 939
938 2572
938 2563
939 1991
940 2020
940 1937
940 941
940 2594
941 2742
941 942
942 943
942 3489
942 1098
943 944
943 950
944 945
944 950
945 946
945 2009
946 1016
946 947
947 948
947 1016
948 1015
948 949
949 950
949 1015
951 3037
951 4677
951 5266
952 5465
952 3037
953 3985
953 1804
953 3133
953 5328
953 1791
954 955
954 3985
954 956
955 3141
955 2177
956 2177
957 1757
957 4383
957 1762
959 5253
959 2374
960 5285
960 5253
961 4515
961 2597
961 3103
962 1157
962 5257
962 4513
963 3527
963 4481
963 2410
963 3524
964 990
964 1092
965 1358
965 2115
966 4614
966 1506
966 1502
967 1503
967 968
967 970
968 1288
968 969
969 1295
969 970
970 4615
970 1509
971 1292
971 1511
971 1305
972 1283
972 2914
972 1305
973 974
973 2921
973 2914
974 2712
974 2914
975 1311
975 2919
976 979
976 5274
976 5166
977 978
977 4430
977 5166
978 4355
978 2264
979 1979
979 5165
980 1519
980 1520
980 2701
980 1521
981 982
981 2702
981 1522
981 2701
982 2164
982 983
983 5468
984 985
984 1118
984 1692
985 4341
986 987
986 1766
987 5138
988 4231
988 1039
989 1227
989 1255
989 1232
989 4229
991 1145
991 3390
992 3442
992 1123
992 3396
993 3584
993 5514
993 5507
994 5521
994 995
994 3585
995 996
996 5517
996 5043
997 3611
997 3607
997 5043
999 1000
999 3009
1000 1377
1000 2117
1001 4584
1001 4587
1001 4590
1002 4190
1002 4192
1002 4186
1002 2632
1002 4189
1003 2640
1004 5123
1004 3375
1004 3658
1004 3659
1004 5119
1005 2580
1005 2576
1005 2582
1006 3316
1006 1007
1008 3916
1009 3946
1010 1011
1010 1150
1011 1012
1011 1096
1012 3336
1012 1097
1013 1014
1013 3336
1013 3339
1014 2591
1014 3906
1015 1098
1016 1017
1017 3491
1017 3490
1017 1963
1018 2569
1018 1969
1018 1962
1019 1020
1019 2017
1019 2569
1020 3904
1020 1971
1021 1022
1021 2571
1021 1029
1022 1023
1022 1029
1023 1990
1023 1024
1024 1025
1024 2000
1025 2567
1025 1026
1026 1027
1026 2567
1027 2564
1027 1028
1028 1029
1028 2564
1030 2564
1030 5634
1030 3533
1031 2504
1031 1036
1031 2506
1032 2507
1032 1033
1032 2505
1033 1034
1033 2507
1034 1103
1034 1035
1035 2506
1035 1103
1036 2508
1037 4442
1037 1728
1037 1729
1038 1039
1038 5185
1038 1254
1039 2960
1040 3637
1040 1041
1040 2682
1041 1442
1041 3635
1042 4401
1042 3365
1042 4403
1043 3036
1044 1044
1044 1046
1045 4205
1045 4202
1045 4206
1045 4204
1046 2202
1046 5158
1047 3709
1047 1048
1047 2202
1048 1049
1049 3640
1050 1404
1050 3280
1050 5181
1051 3570
1051 3561
1052 3548
1052 1055
1052 1053
1053 4263
1054 4293
1054 4275
1054 4287
1055 4252
1056 3032
1056 4510
1057 1058
1057 2931
1057 3016
1059 1060
1059 3453
1059 1065
1060 1064
1060 2674
1060 1061
1061 1062
1061 1066
1062 2940
1062 2933
1063 3014
1063 2944
1064 2678
1064 1065
1066 1067
1066 1068
1067 2611
1068 1714
1068 3498
1069 5639
1069 1070
1069 1714
1070 3009
1070 2140
1071 1235
1071 1378
1071 1240
1072 1073
1072 1378
1072 1377
1073 2258
1073 3759
1074 2772
1074 2258
1074 1075
1075 1239
1075 3735
1076 1077
1076 2771
1076 3762
1076 1301
1077 2707
1077 5419
1078 2770
1078 1247
1078 1298
1079 1274
1079 3770
1079 2969
1079 4781
1079 1277
1080 2116
1080 1278
1080 2909
1081 1949
1081 2924
1081 2116
1083 2671
1083 3463
1084 3467
1086 2559
1086 3449
1086 1087
1087 1561
1088 3357
1088 3457
1088 1561
1089 1090
1089 3476
1089 4151
1091 3453
1092 5420
1092 1273
1092 1306
1093 1281
1093 1276
1093 2716
1094 1095
1094 3339
1095 1096
1098 2591
1098 3491
1099 2590
1099 1102
1099 2015
1099 2020
1100 3900
1100 3898
1100 1101
1101 2006
1101 1102
1102 2593
1103 1104
1104 3894
1104 1105
1105 3345
1105 2014
1106 2596
1106 3444
1107 5237
1107 1108
1107 1930
1109 4690
1109 3944
1109 1146
1110 5188
1110 1750
1110 2030
1111 2032
1111 1148
1111 5188
1112 1113
1112 1116
1112 1753
1113 1755
1113 1756
1114 1115
1114 2168
1114 1755
1115 1117
1115 1116
1117 1118
1118 1119
1118 2168
1119 2166
1119 2271
1120 4338
1120 1802
1120 4341
1121 3436
1122 3386
1122 1123
1122 5509
1123 3442
1124 2374
1124 1125
1124 3234
1125 2510
1125 3233
1125 1856
1126 2066
1126 5297
1126 1557
1127 2161
1127 5284
1127 5287
1128 2057
1129 1130
1129 2431
1130 1131
1130 1132
1131 5623
1131 1132
1132 1133
1133 2585
1134 1142
1134 5612
1134 1143
1135 2155
1135 1144
1135 3573
1136 5629
1136 4516
1136 5207
1137 4517
1137 5630
1137 2155
1137 5628
1138 2161
1138 4522
1138 4520
1139 1140
1139 1141
1140 3077
1140 3305
1141 4736
1141 4735
1142 5612
1142 5613
1142 5607
1143 5263
1144 5624
1144 5623
1145 2208
1145 1539
1146 3945
1146 3944
1147 3753
1148 1750
1149 5187
1150 3335
1150 1923
1151 3916
1151 3915
1152 3911
1152 3915
1153 3339
1153 3439
1154 3521
1154 3602
1154 3519
1154 2399
1155 2410
1155 5482
1155 1162
1156 5482
1156 1173
1156 1157
1157 5475
1158 1177
1158 1178
1158 5477
1159 4923
1159 4924
1159 1161
1160 2411
1160 1162
1160 5488
1161 2083
1161 2411
1162 2410
1163 4922
1163 1181
1163 2736
1164 1167
1164 2584
1164 2068
1165 3484
1165 3487
1165 3917
1166 1167
1167 3356
1168 2060
1168 1665
1169 2098
1169 2068
1169 2072
1170 3288
1170 2459
1171 3484
1171 2420
1171 3290
1172 2409
1172 3648
1172 2413
1173 1174
1173 2741
1174 1175
1174 5484
1175 5482
1175 5480
1176 1177
1176 2741
1176 5594
1176 5476
1177 5475
1179 1180
1179 5597
1179 2584
1179 2407
1180 2435
1180 1181
1181 3919
1182 1189
1182 3926
1182 1195
1183 1184
1183 2428
1183 2433
1184 5597
1184 1185
1185 2428
1185 1187
1186 2432
1186 1187
1186 2434
1187 1188
1189 1190
1189 3921
1189 1192
1190 1191
1190 3920
1191 3537
1192 3920
1193 1194
1194 3487
1194 1200
1195 1195
1196 1207
1196 1208
1196 1197
1196 1199
1197 1209
1197 1205
1197 1198
1199 1199
1200 3289
1200 3286
1201 1202
1201 3292
1201 2454
1203 3287
1203 1204
1203 1205
1204 1206
1204 2445
1205 1206
1206 3937
1210 1248
1210 5395
1211 1214
1211 5176
1212 2273
1212 2948
1212 4224
1213 1221
1213 5394
1213 1214
1214 1215
1215 1231
1215 5174
1216 1228
1216 1230
1216 2966
1217 1219
1217 1224
1217 1255
1218 1221
1218 1219
1218 1253
1219 1220
1221 1222
1223 1253
1224 1225
1225 1226
1225 1228
1226 1227
1226 1229
1228 1229
1229 1230
1232 1233
1232 2967
1233 5170
1233 1234
1235 2261
1236 1238
1236 3734
1237 1238
1237 1251
1237 1259
1238 1241
1239 1240
1239 2259
1241 1241
1242 1350
1242 1301
1242 1243
1243 3638
1243 2771
1244 1299
1245 1247
1245 2707
1245 1246
1246 4776
1246 1298
1247 1257
1248 1254
1248 1253
1249 1256
1249 1250
1249 1251
1251 1252
1252 1262
1252 1263
1254 3737
1254 1255
1256 1269
1256 1268
1257 1258
1257 1266
1258 1259
1258 2708
1259 1260
1261 1268
1264 4333
1264 3998
1264 3063
1265 4333
1265 1270
1265 1267
1266 1267
1266 3998
1267 3770
1268 3063
1269 1270
1270 1272
1271 1272
1272 1279
1273 1310
1273 2698
1274 1275
1274 2969
1275 1950
1275 2770
1276 1280
1276 1279
1277 2716
1277 3995
1278 1304
1278 2715
1279 1280
1280 1281
1281 2710
1281 2698
1282 2703
1282 4104
1282 1284
1282 2917
1283 2703
1283 2697
1285 1728
1285 1286
1286 5268
1286 5208
1286 5267
1287 1306
1287 1289
1287 1288
1287 1504
1288 2123
1288 2124
1289 1310
1289 1294
1289 2922
1290 2922
1290 1293
1291 1292
1291 1295
1291 1293
1291 1512
1292 1293
1293 1294
1294 1295
1294 2124
1295 1508
1296 1297
1296 1323
1296 4776
1297 1325
1297 1327
1298 1325
1299 1300
1299 1323
1300 1301
1300 1320
1300 5418
1302 2917
1302 2921
1302 1304
1303 5428
1303 1304
1303 4780
1305 2714
1306 1310
1307 1505
1307 1308
1307 5421
1308 1309
1308 1501
1310 2699
1311 2800
1311 2700
1312 3692
1312 2118
1312 3698
1313 1314
1313 1319
1313 1318
1314 2117
1314 5495
1314 1316
1315 1317
1315 1322
1315 1316
1316 1350
1317 3758
1317 1318
1318 1319
1320 1350
1320 1324
1323 1324
1323 1327
1324 2968
1325 1326
1327 2769
1328 3761
1329 1332
1330 4318
1330 1332
1330 1334
1331 1332
1331 3761
1331 2768
1333 1334
1334 2970
1335 1336
1336 1341
1336 3684
1337 1341
1338 1344
1339 1348
1339 1346
1339 3057
1340 1342
1340 3482
1340 2118
1341 1342
1342 3061
1343 1344
1343 1346
1343 1347
1344 1345
1346 1348
1347 4527
1348 1349
1351 3062
1352 2601
1352 2675
1352 2119
1353 5369
1353 2441
1354 1354
1354 1355
1355 4306
1355 5369
1356 2441
1356 3148
1357 2102
1357 1359
1357 2530
1358 2970
1358 2104
1359 2513
1359 2102
1360 4278
1360 2601
1360 4135
1361 4280
1361 1362
1361 4278
1363 2831
1363 1688
1363 2859
1364 1370
1365 2050
1365 1366
1365 1367
1366 4094
1366 1367
1367 2836
1368 2837
1368 4007
1369 2126
1371 2957
1371 5176
1371 1388
1371 5171
1371 5172
1372 5174
1372 5173
1372 4228
1373 2966
1373 5173
1373 1374
1374 1375
1374 1396
1376 2146
1376 1378
1377 3638
1377 3718
1378 2146
1379 1382
1379 1380
1379 1435
1380 5559
1380 5497
1381 1383
1381 1382
1381 3736
1382 2193
1383 1385
1383 1386
1384 5497
1384 1386
1384 1385
1385 5497
1386 4238
1387 5563
1387 5345
1387 1391
1387 4238
1388 5344
1388 5343
1389 1395
1390 1393
1391 1395
1391 2688
1392 1395
1393 1395
1393 1394
1396 5345
1396 5344
1397 2366
1397 1400
1397 3713
1398 1415
1398 1410
1399 4209
1399 4207
1399 4213
1400 3714
1400 1415
1401 1408
1401 1409
1401 4221
1402 1407
1402 1405
1402 1403
1403 1404
1403 2195
1404 1428
1404 2807
1405 1428
1405 3731
1406 1407
1406 1429
1406 3731
1406 1423
1407 1420
1408 2195
1408 1414
1409 1416
1409 4220
1409 3725
1410 1426
1410 1698
1411 1413
1411 1419
1411 1424
1412 1415
1412 3716
1412 3715
1412 3722
1413 2196
1413 3722
1414 1419
1414 3725
1416 4216
1416 3716
1417 1422
1417 1420
1417 1423
1418 1425
1419 2192
1420 2192
1421 1423
1421 1699
1421 1697
1422 2192
1422 1699
1423 1435
1425 1426
1425 1699
1426 1427
1427 1434
1427 1697
1428 1430
1429 2193
1429 1430
1429 1435
1430 2193
1431 1434
1431 1435
1431 1697
1431 1432
1432 1433
1432 5559
1433 5574
1433 5560
1433 5553
1434 5553
1434 5572
1436 5516
1436 5061
1436 1438
1437 1438
1437 3628
1438 5058
1439 3630
1439 2682
1439 3628
1440 1443
1440 1441
1440 1444
1442 3634
1442 2264
1443 1444
1443 4376
1444 3637
1445 1448
1445 1446
1445 1447
1446 1454
1446 1449
1447 1463
1447 1466
1448 1464
1448 1454
1449 1450
1449 1453
1450 1453
1450 1455
1451 1454
1451 1453
1451 1462
1452 1453
1452 1485
1452 1462
1452 5463
1454 1465
1455 1458
1455 1457
1455 1456
1455 1460
1456 2190
1456 1457
1457 1459
1458 1488
1458 5462
1459 1460
1459 4484
1460 5471
1460 1484
1461 1470
1461 1462
1461 1465
1463 1472
1463 1467
1463 1482
1464 1466
1464 1465
1466 1467
1467 1473
1468 1480
1468 1470
1468 1469
1469 1479
1469 1478
1470 1471
1471 1480
1471 1473
1472 1475
1472 1482
1472 1473
1474 1498
1474 1475
1474 1476
1475 1498
1475 1481
1476 1479
1476 1478
1477 1478
1477 1491
1477 1489
1479 1480
1481 1498
1481 1483
1482 1483
1483 1914
1484 1485
1484 1496
1484 1486
1485 1487
1485 1488
1486 1487
1486 1493
1487 1489
1488 5471
1489 1490
1490 1491
1490 1495
1491 1492
1491 1499
1492 1495
1492 1494
1493 1494
1493 1495
1494 1496
1496 4484
1497 1498
1497 3371
1497 1499
1498 1499
1500 4673
1500 4657
1500 2197
1502 1505
1502 2123
1503 4614
1503 2123
1504 2123
1504 1505
1506 1509
1506 1507
1507 4432
1508 1510
1508 1512
1509 1510
1510 4347
1510 2045
1511 1513
1511 1512
1512 1513
1513 2920
1514 1520
1514 1516
1514 2700
1515 1520
1515 1521
1515 1516
1517 1518
1518 2046
1518 1519
1519 1524
1522 1524
1522 1523
1523 1524
1524 2701
1525 1532
1525 2665
1525 1528
1526 1535
1526 1527
1526 1529
1527 1534
1527 3469
1528 2670
1528 1537
1529 1530
1529 1537
1529 2666
1530 1531
1530 2668
1530 3473
1531 1581
1531 1535
1532 3471
1532 1536
1533 1536
1533 3449
1533 1556
1534 3471
1534 1537
1536 2560
1538 1539
1538 3394
1538 2207
1539 3395
1540 2426
1540 1545
1540 1555
1541 1546
1541 1620
1541 1780
1542 3329
1542 1557
1542 3415
1543 4792
1543 4805
1543 2719
1544 1562
1544 4170
1544 5183
1545 1563
1545 1555
1546 1656
1546 1648
1547 3093
1548 2503
1548 4813
1548 5191
1548 2499
1549 2087
1549 2981
1549 3329
1550 2072
1550 2417
1550 1558
1551 1560
1551 1558
1551 1562
1552 3257
1552 5164
1552 5162
1553 1642
1553 2381
1553 2406
1554 4973
1554 4972
1554 4805
1555 1560
1556 2981
1556 3362
1557 3412
1557 3413
1558 1562
1559 3322
1559 5204
1559 4014
1560 2074
1561 3358
1563 2082
1563 2418
1564 1566
1564 1568
1565 1567
1566 1569
1569 1570
1570 3748
1571 1702
1571 1718
1572 1573
1575 4383
1576 1577
1576 1586
1577 1586
1578 3600
1579 1580
1579 4511
1580 4511
1581 2667
1581 1583
1582 2667
1584 5333
1584 3702
1585 5276
1586 5277
1587 4757
1587 4755
1588 4169
1589 2186
1590 4688
1591 3874
1592 1604
1592 3884
1592 2369
1593 1605
1594 1603
1595 1602
1595 2342
1596 3877
1597 3863
1597 1611
1597 3867
1597 1605
1598 1610
1598 5083
1598 5203
1599 3884
1599 3877
1599 3883
1599 1600
1600 3875
1600 3966
1601 2340
1601 3845
1601 2345
1601 2352
1603 1604
1603 3878
1604 3885
1605 1610
1606 1607
1607 2344
1608 3868
1609 1610
1609 3866
1609 3868
1611 1611
1612 1625
1612 3802
1612 2268
1613 1632
1613 1642
1613 1624
1613 2989
1614 1643
1614 2221
1614 1626
1615 3808
1615 1656
1615 1620
1616 2481
1616 2228
1616 2485
1617 1624
1617 1635
1617 1622
1618 3840
1619 3826
1619 1629
1619 1648
1621 1643
1621 5087
1621 1641
1622 2991
1622 2982
1622 1643
1623 2218
1624 2990
1626 1640
1626 2058
1627 1646
1627 3217
1627 5068
1628 2227
1628 2221
1628 2400
1628 2238
1629 3830
1629 1790
1630 1644
1630 1657
1631 2215
1631 1645
1631 2237
1632 1790
1632 1781
1632 2990
1633 1652
1634 1654
1636 1648
1637 2213
1637 3435
1637 2058
1638 2337
1638 2349
1638 3840
1639 3808
1639 3809
1639 1652
1640 2232
1640 2212
1641 2341
1641 1657
1642 2388
1642 2991
1644 1658
1644 5084
1645 2984
1645 2465
1646 2373
1646 5067
1646 3216
1647 2491
1647 3239
1647 5064
1648 1799
1649 1653
1650 1652
1651 2378
1651 1910
1651 2209
1653 2235
1653 2218
1653 2211
1654 2226
1654 2232
1655 2209
1655 3813
1655 2214
1656 2238
1657 5085
1657 5087
1658 2222
1658 3845
1660 3313
1661 2747
1663 2416
1663 2423
1664 1665
1666 5182
1667 2801
1667 1668
1667 5525
1668 3618
1668 4222
1669 5511
1669 3587
1669 5512
1670 1751
1671 1673
1671 3947
1671 1672
1672 1673
1674 1794
1674 1676
1674 2182
1675 1694
1675 3150
1675 3193
1676 4059
1677 1679
1677 1682
1677 1685
1678 1687
1678 4319
1678 1800
1679 3149
1680 2170
1682 1690
1682 1695
1683 3165
1683 3208
1683 3166
1684 3155
1684 1686
1684 3196
1685 1694
1685 3194
1686 3199
1686 3161
1687 1692
1687 2272
1688 1695
1689 5372
1689 1696
1690 3152
1690 3197
1691 3163
1691 1693
1691 3200
1692 2271
1692 4338
1693 3160
1693 3198
1693 3152
1694 3149
1694 3154
1695 3153
1696 4308
1698 1701
1700 3643
1700 3107
1700 3106
1700 3642
1701 5180
1701 2950
1703 1704
1704 1705
1705 1722
1706 5498
1707 4428
1707 1739
1708 4425
1708 5206
1708 4428
1708 4424
1711 3494
1711 4595
1713 2612
1713 4560
1713 2925
1714 5636
1715 5385
1716 4501
1716 4497
1716 1731
1716 4493
1717 4437
1718 1721
1719 1721
1720 1721
1723 4064
1724 5000
1725 4094
1726 3025
1727 4503
1727 4506
1727 4504
1728 1730
1728 3096
1729 4440
1729 3096
1730 4442
1730 4431
1731 4495
1731 1736
1732 4492
1732 1737
1733 4490
1733 1734
1733 1735
1734 1737
1734 4488
1734 1735
1736 4489
1736 5206
1736 4544
1737 4544
1737 4489
1738 4422
1738 4421
1738 1917
1739 4491
1740 5218
1740 5220
1740 1811
1741 4682
1741 1742
1742 4421
1744 1921
1744 1745
1746 4694
1746 2820
1746 4691
1747 4691
1747 4709
1748 2821
1748 2029
1748 4692
1748 3983
1749 4690
1749 4698
1749 4700
1750 5590
1751 1752
1751 1767
1752 4339
1753 4339
1753 1756
1754 1756
1754 4382
1759 1760
1760 1764
1760 1766
1761 3432
1761 4459
1761 1765
1762 1808
1762 1764
1763 4391
1763 1765
1763 5132
1765 1808
1768 1782
1768 1780
1768 1797
1769 2343
1769 1789
1769 1772
1770 1779
1770 1776
1773 1784
1774 1799
1774 1790
1774 1778
1775 1779
1776 1786
1776 1797
1777 1784
1777 3138
1779 1786
1780 1782
1780 3436
1781 1785
1781 2231
1783 1788
1783 3134
1784 1787
1786 1789
1790 1797
1791 1796
1791 5328
1792 1799
1794 5426
1794 2327
1795 3088
1795 4365
1796 4321
1798 4321
1798 4319
1800 5328
1800 3131
1801 1803
1802 1804
1802 3131
1804 2270
1805 4383
1805 1808
1805 4386
1806 1807
1806 4458
1806 1809
1807 4385
1807 4458
1808 1811
1809 1810
1811 5217
1812 1906
1812 1865
1812 1889
1813 1848
1813 1836
1813 1888
1814 1878
1814 1834
1814 1824
1815 1869
1815 1892
1815 1898
1816 3861
1816 1855
1816 1843
1817 1875
1817 1848
1817 1888
1817 1900
1818 1899
1818 1826
1818 1878
1819 1884
1819 2776
1819 1907
1820 1879
1820 1887
1820 1877
1821 1840
1821 1852
1821 1886
1821 1850
1822 1862
1822 1834
1822 1880
1823 1879
1823 1883
1823 1849
1824 1847
1824 1851
1825 1904
1825 1895
1825 1871
1826 1846
1826 1827
1827 1878
1827 1870
1828 3861
1829 1904
1829 1889
1829 1895
1829 1906
1830 1879
1830 1866
1830 1887
1831 1889
1831 1901
1831 1895
1831 5635
1832 1848
1832 1882
1832 1893
1833 1890
1834 1874
1834 1899
1835 1873
1835 1860
1835 1838
1836 1882
1836 1902
1836 1881
1837 1871
1837 1903
1837 3862
1838 1905
1838 1846
1839 1842
1839 1841
1839 1873
1839 1864
1840 1866
1840 1875
1840 1845
1841 1869
1841 1858
1841 1892
1842 1880
1842 1905
1842 1862
1843 5076
1844 1854
1844 1862
1844 1872
1844 1874
1845 1854
1845 1872
1845 1887
1846 1905
1846 1880
1847 1863
1847 1878
1847 1868
1849 1908
1849 1877
1850 1897
1850 1852
1851 1891
1851 1859
1852 1876
1853 1868
1853 1863
1853 1865
1854 1885
1854 1864
1855 3230
1855 3870
1856 2776
1856 5255
1857 1883
1857 1876
1857 1867
1858 1873
1858 1860
1859 1871
1859 1902
1859 1904
1860 1892
1861 1903
1861 3022
1861 3857
1861 3964
1862 1864
1863 1870
1864 1869
1865 1901
1866 1896
1867 1908
1867 1897
1868 1891
1868 1906
1869 1885
1870 1894
1872 1888
1872 1875
1873 1905
1874 1888
1874 1902
1875 1886
1876 1896
1877 1898
1880 1899
1881 1882
1881 1902
1883 1896
1885 1898
1885 1887
1886 1900
1886 1890
1889 1901
1890 1893
1891 1904
1893 1900
1894 1894
1897 1908
1903 3862
1907 2777
1907 3230
1909 5141
1909 2239
1910 2992
1910 2221
1910 2058
1911 1913
1912 5503
1914 3366
1914 3365
1914 3542
1915 4469
1916 4412
1916 4525
1917 4418
1917 4415
1918 4411
1918 1920
1918 1922
1919 1920
1919 4526
1919 4411
1920 4408
1922 4404
1923 5186
1923 5187
1924 1943
1924 3893
1924 1927
1925 1929
1925 1948
1926 1934
1926 1932
1926 1936
1927 1946
1927 3347
1928 1935
1929 1939
1930 1945
1930 3252
1930 5239
1931 3039
1931 3440
1931 3277
1932 1940
1932 3447
1933 1947
1933 1939
1933 1943
1934 1936
1934 1940
1935 1941
1935 3348
1936 1937
1936 1938
1937 1941
1938 1941
1938 1940
1942 1946
1942 3348
1942 5186
1943 1947
1944 3890
1944 3038
1945 3343
1945 3277
1946 3896
1947 1948
1948 3347
1949 4104
1949 2924
1951 1970
1951 1960
1951 1959
1952 2573
1952 3978
1952 1971
1953 2575
1953 2024
1953 2004
1954 3909
1954 1972
1954 1957
1955 1958
1955 1972
1955 2021
1955 3912
1956 1965
1956 1960
1956 1959
1957 1967
1957 3350
1958 1993
1958 2010
1959 1966
1959 1961
1960 1994
1961 2575
1961 1964
1962 2003
1962 2569
1963 2025
1963 1969
1964 1966
1964 1967
1966 1970
1967 3349
1968 1989
1968 1969
1968 3978
1969 1999
1970 3948
1971 3905
1972 1998
1973 4045
1974 4051
1975 1977
1975 1976
1976 1986
1976 1982
1977 1982
1978 3739
1978 1981
1978 2120
1979 1980
1979 5165
1979 5275
1980 1984
1980 1983
1981 3253
1981 1988
1982 2962
1983 1985
1983 1984
1984 5221
1985 2964
1985 2121
1986 5221
1987 2047
1987 5221
1988 2120
1988 2964
1989 1995
1989 2019
1990 1996
1990 2008
1991 2594
1991 2016
1992 2014
1992 2002
1993 2025
1994 2017
1994 3980
1995 2019
1995 2570
1996 2570
1996 2008
1997 2014
1998 2007
1998 2010
1999 2007
2000 2015
2000 2008
2001 2592
2003 2007
2003 3782
2004 2566
2004 3782
2005 3903
2005 2009
2005 2022
2006 3536
2006 2507
2007 3908
2008 2012
2009 2019
2010 2018
2011 2017
2012 2570
2012 2022
2013 3908
2013 2566
2013 2023
2015 3900
2016 3446
2017 2574
2020 2592
2020 3903
2022 3901
2023 3349
2023 2024
2024 2575
2026 2031
2027 3256
2028 2034
2028 2033
2028 2036
2029 3990
2030 5590
2030 4697
2031 5136
2031 5590
2033 5582
2034 2035
2034 2036
2035 5236
2035 3256
2036 3880
2037 2561
2037 2038
2037 2040
2038 2039
2038 2040
2039 2565
2039 2562
2040 2041
2041 2561
2041 2583
2042 2043
2043 5368
2043 2044
2044 3068
2045 4360
2046 2048
2047 2049
2049 3746
2051 3069
2052 3701
2052 3699
2053 2054
2053 2961
2055 4123
2055 4722
2056 3072
2057 5608
2057 5609
2059 4975
2059 5001
2059 2059
2059 2096
2060 2098
2060 2415
2061 2100
2061 2088
2061 3577
2062 3416
2062 3330
2062 3328
2063 3413
2063 5184
2064 2097
2065 2092
2065 2095
2065 2083
2066 5299
2066 3332
2066 5311
2067 2093
2067 2097
2067 2081
2068 3426
2069 4945
2069 2078
2069 2377
2069 3240
2070 3975
2070 3089
2071 2326
2071 5234
2071 2324
2072 2419
2073 3219
2073 5042
2073 3847
2073 3850
2074 2773
2074 2306
2075 2095
2076 3844
2076 2094
2076 2084
2077 2099
2077 2321
2077 2326
2078 2094
2078 2484
2079 4961
2079 2558
2080 3273
2080 2557
2082 2421
2082 5164
2083 3294
2084 3844
2084 3848
2085 2553
2085 2488
2085 4816
2086 2095
2088 2097
2088 2322
2089 3412
2089 3324
2089 3326
2090 5596
2090 2429
2090 5496
2091 3089
2091 2665
2091 3451
2094 3844
2096 2277
2096 5001
2097 3332
2098 2424
2099 2317
2099 2100
2100 2319
2101 3169
2101 3168
2101 4311
2101 4309
2102 2994
2103 2104
2103 2530
2103 2106
2104 2105
2106 3765
2106 4309
2106 4306
2107 5698
2107 2109
2107 4480
2108 3871
2108 2110
2109 2113
2109 2112
2110 2113
2110 2112
2111 2112
2113 5698
2114 5587
2114 5582
2115 2180
2115 2179
2116 2917
2116 2909
2117 3757
2118 3481
2120 2121
2121 3742
2122 3742
2125 2848
2125 4075
2125 4082
2126 5210
2126 2848
2127 2128
2127 5531
2129 2804
2129 4111
2129 4110
2130 4110
2130 2132
2131 2132
2133 2134
2133 2977
2135 2974
2136 2172
2136 2797
2137 2603
2137 2656
2138 2633
2138 2604
2138 2656
2139 2145
2139 2653
2139 2140
2140 2141
2141 2142
2141 3005
2142 2634
2142 2143
2143 3707
2143 2152
2144 2145
2144 2633
2144 2643
2145 2661
2147 3007
2147 3718
2148 3007
2148 3001
2148 3000
2149 2803
2149 2150
2150 2151
2150 2997
2152 2803
2152 2153
2153 3003
2153 2154
2155 4516
2155 5631
2156 2158
2156 5616
2156 5611
2157 2159
2157 5615
2157 5605
2158 2160
2158 5617
2159 4519
2159 4520
2159 5614
2160 5625
2160 5610
2161 4521
2162 2163
2162 5262
2162 5615
2163 5614
2163 5616
2164 2167
2165 4059
2165 2170
2165 4057
2166 4529
2166 2170
2169 4529
2170 2272
2171 2176
2171 3278
2172 2975
2172 3278
2173 2176
2173 4337
2174 2798
2174 2175
2175 4479
2176 4337
2177 4154
2178 2182
2180 2536
2181 3788
2183 3858
2183 2184
2183 5589
2184 2188
2184 3873
2185 3859
2186 5589
2186 2187
2188 3881
2188 3888
2189 3859
2189 3856
2190 4377
2190 3969
2191 5432
2194 4221
2194 2195
2197 4655
2197 3121
2198 3115
2198 3116
2198 3118
2198 2200
2199 5158
2199 2366
2199 3066
2200 2355
2201 3117
2202 5159
2203 2206
2203 3066
2203 3065
2204 2205
2204 3127
2204 3110
2205 3110
2205 3115
2206 4105
2206 3065
2207 3392
2207 2208
2208 3396
2209 2223
2210 2246
2210 2244
2210 2250
2213 2219
2213 2217
2214 3809
2214 2236
2215 2222
2215 5086
2216 4945
2216 4946
2216 2228
2217 2234
2217 2237
2218 2227
2219 2237
2219 3435
2220 2238
2222 5085
2224 3813
2224 2251
2224 2256
2225 4946
2225 2486
2225 4937
2226 5088
2226 2230
2227 2235
2228 3341
2229 2235
2232 2233
2240 3370
2240 2241
2240 4420
2241 3372
2241 3373
2242 2254
2242 2252
2242 2732
2243 2251
2244 5064
2244 2373
2244 5066
2245 4859
2245 4840
2245 2282
2246 2717
2246 2281
2247 2254
2247 2278
2247 2280
2248 2255
2249 4858
2249 2281
2249 4857
2250 2281
2250 2253
2251 3434
2252 2255
2252 2257
2254 2276
2254 2257
2255 2282
2256 2268
2256 2792
2257 2282
2258 2260
2262 2772
2263 4361
2264 4363
2265 3802
2266 2267
2266 2787
2268 2780
2269 4543
2269 3801
2269 3802
2270 4678
2270 4341
2271 2272
2273 2948
2273 4224
2273 5396
2274 2948
2274 2951
2274 3729
2275 5007
2275 2278
2275 3973
2276 2724
2276 2732
2277 5005
2277 5006
2278 2724
2279 5010
2279 2334
2279 5008
2280 4868
2280 2735
2281 2717
2283 5002
2284 2292
2284 2310
2284 2300
2285 2290
2286 2304
2286 2312
2286 2291
2287 2306
2287 2301
2287 2736
2288 2311
2288 4925
2288 2296
2289 4915
2289 4916
2289 2307
2290 2292
2290 3351
2291 2294
2291 2302
2292 2305
2293 2305
2294 2300
2294 2303
2295 5023
2295 3228
2295 3238
2296 2298
2296 3523
2297 2308
2298 3528
2298 3529
2299 2304
2300 2302
2301 3529
2301 4922
2302 2304
2302 2308
2303 2497
2305 2308
2306 2307
2307 4916
2309 3274
2309 4913
2309 4914
2310 4878
2310 4882
2311 5039
2311 4929
2312 4925
2312 4930
2313 2320
2314 2314
2315 2325
2316 2323
2317 5234
2319 2319
2320 2320
2321 2321
2322 3827
2322 2558
2323 3401
2323 3402
2324 5233
2324 2326
2325 2325
2327 2328
2329 3805
2329 2727
2330 5233
2331 2335
2331 2727
2332 2725
2332 2727
2332 2721
2332 3405
2333 5000
2333 5003
2334 3418
2334 4864
2335 2336
2337 2341
2337 2350
2338 2346
2338 5081
2338 5083
2339 2339
2339 2352
2340 2353
2341 2351
2342 2354
2342 5203
2343 2406
2343 2350
2344 2348
2346 2351
2347 2381
2347 2349
2352 2985
2355 3116
2356 2357
2356 2690
2356 2695
2357 2695
2357 3120
2358 2802
2358 2365
2358 4574
2359 2360
2359 5514
2359 3118
2359 5515
2359 3281
2360 5181
2360 3280
2360 3119
2361 2363
2361 2687
2361 2365
2362 2687
2362 2807
2362 2802
2364 2366
2365 2687
2367 4463
2367 2379
2368 5016
2368 5041
2368 5029
2369 5256
2369 2776
2370 2990
2370 2400
2370 2382
2371 5361
2371 2595
2372 3776
2373 5071
2373 3215
2374 2384
2374 3100
2375 2462
2375 2402
2375 2465
2376 3220
2376 3237
2376 3221
2376 3235
2377 2383
2377 2403
2378 2405
2378 2386
2379 2476
2379 2474
2380 2466
2380 2479
2380 4463
2381 2406
2383 2461
2383 3242
2384 2387
2384 3234
2385 3217
2385 2469
2385 2402
2386 5072
2386 2992
2387 2391
2387 5032
2389 2898
2389 2390
2390 3191
2390 2993
2391 3236
2391 3226
2391 5031
2392 2400
2393 3212
2394 2600
2394 5430
2395 4466
2395 2477
2395 2469
2396 3437
2396 5426
2397 3231
2397 2777
2397 3230
2398 2777
2398 3233
2398 2510
2399 3509
2399 3143
2401 2465
2401 3575
2401 5074
2402 5068
2402 5069
2403 2470
2403 5071
2405 3654
2405 3653
2407 3925
2408 2411
2408 2412
2409 3923
2409 5596
2410 3504
2412 5483
2413 3293
2413 5487
2414 2421
2414 5163
2414 5164
2415 5182
2415 2424
2416 2425
2416 3426
2416 2420
2417 2419
2417 3647
2417 5183
2418 2426
2418 2421
2419 2424
2419 3354
2420 2425
2422 5162
2422 5163
2423 2425
2426 4170
2427 2430
2427 3933
2427 2434
2428 2438
2429 2433
2429 2438
2430 3285
2430 4545
2430 5593
2432 2436
2433 3929
2434 2437
2435 3924
2435 2739
2437 3429
2438 3932
2439 5417
2439 5408
2439 5410
2440 3151
2440 2442
2441 3148
2442 3148
2442 2676
2443 2455
2444 2451
2445 2448
2445 2454
2446 2459
2447 2457
2447 2453
2447 2455
2448 3934
2448 3936
2449 2451
2450 2458
2450 2453
2450 2452
2451 3291
2452 2453
2452 4546
2454 3428
2455 3977
2456 2458
2460 3851
2461 2468
2461 3218
2462 2470
2462 5068
2462 3574
2463 3211
2463 2479
2464 3214
2464 2467
2464 2475
2465 3574
2466 2478
2466 2477
2466 4464
2467 2476
2467 2473
2468 3575
2468 3284
2470 5067
2471 2473
2471 4466
2472 2476
2472 2474
2472 3210
2473 2475
2474 2788
2475 2799
2477 4465
2478 3216
2478 2479
2479 3211
2480 2492
2480 4934
2480 4936
2481 4944
2481 2485
2482 2487
2482 2484
2483 2492
2484 2490
2485 4939
2487 2490
2488 4877
2488 2557
2489 3837
2489 2497
2489 2492
2490 3837
2491 3822
2491 5063
2493 4838
2493 3821
2493 2501
2494 4975
2494 2498
2495 2832
2495 4806
2495 4792
2496 2502
2497 4815
2498 4974
2499 2503
2500 5192
2500 4813
2500 4816
2502 4808
2502 4812
2504 2505
2504 2506
2505 5354
2509 5361
2510 2776
2511 2527
2512 2531
2512 2512
2514 2905
2514 2880
2514 2520
2515 2536
2516 2533
2516 2871
2516 2520
2516 2526
2517 2531
2517 2526
2518 2537
2518 2533
2518 2519
2519 2538
2519 2525
2520 2535
2521 2878
2521 2531
2521 2889
2522 2528
2522 2529
2523 2533
2523 2537
2524 2537
2525 2535
2525 2538
2527 2536
2529 2532
2530 2994
2534 2898
2534 2535
2534 2886
2538 3438
2539 2540
2539 2544
2541 2543
2541 2544
2542 2545
2542 3500
2543 2545
2546 2547
2548 2549
2548 4512
2550 2551
2551 2556
2551 3836
2552 2555
2552 2554
2552 4785
2553 2555
2553 4791
2553 5193
2554 4818
2554 4808
2555 4788
2557 4961
2557 2723
2559 2560
2560 3449
2561 3948
2563 2572
2566 3782
2567 3898
2568 2593
2571 3904
2571 2573
2573 3905
2576 2580
2577 2582
2578 4585
2578 2581
2578 5093
2578 2930
2579 2581
2582 3375
2584 2736
2585 5634
2586 2587
2588 2845
2588 4095
2589 4010
2590 3901
2590 3903
2591 3491
2592 2593
2592 2594
2595 4480
2596 5224
2596 3344
2597 2599
2597 5286
2598 5256
2598 2600
2599 2599
2600 4524
2601 3705
2602 2650
2602 2660
2602 5407
2604 2626
2604 2663
2605 2650
2606 2640
2606 2649
2607 2611
2607 2644
2609 2645
2609 2620
2610 2746
2610 2628
2611 2624
2611 2621
2612 2644
2613 3707
2613 2657
2613 2652
2614 2628
2615 2663
2616 2651
2616 2618
2617 2632
2617 2649
2617 4190
2618 2638
2618 2644
2618 2642
2619 2633
2619 2653
2620 2651
2620 2650
2620 2645
2621 2639
2621 2637
2622 2641
2622 2746
2622 2749
2623 2631
2623 2658
2623 2660
2624 2636
2624 2659
2624 2630
2625 4561
2625 5408
2627 2639
2627 2646
2628 2656
2629 2641
2629 2632
2629 2931
2631 2637
2634 2655
2634 2662
2635 2645
2638 2925
2639 2646
2641 2745
2647 2655
2648 2657
2650 2654
2655 2663
2660 5143
2664 3473
2664 2673
2665 3468
2666 2668
2667 3467
2668 2673
2669 2672
2671 3462
2672 3452
2672 4568
2676 2677
2676 5260
2677 2677
2679 4430
2679 4444
2679 2683
2680 2691
2680 2956
2681 2692
2682 4443
2683 4431
2683 4441
2684 4446
2684 4448
2684 4443
2685 4542
2685 2694
2685 3488
2686 2689
2686 4474
2686 4473
2688 2692
2688 4447
2688 4448
2689 2693
2689 4509
2690 4473
2690 5249
2691 4196
2691 4472
2692 2696
2693 2813
2694 2695
2696 4440
2697 2704
2697 2698
2701 2702
2703 2705
2705 2710
2705 4104
2706 2709
2707 2713
2709 2711
2709 2714
2710 2715
2712 2800
2712 2714
2715 2716
2717 2734
2718 4895
2718 4907
2718 4908
2719 4954
2719 2722
2720 2724
2722 4782
2722 4905
2722 4906
2723 4965
2723 3423
2723 4964
2726 3812
2726 2728
2728 4887
2728 4957
2728 4958
2728 4886
2729 4858
2730 4906
2731 4863
2731 3418
2731 4973
2733 4826
2733 4824
2733 4864
2734 4800
2734 4795
2735 4823
2735 4840
2735 4839
2737 2739
2738 2740
2739 2740
2740 3923
2741 3649
2742 2742
2743 5343
2743 5578
2743 5570
2744 2959
2744 4204
2744 3708
2745 2748
2745 5265
2746 2749
2747 2814
2747 5228
2747 2749
2748 5264
2751 2759
2751 2752
2752 2757
2752 2764
2753 4482
2753 2754
2753 2755
2754 2755
2754 2763
2755 2761
2756 2895
2756 2757
2757 2760
2758 4482
2759 2764
2760 2762
2760 2763
2760 2764
2761 2763
2761 2765
2766 3855
2766 2767
2768 2968
2768 2769
2769 3971
2769 2770
2771 2772
2773 2775
2773 2774
2777 3232
2778 2790
2779 2786
2782 2794
2783 2787
2784 2795
2784 2786
2784 3799
2784 3800
2785 2789
2785 3209
2785 2788
2785 3212
2786 2792
2788 3210
2788 2796
2789 2796
2790 2793
2790 2795
2791 2794
2794 2795
2797 2979
2797 4158
2798 4158
2799 2993
2799 3214
2800 5427
2801 3616
2801 3622
2802 2807
2803 3734
2804 2805
2804 4158
2805 3789
2806 5423
2808 2811
2809 2812
2810 4359
2810 4358
2810 4360
2810 4348
2811 5425
2812 5428
2813 2814
2813 3107
2814 5229
2815 4694
2815 2828
2815 4706
2816 2824
2817 3983
2818 2827
2819 2822
2819 4692
2819 4686
2820 4700
2820 4702
2821 2826
2821 4703
2822 4695
2822 4709
2823 4686
2823 4696
2823 4707
2823 4705
2825 4694
2825 4696
2825 4705
2826 4698
2826 4702
2828 4707
2828 4696
2828 4706
2829 2830
2829 4082
2829 4073
2829 4075
2830 4079
2830 4080
2831 4067
2831 3145
2831 2868
2832 3342
2832 3949
2834 5539
2834 3170
2835 4094
2835 4331
2836 4061
2836 3651
2837 4007
2838 4090
2838 2845
2838 4093
2839 4008
2839 2844
2840 2840
2840 3651
2842 4064
2842 4061
2842 4007
2843 4080
2843 4090
2843 4596
2845 4596
2846 2852
2846 4120
2846 4121
2847 2869
2847 4119
2848 2853
2849 4000
2849 4005
2850 4327
2850 4598
2850 2868
2851 4004
2851 4003
2852 4006
2852 4002
2853 4328
2853 4327
2854 4120
2855 3682
2856 2861
2856 5341
2857 2867
2857 2864
2857 2862
2859 2865
2859 2863
2860 2860
2863 2865
2863 2868
2865 2867
2866 2866
2866 2867
2869 2870
2871 5383
2871 2873
2872 2906
2872 2898
2872 2904
2873 2899
2873 2890
2875 2880
2876 2897
2876 2896
2877 2886
2878 2901
2878 2891
2879 2890
2881 2883
2881 2885
2881 2903
2882 2889
2884 2888
2884 2904
2884 2895
2886 2895
2887 3192
2889 2907
2890 2905
2891 2894
2891 5383
2892 2907
2893 2897
2893 2893
2900 2904
2902 2905
2908 2916
2908 2915
2908 2919
2909 2924
2910 2915
2911 2922
2912 2920
2913 2919
2915 2923
2917 2921
2918 2923
2921 5427
2923 4335
2925 4560
2926 5416
2926 5639
2927 5405
2927 3594
2928 4588
2928 3663
2928 4595
2929 4187
2929 2932
2929 4186
2931 4636
2931 4196
2932 2946
2932 4183
2933 2938
2933 2937
2934 3663
2935 4629
2935 4636
2935 4633
2936 5261
2936 5437
2936 5103
2937 2944
2937 4175
2939 2941
2941 4193
2941 3399
2942 2943
2943 5091
2944 4174
2945 5261
2947 3729
2948 5178
2949 4199
2949 4197
2949 2954
2951 5179
2951 2953
2952 4194
2952 4195
2953 5171
2954 4196
2954 4631
2955 5177
2956 4196
2957 5177
2957 2958
2958 5178
2959 2959
2960 4229
2961 2962
2961 3986
2962 3986
2963 2965
2964 3986
2965 4233
2965 3739
2969 4779
2970 2971
2972 3780
2973 2979
2976 2978
2977 3780
2978 2979
2980 3362
2983 2984
2983 3843
2983 3842
2984 2988
2985 2988
2986 2991
2987 2992
2995 5111
2995 5101
2995 5102
2996 5099
2996 5100
2998 3003
2998 3005
2998 3002
2999 3005
3001 3004
3001 3005
3003 3007
3006 3007
3008 3009
3010 3011
3011 3015
3012 3376
3012 3015
3013 3014
3015 4173
3016 3020
3016 3032
3017 3021
3017 4528
3017 3018
3018 3020
3019 4528
3019 3020
3019 5392
3022 3023
3022 3275
3026 3028
3029 5198
3029 5199
3030 3033
3031 3035
3031 3398
3032 3035
3033 3035
3033 3661
3033 3662
3034 3661
3036 4552
3038 3040
3038 3440
3039 3889
3041 3056
3041 3685
3041 3683
3042 4241
3042 3054
3042 4242
3043 3055
3043 3053
3043 3049
3044 3058
3044 3688
3044 3045
3045 5601
3046 3053
3046 3055
3046 3051
3047 3054
3048 3054
3048 3051
3048 4241
3049 4241
3049 3052
3050 5600
3050 3055
3051 3052
3052 3053
3055 3057
3056 3058
3056 3060
3057 4242
3058 3683
3059 3684
3059 3679
3059 3480
3061 3061
3062 3062
3063 4332
3063 4334
3064 4332
3065 3712
3066 5156
3067 3068
3067 5367
3068 5224
3070 4749
3070 3084
3071 3073
3071 3306
3072 4751
3072 3084
3073 4741
3073 4745
3074 4753
3074 3083
3074 3084
3075 4720
3075 4727
3075 4716
3076 4767
3077 4750
3077 4753
3078 3081
3079 4715
3079 5502
3080 4714
3081 5331
3081 5332
3082 4710
3082 4717
3082 4726
3084 4711
3085 5329
3085 5330
3086 4749
3086 4743
3086 4744
3087 4734
3089 3478
3090 3092
3090 3091
3090 3361
3092 3427
3093 3457
3093 3456
3094 3330
3095 3416
3097 3628
3098 4369
3098 4379
3099 4379
3099 4380
3100 3105
3100 3103
3101 3102
3101 5032
3101 5033
3101 5034
3102 5031
3103 3521
3104 5033
3104 3105
3105 3521
3106 3642
3107 5248
3108 3110
3109 3641
3109 4476
3109 3640
3109 3650
3111 3112
3111 3116
3111 5245
3112 3113
3112 5246
3113 3114
3113 4449
3114 3117
3114 4476
3115 3116
3117 4457
3117 3119
3118 3119
3120 4675
3120 4674
3121 4659
3121 4654
3122 4673
3122 4665
3122 4660
3123 4654
3123 3124
3123 4653
3124 3125
3124 4651
3125 4652
3125 4653
3126 3127
3126 4646
3126 4644
3127 4644
3128 4671
3128 4668
3128 4669
3129 4666
3129 4660
3130 4359
3130 5196
3131 3132
3132 3133
3134 3135
3136 3141
3137 3510
3137 3143
3137 3508
3138 3139
3140 3511
3141 3853
3142 3144
3142 3518
3143 3516
3144 3512
3146 3178
3146 5540
3147 3187
3147 3191
3149 3150
3150 3151
3152 3158
3152 3153
3153 3160
3154 3194
3154 3193
3154 3155
3155 3194
3155 3159
3155 3195
3156 3157
3156 3162
3157 3201
3158 3159
3158 3198
3158 3197
3159 3200
3159 3197
3160 3163
3161 3201
3161 3164
3161 3204
3163 5441
3164 3206
3164 3207
3165 3167
3166 3207
3166 3167
3168 4307
3168 4308
3169 4310
3169 4314
3170 3171
3171 3172
3171 3173
3171 5539
3172 3176
3172 3175
3173 3175
3174 3181
3175 3181
3176 5548
3176 5541
3177 3180
3177 5548
3177 5540
3178 3179
3178 3192
3179 5540
3179 3180
3179 3190
3180 3182
3181 3183
3181 3184
3182 3187
3182 3190
3183 3185
3183 5542
3184 3185
3185 5545
3185 5547
3186 3187
3186 3188
3186 5544
3187 3189
3188 5545
3188 3189
3189 3191
3191 5546
3193 3195
3194 3197
3195 3196
3196 3199
3198 3200
3199 3201
3200 3202
3201 3203
3202 3205
3203 3204
3204 3206
3205 3207
3206 3208
3207 3208
3209 3210
3209 3213
3211 3215
3212 3213
3213 3214
3215 3216
3216 3217
3218 3242
3218 3244
3219 5041
3219 3243
3220 3224
3221 3229
3222 5034
3222 3228
3222 5025
3223 5025
3223 5035
3223 4481
3224 3225
3225 3226
3227 3238
3227 5037
3227 5013
3228 3238
3231 3232
3232 3233
3233 3234
3236 5030
3238 5030
3239 3239
3240 3847
3240 3241
3241 3243
3241 3242
3242 3243
3243 3244
3245 3443
3245 3442
3245 4537
3246 4676
3246 4509
3247 5161
3247 4889
3247 4885
3247 4969
3248 3250
3249 4969
3249 4966
3249 4956
3249 4884
3250 4948
3250 4961
3251 5220
3251 5139
3252 5238
3252 3880
3253 3255
3253 3254
3254 4029
3254 3255
3256 5237
3258 3262
3259 3264
3260 3264
3260 3261
3261 4461
3262 3264
3262 3263
3265 5448
3265 5449
3266 5442
3266 5444
3267 3269
3268 3269
3270 3271
3270 3646
3271 3646
3271 3272
3273 4880
3273 4573
3274 3352
3274 4573
3275 5635
3276 5241
3276 3277
3278 4337
3279 4460
3279 5134
3279 5215
3280 3281
3282 4482
3283 3989
3283 3991
3284 3575
3284 5073
3285 4514
3286 3287
3286 3291
3287 3291
3288 3290
3288 3289
3289 3292
3290 3292
3293 3294
3295 4018
3295 3645
3295 4016
3296 4017
3296 5296
3296 4015
3297 3298
3298 3299
3298 3302
3299 3300
3300 3302
3301 4763
3301 4764
3301 4760
3302 3305
3303 3304
3303 3954
3303 3951
3306 4740
3306 3308
3307 4734
3307 4737
3307 3308
3308 3315
3308 4740
3309 4731
3309 4725
3309 5499
3309 3310
3310 4725
3310 3311
3310 4724
3313 4736
3313 3318
3314 3315
3314 4737
3315 4739
3317 4733
3317 3319
3318 4738
3318 4735
3319 4733
3319 4732
3321 3322
3323 3324
3324 3325
3326 3327
3326 5306
3329 3330
3330 3331
3332 3333
3333 3333
3335 3335
3336 3337
3338 3906
3338 3338
3340 5433
3341 5066
3341 5063
3342 3820
3342 3828
3344 3345
3345 3445
3346 3347
3347 3348
3349 3909
3351 4573
3351 3352
3352 4921
3353 4915
3354 3355
3354 3647
3355 3355
3356 3356
3358 3359
3358 3360
3361 4621
3362 3477
3363 4622
3363 4625
3363 4619
3364 4622
3365 3366
3367 3367
3368 4113
3368 3369
3370 4477
3371 4477
3371 4483
3374 3375
3377 3380
3377 3382
3377 3378
3378 3388
3379 3380
3379 5429
3379 4552
3380 3382
3380 3381
3381 3384
3381 5429
3381 3383
3382 3391
3382 3384
3383 3386
3384 3387
3384 3385
3385 3387
3385 3386
3387 3396
3388 3389
3389 3391
3389 3581
3391 3392
3392 3582
3393 3394
3393 3395
3394 3395
3397 4197
3398 5347
3400 5439
3403 3404
3404 3405
3405 3406
3406 3408
3406 3407
3407 3409
3407 3408
3408 3410
3409 3410
3411 3412
3414 3415
3415 3416
3417 5001
3417 3973
3417 3418
3418 4977
3419 4976
3419 4974
3420 4968
3420 4965
3420 4890
3420 4955
3421 4898
3421 4904
3421 4951
3422 4902
3422 4895
3422 4901
3423 4893
3423 4899
3424 4912
3424 4954
3424 4902
3425 3673
3425 3670
3425 3668
3427 3485
3429 3430
3430 4546
3430 3539
3432 3433
3432 5217
3433 5216
3433 5218
3434 5072
3434 5069
3435 5070
3437 5424
3439 3911
3441 3944
3442 5509
3443 4535
3443 5509
3444 3445
3444 3447
3445 3446
3446 3447
3448 3892
3448 3893
3448 3896
3450 3451
3453 5349
3454 3455
3454 5349
3454 5350
3458 3459
3459 3461
3459 3460
3460 3461
3461 3464
3462 3463
3462 3465
3463 3465
3464 3467
3464 3465
3470 3471
3472 3473
3474 4149
3474 3475
3475 4149
3476 4151
3479 5405
3483 3484
3486 3487
3488 4535
3488 5507
3488 5512
3492 3493
3493 3494
3494 3495
3496 3497
3497 5601
3499 3500
3501 3502
3504 3511
3504 3507
3505 3601
3505 3509
3505 3602
3506 3509
3506 3601
3507 3510
3507 3602
3510 3511
3512 3517
3513 3517
3513 3515
3513 3516
3514 3516
3520 5035
3520 3524
3520 4481
3522 4481
3524 3525
3524 5036
3525 3527
3525 3526
3527 3531
3528 3530
3528 4923
3529 3530
3530 4924
3531 4923
3531 3532
3533 3536
3533 3534
3535 3536
3537 3538
3540 3541
3540 3542
3543 4269
3543 4272
3543 3559
3544 3554
3544 3547
3545 3564
3545 4316
3545 3551
3546 3561
3547 4270
3548 3559
3548 3557
3549 3561
3549 3555
3549 3556
3550 3563
3550 3553
3551 4249
3554 3566
3555 3560
3555 3565
3556 3560
3556 3567
3557 4263
3557 4269
3558 4246
3560 3562
3562 3567
3562 4247
3565 4258
3566 4270
3566 4268
3568 3571
3568 3570
3569 4276
3569 3570
3569 5222
3572 5631
3573 5631
3574 3575
3576 3857
3578 3580
3579 3580
3580 3581
3581 3582
3582 3583
3585 5518
3585 5515
3586 3586
3586 3587
3587 4210
3588 5050
3589 5046
3589 5048
3589 3618
3590 5664
3590 5651
3590 5645
3590 5659
3591 3593
3592 3593
3593 3594
3594 3596
3595 3596
3596 5602
3597 5650
3597 3598
3597 5643
3598 5649
3598 5669
3598 5646
3598 3599
3599 5648
3599 3600
3603 3604
3604 3605
3604 3608
3605 3606
3605 3610
3606 3607
3606 3609
3607 3611
3611 5522
3611 5062
3612 3613
3613 5525
3613 3614
3614 3615
3615 3616
3616 5521
3617 3620
3618 3620
3619 3623
3620 3623
3621 5049
3621 5046
3621 5050
3623 3626
3624 3626
3625 3627
3626 3627
3627 5517
3629 3630
3630 3631
3631 3632
3631 3633
3635 3636
3635 4399
3636 4401
3637 3744
3638 5495
3639 3650
3639 3641
3639 5247
3640 3650
3641 4449
3642 3644
3642 5252
3643 5247
3643 3644
3644 5251
3645 3646
3645 4014
3647 3974
3648 5595
3648 5484
3649 5594
3649 5595
3650 5248
3651 4101
3652 4102
3655 4867
3656 3657
3656 4775
3657 4764
3658 5116
3658 5122
3659 5117
3659 5124
3660 3661
3663 3664
3665 4243
3666 4286
3667 4285
3667 4279
3667 4288
3669 3671
3670 3671
3671 3672
3674 3680
3675 3676
3677 3678
3678 4152
3678 3679
3679 4152
3680 3690
3680 3682
3681 3684
3682 3689
3683 3685
3685 3691
3686 3687
3688 3691
3689 3694
3692 5400
3692 5397
3694 3699
3695 3697
3696 3700
3699 3703
3699 5333
3703 3704
3706 4200
3707 3708
3708 3711
3709 4205
3709 3712
3710 4206
3713 3714
3713 4207
3714 3715
3715 4208
3716 3719
3717 3720
3718 3723
3719 3721
3719 3720
3720 3724
3721 3722
3721 3724
3723 3723
3724 3725
3726 4229
3727 4238
3728 3729
3730 3731
3732 3732
3732 3734
3733 3735
3735 3762
3738 4113
3739 3741
3740 3742
3745 3746
3746 4406
3747 3748
3750 3751
3752 3753
3754 4306
3755 3995
3756 4333
3760 3761
3762 3763
3764 3765
3765 3766
3767 3770
3768 3771
3768 3769
3771 3772
3775 3778
3776 3777
3780 3781
3783 4388
3784 4338
3786 3789
3787 3790
3788 3792
3789 3790
3793 4344
3793 3794
3795 3797
3803 3805
3804 3806
3805 3806
3806 4992
3807 3808
3809 3811
3810 3813
3812 3819
3812 3814
3815 4865
3815 4831
3815 4833
3816 4833
3816 4828
3816 4807
3817 4830
3818 4806
3818 4861
3818 4830
3819 3827
3819 3823
3820 4804
3820 3825
3821 4794
3821 3834
3822 4794
3822 3835
3824 3827
3829 4783
3829 3831
3829 3950
3832 4784
3832 3834
3832 4838
3832 4786
3833 4784
3834 3835
3835 4939
3837 4808
3838 3839
3839 3840
3839 3841
3845 3846
3847 3848
3848 3849
3849 3850
3849 3851
3850 5019
3851 5019
3852 3853
3854 3857
3855 3856
3858 3858
3859 3864
3860 3861
3862 3876
3863 3865
3864 3871
3864 3873
3865 3868
3866 3874
3868 3869
3872 3873
3875 5360
3875 3882
3877 3884
3879 3882
3880 5236
3881 5585
3881 3887
3882 3886
3883 5355
3883 5360
3891 3893
3895 3896
3897 3898
3899 3900
3901 3902
3904 3905
3906 3907
3908 3909
3910 3913
3910 3911
3913 3914
3914 3916
3914 3915
3918 3919
3919 3922
3921 3921
3923 3927
3924 3929
3924 3930
3925 3926
3926 3928
3929 3930
3929 5596
3930 5597
3931 3932
3932 3933
3933 3935
3938 3940
3939 3940
3939 4757
3939 3943
3940 3941
3941 3942
3941 4754
3949 3950
3951 3953
3951 3952
3953 3954
3955 4530
3955 3957
3956 3957
3957 3958
3958 3959
3962 5437
3962 5106
3963 3964
3964 3965
3965 3966
3967 4378
3967 3968
3967 4369
3968 4377
3968 3969
3968 4375
3969 4376
3970 4337
3971 3972
3971 4778
3972 4318
3973 5003
3975 3976
3978 3979
3980 3981
3980 3982
3983 4689
3984 3985
3987 3994
3988 3989
3989 3992
3989 4687
3990 3991
3991 3992
3991 4689
3992 4688
3993 3994
3994 4518
3994 4687
3995 4781
3996 4332
3997 3998
3999 4003
3999 4001
4000 4001
4000 4005
4002 4006
4002 4004
4003 4004
4005 4006
4008 4065
4009 4011
4009 4010
4011 4012
4013 5314
4013 4055
4013 4016
4014 4018
4015 4055
4017 5313
4017 5204
4017 5318
4018 5313
4018 5319
4019 4034
4020 4021
4021 4030
4021 4022
4023 4024
4024 4031
4024 4025
4026 4027
4027 4033
4027 4028
4029 4032
4029 4034
4030 4036
4030 4031
4030 4432
4031 4039
4031 4033
4033 4042
4033 4034
4034 4044
4035 4036
4036 4037
4038 4039
4039 4040
4041 4042
4042 4043
4045 4046
4046 4047
4047 4049
4048 4049
4050 4052
4052 4054
4053 5138
4053 4054
4055 5315
4056 4057
4058 4059
4061 4062
4062 4063
4062 4064
4066 4323
4067 4075
4067 4069
4068 4069
4069 4072
4070 4074
4070 4071
4070 4072
4071 4076
4071 4073
4072 4074
4073 4079
4074 4076
4076 4079
4076 4078
4077 5441
4080 4081
4082 4083
4082 4087
4083 4084
4083 4087
4084 4085
4084 4088
4085 4086
4085 4091
4086 4089
4086 4092
4087 4088
4088 4091
4089 4090
4089 4093
4091 4092
4092 4093
4095 4097
4095 4099
4096 4101
4098 4102
4099 4100
4099 4103
4101 4102
4105 4106
4107 4108
4108 4109
4112 4381
4114 4115
4116 4117
4117 4118
4119 4121
4119 4120
4121 4640
4122 4124
4122 4125
4122 4168
4123 4722
4124 4126
4127 5598
4127 4129
4128 4140
4128 4144
4128 4145
4128 4143
4129 4143
4129 4130
4130 4143
4130 4144
4131 4138
4131 4133
4131 4136
4132 4145
4132 4141
4132 4142
4133 4137
4133 4134
4134 4266
4134 4135
4135 4136
4136 4139
4137 4140
4137 4138
4138 4141
4138 4139
4139 4142
4140 4141
4141 4142
4144 4145
4146 4147
4147 4148
4149 4150
4150 4151
4152 4153
4154 4155
4155 4156
4156 4157
4159 4160
4160 4162
4160 4161
4163 4550
4163 4164
4165 4166
4167 4168
4170 5184
4171 4221
4172 4173
4176 4179
4176 4177
4177 4177
4178 4179
4178 4180
4179 4183
4180 4181
4181 4182
4181 4534
4183 4184
4185 4192
4185 4188
4185 4186
4186 4187
4187 4189
4188 4191
4189 4190
4191 4193
4192 4193
4194 4631
4197 4198
4200 4202
4201 4203
4202 4203
4202 4204
4203 4205
4204 4206
4205 4206
4207 4208
4209 4216
4209 4211
4210 5513
4210 4222
4211 4217
4211 4212
4212 4219
4212 4214
4213 4214
4213 4215
4214 4218
4216 4217
4217 4219
4218 4220
4218 4531
4219 4220
4222 5524
4223 4224
4225 4227
4226 4226
4226 4227
4227 5175
4228 5172
4228 5175
4230 4231
4232 4233
4234 4236
4234 5168
4235 4237
4235 5168
4235 5271
4236 5167
4237 5274
4237 5167
4239 4315
4240 4242
4244 4245
4247 4249
4248 4254
4248 4527
4248 4252
4249 4250
4249 4253
4251 4259
4251 4252
4251 4256
4254 4262
4255 4264
4257 4265
4258 4260
4262 4268
4262 4263
4264 4265
4264 4267
4265 4266
4268 4271
4268 4269
4270 4271
4271 4274
4271 4272
4273 4275
4274 4276
4276 4277
4278 4289
4280 4281
4280 4284
4281 4283
4281 4282
4283 4286
4283 4295
4285 5259
4290 4294
4291 4300
4291 4570
4291 4296
4292 4293
4293 4294
4294 4297
4298 4303
4299 4300
4300 4302
4301 4303
4302 4304
4302 4303
4304 4305
4308 4311
4309 4532
4311 4312
4312 4313
4312 4315
4317 4318
4319 4320
4321 4322
4323 5210
4323 4324
4324 4325
4324 4598
4325 4327
4325 4326
4326 4328
4326 5209
4328 5209
4329 4330
4330 4331
4335 4336
4339 4340
4342 4343
4343 4344
4345 4352
4346 4363
4347 4348
4347 4349
4348 4350
4349 4358
4350 4432
4350 4353
4351 4355
4352 5165
4352 4355
4353 4359
4354 4356
4356 4357
4356 4358
4358 4360
4359 4360
4361 4362
4364 4366
4365 5426
4366 4367
4366 4370
4367 4371
4367 4368
4368 4372
4368 4369
4370 4371
4370 4373
4371 4372
4371 4374
4372 4375
4373 4374
4373 4376
4374 4375
4377 4378
4378 4379
4379 4380
4380 4435
4381 4382
4384 5266
4384 4385
4385 4388
4386 4387
4386 4391
4387 4389
4388 4390
4389 4390
4389 4392
4391 4392
4393 4394
4395 4396
4396 4400
4396 4397
4397 4398
4397 4404
4398 4408
4398 4402
4399 4403
4399 4405
4400 4404
4400 4406
4401 4405
4403 4405
4404 4408
4406 4407
4408 4409
4410 4411
4411 4412
4413 4413
4414 4429
4415 4416
4415 4418
4415 4526
4416 4468
4416 4417
4417 4419
4417 4469
4418 4421
4419 4470
4419 4422
4420 4423
4422 4425
4423 4425
4424 4429
4425 4426
4427 4428
4428 4491
4429 4489
4430 4431
4433 5522
4433 5051
4433 5045
4434 4436
4434 5046
4434 4435
4435 5056
4436 5055
4436 5048
4437 4438
4437 5049
4439 4447
4439 4446
4439 4448
4440 4441
4441 4442
4443 4444
4444 4445
4445 4446
4445 4447
4449 4476
4450 4451
4450 4476
4450 4453
4451 4452
4451 4455
4452 4453
4452 4455
4453 4454
4455 4457
4456 4457
4458 5266
4459 5131
4459 4460
4460 5130
4461 4462
4463 4464
4464 4465
4465 4466
4468 4469
4468 4525
4469 4470
4471 4477
4473 5250
4474 4475
4474 4509
4475 5251
4475 4508
4478 4479
4480 5223
4483 4485
4483 4486
4484 4485
4485 4487
4486 4488
4486 4487
4487 4490
4488 4489
4491 4495
4492 4493
4492 4494
4492 4544
4495 4497
4496 4499
4496 4498
4496 4500
4497 4502
4498 4499
4498 4501
4499 4503
4500 4503
4500 4506
4501 4504
4501 4502
4502 4505
4503 4504
4504 4505
4505 4507
4506 5142
4508 5252
4508 4509
4508 4676
4510 4510
4513 4514
4513 5592
4514 5592
4515 5257
4515 5622
4516 4517
4517 5629
4519 4522
4519 4520
4520 4521
4521 5605
4522 5258
4523 4524
4523 5364
4523 5366
4525 4526
4525 5137
4528 5392
4533 4979
4535 4536
4537 4539
4538 4539
4539 4541
4540 4541
4541 4542
4545 5496
4545 5594
4546 4547
4547 4548
4547 4549
4550 4551
4552 4559
4552 4553
4553 5429
4553 4555
4554 4555
4555 4557
4556 4557
4557 4558
4559 4559
4560 4561
4561 4562
4562 5636
4562 5639
4563 4565
4563 5637
4563 5636
4564 5641
4564 5636
4564 4565
4565 5640
4566 4577
4566 5479
4566 5059
4567 5479
4569 4570
4571 4572
4572 5199
4574 4575
4575 4581
4575 4582
4576 4578
4576 4583
4576 4581
4577 4580
4578 4580
4578 4583
4579 4583
4580 4581
4584 4585
4584 4586
4585 4586
4586 4587
4588 4590
4588 4589
4589 4591
4589 4593
4590 4591
4591 4592
4594 4595
4596 5441
4597 4598
4599 4606
4599 5432
4599 4607
4600 4601
4600 4610
4601 4611
4601 4612
4602 4609
4602 4603
4602 4605
4603 4608
4603 4604
4604 4606
4604 4605
4605 4607
4606 4607
4608 4612
4608 4609
4609 4611
4609 4610
4610 4611
4611 4612
4613 4614
4616 4617
4617 4618
4617 4619
4619 4620
4621 4625
4621 4624
4622 4623
4623 4624
4623 5530
4624 4625
4626 4628
4626 4627
4627 4628
4627 4629
4630 4631
4632 4633
4633 4634
4634 4635
4634 4636
4637 4638
4637 4637
4638 4639
4638 4640
4639 4642
4639 4640
4641 4642
4641 4641
4642 4643
4644 4645
4645 4646
4645 4647
4646 4648
4647 4648
4647 4649
4648 4650
4649 4650
4649 4651
4650 4652
4651 4652
4653 4655
4654 4655
4656 4659
4657 4658
4657 4674
4658 4659
4661 4663
4661 4662
4661 4675
4662 4664
4662 4675
4663 4664
4663 4672
4664 4672
4665 4667
4665 4666
4666 4668
4667 4669
4667 4668
4669 4670
4670 4675
4670 4671
4671 4672
4673 4674
4677 4678
4678 5465
4679 4681
4679 5702
4679 4682
4680 5703
4680 5140
4680 5213
4682 4683
4682 5529
4684 4685
4685 4685
4686 4695
4686 4693
4687 4688
4688 4689
4690 4697
4692 4693
4693 4703
4695 4707
4695 4706
4696 4705
4697 4698
4698 4701
4699 4700
4700 4701
4701 4702
4702 4704
4703 4704
4704 4705
4708 4709
4710 4712
4710 4717
4710 4718
4711 4752
4711 4753
4711 4751
4712 4713
4712 4714
4713 4718
4714 4717
4715 4716
4715 4720
4716 4718
4716 4720
4717 4719
4718 4728
4721 4722
4723 4724
4723 4726
4724 4728
4725 5190
4726 4728
4727 4728
4727 4730
4727 4731
4729 4730
4730 4731
4731 5500
4732 4738
4735 4736
4735 4737
4739 4740
4741 4747
4741 4742
4742 4746
4742 4748
4743 4745
4743 4744
4744 4746
4745 4746
4747 4748
4750 4752
4750 4753
4751 4752
4755 4756
4756 4757
4758 4759
4759 4769
4760 4761
4760 4762
4765 4766
4766 4768
4767 4768
4769 4770
4770 4771
4771 4775
4771 4772
4772 4773
4772 4774
4776 4777
4778 4779
4780 4781
4782 4904
4782 4971
4782 4903
4784 4785
4785 4786
4786 4819
4787 4788
4787 4790
4787 4912
4788 4790
4789 4790
4789 4908
4789 4910
4792 4793
4792 4954
4793 4806
4793 4805
4794 4795
4795 4836
4796 4797
4797 4835
4797 4848
4798 4799
4798 4801
4798 4800
4800 4801
4801 4834
4802 4803
4802 4804
4802 4829
4802 4807
4804 4838
4806 4829
4807 4838
4809 4812
4810 4811
4811 4812
4811 4814
4813 5191
4814 5192
4814 5191
4815 4815
4816 5193
4817 5193
4819 4820
4819 4937
4821 4822
4821 5010
4821 4864
4824 4825
4824 4835
4826 4837
4826 4827
4827 4828
4827 4833
4828 4837
4829 4833
4830 4831
4831 4832
4834 4836
4834 4835
4836 4837
4839 4848
4839 4840
4841 4842
4842 4843
4842 4859
4843 4849
4843 4860
4844 4849
4844 4845
4844 4846
4846 4848
4846 4849
4846 4847
4850 4851
4850 4854
4851 4855
4852 4853
4852 4856
4853 4854
4854 4859
4854 4856
4854 4855
4855 4858
4855 4856
4862 4866
4862 4863
4862 4972
4863 4867
4863 4977
4864 4977
4865 4866
4865 4977
4866 4867
4866 4870
4868 4869
4868 5011
4870 4871
4870 4872
4872 4873
4872 4875
4874 4875
4875 4972
4876 4881
4876 4878
4876 4877
4877 4881
4878 4882
4879 4880
4879 4883
4879 4881
4880 4882
4881 4882
4885 4886
4885 4888
4886 4887
4886 4967
4887 4978
4890 4897
4890 4952
4890 4899
4891 4892
4891 4893
4891 4894
4892 4893
4892 4900
4894 4895
4894 4896
4896 4897
4896 4900
4896 4901
4897 4951
4897 4898
4898 4952
4899 4900
4901 4951
4902 4971
4902 4911
4903 4906
4903 4904
4905 4954
4905 4971
4907 4909
4907 4908
4908 4910
4909 4911
4909 4910
4910 4911
4911 4912
4913 4914
4915 4920
4916 4919
4917 4920
4917 4918
4917 4919
4918 4921
4918 4920
4919 4921
4922 4924
4925 4927
4926 4927
4927 4928
4930 4931
4930 4933
4932 4935
4933 4934
4933 4935
4934 4935
4936 4936
4937 4944
4938 4943
4938 4944
4938 4939
4939 4940
4941 4943
4941 4942
4942 4943
4945 4946
4947 4948
4948 4950
4949 4950
4950 4966
4951 4971
4952 4968
4952 4953
4953 4974
4953 4968
4953 4978
4955 4956
4955 4964
4955 4963
4956 4967
4956 4962
4957 4975
4957 4959
4958 4959
4958 4979
4959 4960
4962 4964
4962 4966
4962 4970
4963 4978
4963 4967
4963 4968
4964 4965
4967 4969
4973 4976
4979 4980
4980 4983
4980 4987
4980 4981
4981 4986
4981 4985
4982 4983
4983 4985
4984 4985
4986 4987
4986 4990
4987 4998
4988 4993
4988 4989
4988 4992
4989 4997
4989 4990
4989 4991
4990 4999
4991 4993
4991 4995
4991 4996
4992 4997
4993 4994
4999 5000
5002 5007
5003 5005
5004 5006
5005 5006
5007 5011
5008 5010
5009 5011
5009 5010
5012 5014
5012 5015
5012 5040
5013 5014
5013 5029
5014 5022
5015 5016
5015 5029
5016 5017
5017 5040
5017 5041
5018 5020
5018 5019
5018 5021
5020 5021
5020 5024
5021 5039
5022 5027
5022 5037
5022 5024
5023 5037
5023 5028
5024 5040
5025 5028
5026 5027
5026 5028
5026 5038
5026 5037
5027 5039
5028 5035
5029 5030
5030 5031
5031 5032
5032 5033
5033 5034
5035 5036
5036 5038
5038 5039
5043 5523
5044 5047
5044 5523
5044 5045
5045 5591
5047 5048
5047 5591
5049 5050
5051 5052
5051 5591
5052 5053
5052 5520
5053 5519
5053 5054
5054 5055
5054 5056
5055 5056
5057 5519
5057 5060
5057 5062
5058 5059
5058 5060
5059 5060
5060 5516
5062 5520
5063 5065
5064 5065
5065 5066
5066 5071
5067 5071
5067 5068
5069 5070
5070 5072
5073 5074
5074 5075
5076 5077
5078 5079
5078 5082
5078 5080
5079 5082
5079 5080
5080 5083
5081 5082
5085 5086
5086 5088
5087 5088
5089 5090
5089 5464
5090 5090
5091 5092
5093 5094
5095 5096
5097 5098
5099 5100
5101 5102
5103 5264
5103 5104
5105 5106
5106 5108
5107 5108
5109 5113
5109 5244
5110 5244
5111 5112
5113 5439
5113 5194
5115 5194
5116 5121
5116 5117
5116 5118
5117 5125
5117 5120
5119 5123
5120 5121
5121 5122
5123 5124
5126 5128
5126 5136
5127 5128
5129 5134
5129 5133
5129 5130
5130 5131
5131 5132
5132 5133
5134 5214
5135 5214
5139 5699
5139 5140
5139 5212
5140 5211
5140 5450
5141 5142
5144 5146
5144 5145
5145 5147
5146 5160
5146 5147
5147 5159
5148 5150
5148 5149
5148 5160
5149 5159
5149 5151
5150 5152
5150 5151
5151 5153
5152 5154
5152 5153
5153 5155
5154 5156
5154 5155
5155 5157
5156 5157
5157 5158
5159 5160
5162 5163
5165 5166
5166 5273
5167 5275
5167 5168
5168 5272
5169 5170
5172 5173
5173 5174
5174 5175
5175 5176
5176 5177
5177 5178
5178 5179
5179 5180
5183 5184
5186 5187
5188 5189
5191 5192
5192 5193
5194 5244
5194 5440
5200 5201
5202 5504
5204 5205
5208 5269
5209 5210
5211 5212
5211 5213
5214 5215
5215 5216
5217 5218
5218 5700
5219 5220
5223 5224
5225 5226
5226 5227
5226 5228
5228 5229
5229 5230
5230 5232
5231 5232
5235 5389
5236 5237
5238 5239
5240 5241
5242 5243
5242 5518
5242 5515
5243 5513
5243 5524
5244 5464
5245 5246
5245 5249
5246 5247
5246 5250
5247 5248
5249 5250
5250 5251
5251 5252
5253 5254
5254 5255
5255 5256
5257 5258
5258 5622
5259 5599
5260 5599
5260 5598
5261 5438
5261 5265
5262 5617
5262 5263
5263 5633
5263 5606
5264 5265
5267 5268
5267 5270
5268 5271
5268 5269
5269 5272
5270 5271
5270 5273
5271 5272
5273 5274
5274 5275
5276 5681
5276 5670
5277 5279
5277 5697
5278 5697
5278 5279
5278 5692
5279 5281
5280 5692
5280 5281
5280 5687
5281 5283
5281 5676
5282 5687
5282 5283
5282 5681
5283 5673
5284 5292
5285 5286
5285 5288
5286 5289
5287 5618
5287 5293
5288 5289
5288 5290
5289 5291
5290 5291
5290 5292
5291 5293
5292 5293
5294 5458
5294 5296
5294 5305
5294 5298
5295 5298
5295 5296
5295 5311
5297 5460
5297 5306
5298 5302
5299 5300
5299 5304
5300 5302
5300 5301
5302 5303
5305 5307
5305 5306
5306 5456
5308 5454
5309 5456
5309 5454
5309 5310
5311 5451
5312 5313
5314 5319
5314 5320
5315 5318
5315 5316
5316 5326
5316 5317
5317 5318
5317 5327
5319 5321
5320 5322
5320 5321
5321 5323
5322 5324
5322 5323
5323 5325
5324 5326
5324 5325
5325 5327
5326 5327
5329 5331
5329 5330
5330 5332
5331 5332
5333 5334
5333 5335
5336 5337
5338 5339
5339 5340
5341 5342
5344 5345
5346 5347
5347 5348
5349 5351
5350 5351
5352 5353
5355 5356
5356 5357
5356 5360
5357 5358
5357 5359
5361 5362
5362 5430
5362 5364
5363 5430
5364 5365
5369 5370
5370 5375
5370 5376
5371 5382
5371 5374
5371 5373
5372 5378
5372 5380
5373 5376
5373 5382
5374 5378
5374 5382
5375 5377
5375 5380
5376 5377
5377 5381
5378 5381
5379 5380
5380 5381
5381 5382
5383 5384
5385 5386
5387 5388
5389 5390
5391 5392
5394 5395
5395 5396
5397 5398
5397 5399
5397 5400
5400 5401
5400 5413
5401 5402
5401 5414
5402 5403
5402 5415
5403 5404
5403 5407
5404 5405
5404 5406
5407 5409
5408 5409
5410 5411
5410 5412
5411 5412
5411 5415
5412 5413
5413 5414
5414 5415
5416 5417
5420 5421
5420 5422
5423 5424
5424 5425
5427 5428
5431 5432
5432 5434
5433 5434
5433 5435
5434 5435
5435 5588
5436 5437
5437 5438
5438 5464
5439 5440
5442 5443
5443 5445
5444 5445
5444 5446
5445 5447
5446 5447
5446 5448
5447 5449
5448 5449
5452 5454
5453 5454
5455 5456
5457 5458
5458 5460
5459 5460
5462 5463
5465 5466
5467 5468
5469 5470
5471 5472
5473 5474
5473 5476
5474 5475
5474 5592
5476 5593
5478 5479
5478 5478
5480 5481
5481 5491
5483 5486
5483 5488
5483 5490
5484 5487
5485 5489
5485 5490
5485 5486
5486 5487
5488 5491
5490 5491
5492 5494
5493 5494
5494 5495
5499 5500
5499 5501
5500 5501
5501 5502
5505 5527
5505 5526
5505 5528
5505 5506
5506 5602
5507 5508
5509 5510
5510 5512
5510 5511
5512 5513
5514 5515
5516 5519
5517 5523
5517 5521
5518 5524
5518 5521
5519 5520
5520 5522
5522 5523
5524 5525
5532 5533
5534 5535
5536 5538
5536 5537
5537 5538
5539 5541
5541 5548
5542 5544
5542 5549
5543 5549
5543 5544
5544 5545
5547 5603
5548 5549
5550 5565
5551 5574
5551 5552
5551 5571
5553 5573
5554 5573
5555 5560
5555 5556
5555 5557
5557 5558
5557 5561
5559 5560
5561 5563
5561 5562
5563 5564
5565 5572
5565 5566
5566 5567
5566 5575
5568 5578
5569 5575
5569 5570
5569 5571
5570 5571
5572 5576
5573 5574
5573 5576
5575 5576
5577 5578
5579 5580
5581 5582
5583 5584
5583 5585
5584 5585
5586 5587
5586 5588
5588 5589
5593 5594
5595 5596
5598 5599
5600 5602
5600 5601
5603 5604
5605 5606
5607 5608
5607 5624
5608 5613
5609 5628
5609 5611
5610 5613
5610 5612
5611 5625
5614 5615
5616 5617
5618 5619
5618 5622
5619 5620
5619 5621
5623 5624
5625 5626
5626 5627
5626 5632
5628 5630
5629 5630
5633 5634
5635 5698
5638 5640
5640 5641
5642 5643
5643 5656
5644 5645
5645 5661
5646 5669
5646 5663
5647 5661
5652 5653
5653 5656
5653 5664
5654 5655
5654 5668
5655 5667
5656 5666
5657 5658
5658 5664
5658 5665
5659 5661
5659 5660
5660 5663
5660 5662
5661 5662
5662 5663
5665 5666
5666 5667
5667 5668
5668 5669
5670 5672
5670 5671
5671 5675
5671 5672
5672 5673
5673 5674
5674 5677
5674 5675
5675 5676
5676 5677
5678 5679
5679 5681
5679 5682
5680 5696
5681 5685
5683 5686
5684 5686
5685 5690
5685 5687
5686 5687
5688 5691
5689 5691
5690 5696
5690 5692
5691 5692
5693 5694
5694 5697
5694 5695
5696 5697
5701 5704
5701 5703
5702 5703
5702 5704
