0 1581
0 2828
1 1581
1 2
1 11
2 1580
3 1359
3 6868
3 2495
4 6866
4 5
4 1359
5 2497
5 6865
6 7
6 1360
6 2497
7 259
7 257
8 9
8 252
8 256
9 10
9 4340
10 2496
10 4339
11 12
11 2831
11 2829
12 13
12 2831
13 2495
13 6277
14 6865
14 15
14 6866
15 6124
15 6125
16 6127
16 6128
17 4164
17 4167
17 4160
17 4165
18 6104
18 6414
18 6114
19 5056
19 5398
19 6097
20 22
20 26
20 493
21 493
21 29
21 28
22 23
22 64
23 24
23 65
24 25
24 1950
25 26
25 329
26 29
27 331
27 329
27 1946
28 589
29 329
30 6766
30 5545
30 5544
31 4162
31 4158
31 4160
31 4165
32 2409
32 37
32 1997
32 2998
33 34
33 2380
33 2409
34 36
34 2380
34 2406
35 3006
35 5625
35 545
35 6008
36 6005
36 3021
37 3002
37 2378
37 3022
38 39
38 44
38 2498
39 450
39 44
40 7345
40 70
40 6888
41 452
41 42
41 70
42 7344
42 2680
43 4230
43 2682
43 2680
44 1909
45 46
45 76
45 4853
46 2498
46 73
47 3937
47 2504
47 4366
48 4362
48 1516
48 4361
49 4364
49 4362
50 1208
50 5743
50 55
51 4452
51 7441
51 5743
52 3424
52 4452
52 3746
53 5232
53 1728
53 2950
53 54
54 5233
54 5231
55 56
55 3422
56 57
56 3484
57 6931
57 58
58 63
58 61
59 60
59 459
59 63
60 3422
60 466
61 6935
61 62
61 6934
62 3934
62 6935
63 6935
64 4209
64 65
65 7310
66 352
66 67
66 1944
67 68
67 3202
68 69
68 324
69 1571
69 3487
70 6889
71 72
71 2680
71 73
72 6014
72 6013
73 453
74 3005
74 75
74 6014
75 76
75 2683
76 2683
77 299
77 298
77 419
77 420
78 4654
78 4655
78 2241
78 1329
78 4396
79 1837
79 429
79 1841
80 4059
80 1842
80 7114
80 4058
80 6270
81 576
81 568
81 1117
81 1118
82 2274
82 83
82 2277
83 3596
83 1118
84 2602
84 2603
84 85
85 3234
85 86
86 2012
86 3761
87 2403
87 3761
87 4861
88 4061
88 5304
88 89
89 2288
89 1454
90 4070
90 4071
90 4080
90 6175
90 6176
91 135
91 1443
91 7323
92 7375
92 3346
92 1441
93 7375
93 5045
93 1442
94 2292
94 95
94 7336
95 1539
95 6637
96 4066
96 6163
96 3844
97 2407
97 2406
97 2405
97 2404
98 1538
98 1244
98 1534
99 1534
99 1236
99 1536
100 1245
100 4970
100 4968
101 4749
101 4748
101 102
102 103
102 2392
103 2390
103 4749
104 114
104 107
104 2390
105 106
105 114
105 116
106 3181
106 284
107 5052
107 2390
108 5052
108 109
108 5051
109 2394
109 5051
110 2394
110 2399
110 2398
111 6756
111 6754
111 2397
111 3810
112 4463
112 1783
112 1487
112 3810
113 4914
113 4870
113 1488
114 116
115 5054
115 117
115 116
115 3185
117 5853
117 3178
117 3953
118 3954
118 120
118 119
119 120
119 122
120 121
121 123
123 3591
124 2285
124 2624
124 6593
125 2402
125 2285
125 126
126 127
126 3760
127 1486
127 128
128 3250
128 7397
129 3278
129 2373
129 2370
129 130
130 3763
130 4450
131 3247
131 1456
131 4449
131 1494
132 3256
132 3257
132 5359
132 4080
133 1453
133 134
133 2546
134 135
134 3843
135 7321
136 5551
136 137
136 7374
137 1251
137 138
138 3193
138 3191
139 2272
139 2270
139 3275
140 3271
140 3273
140 3263
140 4876
140 3269
141 1533
141 5040
141 5234
142 4091
142 3617
143 1218
143 3617
143 144
144 1215
144 145
144 5849
145 1388
145 295
145 1387
145 1215
146 2493
146 152
146 151
147 148
147 153
147 5282
148 149
148 154
149 417
149 155
150 151
150 417
150 4698
151 152
152 733
153 5284
153 733
154 155
154 6229
155 1303
156 157
156 5025
156 1799
156 6227
157 158
158 1814
158 835
158 159
159 427
159 833
159 1816
160 832
160 831
160 4654
160 4705
161 2213
161 1590
161 828
162 7148
162 3556
162 476
163 478
163 3027
163 272
163 477
164 527
164 6848
164 528
165 515
165 512
165 513
166 2075
166 524
166 2077
167 5634
167 2079
167 524
168 5632
168 2077
168 291
169 2076
169 2245
169 5632
170 700
170 1115
170 1567
170 1194
171 700
171 183
171 7095
171 185
172 4734
172 4732
172 177
173 2510
173 174
173 4732
174 4730
174 175
175 4728
175 4726
176 184
176 177
176 4731
177 183
178 4724
178 179
178 182
179 2233
179 4723
180 4717
180 189
180 4394
181 4720
181 186
181 4719
182 186
182 2511
183 184
183 4734
184 185
184 4729
185 2231
186 4722
187 188
187 4394
187 4735
188 189
188 190
188 4394
189 2233
190 4735
190 7129
190 2233
191 4735
191 4448
191 7132
192 357
192 4448
192 7129
193 4996
193 3025
193 3026
193 7146
194 5893
194 6709
194 5876
195 3950
195 3949
195 3948
195 3951
196 2188
196 4530
196 3733
196 7016
196 7017
197 7037
197 2188
197 1894
197 863
198 2149
198 1605
198 2156
199 2246
199 1599
199 1603
200 201
200 820
200 1994
200 209
201 1092
201 1100
202 6018
202 2209
202 1113
203 1518
203 497
203 2897
204 6772
204 1959
204 6771
205 7274
205 6770
205 6773
206 4348
206 2330
206 1404
207 3643
207 994
207 4978
208 1104
208 2114
208 1099
209 2225
209 2094
210 4721
210 1718
210 1921
210 814
211 212
211 217
211 1914
212 227
212 4663
213 5288
213 218
213 226
214 215
214 3895
214 218
215 224
215 216
216 3160
216 224
217 1558
217 3160
218 5289
219 222
219 220
219 5041
220 221
220 222
221 1531
221 223
222 1532
222 5234
222 1531
223 3165
223 1465
224 3167
225 4399
225 1987
225 4664
225 229
226 227
226 4400
227 228
228 229
230 1552
230 1979
231 232
231 3254
231 3255
232 233
232 591
233 234
233 2754
234 237
234 236
235 3253
235 317
235 237
236 237
236 238
238 239
238 246
239 240
239 246
240 241
240 693
241 242
241 693
242 243
242 247
243 244
243 247
244 245
244 6953
245 246
245 6952
247 248
248 250
248 249
249 250
249 2768
250 3359
251 252
251 260
251 261
252 253
253 254
253 256
254 2768
254 2769
255 2171
255 261
255 257
256 259
257 258
258 259
260 1527
260 3356
261 1527
262 282
262 263
263 1833
263 1834
264 5225
264 822
264 7388
264 827
265 5637
265 5636
265 2199
266 2097
266 5637
266 2098
266 2095
267 7181
267 2098
267 6780
267 1514
268 7181
268 7177
268 269
269 7175
269 7176
270 307
270 6828
270 6642
270 5627
270 6641
271 1863
271 846
271 852
271 6828
272 3968
272 7145
272 1604
273 483
273 274
273 486
274 1607
274 275
275 3554
275 7201
275 850
276 1899
276 1893
276 844
277 895
277 4530
277 905
278 902
278 887
278 889
279 4528
280 873
280 2654
281 7388
281 6196
281 6089
282 1276
282 6693
282 6690
283 1533
283 2817
284 2391
284 6752
285 3605
285 6826
285 3608
285 349
286 1213
286 1925
286 1212
287 288
287 1193
287 2083
288 2675
288 2081
288 5631
289 4699
289 290
289 293
290 374
290 531
290 1212
291 5631
291 294
292 707
292 1194
292 1195
293 2092
293 532
293 2089
294 5630
294 2079
295 4683
295 768
295 401
295 4688
296 297
296 1934
296 1305
297 1306
297 1936
297 4685
298 1936
298 418
299 300
299 1391
300 339
300 2565
300 1322
301 302
301 384
301 339
301 389
302 387
302 337
303 372
303 5299
303 1314
303 5297
304 7136
304 7134
304 2508
304 1310
305 1348
305 705
305 7134
306 4733
306 6021
306 4734
307 5883
307 6829
307 7033
307 6831
308 1864
308 7033
308 914
308 5828
309 1862
309 1342
309 1860
309 2256
310 1530
310 660
310 690
310 620
311 5724
311 1529
311 599
312 3874
312 7198
312 1511
312 3873
313 1923
313 1511
313 1509
314 1514
314 1989
314 1513
315 5085
315 3740
315 6780
316 1331
316 3253
316 656
317 5312
317 6985
318 673
318 2465
318 674
319 2195
319 673
319 2462
320 6773
320 326
320 353
321 3202
321 328
321 326
322 351
322 6771
322 328
323 6774
323 353
323 351
324 325
324 327
325 1955
325 6774
326 6770
327 328
327 6771
327 3202
330 3028
330 589
330 331
331 589
332 3421
332 3029
332 3030
333 4148
333 4146
333 334
334 4146
334 3029
334 4147
335 5297
335 336
335 488
335 489
336 3711
336 356
336 5296
337 388
337 1319
338 1317
338 773
338 388
339 4094
340 2565
340 341
340 2563
341 347
341 1394
342 386
342 3562
342 1394
343 711
343 369
343 3562
344 3406
344 475
344 345
345 384
345 475
345 3558
346 4744
346 347
346 402
347 4684
348 4684
348 349
348 1139
349 1392
350 535
350 408
350 1137
350 2494
351 6772
352 353
352 6773
352 6774
354 395
354 2252
354 839
355 356
355 1503
355 3708
356 360
356 2410
357 1500
357 2217
357 4447
357 3973
358 359
358 1501
358 1500
359 1502
359 2410
360 1318
360 3709
361 3558
361 387
361 386
361 369
362 2508
362 1312
362 4727
363 7136
363 364
363 7135
364 701
364 365
364 7092
365 702
365 7091
366 373
366 7091
366 367
367 372
367 368
368 1137
368 1313
369 370
370 371
370 1315
371 1313
371 711
372 1315
372 1313
373 702
373 5299
374 4699
374 375
374 1213
374 2093
375 2093
375 376
375 1213
376 1925
376 3559
377 3560
377 381
377 378
378 385
378 712
379 712
379 381
379 536
380 383
380 2088
380 2091
381 537
382 537
382 383
382 2087
383 403
383 5896
384 4094
385 1139
385 1394
386 3562
387 1316
388 389
389 1321
390 3708
390 391
390 3709
391 2251
391 398
392 2212
392 2252
392 3720
393 396
393 394
393 395
393 2212
394 7147
394 7149
394 3556
395 3718
395 3719
396 2218
396 4852
397 828
397 4395
397 4705
397 1590
398 5861
398 433
398 2253
399 402
399 1388
399 400
400 5850
400 6826
401 1389
401 4745
402 4745
403 404
403 407
404 406
404 405
405 534
405 2085
406 2243
406 407
407 408
408 2494
409 3016
409 3610
409 3611
410 1219
410 1220
410 3632
411 1463
411 1235
411 458
412 2293
412 540
412 3640
413 6281
413 5040
413 5234
414 1987
414 1466
414 415
415 416
415 4751
416 3159
416 2503
417 4698
418 419
418 1933
418 1931
419 432
420 432
420 7121
421 5025
421 6229
421 1304
422 3578
422 424
422 3577
423 3577
423 1383
423 1933
423 1386
424 3575
424 5216
424 3574
424 3576
425 426
425 3571
425 1814
426 6285
426 1800
427 3567
427 428
428 3570
428 3571
429 3576
429 3569
429 430
430 431
430 7118
431 3574
431 432
433 5002
433 1323
434 6751
434 3344
434 3343
435 436
435 3922
435 437
436 6750
436 1790
437 438
437 1790
438 3119
438 1636
439 1634
439 1789
439 2205
440 1683
440 3769
440 1627
441 3829
441 1703
441 1690
442 5622
442 3829
442 3765
442 1697
443 4227
443 3765
443 4223
444 4181
444 4185
444 3045
444 3822
445 446
445 7268
445 3040
446 3043
446 7265
447 3044
447 3039
447 4782
448 6253
448 5503
448 449
449 7344
449 588
450 451
450 4095
451 4860
451 4095
451 7345
452 453
454 455
454 5498
454 5502
456 457
456 3232
456 458
457 3410
457 1211
458 544
459 460
459 467
460 5727
460 4206
461 471
461 5987
461 5989
461 5986
462 5990
462 5992
462 5989
463 3426
463 3425
463 464
463 5736
463 5992
464 5995
464 5996
465 5993
465 4753
465 5996
466 467
466 4754
467 468
468 468
469 5977
469 470
469 4206
470 5961
470 6860
471 5961
471 5962
472 4172
472 4168
472 4669
473 5521
473 7246
473 6116
473 4167
474 4228
474 5059
474 5058
475 1394
476 477
476 1551
477 3968
477 1551
478 1551
478 3024
478 2214
479 1512
479 2412
479 3968
480 2411
480 485
480 3872
481 3872
481 3870
481 2412
482 1604
482 484
482 3871
483 486
483 484
483 4689
484 4691
485 6827
485 486
485 3874
486 4689
486 6827
487 1348
488 489
488 1309
489 2262
490 492
490 491
490 5004
491 773
491 492
492 7121
492 1324
494 2171
494 495
494 496
495 2019
495 496
496 499
497 2021
497 498
498 2897
498 2023
499 2021
499 2025
500 6665
500 4527
500 2025
501 6747
501 2844
501 6745
502 2884
502 2865
502 2899
503 531
503 2506
503 1130
504 4353
504 530
504 2506
505 529
505 506
505 4353
506 519
506 507
507 520
507 508
508 2193
508 521
509 522
509 5848
509 2193
510 518
510 511
510 6848
511 517
511 512
512 516
513 2015
513 2016
514 2179
514 2016
514 4249
515 521
515 516
516 520
517 518
517 520
518 519
519 527
521 522
521 2015
522 4249
523 2244
523 2245
524 2078
525 2105
525 4352
525 5630
526 527
526 4352
526 528
526 2102
528 2144
531 532
532 2089
532 2104
533 1195
534 2083
534 2242
535 6274
535 2087
536 537
536 6276
538 4773
538 539
538 4205
538 4203
539 4772
539 4203
540 541
540 6281
541 5501
541 542
543 4759
543 544
543 2504
543 4230
544 2293
545 7346
545 4853
545 1906
546 4759
547 6418
548 6033
548 6041
548 551
549 551
549 554
549 553
550 554
550 559
550 557
551 552
554 555
554 556
557 558
557 559
559 560
561 3583
561 3701
561 563
562 583
562 2724
563 577
563 564
564 3703
564 3701
565 6557
565 3755
565 6756
566 5577
566 6557
566 5576
567 2729
567 3757
567 2745
567 1875
568 569
568 2603
569 4132
569 3581
570 574
570 2493
570 571
571 573
571 572
572 1301
572 1385
572 1302
573 574
573 1301
574 1217
575 4687
575 6330
575 768
576 4982
576 5309
577 578
577 1458
578 3583
578 579
579 3596
579 585
580 581
580 585
580 584
581 2278
581 587
582 3587
582 3704
582 3586
583 3703
583 2281
585 586
590 3417
590 2063
591 2066
591 2068
592 607
592 602
592 593
592 1529
593 594
593 600
594 598
594 597
595 596
595 624
595 1856
596 604
596 597
597 601
598 5719
598 611
599 1528
599 606
599 6953
600 601
600 606
600 603
601 603
602 692
602 613
603 605
604 605
604 5723
605 5720
606 5718
607 609
607 613
607 5722
608 5722
609 6249
609 612
609 620
610 3252
610 6251
610 5719
611 629
611 622
612 613
612 1530
614 615
614 3252
615 616
617 2042
617 2041
617 3971
618 2982
618 3971
618 2047
618 2044
619 659
619 1530
619 664
619 2470
620 1530
620 621
621 4246
621 5091
621 3988
622 623
622 6955
623 624
623 634
624 1854
625 6741
625 1340
625 1344
626 5092
626 6741
626 2502
627 5091
627 5092
627 3673
628 629
628 5089
628 630
629 7208
630 4242
630 2501
631 2499
631 2501
631 4243
632 633
632 5840
632 634
633 635
633 3658
634 635
634 636
635 3656
636 636
637 1565
637 3990
637 924
638 5127
638 924
638 1565
639 4243
639 3988
639 1277
640 3666
640 641
640 2499
641 3663
641 5244
641 6671
642 3940
642 3947
642 5957
643 4757
643 1852
644 6979
644 648
644 7062
644 6967
645 7062
646 6968
646 6967
646 5131
647 648
647 650
647 653
648 5322
649 649
649 5311
650 651
650 653
651 2476
651 6782
652 653
652 5319
652 6783
654 656
654 655
654 6783
655 1334
655 656
657 2991
657 1334
657 5338
658 5336
658 5338
658 1336
659 2451
659 4317
659 2972
660 661
660 4743
661 662
661 5713
662 663
662 5714
663 664
663 667
664 2451
665 677
665 2074
665 666
666 667
666 5714
667 5714
668 674
668 669
668 677
669 670
669 2071
670 2072
670 671
671 672
671 673
674 2957
675 676
675 2074
675 5713
676 5716
676 2071
677 678
678 2450
678 2957
679 680
679 2072
679 2070
680 681
680 691
682 683
683 685
683 2256
684 685
685 690
686 687
686 690
686 688
687 2959
688 2959
688 689
692 1529
692 6977
692 4708
693 2054
694 708
694 696
694 703
695 696
695 708
695 701
696 704
697 7094
698 708
698 709
698 699
699 7096
699 7107
700 7096
701 706
702 1310
703 704
703 7105
703 7097
704 7104
704 705
705 7135
706 7092
706 707
707 2494
709 6858
710 712
710 711
710 6275
713 738
713 724
713 732
714 715
714 738
714 741
715 7124
715 7123
716 4493
716 736
716 737
717 718
717 721
717 4493
718 4508
718 4738
719 720
719 4508
719 4740
720 735
720 734
721 740
721 4737
722 726
723 724
723 4742
723 734
723 727
724 732
725 4090
725 742
725 7125
726 740
726 727
726 742
727 739
728 4519
728 734
728 735
729 4524
729 4526
729 730
730 4515
730 4505
731 4495
731 737
731 736
732 733
735 4513
736 4496
737 738
738 740
738 2493
739 4092
739 4093
740 741
741 7126
741 7124
742 7126
743 744
743 752
743 5916
744 4370
744 5922
745 4370
745 3203
745 746
746 747
746 4310
747 748
747 4311
748 4312
748 749
749 767
749 750
750 766
750 751
751 3057
751 2392
751 1686
752 753
752 755
753 754
753 757
754 7319
754 755
755 5904
756 5918
756 5906
756 5908
757 7319
757 758
758 7320
758 762
759 760
759 763
759 7320
760 765
760 761
761 5352
761 4201
762 4370
762 765
763 764
763 4199
763 5354
764 5353
764 4202
765 767
766 7313
766 4692
767 7313
768 4688
769 1934
769 4680
769 4686
770 771
770 2023
770 2019
771 2855
771 772
772 2861
772 1850
773 1321
774 4194
774 4419
774 7478
774 7477
775 5344
775 4106
775 776
775 7358
776 6628
776 7360
777 7362
777 7360
777 1267
778 3188
778 6633
778 1262
779 1781
779 6633
779 4927
780 6583
780 6790
780 6787
781 6534
781 4428
781 4427
782 3792
782 786
782 7353
782 1270
783 4411
783 3329
783 6293
784 1656
784 7384
784 1655
784 7385
785 4410
785 6292
785 4275
786 1650
786 4410
786 6292
787 3203
787 5922
787 3204
788 789
788 794
788 795
789 794
789 790
790 791
790 793
791 792
792 793
793 794
795 4459
795 5403
796 2160
796 971
796 797
797 7010
797 2145
797 798
798 3984
798 799
799 6240
799 6235
800 6239
800 809
800 2369
801 3977
801 5215
801 2369
801 3976
802 3985
802 803
802 3984
803 3023
803 3864
804 7010
804 2028
804 807
805 2160
805 2162
805 2158
805 807
806 3859
806 2164
806 3861
807 808
808 2163
808 2028
809 4774
809 4771
809 5340
810 5245
810 817
810 5246
811 2031
811 1560
811 2029
812 813
812 815
812 5246
813 815
813 814
813 817
814 816
815 816
816 1563
817 5188
817 818
818 3866
818 819
819 821
819 2250
819 2225
820 2249
820 995
821 2029
821 2248
822 7392
822 5260
823 7392
823 6194
823 6191
824 4704
824 1591
824 832
825 6500
825 6180
825 6501
826 6489
826 6490
826 6492
827 4701
827 6489
828 4437
828 1584
828 1593
829 3869
829 830
830 3867
830 4436
831 832
831 1816
831 833
832 4706
833 834
833 835
834 1273
834 1916
835 2621
836 3965
836 1830
836 2000
837 1276
837 838
837 3965
838 1832
838 1833
839 3717
839 2215
840 1505
840 841
840 1504
841 842
841 4492
842 6308
842 6310
843 3976
843 4446
843 3974
843 4447
844 845
844 1896
845 6255
845 1863
845 6254
846 6255
846 7015
847 4431
847 1900
847 1863
848 850
848 1900
848 1896
849 4431
849 1865
849 1901
850 1901
851 1865
851 7191
851 2026
852 856
852 853
853 860
853 1902
854 861
854 920
854 1902
854 5888
855 3951
855 1884
855 5891
856 857
856 1988
857 5886
857 1903
857 6829
858 7034
858 6740
858 5886
859 3737
859 2428
859 860
860 7015
860 1897
861 3737
861 862
863 2188
863 2628
864 895
864 865
864 2628
865 892
865 2630
866 890
866 888
866 2630
867 2186
867 888
867 887
868 2360
868 2186
868 2359
869 874
869 878
869 4001
870 878
870 2364
870 2365
870 3997
871 882
871 2632
871 2708
871 2659
872 879
872 873
872 2365
873 2653
874 4294
875 2651
875 876
876 2715
876 877
877 2716
877 878
880 6777
880 2661
880 883
881 3999
881 3398
881 3997
882 2709
882 6777
883 3217
883 2714
884 3007
884 1293
884 5778
885 3964
885 886
885 2186
886 2187
886 5531
887 1380
888 889
889 890
890 891
892 893
892 894
893 900
893 895
896 897
896 898
896 905
897 899
897 898
898 931
898 901
899 900
899 2491
900 3730
901 7026
901 903
902 3730
902 2491
903 909
903 7021
903 4002
904 5122
904 3996
905 3948
906 4283
906 911
906 910
907 6778
907 6707
907 931
907 929
908 7422
908 909
908 7421
909 7431
910 6743
910 7078
911 2022
911 5875
912 5875
912 6704
912 5872
913 1858
913 1864
913 2024
914 5881
914 5880
914 2953
915 6737
915 5880
915 918
916 1904
916 6738
916 5881
917 5891
917 6718
917 6721
918 5888
918 919
919 5889
919 6727
920 5889
920 1884
921 4276
921 2719
921 2718
922 928
922 3994
922 4006
922 7426
923 3994
923 925
923 924
925 7007
925 3995
926 7426
926 3995
926 4007
926 4003
927 4276
927 3992
927 930
928 930
928 3993
929 7421
929 5014
930 4005
931 3949
932 5015
932 5014
933 1262
933 943
933 934
934 3790
934 3791
935 1647
935 1648
935 3791
936 941
936 1427
936 6406
937 951
937 1644
937 2626
937 2625
938 2625
938 939
938 955
939 951
939 940
940 953
940 941
941 953
941 4266
942 4266
942 954
942 2552
943 1260
943 3789
943 3786
944 1470
944 3785
944 1241
945 4274
945 952
945 5201
945 1644
946 6148
946 3789
946 5201
947 7386
947 4576
947 1260
948 954
948 949
948 952
949 7454
949 4271
950 1241
950 2609
950 7447
951 953
951 4273
952 4273
953 4272
954 4272
954 4270
955 1427
955 5148
956 7470
956 4371
956 5922
956 5149
956 7472
957 5348
957 5346
957 4868
957 4963
957 4962
958 2613
958 5348
958 1485
959 3811
959 5352
959 960
960 5353
960 2916
960 3807
961 5908
961 5920
961 2387
961 2219
962 5915
962 5913
962 1668
963 1654
963 1660
963 7470
964 3124
964 2669
964 965
964 5894
964 2673
965 7305
965 2673
965 7417
965 1026
965 6397
965 5894
966 5139
966 5133
966 6910
966 7416
966 1008
967 4440
967 1023
967 968
967 5133
968 4438
968 969
968 4613
969 4439
969 972
970 972
970 3553
970 971
971 2222
972 4439
972 979
972 2153
973 5771
973 1963
973 1374
974 4585
974 5370
974 2354
975 4590
975 5370
975 1288
975 6922
975 5369
976 1041
976 4826
976 1040
976 977
977 4023
977 978
978 6146
978 979
979 980
980 3549
980 3547
981 4016
981 5529
981 4459
981 4762
982 4307
982 4309
982 4308
983 2344
983 1962
983 2967
984 1062
984 3492
984 1054
984 2967
985 5170
985 3492
985 5171
986 5177
986 2327
986 5178
987 5180
987 4347
987 2329
988 3228
988 1374
988 1974
989 990
989 4590
989 5368
990 5367
990 5361
990 4823
991 4823
991 5365
991 5362
991 7297
992 5377
992 5364
992 1613
992 3531
993 5388
993 5383
993 5384
993 1003
994 6769
994 5384
995 2671
995 996
995 2249
996 6396
996 5137
997 2674
997 6397
997 7306
998 1024
998 999
998 1757
999 2930
999 1009
1000 1760
1000 1013
1000 1001
1001 6914
1001 6912
1002 3491
1002 5389
1002 1038
1003 3541
1003 5382
1003 5389
1004 6916
1004 6917
1004 6919
1005 1423
1005 1370
1005 6919
1006 1402
1006 1403
1006 1007
1007 1372
1007 2331
1008 7416
1008 1009
1008 5864
1009 1010
1009 1029
1010 1011
1010 1036
1011 1012
1011 1037
1012 2120
1012 1013
1013 6911
1014 1023
1014 3551
1014 4613
1015 3552
1015 1022
1015 3551
1016 1021
1016 1019
1016 3552
1016 1034
1017 1018
1017 1023
1017 1020
1018 1021
1018 1019
1019 1029
1020 1022
1020 1021
1022 1023
1024 1025
1024 1026
1026 1027
1027 1028
1027 5128
1027 7305
1029 1030
1031 1033
1031 3742
1031 1034
1031 3680
1031 1032
1034 3548
1035 3548
1037 1037
1038 6914
1038 1039
1040 3380
1040 3382
1040 4657
1040 2417
1041 4832
1041 4830
1042 4848
1042 5248
1042 2424
1043 2423
1043 1044
1043 2306
1044 7398
1044 2515
1044 7304
1045 2515
1045 1056
1045 1046
1046 1047
1046 1614
1047 1048
1047 1060
1048 5377
1048 3530
1048 3528
1049 1083
1049 1050
1049 3529
1050 1373
1050 3523
1051 3507
1051 3523
1051 3516
1052 3496
1052 1053
1052 3503
1053 3174
1053 1054
1054 2346
1055 7398
1055 3520
1055 2422
1056 1057
1056 1059
1057 3678
1057 3521
1058 3521
1060 1060
1061 7295
1061 7300
1061 4817
1062 1066
1062 1065
1063 1078
1063 1069
1063 2965
1064 2966
1064 1078
1064 2961
1065 2966
1065 2961
1066 1067
1066 3492
1067 2965
1067 1070
1068 5165
1068 2968
1068 1076
1069 1742
1069 1752
1070 1071
1070 7292
1071 1072
1071 1073
1074 1077
1075 1077
1076 1077
1076 7292
1078 3698
1079 3172
1080 3173
1080 1375
1080 3694
1080 1374
1081 4479
1081 4475
1081 1746
1082 1377
1082 4482
1082 4484
1083 1743
1083 2309
1084 1085
1084 2309
1084 1744
1085 3526
1085 1745
1086 3526
1086 1087
1086 3534
1087 2315
1087 3527
1088 2224
1088 2094
1088 1090
1089 1090
1089 2224
1089 1918
1090 1091
1091 1113
1091 2094
1092 1113
1092 1101
1093 1094
1093 3127
1093 2211
1094 1098
1094 3125
1094 1097
1095 3127
1095 1101
1095 1103
1095 2208
1096 4034
1096 1994
1096 2207
1097 1183
1097 2211
1098 1099
1098 1104
1099 3124
1100 1103
1100 1994
1100 1101
1102 3125
1102 1111
1102 1110
1103 2207
1104 2207
1105 1106
1105 2669
1105 1175
1106 1108
1106 1107
1107 1175
1107 1109
1108 1924
1108 1109
1109 7328
1110 1181
1110 1924
1111 1180
1111 1183
1112 7328
1112 1174
1112 1181
1113 2210
1113 6018
1114 1179
1114 1177
1114 1461
1115 1718
1115 1568
1116 1127
1116 5198
1116 4358
1116 1517
1118 4982
1119 1122
1119 5310
1119 4982
1120 3596
1120 1460
1120 4063
1121 5310
1121 1459
1122 1460
1122 3702
1123 2533
1123 3702
1124 1137
1124 6275
1124 6274
1125 1126
1125 1516
1125 1198
1125 1136
1126 1127
1126 1136
1126 1202
1127 5009
1128 2144
1128 2128
1128 2131
1128 5633
1129 1133
1129 2179
1129 7435
1129 2014
1130 2505
1130 1211
1131 2505
1131 3410
1131 2193
1132 2545
1132 5198
1132 2544
1133 2183
1133 2185
1133 2142
1134 1136
1135 1203
1135 1196
1135 5010
1135 1207
1138 1390
1138 1583
1138 1229
1139 1299
1140 4533
1140 1141
1140 4917
1140 1167
1141 5235
1141 5238
1142 1143
1142 1961
1142 3441
1143 4756
1143 2337
1144 1148
1145 4696
1145 1148
1145 6862
1146 1147
1147 1150
1147 1148
1149 2117
1150 1154
1150 2117
1151 4456
1151 1153
1151 3212
1152 1153
1153 1154
1154 2117
1155 1366
1156 1157
1157 1364
1157 5239
1158 1159
1158 1160
1158 3210
1159 1161
1159 1364
1160 1162
1160 1161
1160 3479
1161 1163
1162 1163
1162 3480
1163 1367
1164 4919
1164 5012
1164 1517
1165 4534
1165 1170
1165 2121
1165 1191
1166 4534
1166 4368
1166 2116
1167 4368
1167 1191
1168 1517
1168 2227
1168 3362
1168 2237
1169 2113
1169 2236
1169 2116
1170 1171
1170 2121
1171 1191
1171 1190
1172 7332
1172 4533
1172 1184
1173 1184
1173 7330
1173 1174
1174 5036
1174 1180
1175 4021
1175 4369
1175 4980
1176 2206
1176 2209
1176 2210
1176 2208
1176 1178
1176 2211
1177 1179
1177 1178
1178 1179
1180 1181
1182 1184
1182 1461
1182 2115
1183 1461
1185 1186
1185 5009
1185 1187
1186 1189
1186 5010
1187 1188
1187 5012
1188 1189
1188 4918
1189 3153
1190 4918
1190 4919
1191 4917
1192 3138
1192 2944
1192 3131
1193 1195
1193 1194
1194 6858
1196 1201
1196 1197
1197 1199
1197 1198
1198 1201
1199 1203
1199 1202
1200 1201
1200 1516
1200 5231
1202 1203
1204 1205
1204 1207
1204 5011
1206 1753
1206 3154
1206 1210
1207 5010
1208 2170
1208 3484
1208 7441
1209 7437
1209 1727
1209 3745
1210 1722
1210 5222
1210 1727
1211 3232
1212 1221
1214 1228
1214 6825
1214 1223
1215 4354
1215 4093
1216 4090
1216 7128
1216 4354
1217 1387
1217 7127
1218 1223
1218 3413
1219 3631
1219 3629
1220 1225
1220 5227
1221 1226
1222 1226
1222 3411
1222 1224
1223 1224
1224 3412
1225 3622
1225 2254
1225 5226
1226 1227
1226 3232
1227 1598
1227 1229
1228 1393
1228 3608
1229 3568
1230 1235
1230 3634
1230 3231
1231 4964
1231 4093
1231 3231
1232 1544
1232 3231
1232 5330
1233 1544
1233 1234
1233 5334
1234 1235
1236 1533
1236 5040
1237 4967
1237 1238
1237 4971
1238 1242
1238 4576
1239 2606
1239 2609
1239 1240
1240 4403
1240 4402
1241 2606
1242 3783
1242 1645
1243 1470
1243 1471
1243 3783
1244 6637
1244 1537
1245 1777
1245 4921
1246 3640
1246 5129
1246 1247
1247 5129
1247 1777
1248 1250
1248 2291
1248 2292
1249 1250
1249 7336
1249 6387
1250 3353
1251 6389
1251 6387
1252 3839
1252 3259
1252 3840
1253 1256
1253 4190
1253 3833
1254 3259
1254 2273
1254 3315
1255 5550
1255 1515
1255 6389
1256 3837
1256 3310
1257 1259
1257 4086
1257 1258
1258 4221
1258 1259
1259 4215
1259 3274
1260 1778
1261 7386
1261 4923
1261 1780
1262 5228
1263 6627
1263 1269
1263 1268
1264 6622
1264 6627
1264 1272
1265 6624
1265 1268
1265 6634
1266 1267
1266 6624
1266 7362
1267 1268
1269 3187
1269 1271
1270 1474
1270 7354
1270 3317
1271 3792
1271 3790
1272 6299
1272 3120
1273 2622
1273 2621
1274 2000
1274 2622
1274 2240
1275 2239
1276 7011
1277 6775
1277 6779
1277 1565
1278 1848
1278 1282
1278 5836
1279 1282
1279 5836
1279 1280
1280 1281
1280 5126
1281 5126
1281 5125
1282 5292
1283 4002
1283 7008
1283 7080
1284 1285
1284 1287
1284 4307
1285 1286
1285 2187
1286 2356
1286 2187
1287 4308
1287 2631
1288 6853
1288 3942
1289 3384
1289 3386
1289 6146
1290 1291
1290 2418
1290 2356
1291 5660
1291 6019
1292 4000
1292 1774
1292 6838
1293 1294
1293 5783
1293 4117
1294 1298
1294 1295
1296 2657
1297 2487
1299 1300
1299 1390
1301 4687
1302 1303
1302 3579
1303 4698
1304 1802
1304 1803
1305 1306
1305 4675
1306 1307
1307 3230
1307 4744
1308 1381
1308 2178
1309 1310
1309 1312
1311 1312
1314 1315
1314 1316
1316 1595
1317 1319
1317 1318
1318 5004
1319 3711
1320 1322
1321 1322
1323 1324
1323 4059
1324 1325
1326 1328
1326 1843
1326 1837
1327 1840
1327 1836
1327 1843
1328 1329
1328 2241
1329 1839
1330 6341
1331 6341
1331 1335
1331 1332
1332 1333
1332 2984
1333 1334
1333 6335
1335 2979
1335 6337
1336 1338
1336 2979
1337 1338
1338 6337
1339 5878
1339 6718
1339 6687
1340 6742
1340 1341
1341 6743
1341 1887
1341 2024
1342 1343
1342 1344
1344 1345
1345 1347
1345 1346
1348 6021
1349 3167
1349 3165
1349 3895
1350 2523
1351 2761
1351 1352
1351 4340
1352 4339
1352 2760
1353 5453
1353 1354
1353 2761
1354 2760
1354 4336
1355 1358
1355 6884
1355 5422
1356 6080
1356 5415
1356 6884
1357 5413
1357 1553
1357 5419
1357 1362
1358 6867
1358 6868
1359 6867
1360 5427
1360 6864
1360 6869
1360 6879
1361 6874
1361 1556
1361 6477
1362 1363
1362 2790
1362 2800
1363 4313
1363 2952
1364 5243
1365 5243
1366 1367
1368 3478
1368 3472
1368 1369
1369 1369
1370 1371
1370 2430
1371 2431
1371 4972
1372 2431
1372 2434
1373 1373
1375 1376
1375 4486
1376 1377
1376 1379
1377 1378
1378 1379
1378 4491
1379 3698
1380 3726
1380 2360
1382 2069
1382 2062
1382 3675
1383 1384
1383 1385
1384 1937
1384 4686
1385 1386
1386 3579
1387 4688
1388 5850
1389 4677
1390 4662
1393 1598
1393 5746
1395 1396
1395 4147
1395 4146
1396 3033
1396 1397
1397 1398
1397 3032
1398 1399
1398 6279
1399 1400
1399 4148
1399 6280
1400 3924
1400 5407
1401 1402
1402 2430
1404 2331
1404 2911
1405 2911
1405 1426
1405 1406
1406 1407
1406 1426
1407 2340
1407 1415
1408 2340
1408 1412
1408 1409
1409 1410
1409 2340
1410 1411
1410 5183
1411 1412
1412 1413
1413 1414
1413 1416
1414 2442
1414 1416
1415 2443
1415 2442
1416 3539
1417 1418
1417 2440
1417 2441
1418 1421
1418 1419
1419 1420
1419 2436
1420 6917
1420 1423
1421 1425
1421 1422
1422 1424
1422 1423
1424 2448
1424 2449
1425 2439
1425 2449
1426 2445
1428 2607
1428 7367
1428 1468
1429 4263
1429 6322
1429 2607
1430 4401
1430 4261
1430 4407
1431 5218
1431 5032
1432 4966
1433 5355
1433 6163
1433 2408
1434 6939
1434 1435
1434 1440
1435 1440
1435 4118
1436 2289
1436 3128
1436 1446
1437 1440
1437 1439
1437 1438
1438 1439
1438 2551
1439 5355
1440 3128
1441 2548
1441 1442
1442 2549
1443 1444
1443 7373
1444 1445
1444 1447
1445 1447
1445 1446
1446 2548
1447 1452
1448 1451
1448 6332
1448 1449
1449 1450
1449 7373
1450 1451
1450 1452
1451 1452
1453 4070
1453 7373
1454 1455
1454 4072
1455 1456
1455 1457
1456 4077
1457 4077
1457 4074
1458 4064
1458 3705
1459 3705
1459 5309
1460 3705
1462 1463
1463 3637
1463 3635
1464 1465
1464 4099
1464 4398
1465 3895
1466 3159
1466 1467
1468 1469
1468 1472
1469 1470
1469 1471
1471 1472
1472 1473
1474 6293
1474 3320
1475 3318
1475 1476
1475 3320
1476 3323
1476 7376
1477 1478
1477 3328
1477 3323
1478 4413
1478 1656
1478 1657
1479 5897
1479 4424
1479 5916
1479 5913
1480 6797
1480 4425
1480 1664
1481 4960
1481 2221
1481 1483
1482 1712
1482 6574
1482 1713
1483 4958
1483 4465
1483 4954
1484 3816
1484 4963
1484 5046
1485 3816
1485 6562
1487 4464
1487 1784
1488 4949
1488 3305
1488 5607
1489 6796
1489 6795
1490 3332
1490 4859
1490 4895
1491 3286
1491 1498
1491 3287
1492 4893
1492 4888
1492 4892
1493 6791
1493 5758
1493 5930
1494 3249
1494 5760
1495 4083
1495 2381
1495 3264
1496 2381
1496 3265
1496 7462
1496 5602
1497 5062
1497 2267
1497 2426
1497 6765
1498 6793
1498 5930
1498 5932
1499 1500
1499 1501
1499 7082
1499 6308
1501 1502
1502 6311
1502 1503
1503 1507
1504 3715
1504 3717
1504 6309
1505 3713
1505 2217
1506 6309
1506 1507
1506 6311
1507 2252
1508 1509
1508 7137
1508 1512
1508 7187
1509 7138
1509 1510
1510 1513
1510 4009
1511 7183
1512 2413
1513 1514
1513 2095
1515 3306
1515 5554
1515 6388
1518 1526
1518 1853
1518 1521
1519 3905
1519 2855
1519 1522
1520 3915
1520 3911
1520 1521
1520 3913
1521 4241
1521 3909
1521 3910
1522 3907
1522 2889
1523 3907
1523 3910
1523 3908
1524 1525
1524 2020
1524 4750
1525 1845
1525 1526
1526 1846
1528 6952
1528 6975
1531 1532
1532 4964
1533 5041
1533 4968
1533 4966
1534 1538
1535 1536
1535 1537
1535 1540
1535 6767
1536 1538
1536 1541
1537 1539
1537 1538
1539 1540
1540 3638
1541 4550
1541 4540
1542 5330
1542 1543
1542 5332
1543 5331
1543 4965
1544 5331
1545 1548
1546 1549
1546 1547
1546 4965
1547 1548
1548 5334
1550 3876
1550 2411
1550 3870
1552 6906
1553 1554
1553 2798
1555 5442
1555 2796
1555 2767
1556 6869
1556 4332
1557 2419
1557 6780
1557 2099
1558 5153
1558 5152
1558 1981
1559 1562
1559 5000
1559 1561
1560 1561
1560 5245
1561 1564
1562 1564
1562 4776
1563 1564
1563 4700
1564 4777
1566 4025
1566 6023
1567 2675
1567 5628
1568 5628
1569 1570
1569 3200
1569 1573
1570 2118
1570 6645
1571 7340
1571 1968
1572 1576
1572 3489
1572 3487
1573 1574
1573 3489
1573 3856
1574 3486
1574 3221
1575 1576
1575 3486
1575 2485
1576 4981
1577 4264
1577 2608
1577 6322
1578 6324
1578 6314
1578 6320
1579 2029
1579 2151
1579 2031
1580 2828
1582 5268
1582 1587
1582 1586
1583 3606
1583 3605
1584 1585
1584 4706
1585 1596
1586 5264
1586 1588
1587 1588
1587 5270
1588 1592
1589 5863
1589 4655
1589 4058
1590 4395
1591 4703
1591 6508
1592 5641
1592 5264
1593 4212
1593 3869
1594 4437
1594 1596
1594 4704
1595 5296
1595 5534
1597 6191
1597 6192
1597 7390
1598 3606
1599 2027
1599 1605
1600 7141
1600 3009
1600 3008
1600 3025
1601 3017
1601 2198
1601 2414
1602 3017
1602 5225
1602 3969
1602 7308
1603 2149
1603 1605
1604 7395
1606 7288
1606 7289
1606 1770
1607 1776
1607 7395
1608 7303
1608 2527
1608 7276
1608 7444
1609 4460
1609 6306
1609 6305
1610 5269
1611 7162
1612 7144
1613 5363
1613 5374
1613 7297
1615 1620
1615 1616
1615 1621
1616 1623
1616 1618
1617 1620
1618 2032
1618 2033
1619 1620
1619 3822
1619 1624
1621 2036
1621 1622
1622 2038
1622 2039
1623 2034
1623 2033
1624 2036
1625 1631
1625 1641
1625 3777
1626 1630
1627 1630
1627 1640
1627 3770
1628 1679
1628 1637
1628 2038
1629 1639
1629 6272
1629 6265
1630 1642
1631 1632
1631 3772
1632 1634
1632 1643
1633 3244
1633 1635
1633 2040
1634 1638
1635 3772
1635 4768
1635 3824
1636 6272
1636 3361
1637 3244
1637 1679
1637 1688
1639 1687
1639 1641
1640 1642
1641 3770
1644 4273
1644 4275
1646 1650
1646 1649
1646 4410
1647 6148
1647 1649
1648 1649
1648 1650
1651 4411
1651 1667
1652 1662
1652 6812
1653 5910
1653 5897
1653 6808
1654 1661
1654 1660
1655 4415
1655 4418
1656 4414
1657 4412
1657 3329
1658 1664
1658 4415
1658 1669
1659 4413
1659 1670
1660 5915
1661 6806
1661 6290
1661 6813
1662 4412
1663 4414
1663 1666
1664 1669
1665 6290
1666 6810
1667 6805
1668 6808
1668 6807
1669 6809
1670 6811
1671 1691
1671 1696
1671 1678
1672 1695
1672 3062
1672 1678
1673 1685
1673 1696
1674 1675
1674 1701
1674 1690
1675 1698
1675 1700
1676 1699
1677 1692
1677 1678
1677 1680
1679 1688
1679 3243
1681 1698
1682 1683
1682 1705
1682 1687
1683 1703
1684 1697
1685 1703
1685 1699
1686 1689
1686 4225
1687 1693
1688 1702
1688 3244
1689 4226
1689 3062
1689 3058
1690 1699
1691 3067
1691 3065
1693 3070
1694 1702
1694 5620
1694 5619
1696 1701
1697 1698
1700 3767
1700 1701
1702 3782
1704 3831
1704 3068
1704 3070
1705 3831
1705 3830
1706 6532
1706 1716
1706 1709
1706 4957
1707 5199
1707 6569
1707 6571
1708 1717
1708 1782
1708 6532
1709 1715
1709 6761
1710 6569
1710 6578
1710 4367
1711 4422
1711 4425
1711 4416
1712 5606
1712 4428
1712 6288
1713 6287
1713 1715
1714 1717
1714 4943
1715 1716
1715 5606
1716 4367
1716 4959
1718 1918
1718 3712
1719 7256
1720 1721
1720 3482
1720 1739
1721 1730
1721 1731
1722 3482
1722 1739
1723 1733
1723 1732
1724 1731
1725 5233
1726 1729
1726 1730
1726 3925
1727 1733
1728 1735
1728 2948
1729 2166
1729 3928
1730 3744
1731 1734
1732 7437
1733 1739
1734 3483
1734 1736
1735 1735
1736 3744
1736 3931
1737 1738
1737 3931
1737 5730
1738 2167
1738 5728
1740 1754
1740 1747
1740 2169
1741 7438
1741 7440
1741 1753
1742 4491
1742 3697
1743 2514
1743 1744
1744 1745
1745 3526
1745 3534
1746 4486
1746 4489
1747 7438
1747 1755
1748 1761
1748 1749
1748 2323
1749 1759
1749 1751
1750 3746
1751 1973
1751 2323
1752 2960
1752 3697
1753 1756
1754 1755
1754 4452
1755 1756
1756 2168
1757 2934
1757 2111
1758 1768
1758 1775
1758 1767
1759 1771
1759 1973
1760 1763
1760 2930
1761 1766
1761 1771
1761 2667
1762 4610
1762 7407
1762 7408
1763 1772
1763 5388
1763 2931
1764 4477
1764 1965
1764 3224
1765 1971
1765 1770
1765 1768
1766 1768
1766 1769
1766 2667
1767 1971
1767 7291
1769 1771
1769 1775
1770 7290
1772 7488
1772 7484
1773 1986
1773 4611
1773 1984
1774 4986
1774 4000
1775 7283
1775 7290
1776 3168
1776 3967
1776 4760
1777 1786
1778 7386
1778 5217
1779 3354
1779 3353
1779 4920
1779 3352
1781 6621
1781 5345
1782 3793
1782 4947
1784 4962
1784 7351
1784 4867
1785 5608
1785 7351
1785 5610
1786 4920
1786 5129
1787 3824
1787 3106
1787 3825
1787 6264
1788 2205
1788 3115
1788 6264
1789 3920
1789 3918
1790 5230
1791 1798
1792 1809
1792 1804
1792 1811
1793 1810
1793 1807
1793 1797
1794 1795
1794 1813
1794 1798
1796 1800
1796 1809
1796 1814
1798 1806
1798 5025
1799 1808
1799 1806
1799 1825
1800 1811
1801 1813
1801 1806
1801 1825
1802 1807
1802 1818
1803 1807
1803 3578
1804 1808
1804 1824
1805 1812
1808 1809
1811 6284
1812 1818
1812 1813
1815 1829
1816 1821
1817 1826
1817 1820
1817 1829
1818 1828
1819 1823
1819 1829
1819 1820
1820 1828
1821 3567
1821 2241
1822 1826
1823 1827
1823 1828
1824 1826
1824 1825
1824 6284
1826 1828
1831 1832
1833 1834
1834 1835
1836 1838
1836 4736
1837 1841
1838 7108
1838 1843
1838 1841
1839 6270
1839 1842
1839 1840
1840 4736
1842 4736
1844 1850
1844 1847
1844 1851
1847 1855
1848 1853
1849 2176
1849 7210
1849 7211
1850 1851
1851 1855
1852 3940
1852 1854
1854 1856
1856 2176
1857 2024
1858 1862
1858 1859
1860 2257
1860 1862
1861 7173
1861 7176
1861 7177
1864 1992
1865 1866
1867 3758
1867 4039
1867 4041
1868 2733
1868 2751
1868 1880
1869 5618
1869 7271
1869 1870
1871 3758
1871 2746
1871 1875
1871 2749
1872 2726
1872 1881
1872 6596
1873 2751
1873 2737
1873 1879
1873 2736
1874 2733
1874 2585
1874 1877
1875 2749
1876 6618
1876 6616
1876 2584
1877 4049
1877 4054
1877 4044
1878 2579
1878 4864
1878 6078
1879 1880
1879 3952
1880 2585
1880 2582
1881 2579
1881 2580
1882 5618
1883 5890
1883 6724
1883 6727
1884 5890
1885 5879
1885 6681
1885 6724
1886 1887
1886 6684
1886 6673
1887 1888
1888 2191
1888 2192
1889 2191
1889 2189
1889 1890
1890 6684
1890 5878
1890 6682
1891 7193
1891 3739
1891 4429
1892 1991
1892 7195
1892 1989
1893 1894
1893 1898
1894 1895
1895 3554
1895 1896
1898 2427
1898 7016
1900 1901
1902 1988
1903 5887
1903 1988
1904 5887
1904 6739
1905 6024
1905 3003
1905 6028
1905 6012
1906 1907
1906 5499
1907 1909
1907 4853
1908 7263
1908 2679
1908 2678
1909 4860
1910 6903
1910 6904
1911 5566
1912 1987
1912 5287
1913 4298
1914 5154
1914 5152
1914 4666
1915 5289
1915 4398
1917 1920
1917 1921
1917 1993
1918 3712
1919 3712
1919 1920
1919 2223
1920 1921
1922 1923
1923 1989
1924 5750
1925 2122
1926 2043
1926 2042
1926 2668
1927 1930
1927 1938
1927 1928
1928 1935
1928 1929
1929 1938
1929 1936
1930 1932
1930 1935
1931 1933
1931 3575
1932 1933
1932 1938
1934 4685
1935 1937
1937 4685
1939 6907
1939 1940
1940 1940
1941 1957
1941 1954
1941 1952
1942 1956
1943 1958
1943 1959
1943 1947
1944 1950
1944 1960
1945 1951
1945 3220
1945 4779
1945 4781
1945 3221
1946 1955
1946 1961
1947 3886
1947 1953
1948 1948
1948 1956
1949 3886
1950 1960
1951 4778
1952 1956
1952 1958
1953 3200
1953 1957
1954 1957
1954 3856
1955 1961
1958 1959
1960 3130
1960 1961
1962 5768
1962 1966
1963 1974
1963 1965
1964 1986
1964 5773
1964 1985
1965 7409
1966 5771
1966 3170
1967 4815
1967 4812
1967 7295
1968 1975
1968 7445
1969 1975
1969 7445
1969 1970
1970 3224
1970 3225
1971 7291
1972 4490
1972 5770
1972 3226
1973 7286
1974 3226
1975 4472
1976 1978
1976 5283
1976 1977
1979 1982
1979 2503
1980 5283
1980 5282
1980 1996
1981 4666
1981 3161
1983 1984
1983 4816
1983 1985
1984 7405
1985 4818
1986 5772
1990 1991
1990 7196
1990 7188
1991 3739
1992 7188
1992 5626
1992 7171
1993 2225
1993 2223
1995 5287
1995 1996
1995 5288
1996 5285
1997 7248
1997 4065
1998 2001
1999 2002
2000 2002
2001 3251
2002 3251
2003 2004
2004 2005
2004 2006
2006 2007
2006 2009
2007 2011
2007 2012
2008 2009
2009 2010
2010 2013
2010 2012
2014 6301
2014 2131
2015 4250
2016 2017
2017 4250
2017 4249
2018 3072
2018 3044
2018 3340
2019 2023
2020 3658
2020 3659
2021 2025
2026 4707
2026 7201
2027 2247
2027 2155
2028 2164
2030 2156
2030 2163
2030 2162
2031 3023
2032 3341
2032 2035
2033 2034
2034 4784
2035 4787
2035 4784
2037 3078
2037 4799
2037 4794
2038 2039
2039 2040
2040 3824
2041 2052
2042 2050
2043 5038
2043 2051
2044 2204
2044 2463
2045 7341
2045 2046
2045 2972
2046 2047
2046 7341
2047 2048
2048 2049
2048 2977
2049 2975
2049 2973
2053 3414
2053 2054
2053 7206
2055 2056
2055 7206
2055 7204
2057 2058
2058 4247
2058 4711
2059 2060
2060 2061
2060 4712
2061 2062
2061 2753
2062 2064
2062 3674
2063 2064
2063 4711
2063 4712
2065 2066
2065 4321
2065 2757
2065 2753
2066 3674
2066 2067
2069 3018
2069 3677
2071 2074
2072 2073
2075 7413
2075 2076
2075 2078
2076 2077
2076 5632
2078 5633
2078 7009
2079 5635
2080 2144
2080 5635
2080 5634
2081 2086
2081 2082
2082 2084
2082 2083
2084 2086
2084 2085
2085 2088
2086 2089
2087 4442
2088 2090
2089 2090
2090 2092
2091 2092
2091 4699
2093 5896
2095 2096
2097 2099
2097 4026
2098 2101
2099 2101
2100 2101
2103 2104
2103 6695
2103 2105
2104 2108
2105 2107
2106 2108
2108 2109
2110 6695
2111 4980
2111 7484
2112 3428
2112 3012
2112 2339
2113 2238
2113 2119
2114 2230
2114 4037
2116 4535
2118 2339
2118 2338
2120 2120
2121 4535
2121 2227
2122 3568
2122 5895
2122 3561
2123 2142
2123 6063
2123 2183
2124 2139
2124 2129
2125 6076
2125 7435
2125 5007
2125 2142
2126 2141
2126 2140
2126 2127
2127 2143
2127 5208
2128 2132
2128 7009
2129 2130
2130 2138
2130 2135
2131 7434
2131 6848
2132 2133
2132 7434
2133 2139
2133 2993
2134 2543
2134 6301
2134 2185
2135 2140
2135 2137
2136 6063
2137 2139
2137 2141
2138 2140
2138 2143
2140 2143
2141 5211
2143 5202
2146 2150
2146 2161
2146 2166
2147 3155
2147 3157
2147 2150
2148 3155
2148 5222
2148 5223
2149 6405
2150 2161
2151 2247
2151 2164
2152 2159
2153 2160
2153 2158
2154 2155
2155 2163
2156 2159
2157 2158
2157 4439
2157 2162
2159 2165
2161 2939
2166 7310
2167 3925
2167 5728
2169 7441
2169 2170
2170 3745
2171 2173
2172 2174
2172 6480
2175 6700
2175 2881
2175 2860
2177 6697
2177 2178
2179 4364
2180 6068
2180 2543
2180 5212
2181 2182
2181 2184
2181 2995
2183 2184
2184 2185
2187 7410
2187 7412
2190 2191
2194 6993
2195 5497
2195 3740
2196 5636
2196 2198
2196 2197
2197 4028
2198 4028
2200 2201
2201 2202
2201 2203
2202 5497
2202 2204
2204 2468
2205 3918
2206 2238
2206 2209
2208 2210
2212 5001
2213 7149
2213 2218
2214 3024
2214 2216
2215 3024
2215 3556
2216 7146
2216 4996
2216 4998
2217 4995
2218 7149
2219 7352
2219 2384
2219 2912
2220 3805
2220 2912
2220 2916
2221 4961
2221 3807
2222 3986
2222 5665
2222 5406
2223 2224
2226 5735
2227 4536
2228 2230
2229 2232
2229 2236
2229 4537
2230 4034
2231 4729
2231 4721
2234 2237
2235 2237
2236 4536
2238 6302
2239 2240
2244 7413
2245 2675
2246 2671
2246 2248
2247 2248
2248 2672
2249 2250
2250 2672
2251 3720
2251 3723
2253 3723
2253 5855
2254 3627
2254 3625
2255 5077
2255 5084
2255 2258
2256 6004
2257 4709
2257 7084
2258 2260
2258 7084
2259 2261
2261 5084
2261 5085
2262 2264
2263 2264
2265 5935
2265 5758
2265 5936
2266 5933
2266 4855
2266 3290
2267 7465
2267 5062
2267 5933
2268 5759
2268 3290
2268 7465
2269 2426
2269 5936
2269 2377
2270 3275
2270 3271
2271 2382
2271 6764
2271 6765
2272 4882
2272 3272
2273 4877
2273 4884
2274 2276
2274 3582
2275 3582
2276 4133
2276 4134
2277 4133
2278 2279
2279 2287
2280 4046
2281 2283
2281 4046
2282 3590
2283 3587
2283 3590
2284 3700
2284 2624
2284 3705
2285 3700
2286 2287
2287 3704
2288 2288
2289 3128
2289 4234
2290 3128
2292 6636
2292 3353
2293 6822
2294 3545
2294 2295
2294 2555
2295 2299
2295 2554
2296 2425
2297 3544
2298 3545
2298 2425
2298 2553
2299 2300
2299 2301
2300 2527
2300 7276
2301 7277
2301 2423
2302 2307
2302 7301
2302 2305
2303 4850
2303 4824
2303 7301
2304 7301
2305 4828
2305 4824
2306 4828
2306 4827
2306 7398
2307 2422
2308 2422
2308 2308
2309 2310
2310 2314
2310 3525
2310 3524
2311 2313
2311 2314
2311 2312
2312 2314
2312 3522
2313 2315
2313 2317
2315 2316
2316 2318
2316 2321
2317 2321
2317 3502
2318 6688
2318 3498
2319 2321
2319 2320
2319 3495
2320 3498
2320 2322
2323 2324
2325 2326
2325 2327
2325 5178
2326 2327
2326 5164
2328 2329
2328 4348
2328 2903
2329 5181
2330 4350
2330 2335
2331 2332
2332 2333
2332 7372
2333 5187
2333 2336
2334 4350
2334 3641
2334 5185
2335 4347
2335 4349
2335 3888
2336 6304
2336 3888
2337 2339
2337 2338
2338 3201
2341 2342
2341 3497
2342 3496
2343 2347
2343 2344
2345 2346
2346 2347
2347 4812
2348 5773
2348 4817
2348 4814
2349 7300
2349 4822
2349 7400
2350 2352
2351 4821
2351 7400
2351 2352
2352 4821
2353 7401
2354 2355
2354 4819
2355 4816
2355 7404
2355 7401
2356 7411
2357 5251
2357 2358
2357 5249
2358 4658
2358 3380
2358 2417
2359 4001
2359 4114
2360 4114
2361 2507
2362 2364
2362 2363
2362 2662
2364 2649
2365 2367
2365 2650
2366 2367
2366 2648
2366 2637
2367 2660
2368 2369
2368 3978
2368 3981
2370 7311
2370 3278
2370 2371
2371 7311
2371 7337
2372 2403
2372 6152
2372 5307
2373 3278
2373 3592
2374 5605
2374 5604
2374 2376
2375 5942
2375 2376
2375 3595
2376 4124
2377 5063
2377 7312
2377 3595
2378 3021
2378 2379
2379 6011
2379 4097
2380 3022
2380 3021
2381 3264
2381 7460
2382 5602
2382 2383
2383 6047
2383 5603
2384 2388
2384 2387
2385 2386
2385 5912
2386 2387
2386 6536
2387 2389
2388 6581
2388 6578
2389 6286
2389 6580
2389 6581
2391 2392
2391 3057
2393 2395
2393 5050
2394 5050
2395 2396
2397 4868
2397 4183
2398 2399
2398 5624
2399 2400
2400 2595
2400 2401
2400 2594
2401 4183
2401 5624
2402 6031
2402 4179
2403 4861
2403 7337
2404 2405
2404 5356
2405 6246
2406 2407
2407 5358
2408 5356
2408 5358
2409 3022
2410 4441
2411 3873
2412 3871
2414 4026
2414 2416
2415 5073
2415 2463
2415 2420
2416 5073
2416 2421
2417 3386
2418 6019
2418 3384
2419 4713
2419 2420
2420 4714
2423 7278
2423 3540
2424 4836
2424 2425
2425 3544
2426 6762
2428 2429
2428 3736
2430 2927
2431 2927
2431 2929
2432 2433
2433 7486
2433 6769
2434 7372
2434 4978
2435 4974
2435 4972
2435 5277
2436 2444
2436 7342
2437 2439
2438 2441
2439 2445
2440 3539
2440 2444
2441 2442
2444 7343
2445 2446
2447 2449
2450 2453
2450 2451
2452 2458
2453 2455
2453 2454
2455 2460
2455 2456
2457 2458
2458 2463
2459 2460
2460 2461
2461 2981
2461 2464
2462 2468
2462 2469
2465 2466
2465 2469
2466 2467
2466 2982
2468 2469
2470 2478
2470 3020
2470 6785
2471 2473
2471 2479
2471 6784
2472 2803
2472 6784
2472 6785
2473 2474
2473 7065
2474 2475
2474 2480
2475 2480
2475 2476
2476 2477
2480 2958
2481 2482
2481 2958
2481 2484
2483 2802
2486 4291
2486 3007
2486 4117
2486 3987
2487 7335
2487 5783
2487 7327
2488 2489
2489 2492
2489 2490
2491 2492
2492 7026
2495 2496
2496 6277
2497 6879
2498 5958
2499 2501
2500 4007
2500 7431
2500 7433
2503 3159
2504 7436
2504 3410
2505 2506
2507 3726
2507 4528
2508 2509
2510 7130
2510 4730
2510 2511
2511 4722
2511 7131
2512 4326
2512 2513
2512 6876
2515 2517
2516 5391
2516 3531
2516 3541
2517 2519
2517 2518
2519 2520
2519 7304
2520 2521
2520 3533
2521 2522
2521 5391
2522 2524
2522 2523
2523 2524
2524 7303
2525 2526
2526 2527
2526 7277
2526 2528
2527 7277
2529 7324
2529 7321
2529 2531
2530 3313
2530 3311
2530 5551
2531 3315
2531 3313
2532 4175
2532 2578
2534 5005
2534 5006
2534 4897
2535 2537
2535 4898
2535 5005
2536 5192
2536 5191
2536 5005
2537 5192
2537 2539
2538 5203
2539 4869
2539 4898
2540 2541
2540 4869
2542 5214
2542 5211
2542 4902
2543 6300
2544 6076
2544 6053
2545 6053
2545 4362
2546 3256
2546 4078
2547 5044
2547 5045
2547 3194
2548 3197
2549 3198
2549 2550
2552 4405
2552 4404
2556 2563
2556 2562
2556 3406
2557 2564
2557 2561
2557 2569
2558 2570
2558 2569
2558 2559
2559 2572
2559 2566
2560 2569
2561 2571
2561 2567
2562 2567
2562 2564
2563 2567
2564 2570
2565 2566
2566 2568
2568 2570
2568 3409
2573 4030
2573 4374
2574 6766
2574 2575
2575 2577
2576 2577
2577 2578
2578 6940
2579 4865
2580 6612
2580 4865
2580 2581
2581 6596
2581 2582
2581 6614
2582 4866
2582 6594
2583 4049
2583 4047
2583 4040
2584 6619
2584 2585
2585 4044
2586 2737
2587 6882
2587 2589
2587 2588
2588 2594
2588 6882
2589 2592
2589 2591
2590 2595
2591 2592
2591 2594
2591 2597
2592 2593
2592 2596
2594 2598
2595 6757
2596 2597
2596 2599
2597 2598
2597 2600
2598 2600
2599 2600
2599 2601
2602 6034
2602 2604
2603 2605
2606 2608
2607 7366
2607 2611
2608 4261
2609 2612
2610 7451
2610 7447
2610 5200
2613 5349
2613 6562
2614 2615
2614 7316
2614 3818
2616 2825
2616 7315
2616 7314
2617 2618
2618 2619
2618 4692
2619 4186
2619 4748
2620 2623
2621 5756
2622 2623
2623 5756
2624 2724
2625 2626
2626 7472
2627 6256
2628 6256
2629 2630
2631 5654
2631 5660
2632 2648
2632 2643
2633 2640
2633 2639
2633 2647
2634 2646
2634 4649
2634 2638
2635 2642
2635 2648
2635 2639
2636 4651
2637 2649
2637 2638
2638 2649
2638 2640
2639 2647
2640 4647
2641 2649
2642 2643
2642 2644
2643 2644
2644 2645
2645 2647
2645 4647
2652 2653
2653 2655
2654 2710
2656 2657
2657 2658
2658 5803
2658 7335
2659 5790
2659 2710
2661 4000
2661 3999
2663 2664
2663 3460
2663 6863
2664 7505
2664 3645
2664 2666
2665 4454
2665 6863
2665 6862
2667 7288
2669 2670
2671 2672
2673 5894
2674 4037
2674 5894
2676 2682
2676 2999
2676 3005
2676 2997
2677 2681
2677 2678
2677 2679
2678 2681
2679 6028
2681 2997
2682 6013
2683 5625
2684 5819
2684 2686
2684 4617
2684 5788
2685 7334
2685 2687
2685 5796
2686 4620
2686 5789
2687 4619
2687 4635
2687 4624
2688 2691
2688 4621
2688 5798
2688 3604
2689 4620
2689 4625
2689 2697
2690 4625
2690 4626
2690 4632
2691 5794
2691 4627
2692 5818
2692 5802
2692 4633
2693 5802
2693 4635
2693 2700
2694 4644
2694 4634
2694 4632
2694 4638
2695 4626
2695 4638
2695 5800
2696 4640
2696 4642
2696 5800
2697 2698
2697 5789
2697 5785
2698 2706
2698 2699
2699 2701
2699 5784
2700 5809
2700 4646
2701 2702
2701 5801
2701 5790
2702 5810
2702 5805
2702 4642
2703 5806
2703 5805
2703 5808
2704 2706
2704 5789
2704 2710
2705 5812
2705 5806
2705 4646
2706 5790
2707 2711
2708 5810
2708 5790
2708 2709
2709 2711
2709 5811
2710 5787
2711 2712
2712 2714
2712 5812
2713 2714
2717 6779
2718 3990
2718 7039
2719 2720
2719 2721
2720 5870
2720 2721
2721 2722
2722 5872
2722 7039
2723 4659
2724 2725
2725 4866
2725 2726
2726 6594
2727 3752
2727 5592
2727 3754
2728 2747
2728 2745
2728 2740
2729 2749
2729 7271
2729 2747
2730 2736
2730 7349
2730 3953
2731 3751
2731 5326
2731 2732
2731 5595
2732 7349
2732 4057
2732 5595
2733 2735
2734 5579
2734 2742
2734 2739
2735 4054
2735 4057
2735 5595
2736 4109
2737 4057
2738 4864
2738 6604
2738 3759
2739 2750
2739 5577
2740 7271
2740 2742
2741 5584
2741 3750
2741 6881
2742 5580
2743 2744
2743 2748
2743 2745
2744 2748
2744 3749
2744 5593
2744 3756
2746 3759
2746 4863
2748 2750
2749 7271
2750 5576
2751 4057
2752 2753
2753 3674
2754 4325
2754 4254
2755 2759
2755 5574
2755 2757
2756 4325
2757 2758
2760 6277
2761 4344
2762 4332
2762 6876
2762 5427
2763 2765
2763 2764
2764 5448
2764 6869
2765 2766
2766 5442
2766 5448
2768 2769
2769 2770
2770 2771
2770 6471
2770 2772
2771 2842
2771 2772
2772 2774
2773 2775
2773 2777
2773 2839
2774 2776
2774 2778
2775 2776
2775 2777
2776 2778
2777 2779
2778 2880
2779 2870
2779 2838
2780 6457
2780 2782
2780 2784
2781 2783
2781 6364
2781 2782
2782 2784
2783 2787
2783 2785
2784 2786
2785 2791
2785 2787
2786 2788
2786 2883
2787 2788
2788 2883
2789 2791
2789 2789
2790 2799
2790 2792
2791 2882
2792 2799
2792 5417
2793 5413
2794 2797
2795 2797
2796 2797
2796 5666
2798 5411
2798 2801
2799 5425
2802 2803
2804 2821
2804 2814
2805 2820
2805 2819
2805 4257
2806 2822
2807 2822
2807 2809
2807 2818
2808 2818
2808 2816
2808 2811
2810 2814
2811 2823
2811 4256
2812 5150
2812 2816
2812 4255
2812 2821
2813 4751
2813 4256
2813 4258
2814 2818
2815 2823
2815 2820
2815 7369
2816 2819
2817 4257
2817 4255
2818 4256
2819 4255
2820 7370
2822 7061
2823 4258
2824 7369
2824 7367
2824 7370
2825 7317
2825 2826
2826 7314
2826 2827
2828 2829
2829 2830
2830 2831
2832 2879
2833 6469
2833 2896
2833 6473
2834 2884
2834 2881
2834 2840
2835 2873
2836 2857
2837 2881
2838 2838
2839 2842
2839 2896
2841 2841
2841 2844
2842 2896
2843 2859
2844 6749
2845 2870
2845 6365
2845 6346
2846 2860
2846 6659
2846 2862
2847 2877
2847 5952
2847 2869
2848 6648
2848 5956
2848 6650
2849 2873
2849 2854
2849 2864
2850 2868
2850 2900
2850 2878
2851 6747
2851 6668
2851 2879
2852 6702
2853 2891
2853 2885
2853 2894
2854 5123
2854 2873
2855 2871
2856 2878
2856 2901
2857 2893
2857 2879
2858 2900
2859 2877
2860 6702
2863 6650
2864 5123
2864 6453
2865 6657
2865 6653
2865 2872
2866 2882
2866 2887
2866 2886
2867 2874
2869 6668
2869 5956
2870 6358
2871 2890
2874 2876
2874 2880
2875 5952
2878 7027
2880 5123
2882 6699
2883 6458
2884 2888
2885 2892
2889 3905
2889 3908
2890 4237
2891 2895
2891 2892
2894 2895
2894 2901
2895 5122
2897 4238
2898 2900
2902 2907
2903 2910
2903 2909
2904 6689
2904 2911
2904 2926
2905 6689
2906 2918
2906 3500
2906 2907
2907 2917
2908 5178
2908 2910
2908 5181
2909 2926
2909 5184
2910 2917
2910 2923
2912 5921
2913 2914
2913 5921
2913 2915
2914 4199
2914 2915
2915 7318
2916 5354
2916 4961
2917 2921
2918 2920
2918 2919
2921 2922
2921 2923
2923 2924
2923 5183
2925 2926
2927 2928
2930 2931
2931 2932
2932 2934
2932 2933
2934 2935
2936 3143
2936 3133
2936 3145
2937 2939
2938 2939
2939 2940
2940 3150
2940 2947
2941 2944
2942 2945
2943 2947
2944 2945
2944 3154
2945 2947
2946 3477
2946 4148
2946 6273
2948 5011
2948 3154
2949 2950
2950 3424
2950 5232
2951 6201
2951 2952
2954 2958
2955 2958
2956 2957
2960 7282
2960 7286
2960 7287
2961 2963
2961 2967
2962 2965
2962 7287
2962 7293
2964 2966
2965 2966
2967 5769
2968 7283
2968 7293
2968 5164
2969 3885
2970 2975
2970 2971
2970 2986
2972 2981
2973 2975
2973 4320
2974 2988
2974 2978
2974 2980
2975 2986
2976 2983
2976 2979
2976 2984
2981 2982
2984 6335
2985 2988
2986 2987
2988 6781
2988 6782
2989 3019
2989 3970
2989 4025
2990 2991
2991 6744
2992 3978
2992 6240
2992 3379
2992 3986
2993 2993
2994 2995
2995 5197
2995 6065
2996 4366
2996 3001
2996 7436
2997 3004
2998 3002
2998 7348
2999 4230
2999 4229
2999 4759
3000 3006
3001 4365
3001 4361
3002 4156
3002 6011
3003 6011
3003 3005
3005 6024
3006 7346
3007 3399
3008 7150
3008 3009
3009 6234
3009 5650
3009 7442
3010 3374
3010 5650
3010 3011
3011 3375
3011 3376
3012 3014
3013 3014
3014 3015
3015 3466
3016 6909
3016 3613
3016 5275
3017 3019
3018 4025
3018 3019
3019 5336
3021 3022
3023 4203
3025 7140
3026 7139
3026 3027
3026 4060
3027 7146
3027 4060
3028 3036
3028 3421
3029 3030
3030 3031
3030 4147
3031 3034
3031 3035
3037 3040
3037 5926
3037 3038
3038 3039
3038 3041
3039 3041
3040 3043
3041 3042
3042 3337
3042 6137
3043 3337
3044 3046
3045 3203
3045 3056
3046 5161
3046 3048
3047 5161
3047 3049
3047 3050
3048 3051
3048 3050
3050 3052
3051 3052
3051 3053
3052 3055
3053 3054
3053 6260
3057 3059
3057 3058
3058 3061
3059 3060
3060 3061
3061 3065
3062 3063
3063 3064
3063 5156
3066 3067
3067 3068
3068 3069
3070 3071
3072 3341
3072 6262
3073 6262
3073 4791
3073 4747
3074 3081
3074 4803
3074 4798
3075 3079
3076 3082
3076 4803
3076 4806
3077 3088
3077 3079
3077 3081
3078 3114
3078 3080
3079 3080
3080 3085
3081 3082
3082 3083
3083 3084
3083 3086
3085 3089
3085 3091
3086 3090
3086 3092
3087 3093
3087 3096
3087 4806
3088 3095
3088 3098
3089 3091
3089 3094
3090 3099
3090 3093
3091 3094
3092 3099
3092 3098
3093 3097
3094 3095
3095 3100
3096 3097
3096 5929
3097 3104
3098 3112
3099 3105
3100 3102
3100 3101
3101 3105
3101 3112
3103 3104
3104 3107
3104 3108
3105 6263
3106 3109
3106 5929
3107 3109
3107 3110
3109 6263
3111 6263
3112 3113
3114 3116
3114 6751
3116 3117
3116 3118
3117 3118
3117 5229
3118 3119
3119 3920
3120 3122
3120 3318
3121 6628
3121 6622
3121 3122
3121 6629
3122 4104
3123 4925
3124 5753
3125 5750
3126 3127
3129 3130
3129 6303
3130 3459
3131 3145
3131 3132
3132 3137
3132 3136
3133 3147
3133 3134
3134 3136
3134 3135
3136 3141
3137 3140
3137 3138
3138 3153
3139 3140
3140 3141
3141 3142
3143 3146
3143 3144
3144 3148
3144 3147
3145 3146
3146 3150
3147 6303
3148 3149
3148 3150
3150 3151
3152 3153
3152 5537
3155 3156
3156 3157
3158 5476
3158 5162
3158 5163
3160 5153
3161 7061
3161 5153
3162 3164
3162 3165
3162 3166
3162 3163
3163 3166
3163 7061
3166 3167
3168 3377
3168 5651
3169 3170
3169 3169
3170 3171
3172 3173
3174 3501
3174 3493
3175 3501
3175 3502
3175 3176
3177 3180
3177 3178
3177 5393
3178 3179
3179 4109
3179 5851
3180 4315
3180 3184
3181 3183
3181 3901
3182 3185
3182 3901
3182 3890
3182 4315
3183 6753
3183 3901
3185 3186
3187 5228
3188 6634
3188 5343
3189 3194
3189 5042
3189 3190
3190 3192
3190 5043
3191 3193
3191 5044
3192 5043
3192 3193
3194 5042
3195 5042
3196 3197
3196 3198
3198 3199
3200 3201
3201 6304
3202 6770
3205 3207
3205 3206
3205 3209
3208 3209
3209 3210
3210 3479
3211 3480
3211 3479
3211 3478
3212 4695
3212 4453
3213 3223
3214 3223
3214 3600
3214 3222
3215 5779
3215 5804
3215 4619
3216 3217
3216 5779
3216 5813
3217 3399
3218 3219
3219 3220
3219 4781
3220 4781
3221 4781
3222 3223
3224 7338
3225 3227
3225 4473
3226 3227
3227 3228
3228 4472
3229 4611
3229 7407
3229 4013
3230 4677
3230 4676
3231 5332
3233 3234
3233 3236
3233 3235
3234 3237
3235 3236
3235 3238
3236 3238
3236 3237
3237 3239
3238 3239
3239 3240
3241 5059
3241 4076
3241 3242
3245 3248
3245 5359
3245 3247
3246 3260
3246 3257
3246 4885
3247 3249
3248 3260
3248 3249
3252 5719
3253 3254
3254 3255
3256 4079
3256 3262
3257 3258
3258 5359
3258 3260
3259 3261
3260 5132
3261 4215
3261 3840
3262 4885
3262 4876
3263 4885
3263 3265
3264 5132
3265 4886
3265 3273
3266 3268
3266 4876
3266 3267
3266 4877
3267 3269
3267 3270
3268 4880
3268 4878
3268 3270
3269 3271
3270 3272
3272 4881
3273 6763
3274 3274
3275 6763
3275 4883
3275 5062
3276 4881
3276 4890
3276 4882
3277 4883
3277 7463
3277 7464
3278 7397
3279 7463
3279 4890
3279 3280
3280 7466
3280 4888
3281 4892
3281 3283
3281 3282
3282 4086
3282 3284
3283 3285
3283 4893
3284 4222
3284 3285
3285 3286
3286 4894
3286 6586
3287 4139
3287 4087
3288 4222
3288 6586
3288 4938
3289 4231
3289 3291
3289 4145
3289 4232
3290 4854
3291 3293
3291 4220
3292 4220
3292 3295
3292 3293
3293 4233
3294 3297
3294 5931
3294 4087
3295 3300
3295 4942
3296 4859
3296 5931
3296 4896
3297 3298
3297 3299
3297 4216
3298 3301
3298 3300
3299 3301
3299 3304
3299 4896
3300 3302
3301 3302
3302 3303
3303 3331
3304 4895
3304 6796
3305 4950
3305 4953
3306 3307
3306 5552
3306 5550
3307 3308
3307 3311
3308 3312
3308 3309
3309 3310
3309 5552
3310 3312
3311 3312
3312 3314
3313 3314
3314 3315
3316 3318
3317 6297
3317 3320
3319 7376
3321 3324
3322 3325
3323 3324
3324 3326
3325 3329
3325 3327
3326 3328
3326 7379
3328 3330
3329 7355
3331 4944
3332 7312
3332 4123
3332 5064
3333 6796
3333 4123
3333 6795
3333 4949
3334 5909
3335 3922
3336 5926
3337 3338
3338 5157
3339 6137
3339 7270
3339 3340
3340 5157
3341 3342
3343 4783
3344 6750
3344 3345
3346 7323
3346 3348
3347 3349
3348 7326
3348 7325
3349 7325
3349 3350
3350 7324
3350 7374
3351 7322
3353 6386
3355 5669
3355 6844
3355 6847
3356 3357
3356 3359
3357 3358
3357 6839
3358 6369
3358 6845
3359 6845
3360 6466
3360 6461
3362 3365
3362 6055
3363 3367
3364 3368
3365 3366
3365 3370
3366 3367
3366 3370
3367 3368
3367 3372
3368 3369
3368 3373
3370 3371
3374 3375
3374 3378
3375 3376
3376 5651
3377 3378
3377 7019
3378 7165
3378 3379
3379 7158
3379 3977
3380 3382
3380 4657
3381 3382
3382 7275
3382 6144
3383 5251
3383 3389
3383 3386
3384 3387
3384 6019
3385 3391
3385 3387
3385 4994
3387 3390
3388 3389
3388 3394
3388 3390
3389 3395
3390 3391
3390 4306
3390 3392
3391 3393
3392 3393
3392 3394
3393 5252
3394 3395
3395 5252
3396 3963
3396 6838
3397 5249
3399 3987
3400 3401
3400 4826
3400 6922
3402 3405
3403 3405
3403 4094
3403 3408
3404 3408
3405 3409
3406 3407
3407 3409
3407 3408
3411 3612
3411 3412
3412 3413
3413 3610
3414 3416
3415 3416
3416 3417
3418 5731
3419 3427
3419 3421
3419 7209
3420 3424
3422 5735
3423 3426
3426 4208
3428 3429
3428 3457
3428 4660
3429 4661
3429 3430
3430 3431
3430 3437
3430 3432
3431 3432
3431 3438
3432 3467
3432 3438
3433 3435
3433 3448
3433 3434
3434 3445
3435 3436
3435 3446
3436 3440
3436 3443
3437 3441
3437 3439
3438 3457
3439 3440
3439 3447
3440 3450
3440 3442
3441 3447
3441 4756
3442 3443
3442 3451
3443 3444
3444 3446
3444 3452
3445 3449
3446 3448
3447 3450
3447 3453
3448 3449
3449 3454
3450 3453
3450 3451
3451 3455
3451 3452
3452 3456
3452 3454
3453 3455
3454 3456
3455 3456
3457 7455
3457 3467
3458 3477
3459 3460
3459 3462
3460 3461
3461 3462
3461 3463
3462 3463
3463 3465
3464 3465
3465 3472
3466 3469
3466 3470
3467 3471
3468 3473
3469 3471
3469 3470
3470 3477
3471 7455
3472 3475
3473 3475
3473 3474
3475 3476
3476 3479
3476 3478
3480 3481
3482 5223
3484 7437
3485 3486
3487 3488
3488 3489
3488 3856
3490 7273
3491 7444
3491 5390
3492 3493
3493 3495
3494 3496
3495 3498
3499 3503
3499 3504
3499 7294
3500 6688
3500 3527
3501 3505
3502 3509
3503 3507
3504 3504
3506 3508
3507 3513
3508 3516
3508 3515
3509 3511
3509 3512
3510 7294
3510 3523
3510 7296
3511 3513
3511 3522
3513 3517
3514 5379
3514 5375
3514 3521
3515 3518
3515 3516
3517 3519
3519 3524
3520 5367
3520 5379
3521 3678
3522 3524
3523 3524
3527 3535
3528 5375
3528 5378
3529 5364
3529 5380
3529 5373
3530 3533
3530 3532
3531 5392
3531 5380
3532 5392
3532 3533
3534 3536
3535 3536
3535 3537
3536 3538
3537 3538
3537 3539
3538 7343
3540 4848
3540 3544
3541 5390
3541 5381
3542 5381
3542 3543
3542 7342
3543 6916
3543 5382
3544 3545
3546 3552
3547 3553
3547 3549
3548 3550
3549 3553
3551 4023
3554 3555
3557 3558
3559 3563
3559 3561
3560 3561
3560 3568
3564 3570
3565 3569
3566 3567
3569 3570
3571 3572
3573 3574
3575 3577
3576 5216
3578 4346
3579 3580
3582 4132
3583 3584
3584 7309
3584 3585
3585 7309
3585 3701
3585 3586
3586 3703
3587 3588
3589 3590
3591 4107
3591 4108
3592 3594
3592 3593
3593 4126
3593 3764
3593 5763
3594 4126
3594 4129
3595 6762
3595 6850
3597 3602
3598 3603
3599 3601
3600 5804
3600 5791
3601 3604
3601 5824
3601 5822
3602 5791
3602 3603
3602 5796
3603 5824
3604 5797
3604 5777
3605 5747
3606 3607
3608 5745
3608 5748
3609 3610
3612 5275
3612 3614
3613 3707
3613 3618
3614 3622
3614 3620
3615 3616
3615 3707
3615 5275
3616 3620
3616 3619
3617 6909
3620 3621
3621 3623
3621 3624
3622 3625
3624 3625
3624 3626
3627 3629
3627 3628
3629 3631
3630 3632
3631 6199
3632 3634
3633 3634
3636 5300
3637 5300
3637 6822
3638 3639
3638 6636
3639 6767
3639 3640
3640 6767
3641 5187
3641 3642
3643 6306
3643 7371
3644 3645
3645 4300
3646 3647
3646 3649
3646 3648
3647 3651
3647 3650
3649 3653
3649 3655
3650 3652
3650 3653
3652 3654
3652 3656
3653 3654
3654 3657
3655 3655
3656 4527
3658 3664
3659 3660
3659 3661
3660 3662
3660 3665
3662 3667
3662 3663
3663 3671
3666 3668
3666 6672
3669 6672
3669 3670
3669 3672
3674 3676
3678 3679
3680 6911
3680 7276
3681 3682
3682 3687
3683 3885
3683 3685
3683 3884
3684 3685
3684 3686
3684 3884
3685 3689
3686 3688
3686 3691
3687 3885
3688 3692
3688 3689
3689 3693
3690 3694
3691 3692
3691 3695
3692 3693
3692 7281
3693 3696
3694 4489
3697 7281
3698 5768
3699 3700
3704 7309
3706 3707
3708 3709
3710 3711
3713 4998
3713 3714
3716 3717
3720 3721
3722 3724
3723 3724
3724 3725
3726 3727
3728 3729
3729 3731
3729 3730
3732 3733
3733 3950
3734 3735
3735 3737
3735 3736
3736 7017
3738 3739
3740 3741
3743 7440
3744 3926
3745 7439
3746 4471
3747 3748
3748 4108
3748 3952
3749 3750
3749 5592
3750 3752
3750 5584
3751 4056
3751 3753
3752 3753
3753 3754
3754 4056
3755 3756
3755 5584
3755 6755
3756 5576
3757 4043
3757 5601
3757 5598
3757 5593
3758 4038
3758 5601
3759 6078
3759 4038
3760 4863
3760 6078
3761 7397
3762 3763
3763 5766
3764 5766
3764 5764
3765 3766
3768 3769
3769 3779
3770 3771
3772 3773
3774 3777
3775 3779
3776 3778
3777 3778
3778 3779
3780 3782
3781 3782
3783 3784
3785 3787
3785 5145
3786 5495
3786 5145
3787 3788
3788 5495
3789 5494
3789 5495
3790 3791
3792 6297
3793 6531
3793 3794
3795 4367
3795 3797
3795 3800
3796 4914
3796 4461
3796 3798
3797 4960
3797 3799
3798 5607
3798 5608
3798 4462
3799 3804
3799 3806
3800 3802
3800 3805
3801 3804
3801 3803
3801 3802
3802 3805
3803 3803
3804 3806
3806 4961
3807 4470
3808 4470
3808 5047
3808 6567
3809 5048
3809 6560
3809 3816
3809 6568
3810 3812
3810 4052
3811 6564
3811 4121
3812 3815
3812 4867
3813 4121
3813 5017
3813 5016
3814 6563
3814 5017
3814 5020
3817 3821
3818 5349
3818 3819
3820 5024
3821 3823
3821 3822
3826 3827
3826 5528
3826 3828
3827 3828
3827 5522
3828 5525
3829 5525
3831 3832
3833 6887
3833 3836
3834 3836
3834 3835
3834 6887
3835 3836
3835 4215
3837 3839
3837 3838
3839 3840
3841 3842
3842 6637
3842 6939
3844 5357
3844 6176
3844 6175
3845 3847
3845 3846
3845 5357
3846 3848
3846 3847
3847 3849
3848 3849
3848 3854
3849 3854
3850 3852
3851 3852
3852 3853
3853 3855
3853 3854
3857 3859
3857 3860
3857 3864
3858 3860
3859 3864
3860 3862
3862 3865
3862 3863
3867 4009
3867 3868
3870 3876
3871 4691
3872 4690
3873 3874
3875 3876
3877 4010
3877 3878
3877 7183
3878 3880
3878 3879
3879 6958
3879 6957
3881 3882
3882 3884
3882 3883
3885 7285
3886 3887
3887 6817
3888 7274
3889 3890
3890 3893
3891 3894
3892 3893
3894 5394
3896 3898
3896 5521
3896 3897
3897 3898
3897 3899
3898 3899
3899 3900
3900 5071
3900 5069
3902 4988
3903 4992
3903 4990
3903 4988
3904 4992
3904 4993
3904 5249
3905 3906
3906 5120
3906 3908
3907 3909
3909 3910
3911 5120
3911 3912
3914 3915
3915 5829
3916 3917
3917 3919
3917 3918
3920 3921
3922 3923
3924 6273
3925 3926
3926 3931
3927 3929
3928 3929
3928 3932
3929 3930
3933 3935
3934 3935
3934 6936
3935 6859
3936 4365
3936 5846
3936 3937
3937 4366
3938 3940
3939 3947
3941 6853
3941 4599
3941 6920
3942 6854
3942 3943
3943 3945
3943 3944
3944 3945
3944 4609
3945 3946
3946 4657
3946 4609
3947 5948
3948 3950
3948 3949
3949 3951
3950 3951
3952 4866
3953 4693
3954 3955
3954 3956
3955 3957
3955 3956
3956 4360
3957 3957
3958 4360
3958 4111
3959 6837
3959 4012
3960 6836
3960 4577
3960 3961
3961 4578
3961 7402
3962 4596
3962 4604
3962 6852
3963 4608
3965 3966
3967 5653
3967 7145
3968 7137
3969 3970
3969 6188
3970 3971
3972 7160
3972 3973
3972 7164
3973 7150
3974 7160
3974 3975
3975 5215
3975 3976
3977 7163
3978 3979
3978 3980
3982 6235
3982 3983
3982 6239
3983 3984
3983 3985
3985 4770
3986 7169
3987 4606
3987 4607
3988 6775
3989 6779
3989 3990
3989 7040
3990 3991
3991 4276
3991 3992
3992 3993
3993 3994
3994 3995
3995 4003
3996 5121
3997 3998
3997 4001
3998 4648
3998 4653
3998 6776
3999 6776
3999 4000
4000 4607
4001 4294
4002 7024
4002 4008
4003 7008
4003 4008
4004 4276
4004 4005
4004 5869
4005 5015
4005 4006
4006 7427
4006 7418
4007 7427
4007 4008
4009 7138
4009 7308
4010 7187
4011 7185
4012 7405
4013 7405
4013 6857
4014 4015
4014 6257
4014 4763
4015 5662
4015 4018
4016 4018
4016 4017
4017 4018
4017 5665
4019 4020
4020 4021
4021 4022
4023 4024
4023 7276
4026 6177
4027 4028
4027 6177
4029 7178
4029 7173
4029 7180
4030 4032
4031 7223
4031 4032
4032 4378
4033 4175
4034 4035
4035 4036
4036 4037
4038 4039
4039 4040
4039 6598
4040 4044
4040 4865
4041 5600
4041 4042
4042 4047
4042 4048
4043 5600
4043 4048
4044 6606
4045 4046
4047 4050
4048 4050
4048 5598
4049 4051
4050 4051
4050 5327
4051 5599
4052 4053
4053 4055
4054 5599
4054 5594
4056 5594
4058 4059
4060 6230
4061 5305
4061 5306
4061 4062
4062 6046
4062 7337
4063 4064
4065 4068
4065 4067
4066 4235
4066 6333
4066 5355
4067 4069
4067 4228
4070 6174
4070 4079
4071 4073
4071 4072
4071 5357
4072 4074
4073 4075
4073 4074
4075 4081
4075 4077
4076 4082
4078 4078
4079 4080
4080 4081
4081 5359
4083 5760
4083 4084
4084 7396
4084 7457
4085 4875
4085 7459
4085 7396
4086 4891
4086 4213
4087 6793
4088 4166
4088 5548
4089 4090
4091 4093
4093 6199
4095 6904
4096 7347
4097 7347
4097 5625
4098 5566
4098 7263
4098 7260
4100 6632
4100 7475
4101 7357
4101 6632
4101 7383
4102 6631
4102 7358
4102 7383
4103 6631
4103 7382
4105 6630
4105 7381
4106 6630
4106 7381
4108 4109
4110 4111
4110 5573
4110 5572
4111 5394
4112 4113
4112 4294
4112 4115
4113 4114
4113 4115
4115 4116
4117 4291
4117 5783
4118 6246
4118 4119
4120 4122
4120 5024
4120 5018
4120 5016
4121 5351
4122 5351
4122 5019
4123 4373
4124 4130
4124 4125
4125 4126
4125 4131
4127 5942
4127 5940
4127 4128
4128 4131
4128 4129
4128 4130
4129 5940
4130 4131
4132 4135
4133 4134
4134 4135
4136 4139
4136 4137
4137 4141
4137 4138
4138 4143
4138 4140
4139 4141
4140 4144
4140 4142
4141 4143
4142 4145
4143 4214
4144 4145
4144 4214
4146 4147
4149 7240
4149 5571
4149 4150
4150 4151
4150 4152
4151 4155
4151 4158
4152 4153
4153 4157
4154 4155
4155 4158
4156 4159
4157 5561
4157 4158
4159 4160
4161 4163
4161 4162
4162 4163
4163 4166
4163 5549
4164 7348
4164 4167
4165 4166
4166 4289
4168 6119
4168 5506
4169 6116
4169 5533
4169 4171
4170 5506
4172 6094
4172 5504
4173 6937
4173 6947
4173 4176
4174 6946
4174 4177
4174 6947
4175 6950
4176 6880
4176 4177
4177 6880
4178 6880
4180 4188
4180 4184
4180 4182
4181 4224
4181 4769
4183 4188
4184 4186
4184 5624
4185 7266
4185 7265
4186 5346
4187 4188
4189 4196
4189 6583
4189 6534
4190 4930
4190 6887
4191 4934
4191 4219
4191 4213
4192 4195
4193 4195
4194 6886
4194 7357
4195 6886
4196 4196
4197 4199
4198 4201
4200 4202
4201 4202
4203 4770
4204 7272
4204 4774
4204 4205
4204 4775
4205 4916
4205 5342
4206 5727
4207 5976
4207 4208
4209 4210
4209 5725
4210 5976
4211 4212
4212 4435
4213 4936
4213 4222
4214 4216
4216 4220
4217 4218
4218 4219
4218 4221
4219 4221
4223 4227
4223 4226
4224 4225
4224 4769
4225 4226
4227 4769
4228 4861
4231 6586
4231 4232
4232 4233
4233 6585
4234 4235
4234 6332
4235 4236
4237 4239
4237 4238
4238 4239
4239 4240
4240 4241
4243 4244
4245 4246
4246 5089
4248 4250
4251 4254
4252 4253
4253 4254
4253 5574
4255 4257
4256 4258
4259 7474
4259 4260
4260 4264
4261 7364
4262 4409
4262 6406
4262 4408
4263 7365
4263 7366
4263 5218
4264 7364
4264 7365
4265 4268
4266 4272
4266 4408
4267 4271
4267 4270
4268 4270
4268 4269
4272 4273
4274 4275
4274 4410
4277 5876
4277 4280
4277 4283
4278 4282
4278 4280
4278 4281
4279 6709
4279 6712
4279 5877
4280 7078
4281 5877
4281 4282
4282 4284
4283 4285
4284 7078
4284 4286
4286 4288
4286 4287
4290 4291
4290 4293
4290 4614
4291 4292
4295 4297
4296 4297
4297 4298
4298 5285
4299 4300
4300 7503
4300 6306
4301 7501
4301 7480
4301 7499
4301 7506
4302 4304
4303 4304
4303 4989
4303 7411
4304 4305
4307 4308
4307 7412
4309 5656
4309 5662
4313 4314
4315 4316
4317 4320
4317 4319
4318 4319
4319 4320
4320 7341
4321 4322
4321 7204
4322 4323
4322 6015
4323 4324
4324 4325
4326 6278
4326 5434
4327 4328
4327 4329
4328 4330
4328 4331
4329 4330
4330 4331
4331 6875
4332 6875
4333 4335
4334 4335
4335 4337
4336 5281
4336 5460
4337 4338
4337 4339
4340 4341
4341 4343
4341 4342
4341 4344
4344 4345
4347 4348
4349 4349
4350 4351
4352 4353
4354 4355
4356 6055
4356 4358
4356 4357
4357 6302
4357 4359
4358 4359
4359 4915
4360 5572
4361 6768
4362 6768
4362 5848
4362 5846
4363 5580
4363 5583
4363 5579
4365 4366
4365 6768
4368 4534
4368 4533
4369 7329
4369 7489
4371 5922
4371 4372
4373 5585
4373 4949
4374 4377
4374 4384
4375 6436
4375 4382
4375 7238
4376 4383
4376 4382
4376 4384
4377 4378
4377 4383
4377 6436
4378 6435
4378 4379
4379 6434
4379 4389
4379 4386
4380 6434
4380 4385
4380 4381
4381 5647
4381 6435
4382 6437
4383 4384
4383 6437
4384 5646
4385 4387
4385 6433
4385 6449
4386 4389
4386 4388
4387 6432
4387 6450
4387 6431
4388 4390
4388 4391
4389 6433
4389 4390
4390 6432
4390 4391
4391 6431
4392 4393
4392 4720
4393 4726
4394 4775
4394 4716
4395 4852
4395 4396
4396 4705
4397 6510
4397 6511
4397 6487
4398 5284
4399 4400
4401 4402
4401 4407
4402 4403
4403 4404
4404 4405
4405 6017
4406 4407
4406 4409
4406 6017
4408 4409
4408 6017
4409 7364
4411 7355
4411 6294
4412 4413
4412 7355
4413 4414
4414 7384
4415 4417
4415 7384
4416 4426
4416 4421
4416 4417
4417 4418
4418 4426
4418 4419
4419 4420
4419 4426
4420 6533
4420 7478
4421 6533
4421 6288
4422 6576
4422 6288
4422 6572
4423 6576
4423 4425
4423 5911
4423 6536
4424 5906
4424 5898
4428 6761
4429 6640
4429 4430
4430 4431
4430 7079
4432 4434
4432 5627
4432 5626
4433 4434
4435 4437
4435 6179
4435 4436
4436 4701
4438 4439
4438 4440
4440 6910
4443 5253
4443 4445
4444 5255
4444 5259
4444 5253
4445 4446
4445 5259
4446 4447
4447 4448
4449 4450
4449 5061
4450 5061
4451 4458
4455 4694
4455 4458
4457 4458
4460 6305
4460 7371
4461 4462
4461 4463
4462 4464
4463 4464
4465 4468
4465 4466
4466 4467
4467 4468
4468 4469
4469 5046
4469 4470
4472 4475
4473 4476
4473 4480
4474 4476
4475 4478
4476 4480
4478 4481
4478 7280
4479 4482
4479 4481
4480 4490
4481 4482
4481 4484
4482 4486
4483 4488
4484 4487
4485 4488
4486 4489
4488 4490
4491 7280
4493 4494
4494 4497
4494 4506
4494 4496
4495 4499
4495 4501
4496 4498
4496 4499
4497 4504
4497 4500
4498 4500
4498 4502
4499 4502
4499 4503
4500 4510
4501 4503
4501 4505
4502 4507
4503 4507
4503 4509
4504 4506
4504 4510
4505 4509
4506 4508
4506 4513
4507 4512
4509 4512
4509 4515
4510 4511
4511 4513
4511 4514
4512 4518
4513 4516
4514 4516
4514 4517
4515 4518
4515 4526
4516 4519
4516 4520
4517 4520
4517 4521
4518 4525
4519 4522
4520 4522
4520 4523
4521 4523
4521 4525
4522 4524
4523 4524
4523 4526
4525 4526
4527 5944
4529 4530
4531 5139
4531 6399
4531 6400
4532 6399
4532 5141
4532 6402
4533 7333
4534 4535
4535 4536
4536 6302
4538 4539
4538 4540
4538 4542
4539 4544
4539 4543
4540 4544
4541 4547
4542 4543
4542 4547
4543 4548
4544 4545
4545 4548
4545 4558
4545 4546
4546 4552
4546 4557
4546 4549
4547 4551
4547 4555
4548 4551
4549 4554
4549 4553
4550 4558
4550 4562
4551 4552
4551 4560
4552 4553
4552 4559
4553 4556
4554 4556
4554 4557
4555 4563
4555 4561
4556 4559
4557 4558
4557 4559
4558 4560
4558 4562
4559 4560
4560 4561
4561 4562
4563 4564
4563 4566
4564 4568
4564 4567
4565 4567
4566 4568
4566 4569
4567 4570
4567 4572
4568 4573
4568 4570
4569 4571
4570 4575
4570 4572
4571 4573
4572 4574
4572 4575
4573 4575
4573 4576
4577 6835
4577 4579
4578 4581
4578 4583
4579 4580
4579 4583
4580 4581
4580 4582
4581 4582
4582 4583
4583 4588
4584 6835
4584 4587
4584 4589
4586 4588
4587 4591
4587 4589
4588 4593
4589 4594
4590 5360
4590 5369
4591 4596
4591 4594
4592 4595
4593 4595
4593 6920
4594 4597
4595 4599
4596 4597
4597 4601
4598 4599
4600 4601
4600 5135
4600 6920
4601 4602
4602 4603
4602 4604
4603 6854
4603 6920
4604 6852
4604 6854
4605 4614
4606 4607
4606 4614
4608 4609
4608 6852
4610 7004
4610 5771
4611 7002
4612 7004
4612 7002
4612 7000
4615 5796
4615 5791
4615 5804
4615 4619
4616 4618
4616 4617
4616 4625
4617 4620
4618 5798
4618 4626
4619 4636
4621 4627
4621 4622
4621 5777
4623 4624
4624 7334
4624 5818
4626 4634
4627 4630
4627 5818
4628 4629
4629 4637
4629 5779
4630 5793
4630 4631
4631 4641
4631 4633
4632 4634
4633 4645
4633 5802
4634 4638
4635 4636
4636 4637
4636 5809
4637 5816
4639 4643
4639 4640
4639 5793
4639 4641
4640 5794
4640 5795
4641 4646
4642 5801
4642 4643
4643 5805
4646 5813
4647 4648
4648 4650
4648 4649
4649 4651
4650 4651
4650 4652
4654 4656
4655 6270
4655 5857
4658 7275
4658 6140
4659 4659
4659 4660
4660 4661
4661 4756
4663 4665
4663 5155
4664 4665
4666 5152
4666 5151
4667 4672
4668 4674
4668 4673
4668 4669
4669 4672
4670 4674
4671 4672
4674 7348
4675 4676
4675 4679
4676 4678
4677 4678
4678 4679
4679 4680
4680 6326
4681 4683
4682 4683
4684 6325
4685 4686
4686 6327
4687 6329
4687 4688
4689 4690
4689 4691
4690 4691
4690 6827
4692 7315
4693 5050
4693 5049
4694 6862
4696 5235
4696 4697
4700 4715
4701 6487
4701 7308
4701 5224
4702 6179
4702 4703
4702 6530
4703 4704
4704 4706
4705 4706
4707 7198
4707 7190
4708 6959
4708 5324
4709 4710
4710 7180
4711 4712
4713 4714
4715 4718
4715 4716
4716 4777
4716 4718
4716 4717
4717 4719
4718 4719
4718 4720
4720 4722
4721 4725
4722 4730
4723 4724
4723 7129
4723 4727
4724 4727
4724 7131
4725 4729
4725 4726
4725 4728
4726 4730
4728 4731
4729 4731
4732 4733
4733 4734
4733 7130
4735 7133
4737 4739
4737 4738
4738 4739
4739 4741
4740 4741
4740 4742
4741 4742
4743 5712
4743 5713
4744 4745
4746 4787
4746 4747
4748 4749
4751 4752
4753 6000
4753 4754
4754 6000
4755 6403
4755 6405
4755 7414
4757 6659
4758 5547
4758 6937
4758 5546
4759 7436
4760 4764
4760 4763
4761 4762
4761 7037
4761 4766
4762 4767
4763 4765
4764 4766
4764 4765
4765 4767
4766 4767
4770 5340
4772 5000
4772 4773
4773 7272
4774 5255
4775 7133
4775 4776
4775 7272
4776 4777
4778 4779
4779 4780
4782 6258
4783 6258
4783 6751
4784 4785
4785 4788
4785 4786
4786 4789
4786 4790
4787 4789
4789 4795
4791 4794
4791 4798
4792 4799
4793 4795
4794 4800
4795 4797
4796 4802
4796 4797
4796 4805
4797 4801
4798 4799
4802 4803
4802 4804
4805 4806
4805 4807
4808 4810
4809 4811
4810 4814
4810 4811
4811 4812
4813 4815
4814 4815
4816 4818
4817 4820
4818 4819
4819 4820
4820 4821
4822 5362
4822 5385
4822 7299
4823 5366
4823 5386
4824 4851
4825 4851
4825 4827
4825 4828
4826 7279
4827 4829
4829 4837
4829 4833
4830 4836
4830 4837
4830 7279
4831 4832
4832 4836
4833 4842
4833 4834
4834 4840
4834 4835
4835 4839
4835 4838
4837 5248
4837 4838
4838 4843
4839 4840
4839 4843
4840 4845
4841 7278
4842 7278
4842 4845
4843 4845
4844 4846
4846 4848
4846 4847
4849 7302
4849 7279
4849 4850
4850 4851
4852 5855
4854 5759
4854 4857
4855 4857
4855 5934
4856 4858
4856 5935
4856 5934
4857 4858
4858 5757
4859 6791
4860 5498
4861 6152
4862 4863
4864 4865
4867 4868
4869 4900
4870 6553
4870 5585
4871 4873
4871 5587
4871 6759
4872 5590
4872 5585
4872 5064
4873 5588
4873 5591
4874 7462
4874 7458
4874 4875
4874 5937
4875 7457
4876 4877
4877 4878
4878 4884
4878 4879
4879 4880
4879 4884
4880 4889
4880 4881
4881 4882
4882 4883
4885 4886
4886 5132
4887 4888
4887 4891
4887 4889
4888 4890
4889 4890
4891 4892
4892 4893
4893 4894
4894 7466
4895 4896
4897 5190
4897 6056
4898 5198
4899 4902
4900 4904
4900 4901
4902 6300
4903 4904
4904 5007
4905 4907
4905 4974
4905 4910
4906 4975
4906 4909
4906 4976
4907 4975
4907 4909
4908 4911
4908 4912
4909 4911
4910 4911
4910 4973
4912 4973
4913 4914
4915 6056
4915 6048
4917 4918
4918 4919
4920 4921
4920 4922
4921 4923
4922 4924
4922 4923
4923 4925
4924 4925
4924 4926
4925 6591
4926 4983
4926 4927
4927 6591
4927 4929
4928 4930
4928 4929
4928 5554
4928 6384
4929 6382
4930 4932
4930 4931
4931 6382
4931 4933
4932 4934
4932 4933
4933 6790
4933 4935
4934 4935
4934 4936
4935 4937
4936 4938
4936 4937
4937 4939
4938 4940
4938 6585
4938 4939
4939 4941
4940 6585
4940 4941
4940 4942
4941 6537
4941 4943
4942 4943
4942 4944
4943 4945
4944 4945
4944 4946
4945 4947
4946 4948
4946 4947
4947 4952
4948 6795
4948 4951
4949 4950
4950 4951
4950 6795
4951 4953
4951 4952
4952 4958
4952 4954
4953 4955
4953 4954
4954 4956
4955 4956
4955 5610
4955 7350
4956 4963
4957 4958
4957 6531
4957 5575
4958 4959
4959 4960
4960 4961
4962 4963
4962 7350
4964 4965
4966 4967
4967 4969
4968 4969
4969 4971
4969 4970
4970 4971
4972 4973
4974 4975
4976 4977
4977 4978
4979 4980
4983 4984
4983 6384
4985 4986
4986 4987
4987 4989
4987 7410
4988 4990
4989 4993
4990 4991
4991 4993
4991 4992
4995 4996
4995 4997
4996 4997
4997 4998
4999 5000
5003 5004
5006 6066
5006 5190
5006 6070
5007 5008
5009 5010
5011 5539
5012 5013
5015 7420
5015 7419
5016 5351
5016 5018
5017 5018
5018 5350
5020 5350
5020 6562
5021 5023
5021 5350
5022 5023
5024 7317
5026 5027
5027 5029
5027 6320
5028 5029
5029 5031
5030 5031
5031 5032
5033 5034
5033 7481
5033 5035
5034 5037
5034 5035
5035 5036
5036 7331
5036 7329
5038 6693
5038 5039
5041 5234
5043 7336
5044 5045
5046 5047
5047 5048
5048 6567
5051 5053
5052 5053
5053 5054
5054 5055
5055 5055
5056 5058
5056 5057
5058 5060
5059 5395
5061 5761
5062 6764
5063 6851
5063 5589
5064 5589
5065 5067
5065 5066
5066 5067
5066 5068
5068 7246
5068 6937
5069 5521
5069 5070
5070 5070
5071 5072
5072 5520
5073 5074
5075 5077
5075 5076
5075 6002
5076 5084
5076 5079
5077 5078
5078 5080
5078 5082
5079 5083
5079 5080
5080 5081
5081 5083
5081 5082
5082 5083
5085 5087
5086 5087
5087 5088
5089 5090
5091 5093
5092 5094
5095 5096
5096 5098
5096 5099
5097 5099
5098 5100
5098 6775
5099 5102
5099 5104
5100 5102
5100 5103
5101 5104
5102 5106
5104 5106
5104 5107
5105 5107
5106 5108
5107 5108
5108 5109
5109 5112
5109 5111
5110 5112
5112 5116
5112 5113
5114 5115
5115 5118
5115 5116
5116 5119
5116 5117
5120 7443
5121 7023
5121 5122
5124 5125
5124 5127
5124 5294
5125 5127
5126 5244
5127 5244
5130 6971
5131 6973
5131 6972
5133 6910
5134 6910
5136 7416
5136 7417
5136 5138
5136 5864
5137 6402
5137 5867
5137 5865
5138 6398
5138 7307
5139 6398
5140 6397
5142 5144
5143 5144
5144 5145
5146 5147
5147 5148
5147 5149
5148 5149
5158 5160
5159 5161
5160 7268
5160 7266
5162 5163
5162 5478
5162 5490
5163 5493
5164 7273
5165 5168
5165 5167
5166 5177
5167 5168
5167 5170
5168 5169
5169 5172
5169 5173
5170 5171
5171 5174
5172 5177
5172 5173
5173 5175
5174 5175
5174 5176
5175 5176
5176 6688
5179 5180
5180 6832
5181 6833
5181 5182
5183 5184
5184 6689
5186 5187
5189 6046
5190 6051
5190 6068
5191 6066
5191 5194
5192 6073
5193 5194
5194 5195
5195 6072
5195 6050
5196 6073
5196 5197
5196 6072
5196 6049
5197 6073
5199 6287
5199 6286
5200 7454
5200 5201
5202 5206
5202 5208
5203 6058
5203 6051
5204 5205
5205 5207
5205 5206
5206 5210
5207 5209
5207 5213
5208 5211
5209 5210
5209 5213
5210 5214
5212 6049
5212 6074
5213 5214
5215 7162
5216 6285
5218 5219
5219 5221
5219 5220
5222 5223
5224 5225
5229 5230
5231 5233
5232 5233
5235 5236
5237 5238
5238 5239
5238 5240
5239 5241
5242 5243
5244 5838
5245 5246
5247 5248
5249 5250
5250 5251
5250 5252
5253 5254
5255 7132
5256 5258
5257 5258
5258 5259
5260 7391
5260 5261
5261 7387
5262 5266
5262 5263
5262 6187
5262 6190
5263 5267
5263 5265
5264 7390
5265 6186
5265 5267
5266 5267
5266 5269
5268 5271
5268 5270
5269 7389
5271 5272
5271 7389
5272 5273
5272 5274
5273 6086
5273 6085
5274 6690
5274 6088
5276 5277
5277 5383
5278 5279
5278 5462
5278 5472
5279 5461
5279 5280
5280 5474
5280 5476
5280 5459
5281 5459
5281 5461
5282 5283
5283 5285
5284 5286
5285 5287
5287 5288
5290 5295
5290 5291
5290 5293
5292 5294
5292 5295
5294 5295
5296 5297
5298 5299
5300 5301
5302 5305
5303 5305
5303 5303
5306 5307
5308 5309
5311 5321
5311 5322
5312 5313
5312 5314
5313 5316
5313 5314
5314 5315
5316 5319
5316 5317
5317 5318
5317 5319
5320 5321
5321 5322
5323 5324
5323 5323
5324 5325
5326 7349
5326 6881
5327 5597
5327 5328
5328 5329
5329 5599
5330 5332
5330 5331
5331 5335
5333 5334
5336 5337
5338 5339
5340 5341
5343 6620
5343 5345
5344 6626
5344 7359
5344 7361
5345 6633
5346 5347
5347 5348
5347 5349
5349 5350
5351 5352
5352 5353
5353 5354
5354 5921
5355 5356
5357 6164
5358 6164
5360 5371
5360 5361
5361 5372
5361 5386
5362 7298
5362 5386
5363 5373
5363 5364
5363 7298
5364 5380
5365 5366
5365 5376
5366 5379
5366 5367
5367 5368
5367 7302
5368 5369
5370 5371
5370 6853
5371 5372
5372 7399
5373 7299
5374 5378
5374 5376
5375 5376
5376 5378
5377 5378
5377 5392
5380 5381
5381 5382
5382 5383
5383 5384
5384 5387
5385 5386
5385 7399
5387 5388
5387 6769
5388 5389
5389 5390
5390 5391
5391 5392
5394 5573
5396 5399
5397 5399
5398 6108
5398 5399
5400 5402
5401 5402
5402 5404
5402 5405
5403 5406
5403 5404
5404 5405
5405 5406
5408 5409
5408 5411
5409 5410
5411 6129
5412 5413
5414 5415
5415 6079
5416 5417
5416 6080
5416 5418
5417 5418
5418 5419
5419 6079
5420 5421
5420 5422
5423 5425
5424 5425
5426 6877
5426 5428
5426 5429
5427 6877
5430 5433
5430 5431
5431 5432
5431 5434
5433 5434
5435 5436
5436 6278
5436 5437
5437 5440
5437 5438
5439 5440
5440 6278
5441 5443
5442 5443
5443 5444
5444 5445
5444 5448
5445 5447
5446 5447
5449 5450
5450 5452
5450 5473
5451 5452
5452 5462
5453 5453
5454 5455
5454 5456
5455 5456
5456 5458
5457 5460
5457 5458
5458 5459
5461 5462
5462 5463
5463 5472
5463 5470
5464 5465
5464 5467
5465 5466
5466 5467
5466 5469
5467 5468
5468 5469
5468 5471
5469 5470
5470 5471
5471 5472
5475 5476
5477 5478
5478 5479
5480 5481
5480 5491
5480 5482
5481 5483
5481 5491
5482 5483
5482 5484
5483 5485
5484 5485
5484 5486
5485 5487
5486 5487
5486 5488
5487 5489
5488 5489
5488 5490
5489 5490
5491 5492
5493 5493
5496 5497
5498 5499
5499 5500
5500 5501
5500 5503
5501 7346
5502 7345
5502 5503
5504 5505
5504 5506
5507 5509
5507 5516
5507 5508
5508 5510
5508 5515
5509 6102
5509 5510
5510 5512
5511 6101
5511 6102
5511 5512
5512 5513
5514 5515
5515 5516
5516 6104
5517 5518
5518 5519
5518 5520
5520 6115
5522 5527
5522 5524
5523 5527
5525 5528
5526 5528
5527 5528
5529 5530
5529 7019
5532 5533
5533 6111
5535 6218
5535 5710
5536 6847
5536 5682
5536 5709
5537 5539
5538 5539
5540 5562
5540 6044
5540 5561
5541 6042
5541 5542
5541 5562
5542 5562
5542 5549
5543 5544
5543 6042
5543 6043
5544 5545
5545 5546
5546 5547
5547 5548
5548 5549
5550 5551
5552 5553
5553 5554
5553 5555
5556 7234
5556 6446
5556 7213
5556 6427
5557 5559
5557 7235
5557 6443
5558 5560
5558 6440
5558 6442
5559 6442
5559 6440
5560 7213
5560 6443
5560 7232
5561 7240
5563 5564
5563 5565
5563 6012
5564 5565
5564 6012
5565 5566
5567 5568
5568 5569
5568 5570
5569 5570
5569 5571
5570 5571
5572 5573
5574 6015
5576 5577
5577 5578
5578 5579
5578 6760
5579 5580
5580 6758
5581 5587
5581 6849
5581 6758
5582 6760
5583 6760
5583 6759
5585 5586
5586 5590
5586 5591
5586 5588
5587 5588
5587 6851
5588 5590
5589 5590
5589 7312
5591 6558
5591 6554
5592 5596
5593 5596
5594 5596
5594 5595
5596 5597
5597 5598
5600 5601
5602 5603
5603 7462
5604 5763
5604 5605
5605 7458
5606 6761
5607 5609
5608 5609
5609 5610
5611 5612
5612 5618
5612 5613
5613 5617
5614 5616
5614 5617
5615 5616
5620 5622
5620 5621
5622 5623
5625 7347
5626 5627
5628 5629
5629 5629
5630 5635
5630 5631
5631 5632
5633 5634
5634 5635
5636 5637
5638 5639
5638 5645
5638 7387
5639 5644
5639 7393
5640 5641
5640 5642
5640 7394
5641 5643
5642 5644
5642 5643
5643 5645
5644 5645
5647 6451
5647 6444
5648 6444
5648 5649
5648 7235
5648 7237
5650 5652
5651 5653
5652 5653
5652 7144
5654 5655
5654 5656
5654 5657
5655 5658
5655 5657
5656 5657
5658 5661
5658 5659
5659 5661
5660 5661
5662 5663
5664 5665
5667 5668
5667 5671
5667 5670
5669 6844
5669 5672
5670 6844
5670 5674
5671 6843
5671 6842
5672 6843
5672 5673
5673 5709
5673 6842
5674 5675
5675 6841
5676 5686
5676 5681
5677 5683
5678 5680
5679 5680
5680 5681
5681 5685
5682 5711
5682 6840
5683 6840
5683 5685
5684 6839
5684 6369
5684 5711
5685 5687
5686 5687
5687 6839
5688 5689
5688 5691
5688 5694
5689 5690
5689 6224
5689 6222
5690 6224
5690 5692
5691 6224
5691 6223
5692 5693
5692 6223
5693 6217
5693 5694
5694 6847
5695 6215
5695 5698
5695 6216
5696 6215
5696 5697
5696 6216
5697 6214
5697 5700
5698 6214
5698 5699
5699 6213
5699 5702
5700 6213
5700 5701
5701 6212
5701 5704
5702 6212
5702 5703
5703 6211
5703 5706
5704 6211
5704 5705
5705 6210
5705 6209
5706 6210
5706 6207
5707 6207
5707 6203
5707 6209
5708 6203
5708 6204
5708 6846
5709 6841
5710 6204
5711 6846
5713 5714
5715 5716
5716 5717
5721 5722
5725 6859
5725 5726
5728 5729
5731 5735
5731 5732
5733 5734
5733 5742
5733 5743
5734 5741
5734 5735
5737 5986
5737 5738
5737 5960
5739 5740
5740 5741
5740 5742
5741 5742
5744 7310
5749 6826
5750 5754
5751 5752
5751 5754
5752 5753
5755 5756
5757 5758
5757 5932
5759 5932
5760 5761
5761 5762
5761 7396
5762 7459
5762 5765
5763 5765
5764 5765
5764 5766
5767 5768
5772 7000
5772 5774
5773 5774
5775 5825
5776 5824
5776 5796
5776 7334
5776 5777
5777 7334
5778 5779
5778 5803
5780 5782
5781 5782
5782 7327
5783 7327
5786 5787
5787 5788
5788 5789
5791 5792
5793 5794
5794 5799
5795 5799
5795 5800
5797 5825
5797 5798
5798 5799
5800 5801
5803 5804
5805 5811
5806 5807
5807 5812
5807 5811
5809 5814
5809 5813
5810 5811
5812 5813
5814 5816
5814 5815
5815 5817
5815 5816
5820 5826
5821 5826
5822 5827
5822 5823
5825 5827
5826 5827
5830 5831
5831 5833
5831 5832
5833 5836
5833 5835
5834 5837
5835 5838
5835 5837
5837 5838
5839 5840
5839 7207
5841 5847
5842 5843
5842 5845
5842 5844
5843 5844
5843 5847
5844 5846
5845 5847
5845 5848
5849 5850
5849 6825
5851 5853
5851 5852
5852 5852
5853 5854
5855 5856
5857 5862
5857 5858
5858 5859
5859 5860
5860 5862
5860 5861
5861 5863
5862 5863
5864 7305
5865 5866
5866 5868
5867 7414
5867 6402
5868 6396
5868 7307
5869 7420
5869 5870
5870 6778
5870 5871
5871 7059
5871 7056
5872 5874
5872 5873
5873 7040
5873 5875
5874 7059
5874 7057
5875 6705
5876 6705
5876 6710
5877 6710
5877 6713
5878 6686
5878 6719
5879 6678
5879 6680
5879 6725
5880 6728
5880 6734
5881 6736
5881 7036
5882 6730
5882 7034
5882 7035
5882 6831
5883 5884
5883 6830
5883 6831
5884 7034
5884 5885
5885 6830
5885 5886
5886 6729
5887 6731
5887 6735
5888 6733
5888 5889
5889 6726
5890 6726
5890 6723
5891 6720
5891 6717
5892 5893
5892 6708
5892 7058
5892 6703
5892 6707
5893 6704
5895 5895
5897 5898
5898 5899
5898 5911
5900 5901
5900 5907
5900 5902
5901 5905
5901 5904
5902 5918
5902 5904
5902 5909
5903 5905
5905 5907
5906 5917
5907 5917
5908 5919
5909 5919
5910 6797
5910 5911
5911 5912
5913 5914
5915 5916
5916 5917
5917 5918
5918 5919
5919 5920
5920 7352
5921 7352
5923 5924
5923 5927
5923 5926
5924 7269
5924 5925
5928 5929
5930 6794
5931 6794
5933 5934
5935 5936
5937 5938
5937 6047
5939 5940
5939 5941
5939 5942
5943 5944
5944 5946
5945 5946
5946 5950
5947 5948
5948 5950
5949 5950
5951 5952
5953 5955
5954 5955
5955 5956
5958 6893
5958 6895
5959 5960
5960 5961
5960 5984
5961 5962
5962 6860
5963 5964
5963 5967
5963 5975
5964 5965
5964 5971
5964 5972
5965 5966
5965 5968
5965 5969
5969 5970
5969 5972
5969 5976
5972 5973
5972 5975
5974 5975
5977 5978
5978 5980
5979 5980
5980 5982
5981 5982
5982 5984
5983 5984
5985 5986
5988 5989
5991 5992
5994 5996
5997 5998
5998 5999
5998 6000
6001 6002
6002 6004
6003 6004
6005 6008
6005 6006
6006 6007
6006 6008
6006 6009
6007 6009
6010 6011
6011 7347
6013 6014
6015 6016
6018 7413
6019 6020
6021 6022
6024 6025
6025 6029
6025 6027
6026 6027
6027 6028
6030 6031
6031 6041
6032 6033
6032 6036
6032 6041
6033 6034
6034 6040
6035 6036
6036 6038
6037 6038
6038 6040
6039 6040
6042 6043
6043 7221
6044 6424
6044 7222
6044 7221
6045 6424
6045 7221
6045 7227
6046 7311
6047 6762
6048 6051
6048 6052
6048 6302
6049 6050
6049 6071
6050 6074
6050 6071
6051 6300
6053 7435
6054 6055
6056 6057
6059 6060
6060 6063
6060 6062
6061 6062
6062 6065
6064 6065
6066 6067
6068 6069
6070 6074
6070 6075
6071 6072
6076 6077
6079 6080
6081 6083
6081 6087
6081 6639
6082 6085
6082 6083
6082 6088
6083 6088
6084 6087
6084 6089
6084 6090
6085 6086
6086 6090
6087 6091
6089 6090
6091 6092
6091 6639
6092 6197
6092 6196
6093 6094
6094 6096
6095 6096
6096 6376
6096 6100
6097 6376
6097 6099
6098 6100
6098 6379
6098 6381
6099 6381
6099 6100
6101 6109
6101 6102
6103 6107
6104 6106
6105 6819
6106 6819
6106 6107
6106 7258
6107 7257
6108 6373
6108 6109
6109 6374
6110 7243
6110 6123
6110 6113
6111 7243
6111 6113
6112 6113
6114 6115
6116 6117
6118 6123
6118 6121
6118 6119
6119 6121
6120 6121
6122 6123
6124 6131
6124 6126
6125 6871
6125 6126
6126 6136
6127 6132
6127 6128
6128 6130
6129 6130
6129 6131
6130 6131
6132 6134
6132 6136
6133 6135
6133 6482
6133 6134
6134 6135
6134 6870
6135 6136
6135 6871
6137 6138
6139 6140
6140 6142
6141 6142
6142 6144
6143 6144
6145 6146
6147 6148
6147 6147
6149 6158
6150 6158
6150 6157
6151 6154
6152 6159
6153 6154
6153 6156
6155 6156
6156 6157
6157 6159
6158 6159
6160 6170
6161 6166
6161 6162
6161 6168
6162 6165
6162 6164
6163 6164
6167 6168
6168 6170
6169 6170
6171 6173
6172 6173
6173 6174
6174 6175
6174 6333
6175 6176
6178 6179
6181 6192
6181 6182
6181 6191
6182 6183
6182 6184
6183 6192
6183 6185
6184 6185
6184 6190
6185 6195
6186 6861
6186 6188
6187 6861
6187 6194
6188 6189
6190 6194
6190 6193
6192 6193
6193 6195
6196 6197
6198 6199
6200 6201
6201 6202
6203 6205
6204 6205
6205 6206
6206 6207
6206 6219
6207 6208
6208 6209
6208 6210
6210 6211
6211 6212
6212 6213
6213 6214
6214 6215
6215 6216
6216 6220
6217 6218
6217 6221
6217 6220
6218 6219
6218 6221
6219 6220
6221 6223
6223 6224
6225 7013
6226 6228
6226 6227
6226 6229
6227 6283
6230 6231
6231 6232
6232 6233
6232 7139
6233 7140
6233 7142
6234 7141
6234 7144
6235 6236
6237 6238
6238 6239
6238 6241
6240 6241
6241 6242
6243 6244
6244 6245
6244 6246
6247 6250
6248 6252
6249 6251
6249 6250
6250 6252
6251 6252
6254 6255
6254 7015
6256 6257
6257 7412
6258 6260
6259 6260
6261 6262
6263 6264
6265 6266
6267 6870
6267 6484
6267 6873
6267 6268
6268 6269
6268 6477
6269 6481
6269 6476
6269 6870
6271 6272
6274 6276
6275 6276
6281 6282
6284 6285
6286 6577
6286 6571
6287 6577
6289 6290
6291 6292
6292 7353
6293 6294
6294 6295
6294 7354
6295 6804
6295 6296
6297 6299
6298 6299
6300 6301
6301 7434
6304 6305
6307 6308
6307 7083
6307 6312
6309 6310
6310 6312
6311 6312
6313 6314
6314 6316
6314 6324
6315 6318
6316 7474
6316 6318
6317 6318
6319 6320
6321 6322
6322 7365
6323 6324
6326 6327
6326 6330
6327 6328
6327 6329
6329 6330
6329 6331
6332 6333
6334 6335
6336 6340
6336 6341
6336 6337
6338 6340
6339 6340
6342 6343
6342 6348
6343 6344
6343 6348
6344 6347
6344 6357
6345 6361
6346 6356
6346 6371
6348 6352
6349 6350
6350 6364
6351 6353
6351 6365
6351 6367
6352 6465
6352 6453
6353 6367
6353 6355
6354 6457
6354 6362
6354 6355
6355 6371
6356 6367
6356 6363
6356 6365
6358 6459
6358 6368
6359 6883
6360 6367
6361 6370
6361 6885
6362 6459
6362 6368
6363 6371
6363 6366
6368 6371
6369 6883
6372 6885
6373 6374
6375 6378
6376 6378
6377 6378
6380 6381
6382 6383
6383 6383
6384 6385
6386 6387
6386 6388
6386 6395
6388 6389
6388 6394
6390 6392
6390 6391
6391 6393
6392 6394
6392 6393
6393 6395
6394 6395
6396 7306
6398 6399
6399 6401
6400 6403
6400 6401
6401 7415
6402 7415
6403 7415
6404 6405
6406 6408
6407 6411
6407 6410
6407 6408
6408 6409
6412 6415
6413 6416
6414 6419
6414 6415
6415 6416
6416 6417
6418 6419
6418 6423
6419 6421
6420 6422
6421 6423
6421 6422
6422 6423
6424 6428
6425 7227
6425 7220
6425 6997
6426 6445
6426 7218
6426 6429
6427 6429
6427 7231
6428 7228
6428 7229
6429 6447
6429 7217
6430 6437
6431 7224
6431 6432
6432 6433
6433 6434
6434 6435
6435 6438
6436 6438
6436 6437
6438 7239
6439 7213
6439 6448
6439 6446
6439 6443
6440 6443
6440 6442
6441 6442
6444 6448
6444 7236
6445 6450
6445 6447
6446 6451
6446 6447
6447 6449
6448 6451
6448 7235
6449 6450
6449 6451
6450 7225
6452 6452
6452 6453
6454 6458
6454 6456
6454 6459
6455 6456
6456 6457
6458 6461
6460 6461
6460 6462
6462 6463
6463 6467
6463 6466
6464 6465
6464 6467
6467 6468
6468 6468
6469 6473
6469 6471
6470 6473
6471 6474
6472 6474
6472 6473
6475 6476
6475 6475
6476 6477
6476 6869
6478 6480
6479 6480
6479 6479
6480 6870
6482 6484
6482 6483
6483 6872
6483 6871
6484 6872
6485 6522
6485 6520
6485 6519
6486 6487
6488 6489
6491 6492
6492 6494
6493 6494
6494 6496
6495 6496
6496 6498
6497 6498
6498 6500
6499 6500
6501 6502
6501 6506
6503 6504
6504 6506
6504 6508
6505 6506
6507 6508
6509 6510
6510 6513
6512 6513
6513 6515
6514 6515
6515 6517
6516 6517
6517 6519
6518 6519
6521 6522
6522 6524
6523 6524
6524 6526
6525 6526
6526 6528
6527 6528
6528 6530
6529 6530
6531 6532
6533 6534
6535 6536
6536 6580
6537 6583
6537 6584
6537 6761
6538 6539
6538 6540
6538 6542
6538 6543
6539 6541
6539 6542
6540 6546
6540 6542
6541 6547
6541 6544
6543 6548
6543 6547
6544 6545
6544 6554
6544 6546
6545 6547
6545 6548
6546 6548
6549 6550
6549 6559
6549 6555
6550 6551
6550 6553
6551 6556
6551 6552
6553 6559
6554 6555
6554 6556
6555 6558
6556 6557
6558 6559
6560 6563
6560 6561
6563 6564
6564 6565
6565 6566
6565 6567
6569 6570
6570 6571
6570 6578
6572 6574
6572 6573
6573 6576
6573 6575
6574 6575
6575 6577
6579 6580
6581 6582
6585 6586
6587 6588
6588 6621
6588 6626
6589 6590
6589 6591
6589 6592
6594 6595
6596 6597
6598 6599
6598 6600
6600 6601
6600 6602
6602 6604
6602 6603
6604 6605
6606 6607
6606 6608
6608 6609
6608 6610
6610 6611
6610 6612
6612 6613
6614 6615
6614 6616
6616 6617
6620 6634
6620 6625
6620 6621
6622 6623
6624 6625
6625 7363
6625 6626
6627 6629
6628 6629
6635 6636
6638 6639
6640 6641
6640 6642
6641 6642
6642 6828
6643 6646
6644 6646
6645 6646
6647 6648
6648 6657
6649 6650
6651 6669
6652 6669
6654 6656
6655 6656
6656 6657
6658 6700
6658 6658
6659 6698
6660 6661
6661 6666
6661 6663
6662 6663
6663 6664
6664 6667
6664 6665
6665 6749
6668 6669
6670 6671
6671 6672
6673 6674
6674 6676
6675 6676
6676 6678
6677 6678
6679 6680
6680 6722
6680 6681
6681 6721
6683 6684
6685 6686
6686 6716
6686 6687
6687 6715
6690 6691
6692 6692
6692 6693
6694 6695
6696 6697
6697 6698
6698 6699
6699 6700
6701 6702
6703 6704
6703 7057
6704 6705
6706 6707
6708 6709
6708 6711
6709 6710
6711 6712
6711 6714
6712 6713
6712 6715
6713 6716
6714 6715
6714 6717
6715 6716
6717 6718
6718 6719
6719 6722
6720 6723
6720 6721
6721 6722
6723 6724
6724 6725
6725 6728
6726 6727
6727 6728
6729 6740
6729 6731
6730 6732
6730 6740
6731 6739
6732 6739
6732 7036
6733 6737
6733 6735
6734 6737
6734 6736
6735 6738
6736 6738
6737 6738
6739 6740
6741 6742
6742 6743
6746 6747
6748 6749
6750 6751
6754 6755
6754 6757
6755 6756
6755 6757
6758 6759
6759 6760
6762 6765
6763 6764
6764 6765
6766 6940
6769 7490
6772 6774
6775 6779
6776 6777
6778 7056
6778 7420
6781 6783
6781 6782
6784 7064
6785 7064
6786 6787
6787 6788
6789 6790
6791 6794
6792 6793
6793 6794
6797 6798
6798 6809
6798 6808
6799 6811
6799 6810
6799 6807
6800 6812
6800 6811
6800 6806
6801 6814
6801 6805
6801 6803
6802 6803
6802 6814
6802 6813
6803 6815
6804 6815
6805 6812
6806 6807
6809 6810
6813 6814
6816 6817
6818 6819
6820 6823
6821 6823
6822 6823
6824 6825
6828 6829
6829 6830
6832 7274
6832 6833
6833 6834
6833 7273
6835 6836
6836 7403
6837 7406
6837 7404
6838 7275
6839 6840
6840 6841
6841 6842
6842 6843
6843 6844
6845 6883
6846 6847
6846 6883
6849 6850
6850 6851
6853 6854
6855 6856
6856 6857
6856 7409
6857 7408
6859 6860
6862 6863
6864 6877
6864 6878
6865 6878
6865 6866
6866 6867
6867 6868
6872 6873
6873 6874
6874 6875
6875 6876
6876 6877
6878 6879
6881 6882
6884 6885
6886 7478
6886 7356
6888 6889
6888 6890
6889 6891
6890 6891
6890 6892
6891 6893
6892 6893
6892 6894
6894 6895
6894 6896
6895 6897
6896 6897
6896 6898
6897 6899
6898 6899
6898 6900
6899 6901
6900 6901
6900 6902
6901 6903
6902 6903
6902 6904
6905 6906
6906 6907
6908 6909
6911 6912
6912 7444
6913 6914
6915 6916
6917 6918
6921 6922
6923 6925
6924 6925
6925 6926
6926 6927
6926 6928
6928 6929
6928 6931
6930 6931
6932 6934
6933 6934
6938 6939
6940 6941
6941 6942
6941 6949
6941 6948
6942 6943
6942 6948
6942 6949
6944 6945
6944 6947
6945 6946
6946 6950
6948 6949
6949 6950
6951 6953
6952 6953
6954 7207
6955 7207
6955 6956
6959 6961
6959 6960
6961 6981
6961 6962
6963 6981
6963 6965
6963 6964
6965 6979
6965 6966
6967 6969
6968 6971
6968 6969
6969 6970
6971 6972
6972 6996
6973 6994
6973 6974
6975 6976
6975 6977
6977 6978
6978 6978
6979 6980
6980 6980
6981 6983
6982 6983
6983 6984
6985 6986
6985 6987
6988 6994
6988 6993
6988 6990
6989 6990
6990 6991
6992 6993
6994 6995
6995 6995
6997 7215
6997 7212
6998 7232
6998 6999
6998 7212
7000 7001
7001 7003
7001 7002
7004 7005
7005 7006
7006 7407
7007 7080
7007 7008
7011 7012
7011 7013
7013 7014
7016 7017
7018 7019
7018 7018
7019 7020
7021 7027
7021 7025
7021 7026
7022 7024
7022 7023
7022 7025
7023 7024
7024 7025
7027 7029
7028 7029
7029 7031
7030 7031
7031 7032
7033 7035
7035 7036
7037 7038
7039 7040
7040 7041
7041 7042
7041 7043
7041 7048
7042 7045
7042 7054
7043 7044
7043 7055
7044 7047
7044 7048
7045 7046
7045 7048
7046 7049
7046 7050
7047 7049
7047 7050
7048 7049
7049 7050
7050 7051
7051 7052
7051 7053
7052 7053
7056 7060
7057 7058
7058 7059
7058 7060
7059 7060
7062 7063
7064 7067
7065 7069
7065 7076
7066 7068
7066 7076
7066 7067
7067 7074
7067 7077
7068 7070
7068 7086
7069 7071
7069 7086
7070 7072
7070 7087
7071 7073
7071 7087
7072 7074
7072 7088
7073 7075
7073 7088
7074 7089
7075 7089
7075 7077
7076 7086
7077 7089
7080 7081
7084 7085
7086 7087
7087 7088
7088 7089
7090 7092
7091 7092
7093 7100
7093 7094
7093 7095
7094 7104
7095 7103
7096 7103
7097 7098
7097 7102
7098 7104
7098 7100
7099 7103
7099 7101
7099 7100
7101 7102
7101 7107
7102 7106
7105 7107
7105 7106
7106 7107
7108 7117
7108 7118
7109 7117
7109 7110
7109 7113
7110 7111
7110 7116
7111 7112
7111 7120
7112 7113
7112 7115
7113 7114
7114 7115
7114 7117
7115 7120
7116 7117
7116 7118
7119 7120
7121 7122
7123 7125
7123 7124
7125 7126
7127 7128
7130 7131
7132 7133
7134 7135
7135 7136
7137 7138
7139 7140
7141 7142
7142 7143
7145 7395
7147 7148
7150 7152
7151 7152
7152 7156
7153 7154
7154 7156
7154 7155
7156 7157
7158 7159
7158 7442
7160 7161
7162 7163
7163 7164
7164 7442
7165 7166
7165 7167
7167 7169
7167 7168
7169 7170
7171 7175
7171 7172
7172 7174
7172 7173
7174 7175
7174 7176
7176 7177
7179 7180
7181 7182
7183 7184
7185 7186
7186 7187
7188 7189
7191 7193
7191 7192
7193 7194
7195 7196
7197 7200
7198 7200
7199 7200
7201 7202
7203 7204
7205 7206
7212 7214
7213 7233
7214 7233
7214 7215
7215 7234
7215 7216
7216 7220
7216 7231
7216 7217
7217 7219
7217 7218
7218 7226
7218 7219
7219 7220
7219 7229
7220 7228
7222 7229
7222 7226
7223 7224
7224 7225
7225 7226
7227 7228
7228 7229
7230 7232
7231 7234
7232 7233
7233 7234
7236 7239
7236 7237
7237 7238
7238 7239
7241 7242
7242 7243
7242 7244
7245 7246
7247 7248
7248 7250
7249 7250
7250 7252
7251 7252
7251 7254
7253 7254
7254 7256
7255 7256
7259 7260
7260 7261
7262 7263
7264 7265
7265 7266
7267 7268
7280 7281
7281 7282
7282 7285
7283 7284
7283 7289
7284 7287
7284 7286
7285 7288
7289 7290
7290 7291
7292 7293
7294 7295
7296 7300
7296 7299
7297 7298
7298 7299
7301 7302
7303 7304
7305 7417
7306 7307
7313 7314
7315 7316
7316 7317
7318 7320
7318 7319
7321 7322
7322 7325
7322 7326
7323 7326
7324 7325
7328 7329
7330 7332
7330 7331
7331 7333
7332 7333
7338 7339
7338 7445
7339 7340
7342 7343
7344 7345
7350 7351
7353 7354
7356 7357
7356 7359
7358 7359
7358 7378
7360 7361
7361 7363
7362 7363
7366 7368
7367 7368
7368 7369
7369 7370
7371 7372
7374 7375
7376 7377
7377 7378
7377 7381
7378 7379
7379 7382
7380 7382
7380 7385
7380 7383
7385 7475
7387 7388
7389 7390
7390 7394
7391 7392
7391 7393
7393 7394
7396 7457
7399 7400
7401 7402
7402 7404
7402 7403
7403 7406
7404 7406
7408 7409
7410 7411
7414 7415
7418 7422
7418 7419
7419 7421
7422 7424
7423 7430
7424 7430
7424 7428
7425 7429
7426 7427
7427 7428
7428 7429
7429 7432
7430 7432
7431 7433
7432 7433
7438 7439
7439 7440
7446 7454
7446 7446
7447 7448
7449 7450
7449 7452
7449 7451
7451 7453
7455 7456
7458 7459
7460 7462
7460 7461
7463 7464
7464 7468
7464 7467
7465 7467
7466 7468
7467 7468
7469 7470
7471 7472
7473 7474
7475 7476
7476 7477
7479 7481
7479 7499
7479 7487
7480 7504
7480 7481
7481 7483
7482 7489
7482 7483
7484 7489
7485 7497
7485 7498
7485 7490
7486 7490
7486 7488
7487 7497
7487 7491
7488 7491
7489 7491
7490 7491
7492 7501
7492 7503
7492 7493
7493 7502
7493 7494
7494 7495
7494 7501
7495 7496
7495 7499
7495 7500
7496 7500
7496 7502
7497 7498
7498 7500
7502 7503
7504 7506
7504 7505
7505 7506
