0 3087
0 4425
0 1589
0 3086
1 224
1 737
1 2639
1 2636
2 4157
2 2032
2 1127
2 1442
3 3348
3 564
3 3873
4 1443
4 1224
4 2032
5 1197
5 10
5 1195
6 1191
6 9
6 1193
6 4786
7 2758
7 1195
7 1199
8 2913
8 4087
9 916
9 1190
9 4786
9 1194
9 1192
10 1194
10 915
11 3086
11 3088
11 3087
12 1600
12 3105
13 545
13 29
13 2698
14 3856
14 3859
14 3895
14 22
15 628
15 1113
15 4787
16 2013
16 3916
17 3962
17 281
17 278
18 25
18 2735
18 3312
18 1063
19 4325
19 4303
19 1677
20 191
20 4649
20 995
21 2698
21 4749
21 346
21 2699
21 2700
22 3852
22 3860
22 303
23 2775
23 2437
23 281
24 1065
24 1089
24 893
25 1039
25 411
25 680
26 1078
27 993
27 2653
27 55
27 4669
28 4330
28 4334
29 255
29 544
29 2697
30 1066
30 47
30 1067
31 3679
31 162
31 2794
32 2769
32 3125
32 2770
33 1059
33 897
33 1062
34 2693
34 5029
34 2849
35 257
35 72
35 4672
36 3648
36 4181
36 1134
36 4298
37 3233
37 3855
37 5029
37 2848
38 1079
39 4324
39 1570
39 4300
39 44
40 4751
40 345
40 542
41 2770
41 2772
41 315
42 1062
42 958
42 969
42 793
43 1067
43 5030
43 375
43 2119
44 1084
44 403
44 1113
45 2632
45 4686
45 4277
45 69
45 74
46 1086
46 2742
46 48
46 1136
48 793
48 1090
49 103
49 74
49 2818
49 2819
50 919
50 422
50 968
51 4164
51 1130
51 1128
51 391
52 4092
52 2040
52 3876
53 2766
53 846
53 1619
54 2645
54 207
54 2647
54 2662
55 59
55 191
55 2057
56 927
56 2519
56 933
56 926
57 2693
57 2692
57 5033
57 2694
58 141
58 4779
58 4710
59 138
59 269
59 190
60 1668
60 4626
60 4810
61 4163
61 391
61 3863
61 197
61 675
62 117
62 84
62 908
63 68
63 1193
63 159
63 1154
64 937
64 4345
64 2655
65 1578
65 907
65 422
66 394
66 90
66 937
67 2602
67 79
67 4816
67 172
68 2743
68 1165
68 781
69 423
69 919
70 2510
70 2509
70 1658
70 1657
70 2508
71 2887
71 721
71 942
71 967
72 211
72 3408
72 2851
73 4412
73 1220
73 4410
74 2650
74 3390
75 87
75 2268
76 4058
76 4060
77 1741
77 2647
77 2649
78 2165
78 4279
78 4281
79 2603
79 172
80 85
80 298
81 2885
81 2883
81 941
82 2727
82 2726
82 98
83 968
83 1056
83 1058
84 2422
84 442
85 2371
86 1707
86 4084
86 1600
87 88
87 717
89 2634
89 4980
89 2334
89 2663
89 3777
90 963
90 2533
91 2402
91 92
91 4504
92 355
92 227
92 1444
92 3576
93 732
93 1444
93 226
94 3811
94 2729
94 95
95 1641
95 2728
96 2721
96 97
96 2720
97 4284
97 4285
97 1641
98 2729
98 4279
99 4967
99 1561
99 2203
100 348
100 126
100 174
101 2335
101 131
101 1575
102 399
102 4386
102 1258
102 1259
103 783
103 785
104 3107
104 123
104 1695
104 949
105 4681
105 1260
105 176
106 169
106 1218
106 108
106 128
107 1126
107 2242
107 3080
107 144
108 1235
108 128
109 178
109 4236
109 946
109 5020
110 1212
110 1210
110 1204
110 1207
111 1233
111 1247
112 485
112 3043
112 1673
113 934
113 2096
113 721
114 772
114 1567
114 4974
115 982
115 983
115 4051
116 163
117 1583
117 1584
118 588
118 734
118 1287
118 1291
119 4608
119 121
119 4273
120 2721
120 2723
120 2722
121 1689
121 1690
121 1688
122 4349
122 172
122 706
123 976
123 1640
123 2240
124 1387
124 2615
124 2108
124 1385
125 1265
125 1272
125 1273
126 348
127 1236
127 181
127 923
128 4680
128 169
128 4729
128 4746
129 2212
129 1192
129 1191
130 1190
130 159
130 2892
131 1574
131 492
132 1202
132 1198
133 155
133 3343
133 3344
133 2242
134 4774
134 3080
134 2200
135 1255
135 187
135 3235
136 1560
136 987
136 1567
136 5026
137 1688
137 1687
137 1689
138 234
138 4420
139 1352
139 1340
139 3870
140 1298
140 173
140 3344
141 2588
141 1583
142 2865
142 151
142 2608
143 2717
143 2716
143 2718
143 2721
144 1677
144 1213
144 397
145 3444
145 1882
145 1878
145 1881
146 1313
146 1324
146 1311
147 2610
147 1268
147 1270
148 2719
148 1180
148 1168
149 1674
149 1675
149 3132
149 567
150 174
150 625
150 1754
151 3236
151 1236
152 1198
152 1203
152 1158
152 1159
153 492
153 491
153 3812
153 1575
153 3650
154 2606
154 3367
154 4971
154 5001
155 4730
155 4729
155 176
156 177
156 192
156 208
157 1966
157 1968
157 1964
158 4578
158 3443
158 1570
159 3043
160 946
160 1177
160 184
161 2300
161 381
161 2587
162 1157
162 2211
162 781
163 1307
163 1575
164 4521
164 4523
164 4588
165 1055
165 626
165 1692
165 359
166 286
166 186
166 4370
167 3116
167 4927
167 1559
168 1833
168 824
168 805
168 977
169 2201
170 2611
170 1147
170 3046
171 2931
171 2364
171 2984
172 2762
173 4355
173 4356
174 1449
175 3390
175 1900
175 2651
175 3001
176 1298
177 4779
177 4780
178 4526
178 1026
178 2478
179 2587
179 4698
179 555
180 3905
180 3902
180 2125
180 2798
180 2343
181 923
181 1226
182 4603
182 4150
182 4274
183 5001
183 4979
183 256
183 546
184 5009
184 946
185 1153
185 2208
185 2209
186 1047
186 286
187 1250
187 1226
188 4711
188 709
188 4346
189 237
189 269
190 989
190 4669
190 237
191 2489
191 207
192 234
192 2064
193 283
193 194
194 1624
194 283
194 1623
195 1625
195 1127
195 2827
195 3546
196 392
196 1130
196 1625
197 272
197 291
197 392
198 4476
198 3658
198 293
199 2629
199 2939
199 4851
200 273
200 242
200 241
200 1047
201 376
201 968
201 918
201 1727
202 2631
202 4760
202 282
202 2654
203 376
203 3372
203 212
204 3131
204 243
204 239
204 285
205 258
205 257
205 238
205 243
206 207
206 4684
206 257
206 4607
207 1728
208 213
208 1728
209 210
209 343
209 274
209 1049
210 212
210 239
210 3356
211 2850
211 3409
212 244
212 377
213 2061
213 2489
214 345
214 3369
214 344
214 3372
215 2218
215 309
215 2068
216 3246
216 3247
216 2033
216 3245
217 605
217 1683
217 3010
218 947
218 219
219 2268
219 728
220 736
220 728
220 2270
221 222
221 736
221 1651
222 2808
222 223
223 1653
223 3566
224 225
224 729
225 2065
226 2386
226 2807
227 3576
227 1444
228 723
228 3574
228 3575
229 3573
229 3574
229 2856
230 731
230 723
230 3571
231 3568
231 752
231 232
231 731
232 3567
232 4205
233 2371
233 725
233 565
234 2059
235 3125
235 2373
236 3489
236 1724
237 3342
238 378
238 1726
239 1048
239 244
240 2652
240 2630
240 1048
241 2630
241 2652
242 1049
242 2652
243 244
243 4631
244 378
245 1344
245 1339
245 1850
246 1851
246 1343
246 1350
247 3316
247 1842
247 3317
248 4209
248 1382
248 1379
249 2357
249 3445
249 3444
249 3447
250 1359
250 1722
250 3641
251 3458
251 4856
251 4627
251 4721
251 3338
252 756
252 2811
252 1533
252 570
253 757
253 1764
253 1460
253 3205
254 2934
254 1792
254 3475
255 308
255 5014
255 2696
256 1566
256 819
256 3973
257 4723
258 278
258 4723
259 2120
259 1576
259 2629
260 1831
260 1832
260 884
261 854
261 262
261 872
262 860
262 875
262 853
263 264
263 860
263 862
264 4034
264 874
265 307
265 887
265 306
266 3149
266 458
266 504
267 3147
267 697
267 458
268 830
268 828
269 440
270 3129
270 3128
270 315
270 286
271 4370
271 3128
271 4371
272 293
272 292
272 675
273 274
273 2939
274 881
274 390
275 277
275 276
275 315
275 720
276 2773
276 2774
277 2439
277 2438
278 280
279 720
279 4631
279 280
279 2440
280 2451
281 2448
281 4653
282 287
282 918
283 2831
283 762
284 289
284 2832
284 3513
285 286
285 1047
285 2630
287 3377
287 3369
288 539
288 2704
288 3377
289 2829
289 3546
290 1903
290 2418
290 392
291 4353
291 1903
292 676
292 4353
292 293
294 2217
294 2049
294 2218
295 2919
295 309
295 2217
296 587
296 1174
296 1175
297 2686
297 615
297 2685
297 4817
298 2031
298 2411
299 773
299 733
299 739
299 588
300 548
300 4964
300 308
301 2694
301 599
301 4964
302 3241
302 4035
302 597
302 599
303 2080
303 3241
304 305
304 2696
304 4505
305 342
305 306
306 4505
307 4505
307 2695
308 2695
309 2218
309 2217
310 3150
310 3151
310 585
311 2688
311 4819
311 2687
311 2689
311 2690
312 2041
312 313
312 3662
313 1224
314 3127
314 315
314 2771
316 4354
316 318
316 2036
317 318
317 4354
318 2049
319 3037
319 2391
319 1241
320 3037
320 321
320 3038
321 2867
321 1437
321 924
322 410
322 323
322 3196
323 1314
323 1312
324 1326
324 1325
324 2954
324 2457
324 2952
325 2943
325 2358
325 2944
325 3450
326 3625
326 3626
326 3622
326 2244
327 2325
327 4245
327 3625
328 2324
328 4575
328 3709
329 4575
329 4572
329 3616
330 3641
330 1438
330 3644
331 1765
331 3205
331 1532
331 2246
332 2131
332 1954
332 1461
332 1464
332 1767
333 4572
334 3044
334 3606
334 3602
334 3605
335 366
335 365
335 1068
336 4928
336 4849
336 4850
336 1040
337 3036
337 3035
337 671
337 487
338 421
339 414
339 643
339 1146
340 414
340 4507
340 382
341 641
341 415
341 4507
341 2198
342 390
342 887
343 344
343 715
343 390
344 3364
344 714
345 346
346 714
347 625
347 351
347 753
348 349
349 560
349 350
350 351
350 2265
351 352
352 380
352 353
353 4233
354 2224
354 2614
354 1386
354 1390
355 4410
355 1219
356 766
356 576
356 2036
356 1536
357 1535
357 596
357 595
358 1942
358 1001
358 4359
359 1692
359 1691
360 1076
360 361
360 362
361 553
361 362
362 2487
363 2706
364 1074
364 1077
364 3012
365 368
365 3312
366 4928
366 367
367 1069
367 3055
368 3052
368 370
369 3074
369 1070
369 2199
369 3073
370 3068
370 627
371 1135
371 372
371 1115
372 401
372 1113
373 959
373 2656
373 958
373 2657
374 3004
374 969
374 1002
375 1132
376 377
377 1727
377 378
379 3319
379 3318
380 1760
381 1457
381 2131
381 2781
382 1303
382 4162
382 490
383 1269
383 1144
383 3006
384 487
384 482
384 385
384 494
385 399
385 1299
385 1571
386 1140
386 1139
386 398
386 3957
387 2787
387 1138
387 3957
387 1139
388 4577
388 3689
388 1124
388 1138
389 4301
389 1125
389 4577
391 4163
391 392
393 3311
393 403
393 3689
394 960
394 959
395 3158
395 2661
395 5015
396 1158
396 1154
396 2383
397 3648
397 3657
398 3788
398 3787
398 1296
399 1268
399 1301
400 402
400 1119
400 1121
401 1116
401 1119
402 2434
402 3677
402 1092
403 1116
404 406
404 630
404 405
405 2098
405 2890
406 407
406 3688
407 1073
407 3683
408 1074
408 553
408 3683
409 660
409 417
409 2196
409 646
410 2906
410 2458
410 4182
411 412
411 897
412 680
412 1403
412 807
413 1407
413 1406
413 2067
414 415
415 416
415 643
416 417
416 631
416 632
417 418
417 636
418 645
418 650
419 645
419 651
419 654
420 654
420 644
420 421
421 655
422 423
423 2650
424 830
424 435
424 1584
424 425
425 428
425 436
426 427
426 1590
426 428
427 428
427 1717
429 1715
429 1717
429 433
430 2462
430 431
430 432
431 4931
431 2461
432 4929
432 2461
433 437
433 450
434 4599
434 1667
434 1924
435 1587
435 2491
436 2430
436 2488
437 2488
437 4336
438 2430
439 440
441 3228
441 519
441 522
442 1577
442 4710
443 448
443 446
443 444
443 4336
444 445
444 446
444 449
446 447
447 452
448 449
448 450
449 2099
450 686
451 456
451 453
451 464
453 455
453 462
454 479
454 696
454 697
455 478
455 2099
456 476
456 2474
457 468
457 508
457 470
458 2460
459 2463
459 468
459 461
460 465
460 464
460 461
461 2476
461 463
462 3147
462 3141
463 2474
463 4933
464 4935
465 3141
465 3145
466 467
466 504
467 470
467 468
469 470
471 3345
472 1655
472 473
472 4033
473 3345
473 1655
474 4032
474 1654
474 475
476 508
476 506
477 686
477 696
477 480
478 479
478 2427
479 2428
480 2427
480 2428
481 1122
481 482
481 2783
482 487
483 2851
483 484
483 2777
484 4672
484 4684
485 486
485 2513
486 1781
486 1672
487 495
488 489
488 635
488 3006
488 495
489 491
489 3812
489 490
490 3812
491 1572
491 492
493 494
493 1307
493 495
494 1144
496 497
496 1189
496 916
497 1189
497 498
498 913
498 499
498 2513
499 3225
499 2513
500 4641
500 1781
500 1188
500 3225
501 2093
501 3221
501 4641
502 2472
502 1598
502 2579
503 1597
503 2117
503 2473
504 2471
505 2467
505 2496
505 3950
506 507
506 1655
507 508
509 5015
509 510
509 2705
510 540
510 821
511 1893
511 512
511 541
512 2699
512 543
513 515
513 516
513 1601
514 3966
514 564
514 516
515 3966
515 516
516 517
517 4084
517 523
518 3229
519 3229
519 537
520 3228
520 522
520 523
521 522
523 538
524 525
524 538
524 526
525 527
525 526
526 528
527 528
527 692
528 4866
529 530
529 2313
529 4057
530 4180
530 533
531 532
531 4180
533 534
533 536
534 535
534 537
536 3916
536 4056
537 538
539 2702
539 4757
540 2333
540 3113
541 3112
541 2333
542 2702
542 4754
543 545
543 3366
544 546
544 545
546 547
547 3366
547 3367
548 549
548 733
549 550
549 5033
550 551
550 734
551 552
551 735
552 2045
552 3151
553 2709
553 2708
554 557
554 614
554 1494
555 2782
555 2006
556 1500
556 1497
556 1495
557 1492
557 1494
558 1529
558 2396
558 3814
559 2993
559 2994
559 4227
559 2916
560 2265
560 4243
561 1467
561 1465
561 754
562 563
562 3873
562 3349
563 564
563 3873
565 1223
565 722
566 1496
566 1488
566 1500
567 3744
567 1498
567 1818
568 1405
568 3000
568 1412
569 1557
569 1771
569 1953
570 756
571 1591
571 4822
571 1664
572 4714
572 573
572 1587
573 574
573 2659
574 575
575 2659
576 2416
576 1747
577 596
577 594
577 974
577 2073
578 970
578 581
578 594
579 583
579 580
579 970
580 586
580 581
581 582
582 595
582 587
583 584
583 1020
584 1286
584 1177
584 1275
585 586
585 1175
586 1020
586 587
587 4590
588 589
589 4948
589 1744
590 1290
590 770
590 1287
590 4939
591 4236
591 1747
591 4943
592 4942
592 4943
593 974
593 4202
593 985
594 595
596 4392
598 4976
599 4976
599 3233
600 683
600 601
600 2035
601 602
601 604
602 694
602 603
603 694
603 3246
604 605
604 607
605 2846
606 607
606 2038
606 2846
607 2037
608 685
608 769
608 2037
609 2799
609 685
609 3891
610 981
610 1439
610 1774
611 1912
611 3885
611 1829
611 3882
612 1772
612 1818
612 698
612 814
613 2910
613 943
613 2590
614 2910
614 1035
615 4408
615 2097
616 2833
616 3526
616 2097
616 3529
617 2791
617 2075
617 2845
618 2789
618 2790
618 621
619 3513
619 763
619 2792
620 3845
620 621
620 2792
621 2837
621 2835
622 1442
622 1128
622 3978
623 1898
623 2592
623 825
623 912
624 3780
624 926
624 4027
624 2852
625 1753
626 1028
626 1965
627 3074
627 1077
628 629
628 890
629 1112
629 1080
630 1073
630 2483
631 2198
631 2196
632 643
632 636
633 634
633 3735
633 2197
633 2198
634 635
634 641
634 638
635 640
635 641
636 644
637 638
637 3735
637 658
638 639
638 642
639 640
639 4506
640 1145
640 649
640 4506
642 648
642 901
642 3050
644 650
645 656
645 650
646 3733
646 2199
646 4228
647 648
647 4508
647 903
647 670
648 3048
648 664
649 671
649 662
651 652
651 656
652 653
652 4228
653 655
653 654
655 2199
656 4228
657 898
657 659
657 658
657 3734
658 661
659 661
659 3734
660 3735
660 661
660 2197
662 3051
662 663
663 664
663 665
664 667
665 671
665 666
666 668
666 667
667 670
668 1514
668 669
669 1111
669 3035
669 2435
670 1514
672 1349
672 1347
672 1354
673 1419
673 800
673 674
674 1420
674 801
675 5030
676 2025
676 2238
677 3845
677 2277
678 1440
678 911
678 909
679 1829
679 1366
679 1381
679 1487
680 4950
680 3000
681 2035
681 767
681 682
682 2069
683 2069
683 695
684 685
684 3892
684 2037
686 2493
687 2462
687 1716
687 2493
688 1588
688 4930
688 697
689 1643
689 690
689 691
690 691
690 1588
691 1644
691 2900
693 3245
693 695
693 2034
694 2034
695 2034
696 2494
698 2594
698 814
699 2826
699 703
699 704
700 701
700 1579
700 4816
701 702
701 2963
702 2712
702 706
702 707
703 704
703 2710
703 2712
704 1578
705 2194
705 2722
705 2724
705 2725
706 2711
707 2713
707 708
707 2717
708 2712
708 2826
709 4347
709 2113
710 4352
710 4350
710 4351
711 712
711 4712
711 1915
713 4711
714 715
715 1476
715 716
717 2370
717 718
717 725
718 719
718 2271
719 722
719 3567
719 1179
720 3131
721 940
721 4235
721 4520
722 2854
722 725
723 732
723 3575
724 3022
724 2385
724 4063
726 3954
726 729
726 3563
727 729
727 3954
727 2269
728 2269
730 2854
730 2856
730 3569
731 3569
731 732
732 2385
733 819
733 5024
734 5024
735 2689
735 2691
736 737
736 2269
737 738
739 1745
739 1743
740 4927
740 4945
740 4983
740 1745
741 4090
741 747
741 742
742 743
742 4088
743 4089
743 4090
744 3029
744 2805
744 3019
745 4063
745 2914
745 3018
746 3016
746 2913
746 747
747 748
749 4776
749 4777
749 4041
749 4778
750 2384
750 751
750 4065
751 4064
751 4207
752 4067
752 4066
754 2990
754 1462
755 1468
755 757
755 1470
756 2246
756 2809
757 2932
757 2246
758 1776
758 1819
758 2599
759 1148
759 760
759 814
760 2599
760 1772
760 1773
761 1038
761 812
761 815
762 4408
762 2368
763 3515
763 3517
764 1269
764 1270
764 1574
765 1564
765 1294
765 896
766 3746
766 1925
766 998
767 2801
767 998
768 996
768 2802
768 1000
769 999
769 2802
770 5016
770 5019
771 5019
771 5017
772 1743
772 773
772 987
773 3973
774 2834
774 3529
774 2688
775 2628
775 778
775 776
776 784
776 2208
777 778
777 794
777 784
778 779
779 796
780 1184
780 1182
780 1161
781 1156
781 1172
782 783
782 786
782 2206
783 1168
784 4051
785 786
785 1900
786 2203
786 3797
787 2728
787 1169
787 788
788 1182
788 789
789 2732
789 2731
790 2165
790 1160
790 2143
791 1184
791 1164
791 1171
792 1172
792 1171
792 1152
793 794
794 1004
795 1004
795 3002
795 3003
796 1003
797 1002
797 1003
797 4853
798 2205
798 3305
798 1151
799 806
799 4715
799 1078
800 2677
800 2674
800 1079
801 1423
801 1780
802 3886
802 815
802 808
802 3885
803 2635
803 2673
803 1423
804 1775
804 3880
804 3886
805 823
805 1033
805 1034
806 811
806 1401
807 897
807 961
807 1402
808 816
808 818
809 1053
809 1541
809 1778
810 3314
810 1401
810 811
811 1409
812 813
812 1778
813 1777
813 1037
814 1898
815 816
816 1054
817 1541
817 1774
817 1540
818 2562
818 2564
819 5014
820 822
820 2605
820 1893
820 2606
821 1642
821 1225
823 1569
823 824
824 4448
824 1817
825 1837
825 981
826 829
826 830
826 2480
827 828
827 2479
827 2480
828 908
831 2349
831 2351
831 2962
831 2347
832 3927
832 4002
832 2395
833 3326
833 3325
833 4112
834 3329
834 3327
834 3324
834 3325
835 4117
835 4116
835 4119
836 4114
837 3331
837 4114
837 4119
837 3327
838 4116
839 3944
839 4117
839 4467
839 3938
840 2312
840 4883
840 4467
841 4109
841 3326
841 4044
842 4109
842 2290
842 4107
843 4475
843 4898
843 4883
844 845
844 4895
844 4901
845 3549
845 4902
846 1619
846 3549
847 4912
847 1630
847 3323
848 4037
848 859
848 849
849 869
849 850
850 886
850 851
851 852
851 868
852 862
852 861
852 853
853 860
854 884
854 855
855 856
855 863
856 857
856 861
857 858
857 861
857 863
858 867
858 859
859 866
860 875
862 868
863 4399
864 865
864 4399
864 867
865 866
865 867
866 3972
868 870
868 886
869 886
869 4036
869 870
870 4035
871 3972
871 4399
871 884
872 873
872 876
873 878
873 877
874 885
875 876
876 877
877 4208
877 879
878 880
878 879
879 883
879 882
880 4039
880 4038
881 882
881 4039
881 4034
882 883
883 4208
884 4038
885 4208
887 4034
888 1064
888 890
888 894
889 894
889 891
889 2738
890 891
891 1759
892 2484
892 1081
892 1759
893 1064
893 4946
894 1051
895 1051
896 1563
896 1125
897 2657
898 899
898 904
899 900
900 901
901 902
902 904
902 903
903 904
905 2646
905 2662
905 907
906 2777
906 2645
906 2646
907 2649
907 1602
908 1582
909 910
909 981
909 4448
910 1400
910 1432
910 1569
911 4270
911 1433
912 1050
912 1833
913 2754
913 914
915 916
915 2756
917 3409
917 2850
917 1727
918 919
920 4689
920 4973
920 2216
921 4168
921 4387
921 4376
922 4168
923 2869
924 2868
924 2870
925 2852
925 2665
925 4980
926 3781
928 4660
928 4666
928 957
929 3557
929 3959
929 932
930 931
930 3557
930 3388
931 932
933 4030
933 4028
933 2517
934 3959
934 2514
935 4668
935 2655
935 4418
936 4668
936 937
936 2529
938 2533
939 4992
939 941
939 4521
939 4588
940 3169
940 4235
941 4588
941 4859
941 4519
942 1414
942 4598
943 945
943 2066
944 954
944 945
947 4342
947 4340
948 4327
948 3562
949 1749
949 950
949 1026
950 4339
950 1640
951 952
951 951
952 954
952 953
954 955
956 4853
956 4345
956 2656
957 4667
957 2519
958 969
959 960
960 1071
961 2657
961 1071
962 1402
962 964
962 2539
963 964
963 1415
964 965
966 1413
966 980
966 967
967 4263
970 971
971 975
971 972
971 973
972 975
972 986
973 975
973 1280
974 986
976 977
976 1033
977 2066
978 1569
978 1703
978 1704
978 1034
979 4263
981 1148
982 2740
982 3027
983 2741
983 1134
984 985
984 1280
984 1279
985 1282
986 1281
987 988
987 4983
988 4863
988 3116
989 990
989 4656
991 4652
991 3962
991 2653
992 3405
992 993
992 994
993 995
994 995
994 3406
994 3407
996 997
996 2801
997 3673
997 998
999 4358
999 1000
1000 4361
1001 3673
1001 3746
1002 3002
1003 1004
1005 1010
1005 1009
1005 3121
1006 1010
1006 1008
1006 1007
1006 3120
1007 1012
1007 1008
1008 1011
1009 1011
1009 1012
1010 1011
1011 1012
1013 1017
1013 1018
1013 3120
1014 3120
1014 1151
1014 1015
1015 4737
1015 1016
1016 1017
1016 1019
1017 1019
1018 3121
1018 3119
1019 3119
1020 3150
1021 1934
1021 1750
1021 1027
1021 1751
1022 1028
1022 3553
1022 1027
1023 1025
1023 1024
1023 1748
1024 1925
1024 1930
1025 1026
1025 1638
1025 4957
1027 1746
1028 1746
1029 1032
1029 4049
1029 1030
1029 3169
1030 4314
1030 4025
1031 3387
1031 3167
1031 4314
1032 1890
1032 4049
1033 2658
1034 1050
1035 1036
1036 4769
1037 1038
1037 1148
1038 1773
1040 1041
1041 1042
1042 1043
1042 1046
1043 1046
1043 1044
1044 1045
1045 1046
1048 1049
1050 3731
1051 1052
1053 1908
1053 4174
1054 1778
1054 1910
1055 1964
1055 1965
1056 1057
1056 1058
1058 2850
1059 4946
1059 1060
1061 1062
1063 1064
1063 4946
1064 1065
1065 4787
1066 1219
1066 1067
1069 1070
1069 3073
1071 1072
1073 2431
1074 1075
1076 2486
1076 2485
1077 3688
1078 4950
1079 1779
1080 2487
1080 1759
1082 2486
1083 1487
1083 3786
1083 3742
1084 3322
1084 1293
1085 4316
1085 3322
1085 4324
1086 1088
1086 1091
1086 4580
1087 3322
1087 3442
1087 1088
1088 3442
1089 1293
1089 1090
1090 1091
1091 3441
1092 2435
1092 1093
1093 1094
1093 1098
1094 1095
1094 1105
1095 1096
1095 1107
1096 1103
1096 1110
1097 1098
1097 1105
1097 1101
1098 1099
1099 1100
1099 1109
1100 1101
1100 1102
1101 1102
1101 1104
1102 1103
1103 1109
1104 1106
1104 1105
1106 1107
1108 1110
1109 1111
1110 2905
1111 1512
1112 2454
1112 2433
1114 1115
1115 2454
1116 1120
1117 1118
1118 1120
1118 1119
1120 1121
1121 3310
1122 2435
1122 1123
1124 2784
1124 3311
1125 1563
1125 4323
1126 3443
1126 4304
1127 1129
1128 3978
1128 1129
1129 1130
1130 1131
1132 2193
1132 1576
1133 2794
1133 1134
1133 4181
1136 4315
1136 4580
1137 1563
1137 1138
1137 1139
1141 2238
1142 3036
1143 1144
1143 1571
1143 1268
1143 1269
1147 2862
1147 1217
1149 1224
1150 3520
1151 2628
1152 1170
1152 1153
1153 2210
1154 1155
1154 2212
1155 2383
1155 1156
1156 2383
1157 4515
1157 3657
1157 1158
1159 1208
1159 2214
1159 2213
1160 1161
1160 1183
1161 2732
1162 1167
1162 2143
1162 1165
1163 1171
1163 1172
1163 1164
1163 1165
1164 1167
1166 1167
1167 1183
1168 1169
1169 1186
1173 1174
1173 1175
1174 2686
1176 1177
1178 1179
1179 2808
1180 2718
1180 2720
1181 1182
1183 1184
1185 1186
1186 2206
1187 2584
1188 2961
1188 2756
1189 2892
1190 4786
1191 1192
1193 4786
1194 1196
1195 1200
1196 4382
1196 1203
1197 1200
1197 2215
1197 4382
1198 2215
1199 2116
1199 3230
1200 1202
1200 2757
1201 2757
1202 2758
1202 2116
1203 2212
1204 1205
1204 1214
1206 1207
1207 4774
1208 2860
1208 1210
1209 1213
1210 1215
1211 1215
1212 1214
1212 2214
1213 1214
1215 2857
1216 2857
1216 1218
1216 2862
1217 1678
1217 2860
1218 3046
1219 1220
1220 3863
1221 3031
1221 2239
1221 2844
1222 3678
1222 2273
1222 2274
1223 2273
1223 2039
1226 1647
1226 2796
1227 4743
1227 2880
1227 4741
1228 1229
1228 1230
1228 4725
1229 4726
1229 4199
1230 1234
1230 1233
1231 4199
1231 4740
1231 1234
1231 1247
1232 1240
1232 1233
1232 1242
1235 3352
1235 1647
1236 2744
1237 1240
1237 1238
1237 3244
1238 2864
1238 2876
1239 1240
1241 3038
1241 2763
1242 2763
1242 2765
1243 1245
1244 1245
1245 3675
1246 1247
1246 3675
1246 1248
1249 1252
1249 1253
1249 1907
1250 2797
1250 1257
1251 1252
1252 1257
1254 1255
1255 2908
1256 1257
1258 1259
1258 1261
1258 4681
1259 1263
1260 4746
1260 4680
1261 1262
1261 3864
1262 1263
1262 1266
1263 1271
1264 1265
1265 1271
1266 1649
1266 1648
1267 1435
1267 1273
1267 1648
1267 1679
1268 1271
1269 1270
1272 1273
1272 2610
1274 1275
1274 1277
1274 1290
1275 1276
1278 1280
1281 1282
1281 1284
1282 1283
1285 1286
1286 1646
1287 1289
1288 1290
1291 1292
1291 3151
1293 3441
1294 3343
1294 1565
1295 3787
1295 1565
1295 1564
1296 4355
1296 4357
1297 4357
1297 4356
1297 4386
1298 4682
1298 4730
1299 3005
1299 3957
1300 1301
1301 3788
1302 3869
1302 1510
1302 3871
1303 1306
1303 2225
1303 2745
1304 2745
1304 4162
1304 3869
1305 3649
1305 4792
1306 1307
1306 1526
1308 1311
1308 4583
1308 1315
1309 3157
1309 3079
1309 2391
1310 4421
1310 3197
1310 3199
1311 1316
1312 2907
1312 1314
1313 2459
1313 4583
1314 1320
1315 1319
1315 2751
1316 3197
1316 2390
1317 1323
1317 3196
1317 2956
1318 1323
1319 1321
1319 1883
1319 4584
1320 2958
1320 4427
1321 1886
1321 4687
1322 4429
1322 2957
1322 1323
1324 2867
1324 3079
1325 2951
1325 1329
1326 2956
1326 2951
1327 1328
1327 4687
1327 4688
1328 3340
1328 4581
1328 1331
1329 2949
1329 3480
1329 1850
1330 2947
1330 1375
1330 2945
1331 1335
1331 2245
1331 2331
1332 2619
1332 1335
1332 2330
1333 2363
1333 2984
1333 3460
1333 1377
1334 1377
1334 3340
1334 3458
1335 3782
1336 2953
1336 2893
1336 2947
1337 1351
1337 1347
1337 1341
1337 1346
1338 1343
1338 1345
1338 3680
1338 1339
1338 3383
1339 1344
1339 1345
1340 1355
1340 1342
1340 1353
1341 1347
1341 1342
1341 1355
1342 1354
1342 1352
1343 1348
1344 1355
1344 1353
1345 1346
1345 1348
1346 1348
1346 1355
1347 1354
1348 1350
1349 1426
1349 1351
1350 1428
1351 1428
1352 1354
1353 3872
1356 3480
1356 1361
1356 1358
1357 3638
1357 1438
1357 3637
1358 1360
1358 2457
1359 3637
1359 3180
1360 2456
1360 1361
1361 3479
1361 3194
1362 1368
1362 1370
1362 1369
1362 1363
1362 1366
1363 3499
1363 3498
1363 1367
1364 2578
1364 3487
1364 2380
1365 3483
1365 1371
1365 3316
1366 1370
1366 1369
1367 1371
1367 1418
1368 2353
1368 3497
1368 3500
1369 3497
1369 1383
1370 3498
1370 3486
1371 2382
1371 3502
1372 2568
1372 2564
1372 2379
1372 2565
1373 2232
1373 1377
1373 1376
1374 4245
1374 3332
1374 2327
1374 3634
1375 2360
1375 2946
1376 4856
1376 1397
1377 2363
1378 3332
1378 4860
1378 3643
1379 1381
1379 4645
1379 2222
1379 1384
1380 4645
1381 1384
1381 1383
1382 4210
1382 2585
1383 2222
1384 4644
1385 2365
1385 3474
1386 3474
1386 1387
1387 1391
1387 1389
1388 2620
1388 3438
1388 2122
1389 2617
1390 3472
1390 3469
1390 3470
1391 2618
1391 2616
1392 2107
1392 2123
1392 2623
1393 1396
1393 2938
1393 2316
1393 2935
1394 1502
1394 3175
1394 2244
1394 2320
1395 3633
1395 3634
1395 3630
1396 1502
1396 3888
1397 1475
1397 2389
1398 1432
1398 2094
1398 1399
1398 1433
1399 4266
1399 1400
1400 1704
1401 1779
1402 1403
1403 1407
1404 1417
1404 4031
1404 4715
1407 2998
1408 2375
1408 2374
1408 1908
1409 2559
1409 2558
1409 2556
1410 2387
1410 2378
1410 2375
1411 2524
1411 2523
1411 1414
1411 2533
1412 2549
1412 2548
1412 2546
1413 2525
1413 2526
1413 1415
1414 2520
1414 2521
1415 2530
1415 2528
1416 2541
1416 2542
1416 2067
1416 1434
1417 2555
1417 2553
1417 2551
1418 3498
1418 2382
1418 3487
1420 1426
1420 1867
1421 1427
1421 1431
1421 1424
1422 1876
1422 1873
1422 1423
1424 1429
1424 1902
1425 1873
1425 1430
1425 1427
1425 1426
1426 1863
1427 1431
1428 1865
1429 1430
1429 1865
1430 1865
1431 1876
1432 4252
1433 3222
1434 3222
1434 2095
1435 1437
1435 1436
1436 1437
1436 2867
1436 4185
1437 3306
1438 3643
1438 3639
1439 1440
1439 1539
1440 1441
1442 3976
1443 1623
1445 2895
1445 4419
1445 3008
1446 3759
1446 3760
1446 3755
1446 1448
1447 3410
1447 4242
1447 1448
1448 2898
1449 1757
1449 1756
1450 2898
1450 2895
1450 2896
1451 3764
1451 3762
1451 3761
1451 4242
1451 3763
1452 1453
1452 2809
1452 3416
1452 1758
1453 3894
1453 2101
1454 3156
1454 1455
1454 1468
1454 1764
1455 3201
1455 3203
1456 1471
1456 3762
1456 1473
1457 4269
1457 4268
1457 2300
1458 4213
1458 1472
1458 1471
1459 3200
1459 1468
1459 2991
1460 3203
1460 2933
1460 3206
1461 1767
1461 2132
1461 4127
1462 1469
1462 2991
1462 1530
1463 2399
1463 3202
1463 1466
1463 3201
1464 3132
1464 1959
1465 3763
1465 1472
1466 2398
1466 3155
1466 3156
1467 1470
1467 2992
1468 3155
1469 1530
1470 2990
1471 3763
1472 1527
1474 2389
1474 3718
1474 2816
1475 2327
1475 2815
1476 2697
1476 1477
1478 1485
1478 1480
1478 1483
1479 3922
1479 3924
1479 2346
1480 1482
1480 1481
1481 3921
1481 1485
1482 4004
1482 4003
1483 4002
1483 4003
1484 3921
1484 2346
1484 2304
1485 3923
1486 3887
1486 1828
1486 3882
1486 1776
1487 1880
1488 1491
1488 1497
1489 1498
1489 1493
1489 1496
1490 1496
1491 1494
1491 2591
1492 1495
1492 2011
1495 1497
1495 1558
1498 1499
1500 1557
1501 4702
1502 2319
1502 1720
1503 1723
1503 3188
1503 3899
1504 2122
1504 2619
1505 2822
1506 4714
1506 2822
1506 3723
1507 1682
1507 2948
1508 1510
1508 1509
1508 3872
1509 1511
1509 2948
1510 1511
1511 1516
1512 2199
1512 1513
1513 1514
1513 4508
1515 1516
1515 1519
1515 2747
1516 1522
1517 1519
1517 1518
1517 2747
1518 1520
1518 1521
1519 1521
1519 2458
1520 1523
1520 2225
1521 1522
1521 1523
1522 1525
1523 1524
1524 2626
1524 1525
1525 2335
1526 4792
1526 2748
1527 4213
1527 1528
1528 1529
1528 1719
1529 1530
1529 1762
1531 3210
1531 4782
1531 1532
1532 2811
1533 2812
1533 3593
1533 2101
1534 1535
1535 3890
1536 2072
1536 2070
1537 2414
1537 2073
1537 2416
1538 1539
1538 2546
1538 3222
1538 4270
1539 1540
1539 2551
1540 2556
1541 1777
1542 1704
1542 1702
1542 1543
1544 1545
1544 1546
1544 1703
1545 1547
1545 1550
1546 4257
1546 1548
1547 1549
1547 1551
1548 1550
1549 4248
1549 1552
1550 1551
1551 1552
1552 4249
1553 1554
1553 1555
1553 4248
1554 4253
1554 1556
1555 4256
1555 4247
1556 4247
1556 4246
1557 1771
1558 2006
1558 1771
1559 5005
1559 5017
1559 5006
1560 4416
1560 2216
1560 4863
1561 3797
1561 2202
1562 2202
1562 2204
1562 2205
1563 1564
1564 1565
1565 4734
1566 4926
1566 4979
1567 1568
1570 4324
1570 3443
1571 1573
1572 3006
1572 1574
1576 2028
1577 2424
1578 2710
1579 2601
1579 2194
1580 2180
1580 1657
1580 2507
1581 4770
1581 1665
1581 1660
1582 4093
1582 4773
1583 1585
1584 1585
1585 3724
1586 2482
1587 2482
1588 3741
1589 3740
1589 3741
1590 1591
1590 3690
1591 2506
1592 1670
1592 1598
1592 4803
1592 4806
1593 1594
1593 1595
1593 4425
1594 1656
1594 1595
1595 1596
1596 3087
1596 1597
1597 4854
1598 1599
1598 4809
1599 2579
1599 3221
1600 1601
1601 4084
1602 1614
1603 1605
1603 1614
1603 1604
1604 1605
1604 1606
1605 1608
1605 1607
1606 1608
1606 4614
1607 1609
1607 2711
1608 1611
1608 1609
1609 1610
1609 4610
1611 4610
1611 4611
1611 4617
1612 1613
1612 2983
1612 2024
1613 1615
1613 1616
1615 1616
1615 1617
1616 1618
1619 4158
1620 3913
1620 1637
1620 1635
1621 4072
1621 2395
1621 4073
1622 2350
1622 4069
1622 3913
1623 1624
1624 2275
1625 3509
1626 1627
1626 4886
1626 4918
1627 1628
1627 4894
1628 4904
1628 4886
1628 1629
1629 4913
1629 3335
1629 1631
1630 4911
1630 3336
1631 4914
1631 4902
1632 2305
1632 1633
1632 2288
1633 1634
1633 1636
1634 1635
1634 1637
1635 2767
1636 1637
1636 2305
1638 4236
1638 1747
1639 4339
1639 4337
1639 4525
1639 1640
1641 2719
1642 4026
1642 3975
1643 1645
1643 1644
1644 1645
1644 2900
1645 2901
1646 3151
1646 3150
1647 1650
1647 1680
1648 1649
1649 3350
1650 3350
1650 1680
1651 2640
1651 1652
1652 3015
1652 1653
1652 4683
1653 4683
1654 4033
1656 4854
1656 4822
1657 2507
1658 1659
1658 2511
1659 3039
1659 2511
1659 4589
1660 4770
1660 2511
1660 2510
1661 1663
1661 4618
1661 4621
1661 4624
1662 4797
1662 4793
1662 4798
1663 4618
1663 1672
1663 1665
1664 1666
1664 4794
1665 1673
1666 4793
1666 4794
1667 4811
1667 2124
1668 1669
1668 2680
1669 1922
1669 4807
1670 4802
1670 4805
1670 3684
1671 2345
1671 3684
1671 4796
1672 1673
1674 4366
1674 1675
1675 4647
1676 4364
1676 2135
1676 3897
1677 4325
1678 1710
1678 1709
1679 2610
1679 4845
1679 1725
1680 3047
1681 3479
1681 4239
1681 1721
1682 2949
1683 1684
1683 3320
1683 1685
1684 1685
1684 3319
1685 3730
1686 1688
1686 1687
1686 3730
1687 2847
1687 3730
1688 2088
1689 2243
1690 3749
1690 2243
1691 1692
1691 3750
1692 1944
1692 3750
1693 4441
1693 1694
1693 3556
1693 3555
1694 4434
1694 1697
1694 1972
1695 3386
1695 4769
1695 3556
1696 4434
1696 1698
1697 1700
1698 1699
1699 1972
1699 1978
1700 1972
1701 2248
1702 4859
1702 1703
1705 1706
1705 1708
1705 1707
1707 2311
1709 1710
1710 1712
1710 1711
1711 1712
1711 2611
1713 1787
1713 1769
1713 1770
1714 1770
1714 1787
1714 1788
1715 1716
1715 1717
1716 1718
1719 1762
1719 1766
1720 3477
1720 3478
1720 3628
1721 3477
1721 2400
1722 1723
1722 3186
1723 3182
1725 4272
1725 4845
1726 1727
1726 3408
1728 1729
1729 1730
1729 1732
1730 1732
1730 1731
1731 1735
1731 1733
1732 1733
1733 1734
1734 1738
1734 1736
1735 1739
1735 1737
1736 1738
1736 1737
1737 1738
1739 1740
1740 1741
1741 2981
1742 1743
1744 1745
1744 4945
1748 1749
1748 1934
1749 1750
1750 1751
1751 3107
1752 3107
1753 4238
1753 1755
1753 1754
1754 1756
1754 3910
1755 2264
1756 1782
1757 1782
1757 3007
1758 3894
1758 3410
1758 3411
1760 1761
1760 4233
1761 4232
1761 4231
1762 3200
1762 2397
1763 3692
1763 2399
1763 2397
1764 3203
1765 3209
1765 4782
1765 4783
1766 2400
1766 3475
1767 2133
1767 4126
1768 1786
1768 3695
1768 3692
1769 3578
1769 3696
1769 1783
1770 1783
1772 2595
1773 1775
1774 1777
1775 1776
1779 2668
1780 2677
1780 2679
1781 3865
1782 4431
1782 2897
1783 3084
1784 3588
1784 3585
1784 4564
1784 3084
1785 4560
1785 4551
1785 3704
1785 4555
1786 3475
1786 3697
1787 3697
1788 2912
1788 3700
1789 3700
1790 1797
1790 1791
1790 1796
1791 1800
1791 1793
1792 4529
1792 2912
1793 1803
1793 1794
1794 1805
1794 1795
1795 1808
1795 1798
1796 1799
1796 1797
1796 4529
1797 1801
1797 1800
1798 2318
1798 3082
1800 1804
1800 1803
1802 4179
1802 4542
1802 4222
1802 4561
1803 1806
1803 1805
1805 1807
1805 1808
1808 1809
1809 1810
1809 3083
1811 2813
1811 4544
1811 1812
1811 3605
1812 3214
1812 4548
1813 4542
1813 4548
1813 4538
1814 4501
1814 2816
1814 4497
1815 1816
1815 1833
1815 1962
1816 1835
1816 1836
1817 1962
1817 1963
1818 1822
1819 2600
1819 2598
1820 2600
1820 1823
1820 1821
1820 1825
1821 1823
1821 1822
1822 1824
1823 1826
1824 1826
1824 1827
1825 1874
1825 1879
1826 1875
1827 3742
1827 3744
1827 3786
1828 1874
1828 1877
1829 1834
1830 2193
1830 1832
1830 1831
1831 2118
1832 2120
1834 1880
1834 1877
1836 1962
1836 1837
1837 1963
1838 1860
1839 1851
1839 1844
1840 1846
1840 1863
1840 1849
1841 3381
1841 1864
1841 1860
1843 1861
1844 1852
1845 1849
1845 1846
1845 1857
1846 1863
1847 1854
1847 1851
1848 1863
1848 1857
1848 1859
1849 1856
1850 2948
1850 1855
1851 1902
1851 1852
1852 1864
1853 1856
1854 1864
1855 1868
1855 3385
1856 1857
1856 1861
1857 1858
1860 2136
1861 1863
1862 4210
1862 4211
1862 2226
1864 3381
1866 1951
1866 4586
1866 1950
1867 1946
1867 4585
1868 2137
1868 3898
1869 1872
1870 3504
1870 2354
1870 2353
1871 2354
1871 1872
1873 1876
1874 1879
1875 1877
1875 1879
1875 1880
1878 2355
1878 3485
1878 3504
1881 2356
1881 2355
1881 2233
1882 3380
1882 2136
1882 3896
1884 1888
1885 1886
1886 1888
1887 1888
1889 1890
1890 4576
1891 4023
1891 2883
1892 1893
1894 2047
1895 2046
1896 2050
1897 1898
1897 2592
1897 2593
1899 2565
1899 1910
1899 1911
1900 1901
1902 3317
1903 2419
1904 2419
1905 3352
1905 1906
1905 3353
1905 3355
1906 3351
1906 1906
1906 3352
1907 3308
1908 1909
1910 1911
1911 2387
1912 2570
1913 1915
1914 1915
1916 2681
1917 2681
1917 1918
1917 1919
1919 1923
1919 1920
1921 2684
1922 1924
1922 2491
1923 2684
1923 1924
1925 1926
1926 1927
1926 1935
1927 1928
1927 1936
1929 1933
1929 1940
1929 1931
1930 1932
1931 1932
1931 1933
1933 1934
1935 3748
1935 1936
1936 1944
1937 3748
1938 1939
1938 1940
1938 1944
1940 1941
1942 1943
1942 2243
1945 1949
1945 1951
1945 1947
1946 1949
1946 1952
1947 1952
1947 1950
1948 4585
1948 2301
1949 1952
1950 1951
1953 1954
1953 1957
1954 1955
1955 1956
1956 1960
1957 3212
1957 1958
1958 1960
1959 1961
1959 2133
1962 1963
1964 1966
1965 1966
1967 1982
1967 1969
1968 1970
1968 1975
1969 1975
1970 1971
1970 1977
1971 4698
1971 1974
1973 1976
1974 1974
1975 1977
1976 1982
1976 1984
1977 1981
1978 1983
1979 1980
1980 1983
1980 2007
1981 1984
1981 1986
1982 1985
1984 1987
1985 1995
1987 1989
1987 1988
1988 1992
1988 1991
1990 1997
1991 1994
1991 1993
1993 1998
1993 1996
1995 4435
1995 2008
1996 2001
1996 1999
1997 2000
1999 2000
1999 2003
2000 2002
2002 2006
2002 2005
2003 2004
2003 2005
2005 2008
2007 2009
2007 4435
2008 2010
2009 2010
2009 2011
2010 2011
2012 2020
2012 2013
2012 2289
2013 2014
2014 4693
2014 2020
2015 3918
2015 2016
2015 2020
2016 4016
2016 4021
2017 2019
2017 4694
2017 4121
2017 2018
2018 3917
2018 4317
2018 4241
2019 4317
2021 2055
2021 2027
2021 2373
2022 3160
2022 3159
2022 3163
2023 2030
2024 3028
2024 4780
2025 2789
2025 2236
2026 2775
2028 2029
2028 3160
2029 2030
2031 3660
2031 2273
2032 3223
2033 2068
2033 3245
2035 3892
2038 3507
2038 2847
2039 4504
2039 4092
2040 3678
2040 4840
2041 3691
2041 2411
2042 3517
2042 3519
2042 3521
2043 2086
2043 3523
2043 2276
2044 2045
2045 2690
2046 2047
2047 2048
2048 2050
2048 2049
2050 2051
2052 2054
2053 2054
2054 2055
2055 2056
2057 2058
2057 2059
2059 2060
2061 2064
2061 2062
2063 2064
2065 3559
2066 2240
2067 2996
2067 2543
2068 2069
2070 2071
2070 3890
2071 2073
2071 2072
2072 2414
2074 2076
2074 3302
2074 3030
2075 3538
2075 2079
2076 2077
2076 3232
2077 3862
2077 3302
2078 4141
2079 4141
2079 2848
2080 3862
2080 3855
2081 2082
2082 2084
2082 3911
2083 4447
2085 4371
2085 3123
2085 3127
2086 3521
2086 3520
2087 2092
2087 2088
2087 2091
2088 3902
2088 2092
2089 4193
2089 4198
2089 4192
2089 4164
2090 3668
2090 4189
2090 3978
2091 4232
2091 2092
2094 2095
2096 3219
2096 3168
2096 4235
2096 3959
2097 3525
2097 3528
2098 2737
2098 2738
2099 2100
2101 2102
2102 4222
2102 3598
2103 4219
2104 4537
2104 4221
2104 2106
2105 3417
2106 3417
2106 2107
2107 2121
2107 2110
2108 2109
2108 2111
2109 2121
2109 2110
2110 2111
2111 2615
2112 4710
2113 4350
2113 4348
2114 2308
2114 2115
2115 4061
2116 4086
2117 4793
2117 2472
2119 3851
2119 4476
2120 2193
2121 3417
2122 3440
2123 3440
2123 2623
2124 4622
2124 4619
2125 3904
2125 4123
2126 4155
2126 3960
2126 2128
2127 2128
2127 3960
2127 2129
2128 2129
2129 3813
2129 2130
2130 2396
2130 2134
2131 2132
2132 4128
2132 4268
2133 4125
2134 2135
2134 4128
2135 4125
2136 2137
2137 3384
2138 2140
2139 2142
2140 2172
2140 2144
2141 2142
2141 2172
2141 2145
2142 2143
2144 2146
2144 2145
2145 2147
2146 2148
2146 2147
2147 2149
2148 2150
2148 2149
2149 2151
2150 2151
2150 2152
2151 2152
2152 2155
2153 3034
2154 3034
2155 2156
2155 2158
2156 3034
2156 2157
2158 2159
2158 2195
2159 2159
2160 2162
2160 4295
2160 2161
2162 2163
2162 2171
2163 2166
2163 4582
2164 2166
2164 4582
2164 4296
2165 4296
2166 4582
2166 2168
2167 2602
2168 2169
2168 2172
2170 2173
2170 2171
2170 2174
2171 2173
2173 2175
2174 2181
2174 2175
2175 2176
2176 2179
2176 2177
2177 2178
2177 2186
2179 2181
2179 2187
2180 2182
2180 2603
2181 2182
2182 2183
2183 2185
2183 2187
2184 2186
2186 2192
2187 2188
2187 2189
2188 2189
2188 2192
2189 2191
2190 2191
2191 2192
2193 3851
2194 4295
2195 2743
2195 3039
2196 2197
2200 2201
2202 3799
2202 3798
2203 3797
2203 3796
2204 3804
2204 3803
2204 3253
2205 3802
2205 3798
2206 2207
2207 4952
2207 2241
2208 2209
2209 3023
2210 2211
2210 3025
2211 3118
2213 2214
2213 4515
2215 2757
2216 4416
2219 3305
2219 3262
2219 4343
2220 4160
2221 4160
2221 3805
2221 2634
2222 2585
2223 2226
2223 2233
2223 2585
2224 2967
2224 3473
2225 2747
2226 2234
2227 2234
2228 3582
2228 2230
2228 2229
2228 3581
2229 3583
2229 2231
2229 4177
2230 2231
2230 3585
2231 3586
2232 2329
2232 2921
2233 2234
2235 2237
2236 2239
2236 2237
2237 2843
2238 2239
2240 3386
2241 4956
2241 2628
2242 4733
2242 4729
2243 3749
2244 2323
2244 3624
2245 2967
2247 4402
2247 2249
2247 2255
2248 2251
2248 2249
2249 2254
2250 4401
2250 4400
2250 2258
2251 2256
2252 4402
2252 4400
2252 2258
2253 4604
2253 4401
2253 2262
2254 2257
2254 2259
2255 4405
2255 2259
2256 2257
2257 3971
2258 2261
2258 4406
2258 4736
2259 4407
2260 4407
2260 3971
2260 2261
2261 3971
2262 5010
2262 4604
2263 4149
2263 5010
2263 2586
2264 2265
2264 2342
2266 4389
2266 4373
2266 4387
2267 4373
2268 2270
2270 2808
2270 2370
2272 3568
2273 2393
2274 3659
2274 2393
2275 2409
2275 2817
2276 3524
2276 3526
2277 2278
2278 3524
2278 2279
2280 3947
2280 2281
2280 3837
2280 3823
2281 3836
2281 3830
2281 2282
2282 3829
2282 4461
2282 3835
2283 2284
2283 3834
2283 3840
2284 2285
2284 2287
2285 2286
2285 2287
2285 3841
2286 2303
2286 3839
2286 2288
2287 2288
2287 2766
2289 2290
2289 2311
2289 2293
2289 2295
2290 2291
2291 2292
2291 2293
2292 3815
2292 2294
2292 3111
2293 2294
2293 2295
2294 3816
2294 2297
2295 2296
2296 3995
2296 2297
2297 2298
2298 3816
2298 4230
2298 3817
2299 3672
2299 4123
2299 2941
2300 2586
2301 4586
2302 4007
2302 4517
2302 4461
2303 2304
2303 4466
2304 2305
2306 2760
2306 3913
2307 4078
2307 2308
2309 3144
2309 2460
2309 3149
2310 4104
2310 2311
2310 4101
2312 4650
2312 4651
2313 4055
2313 4054
2313 2315
2314 2315
2314 4054
2314 4055
2314 4053
2316 2934
2316 2936
2316 2935
2317 2319
2317 2318
2317 2937
2318 2320
2318 2321
2319 2320
2319 2938
2320 2323
2321 2322
2321 3611
2321 2323
2322 3621
2322 3619
2322 3622
2323 3622
2324 2325
2324 3621
2324 2326
2325 2326
2325 3623
2326 4244
2327 3333
2327 4244
2328 3213
2328 2329
2328 2921
2329 3721
2330 2331
2330 4569
2331 2364
2332 4688
2332 2390
2332 4687
2333 3108
2333 4848
2334 3109
2334 2606
2335 4845
2336 2390
2336 3197
2336 3198
2337 3157
2337 3199
2337 2764
2338 2765
2338 2391
2338 2764
2339 3199
2339 2764
2339 3198
2340 2341
2341 2919
2342 2942
2342 4620
2343 2344
2343 3905
2343 3903
2344 3904
2344 2942
2345 4799
2345 4800
2346 4880
2347 3924
2347 4600
2348 4879
2348 4878
2348 2350
2349 3927
2349 3925
2350 4070
2351 2351
2352 2354
2352 3497
2352 2353
2354 3503
2355 3503
2356 4212
2356 3893
2357 3191
2357 3190
2357 3186
2358 3646
2358 3192
2358 2359
2359 3452
2359 3193
2360 4857
2360 3454
2360 3455
2361 4858
2361 3455
2361 2362
2362 3337
2362 3338
2363 3461
2364 3473
2364 3462
2365 3474
2365 3469
2366 3867
2367 3867
2367 2756
2367 3230
2368 3321
2368 3515
2369 2370
2371 2372
2374 2557
2374 2376
2375 2560
2375 2376
2376 2377
2377 2378
2377 2559
2378 2388
2378 3314
2379 2574
2379 2571
2379 2668
2380 2577
2380 2381
2380 2568
2381 2574
2381 2382
2384 4776
2384 4204
2384 2385
2385 2386
2386 3029
2386 3022
2387 2561
2387 2388
2388 2571
2389 3721
2392 4481
2392 4487
2392 4495
2392 4485
2393 2394
2395 4001
2395 3927
2396 4267
2397 2398
2398 4127
2399 4126
2400 4528
2401 2402
2402 2403
2403 2405
2403 2406
2404 2405
2405 2406
2406 4412
2407 4412
2408 2409
2409 3315
2410 2411
2412 4142
2412 2845
2412 2833
2413 4142
2414 2415
2416 2417
2418 2830
2419 2420
2421 2422
2423 2424
2424 2425
2426 3906
2427 2428
2429 2430
2432 2735
2433 2707
2433 2487
2436 2438
2437 2438
2437 2441
2439 2440
2439 2442
2440 2443
2441 2444
2441 2442
2442 2443
2442 2445
2443 2447
2444 2445
2444 2448
2445 2447
2445 2450
2446 2449
2447 2451
2448 2449
2449 2450
2450 2451
2452 3130
2453 3129
2454 2455
2456 2457
2456 2944
2458 4185
2458 4184
2459 2906
2459 4185
2460 3148
2461 4930
2462 4931
2462 4929
2463 3950
2463 2466
2464 2467
2464 3140
2464 2465
2465 3143
2465 2468
2466 2469
2466 2470
2467 2468
2468 3144
2469 2495
2469 2498
2470 2496
2470 2471
2471 2495
2472 2473
2473 4044
2474 2475
2476 2477
2476 3949
2478 4524
2478 4523
2479 2481
2479 2480
2482 4714
2483 2706
2483 2484
2484 2485
2485 2486
2489 2490
2491 2492
2493 2494
2494 4929
2495 2497
2496 3149
2499 2500
2500 2502
2501 4931
2501 2506
2501 2503
2502 2503
2503 2504
2505 2506
2507 2508
2508 2509
2508 2512
2509 2512
2509 4624
2509 2510
2510 2511
2512 4815
2514 4030
2514 2515
2514 2604
2515 2520
2515 2516
2516 2604
2516 2523
2517 2519
2517 2518
2517 2604
2520 2523
2521 2525
2521 2524
2522 4667
2524 2528
2525 2528
2526 2531
2526 2530
2527 2529
2529 2533
2530 2534
2531 2534
2531 2532
2532 2536
2532 2535
2534 2535
2535 2538
2536 2538
2536 4266
2537 2541
2537 2540
2537 4266
2538 2539
2539 4266
2539 2540
2540 2543
2541 2543
2542 2545
2542 2544
2544 2548
2544 2996
2545 2546
2545 2548
2546 2547
2547 2550
2547 2549
2549 2553
2550 2551
2550 2553
2551 2552
2552 2554
2552 2555
2554 2556
2554 2558
2555 2558
2556 2557
2557 2559
2562 2563
2562 2569
2564 2566
2565 2571
2567 2568
2568 2574
2569 2570
2569 2572
2570 2575
2570 3486
2573 2575
2575 2578
2576 2578
2579 2580
2580 2986
2580 2581
2581 2960
2581 2582
2582 3221
2582 2583
2584 2986
2584 2961
2586 3961
2587 2778
2588 4609
2588 2589
2590 2591
2590 2592
2591 2593
2593 2594
2594 2733
2595 2597
2595 2596
2596 2596
2597 2598
2597 2600
2598 2599
2601 4816
2601 2602
2602 2603
2607 2608
2608 2881
2609 2881
2611 2612
2612 3047
2613 3431
2613 3433
2613 3428
2613 3429
2614 3435
2614 2974
2616 2621
2616 2624
2617 2621
2617 2622
2618 2620
2618 2624
2619 3436
2620 3437
2621 2623
2624 2625
2626 3081
2626 2627
2627 3081
2627 2749
2629 3911
2631 4759
2631 4276
2632 4762
2632 4277
2633 4676
2633 4767
2633 4686
2634 4161
2634 3778
2635 2670
2635 2734
2636 2638
2636 2637
2637 2641
2637 2640
2638 2639
2638 2641
2639 2644
2640 2643
2641 2642
2642 2643
2642 2644
2643 3015
2644 4087
2645 4919
2646 4919
2647 4920
2648 2650
2649 4920
2651 3795
2651 3794
2651 4967
2653 4654
2654 4763
2654 4762
2655 3283
2656 4345
2658 4393
2658 4045
2659 2660
2661 2663
2661 4984
2662 4920
2662 4919
2663 2664
2663 3777
2664 3777
2664 4161
2664 4676
2665 4338
2666 3001
2666 3790
2666 3805
2667 3790
2668 2734
2669 2734
2669 2671
2669 2674
2672 2673
2673 2679
2674 2675
2676 2677
2678 2679
2680 4626
2680 3866
2681 2682
2683 2684
2685 4817
2685 4362
2686 4818
2687 4819
2687 4362
2687 3531
2688 3531
2688 3532
2689 3532
2689 2690
2690 3533
2691 2692
2693 3849
2693 3847
2694 3847
2695 4961
2695 2696
2697 2698
2699 4750
2700 4749
2700 4747
2701 4753
2701 4756
2701 4754
2701 3112
2702 4755
2703 3113
2703 4756
2703 4764
2703 4757
2704 4275
2704 4759
2705 4765
2705 4766
2705 4760
2706 2738
2710 2711
2713 2714
2713 2715
2716 2818
2716 2718
2716 2717
2717 4293
2718 2720
2719 4285
2719 2728
2720 4285
2721 2726
2722 4293
2722 2723
2723 4291
2723 2725
2724 4294
2724 4293
2724 2963
2725 2727
2726 4291
2726 4287
2727 4292
2727 4291
2728 4282
2729 4286
2729 4280
2730 2731
2730 4282
2730 4281
2730 3811
2731 4282
2731 2732
2732 4283
2735 2736
2736 2738
2736 2888
2739 3023
2739 2740
2741 2742
2743 4720
2744 2744
2745 2746
2748 2749
2748 3081
2749 4792
2750 2907
2750 2751
2750 4584
2751 4583
2752 3650
2752 3649
2752 3812
2753 3336
2753 4876
2753 4651
2754 2755
2754 2756
2758 2759
2760 2768
2761 2762
2762 4599
2763 3952
2766 2767
2767 2768
2768 4158
2769 2771
2769 4442
2770 2902
2771 2902
2772 2773
2774 2775
2776 2777
2778 3152
2778 2779
2779 2781
2779 2780
2780 3153
2780 2782
2781 2782
2783 2785
2783 3311
2784 2785
2784 2787
2785 2786
2787 2788
2789 2836
2789 2838
2790 2840
2790 2839
2790 2791
2791 3543
2791 3536
2792 3843
2792 3846
2793 4181
2794 2795
2795 3654
2795 3655
2796 3306
2796 2797
2797 3308
2798 4511
2799 3892
2799 3891
2800 3891
2800 2802
2800 2801
2803 4928
2804 2806
2805 4091
2805 2806
2806 2807
2808 3565
2809 2810
2811 3210
2812 3211
2812 4568
2812 3210
2813 2814
2813 4484
2814 4483
2814 3715
2815 3713
2815 4244
2816 3506
2816 4491
2817 4139
2817 3315
2818 2820
2819 2820
2819 2826
2820 2821
2822 2823
2824 2825
2824 3544
2824 3231
2825 3303
2825 3302
2827 3508
2827 4139
2828 3315
2829 2830
2829 3509
2829 3514
2831 2832
2832 3511
2832 3512
2833 3535
2833 3534
2834 2849
2834 3530
2834 3532
2841 2843
2842 2844
2843 4937
2844 4937
2845 3537
2845 3536
2846 2847
2848 3850
2848 3539
2849 3850
2849 3849
2851 4318
2852 3779
2853 3779
2854 2855
2856 3572
2857 2861
2858 2859
2859 2860
2859 2861
2861 2862
2863 2877
2864 2873
2864 2870
2865 2866
2865 2873
2866 2878
2866 2877
2868 2869
2868 2871
2869 2872
2870 2873
2874 2876
2875 2876
2877 2879
2878 2879
2879 4744
2880 4744
2880 4725
2882 2887
2883 2884
2885 2887
2885 2886
2889 2890
2890 3312
2891 2892
2893 2894
2893 4581
2895 2896
2896 2897
2896 3007
2897 2899
2898 2899
2899 3894
2900 3736
2902 2903
2904 3167
2906 2907
2908 2909
2910 2911
2912 3706
2913 3017
2914 4043
2914 3017
2915 3607
2916 2917
2916 2932
2918 2919
2920 2922
2921 4688
2922 2923
2922 2925
2923 2924
2923 2926
2924 2928
2925 2926
2925 2927
2926 2928
2926 2929
2927 2930
2927 2929
2928 2929
2930 2931
2930 3466
2930 3461
2931 3465
2932 3154
2933 3204
2933 3207
2933 3578
2934 4527
2934 4528
2935 4528
2936 2937
2936 4527
2937 2938
2939 2940
2939 4851
2941 3904
2942 4620
2943 3452
2943 2945
2943 3453
2944 3453
2944 3451
2945 3454
2945 3456
2946 3455
2946 3337
2946 3457
2947 3457
2947 3456
2949 2950
2949 2955
2950 2951
2952 2953
2954 4429
2955 3195
2955 2956
2957 2958
2959 2960
2960 2961
2962 4600
2963 2964
2964 2966
2964 2965
2967 3421
2968 2975
2968 3419
2968 2969
2969 2970
2969 3422
2970 2971
2970 2973
2972 2975
2973 2974
2973 2975
2974 3431
2975 3428
2976 2977
2977 4921
2977 2979
2978 4922
2979 2980
2979 4923
2981 2982
2981 4921
2982 2983
2982 4922
2983 4923
2984 3461
2984 3462
2985 2986
2987 2989
2988 2989
2989 2992
2990 2991
2991 3200
2992 2993
2993 4227
2994 2995
2994 3014
2996 2997
2999 3000
3001 3793
3001 3792
3002 3685
3003 3686
3003 3004
3004 3687
3007 3008
3009 3010
3010 3247
3011 3012
3012 3677
3013 3414
3013 3413
3014 3416
3014 3414
3015 4041
3016 3018
3016 4088
3017 4040
3017 3018
3018 3020
3019 4089
3019 3021
3020 3117
3020 4063
3020 4062
3021 3022
3021 3117
3021 3029
3023 3024
3026 3027
3027 3679
3030 3030
3031 3032
3031 3860
3033 3861
3035 3036
3037 3038
3039 4589
3040 3041
3040 4589
3040 3075
3041 3727
3041 3075
3042 3076
3042 3729
3042 3043
3044 3601
3044 3604
3044 3082
3045 3080
3046 3047
3048 3051
3048 3049
3049 3050
3049 3051
3050 4506
3052 3053
3052 3056
3054 3055
3055 3059
3056 3060
3056 3057
3058 3059
3059 3063
3060 3064
3060 3061
3062 3063
3063 3067
3064 3065
3064 3068
3066 3067
3067 3072
3068 3069
3070 3074
3071 3072
3072 3073
3075 3727
3075 3076
3076 3727
3077 3729
3078 3079
3082 3706
3084 3584
3084 3587
3085 4564
3085 3589
3085 3704
3085 3591
3086 3087
3088 3097
3088 3089
3089 4098
3089 4099
3090 3091
3090 3093
3090 3092
3092 3094
3092 3093
3093 3096
3093 3095
3094 3096
3094 3970
3096 3098
3097 3099
3097 3098
3098 3099
3099 3102
3100 3970
3101 3102
3102 3103
3103 3104
3104 4643
3105 4643
3106 3107
3108 3109
3110 3117
3111 3934
3111 4108
3112 4848
3113 4848
3114 3386
3115 3116
3119 3121
3122 4370
3124 4444
3124 4445
3124 3911
3125 3126
3127 3128
3129 3130
3130 5004
3131 5004
3132 3137
3133 3135
3134 3135
3135 3138
3136 3138
3137 3139
3138 3139
3140 3145
3140 3142
3141 3146
3142 3143
3142 3146
3143 3144
3145 3949
3146 3148
3147 3148
3155 3200
3155 3156
3156 3201
3157 4421
3159 3912
3159 3161
3160 3165
3161 3162
3161 3163
3163 3164
3163 3165
3165 3166
3167 3218
3168 3218
3168 3169
3170 4239
3170 3896
3170 3899
3171 3616
3171 3614
3171 3617
3172 3174
3172 3626
3172 3176
3173 3179
3173 3478
3173 3175
3174 3178
3174 3627
3175 3180
3176 3628
3176 3177
3177 3630
3177 3178
3178 3631
3179 3182
3179 3180
3181 3633
3181 3184
3181 3183
3182 3639
3183 3185
3183 3635
3184 3638
3184 3185
3185 3640
3186 3188
3186 3191
3187 3189
3187 3644
3187 3192
3188 3190
3189 3193
3189 3645
3190 3444
3190 3893
3191 3445
3191 3449
3192 3193
3193 4864
3194 3447
3194 4239
3195 3196
3195 4183
3198 3199
3201 3202
3202 3204
3203 3204
3205 3206
3206 3207
3206 4783
3207 4784
3208 4784
3208 3209
3208 3580
3209 3579
3209 3582
3210 3211
3211 4178
3213 4219
3213 3720
3214 4481
3214 3708
3214 4478
3215 4492
3215 4482
3215 4487
3216 4532
3216 4530
3216 4494
3217 4220
3217 3716
3217 4496
3217 4494
3218 3219
3219 3958
3220 4156
3220 4212
3220 3898
3224 3225
3226 4620
3226 3227
3226 4052
3227 4217
3227 3759
3228 3229
3230 4078
3231 3541
3231 3542
3233 3853
3233 5027
3234 3238
3235 3237
3235 3236
3236 3239
3237 3242
3237 3238
3238 3239
3239 3242
3240 3242
3241 3852
3241 3853
3243 3851
3243 4587
3243 4477
3244 4224
3244 4223
3245 3246
3246 3247
3248 3781
3248 3254
3248 4662
3249 3251
3250 3261
3250 3298
3250 3299
3251 3298
3251 3260
3252 3253
3252 3260
3252 3261
3253 3305
3254 3255
3254 4664
3254 3297
3255 3256
3255 4662
3255 3268
3257 3259
3258 3259
3259 3260
3260 3261
3261 3262
3262 3274
3262 3263
3264 3266
3264 3269
3264 3265
3266 3272
3266 3269
3266 3267
3267 3272
3267 3284
3268 3296
3268 3297
3268 3269
3268 3271
3270 3297
3271 3297
3271 3286
3272 3287
3273 3298
3274 3301
3274 3300
3275 3301
3276 3280
3276 3284
3276 4665
3277 3286
3278 3284
3278 3281
3278 3288
3278 3287
3279 3289
3280 3282
3280 3290
3281 3294
3281 3292
3281 3291
3282 3283
3282 3293
3283 3294
3284 3285
3285 3288
3285 3290
3286 3287
3286 3289
3287 3291
3288 3290
3288 3292
3289 3291
3289 3298
3290 3293
3291 3299
3292 3293
3292 3295
3293 3295
3294 3295
3294 3300
3299 3300
3300 3301
3303 3538
3303 3304
3306 3307
3307 3308
3309 3310
3310 3311
3313 3314
3316 3317
3318 3319
3318 3320
3324 4110
3324 3327
3325 3328
3325 4112
3326 3328
3327 3330
3328 3935
3329 3330
3329 3935
3330 3940
3331 3940
3331 4120
3332 3333
3333 4858
3333 3334
3335 4886
3335 3336
3337 3338
3338 3339
3339 4627
3339 3457
3340 3460
3340 3459
3341 3342
3342 3496
3343 4734
3343 4733
3344 4731
3344 4730
3345 3346
3346 3347
3348 4200
3349 4200
3350 3351
3351 3355
3353 3354
3354 3355
3356 3358
3356 3357
3357 3362
3357 3359
3358 3360
3358 3361
3359 3363
3359 3364
3364 3365
3366 3367
3368 3370
3369 3375
3370 4971
3370 4689
3371 3376
3372 3373
3374 4836
3375 3376
3375 4836
3376 3377
3376 4841
3378 3379
3378 3482
3378 3485
3379 3484
3379 3380
3380 3485
3381 3382
3382 3383
3382 3384
3383 3385
3384 3385
3387 3388
3388 3557
3389 3390
3391 3396
3391 3877
3391 3397
3392 3394
3392 3393
3392 3398
3394 4947
3394 3399
3394 3395
3396 4622
3396 3397
3397 3398
3398 3399
3399 3400
3400 3402
3400 4947
3401 3403
3402 3878
3402 3404
3403 4947
3403 3404
3404 3865
3405 3406
3405 3407
3406 3407
3408 3409
3410 3765
3411 3415
3411 3413
3412 3413
3414 3415
3415 3416
3418 3419
3419 3420
3420 3421
3420 3422
3421 3422
3423 3425
3424 3435
3425 3429
3425 3428
3426 3427
3427 3431
3427 3428
3429 3432
3429 3782
3430 3437
3431 3434
3432 3433
3432 3436
3433 3436
3433 3434
3434 3436
3435 3437
3439 3440
3441 3442
3444 3446
3445 3450
3445 3448
3446 3447
3446 3896
3447 3448
3448 3451
3449 3646
3449 3450
3450 3451
3452 3454
3453 3456
3458 3459
3459 4721
3460 3462
3463 3464
3464 3469
3464 3466
3465 3466
3465 3470
3466 3468
3467 3471
3468 3469
3468 3470
3469 3472
3470 3471
3471 3473
3472 3474
3475 3476
3477 3478
3479 3480
3481 3482
3481 3483
3481 3501
3481 3502
3482 3484
3482 3504
3483 3484
3486 3487
3488 3490
3489 3496
3489 3490
3490 3493
3491 3492
3492 3493
3492 3494
3493 3495
3494 3495
3495 3496
3499 3500
3499 3502
3500 3501
3501 3505
3503 3504
3508 3511
3508 3546
3509 3546
3510 3511
3512 3515
3512 3513
3513 3514
3514 3843
3515 3516
3516 3520
3516 3545
3517 3545
3517 3518
3518 3846
3518 3519
3519 3522
3519 3523
3520 3525
3521 3545
3521 3522
3522 3523
3523 3524
3524 3527
3525 3526
3526 3527
3527 3534
3528 3529
3528 3531
3529 3530
3530 3535
3533 4819
3533 4790
3534 3536
3535 4142
3537 4142
3537 3850
3538 4141
3538 3544
3539 4141
3539 3854
3540 3541
3541 3542
3542 3543
3543 3544
3547 3550
3548 4917
3549 3550
3550 3552
3550 3551
3551 4917
3551 4910
3553 3554
3553 3555
3554 3555
3554 4441
3555 3556
3558 4332
3558 3559
3559 4328
3559 3561
3560 3562
3560 4342
3561 3563
3561 4328
3561 4327
3562 4341
3562 4342
3563 3564
3563 4327
3564 4326
3564 3954
3565 3567
3565 3566
3566 4203
3566 4205
3567 3568
3568 3569
3569 3570
3570 3571
3570 3572
3571 3573
3572 3573
3574 3575
3575 3576
3577 3694
3577 4768
3577 4724
3578 3694
3578 3581
3579 4178
3579 4782
3579 3583
3580 3581
3580 3582
3581 3584
3582 3583
3583 4176
3584 3585
3585 3586
3586 3589
3586 4564
3587 3588
3587 3595
3588 3590
3588 3591
3589 4175
3590 3592
3590 3594
3591 3592
3592 3596
3593 4560
3593 4567
3593 3598
3594 3597
3594 3596
3595 3601
3595 3597
3596 3599
3597 3599
3597 3602
3598 4179
3599 3600
3600 3603
3601 3602
3602 3603
3603 3605
3604 3611
3604 3606
3605 3607
3606 3608
3606 3609
3607 3608
3608 3610
3609 3610
3609 3612
3610 3613
3611 3614
3612 3614
3612 3613
3613 3615
3614 3615
3615 3616
3616 3618
3617 3618
3617 3619
3618 3620
3619 3620
3620 3621
3621 3623
3622 3623
3623 3625
3624 3628
3624 3626
3625 3627
3626 3627
3628 3629
3629 3632
3629 3630
3630 3631
3631 3634
3632 3636
3632 3633
3633 3635
3634 3635
3636 3637
3636 3638
3637 3639
3638 3640
3639 3641
3640 3643
3641 3642
3642 3646
3642 3644
3643 3645
3644 3645
3647 3648
3648 3652
3649 3650
3651 3652
3652 3653
3656 3657
3658 3858
3658 3895
3659 3660
3659 3671
3659 3876
3660 3661
3662 3663
3662 3664
3663 3666
3663 3664
3664 4157
3665 3666
3666 3668
3667 3668
3669 3876
3669 3874
3669 3670
3669 3671
3670 4192
3670 4198
3670 4953
3671 4188
3672 4216
3672 4124
3673 4361
3674 3677
3675 3676
3678 4838
3679 4596
3681 3684
3681 4802
3681 4808
3682 3689
3683 3688
3692 3693
3694 3696
3695 3696
3695 3697
3698 3702
3699 3701
3700 3706
3701 3703
3701 3702
3702 3705
3702 3704
3707 3708
3708 4532
3708 4479
3709 3710
3709 3713
3710 3711
3710 4083
3711 3717
3711 3712
3712 3715
3712 3717
3713 3714
3714 3717
3714 4083
3715 3718
3716 4492
3716 4499
3716 4493
3717 4083
3717 3718
3719 4499
3719 4503
3719 4501
3720 4503
3720 4498
3721 4503
3722 3723
3723 3724
3724 3725
3726 3727
3728 3729
3731 4393
3731 4846
3732 4698
3732 4699
3733 4508
3733 3734
3736 3737
3736 3739
3737 3738
3737 3739
3738 3741
3738 3740
3739 3740
3742 3786
3743 3744
3745 3746
3747 3748
3749 3750
3751 4172
3751 4389
3751 3752
3752 3756
3753 3757
3754 3758
3755 3757
3755 4172
3756 3758
3757 3758
3759 4165
3759 4170
3760 3761
3760 4242
3761 4165
3762 4165
3763 3764
3764 4227
3764 3765
3765 3766
3767 4175
3768 3769
3769 3773
3769 3770
3770 3771
3770 3773
3771 3774
3771 3772
3772 3774
3772 3776
3773 4670
3774 3775
3775 4670
3775 3776
3776 4851
3777 4161
3778 4160
3778 3779
3779 3780
3780 3781
3782 3784
3783 3784
3784 3785
3785 3785
3787 4727
3788 4357
3788 3955
3789 3804
3790 4159
3790 3792
3791 3805
3792 3795
3795 4322
3797 3798
3799 4322
3799 3804
3800 3802
3801 3803
3802 3803
3805 4159
3806 3810
3806 3808
3806 3809
3807 3809
3809 4121
3811 4281
3813 3814
3813 3961
3814 4269
3815 3816
3815 3819
3816 3818
3817 3818
3817 4824
3817 3822
3818 3821
3818 3819
3819 3820
3819 3934
3820 3821
3820 3825
3820 3941
3821 3826
3821 3822
3822 3994
3822 3827
3823 4874
3823 3830
3823 3824
3824 4875
3824 3831
3824 3825
3825 3826
3825 3939
3826 3827
3826 3831
3827 3985
3827 4869
3828 3831
3828 4869
3828 4868
3828 3829
3829 3830
3829 4460
3830 3831
3832 4463
3832 3833
3832 3840
3832 3837
3833 3841
3833 3838
3833 3836
3834 4882
3834 4475
3835 3836
3835 4461
3835 3838
3836 3837
3837 4464
3838 4517
3838 3839
3839 3841
3839 4466
3840 4465
3840 3841
3842 3843
3844 3845
3845 3846
3847 5027
3848 3849
3851 4477
3852 4036
3852 3856
3853 3855
3854 3862
3854 3855
3856 3879
3857 3858
3858 4678
3858 3859
3859 3860
3860 3861
3861 3862
3863 3874
3864 4398
3864 4680
3865 3866
3866 4623
3868 3869
3868 3870
3868 4162
3870 3871
3871 3872
3874 4197
3875 4195
3875 4194
3875 4196
3875 4163
3879 3895
3879 4037
3879 4477
3880 3881
3880 3887
3881 3886
3881 3884
3882 3883
3883 3887
3883 3884
3884 3885
3888 4209
3888 3897
3889 3890
3893 3898
3897 4156
3899 3900
3901 4511
3901 4143
3901 4273
3902 4234
3903 4231
3905 4234
3906 3908
3906 3907
3907 3908
3908 3909
3909 3910
3909 4237
3910 4237
3910 4238
3914 4069
3914 3915
3915 4071
3917 4021
3917 3918
3918 4694
3919 3920
3920 3926
3920 3927
3921 3922
3922 3923
3922 3925
3923 3926
3924 3925
3924 4881
3925 3926
3928 3929
3928 3944
3928 3945
3929 4450
3929 3930
3929 3944
3930 3931
3930 3943
3931 3932
3931 4450
3932 3942
3932 3943
3933 3937
3933 3935
3933 3934
3933 4108
3934 3941
3936 3943
3936 3937
3936 3938
3936 3939
3937 3940
3937 3941
3938 4120
3939 3941
3939 3942
3942 4449
3944 4453
3945 4450
3945 4451
3945 3946
3946 3948
3946 4452
3947 4884
3947 3948
3947 4449
3948 4449
3949 3950
3951 3952
3952 3953
3953 4223
3953 4224
3956 3957
3959 4030
3960 3961
3962 4653
3963 3965
3963 3967
3963 3968
3964 3965
3965 3969
3966 3967
3967 3968
3968 3969
3969 3970
3972 4037
3973 3974
3977 4157
3978 4164
3979 3981
3979 3980
3979 3989
3979 4019
3981 4020
3981 3988
3981 3982
3982 3984
3982 4020
3982 3987
3983 4872
3983 3986
3983 3984
3984 4873
3984 3996
3985 3994
3985 4005
3986 3994
3986 4005
3987 4014
3987 3988
3988 4015
3988 3989
3989 4015
3990 3991
3990 3993
3990 4823
3990 4229
3991 3992
3991 4873
3992 3993
3992 3995
3993 4229
3995 4016
3996 4005
3996 4019
3997 4002
3997 3998
3997 4001
3998 4003
3998 4012
3999 4004
3999 4000
3999 4012
4000 4867
4000 4871
4000 4007
4001 4011
4004 4007
4005 4870
4006 4870
4006 4871
4006 4868
4008 4009
4008 4019
4008 4010
4009 4010
4009 4013
4010 4011
4012 4013
4013 4871
4014 4017
4014 4015
4015 4018
4016 4017
4017 4018
4018 4021
4018 4240
4019 4020
4022 4024
4022 4022
4023 4417
4023 4025
4023 4049
4024 4313
4024 4310
4024 4025
4025 4312
4029 4030
4034 4035
4035 4036
4036 4037
4038 4039
4040 4041
4040 4042
4040 4043
4041 4042
4042 4087
4043 4778
4044 4111
4045 4047
4046 4996
4046 4047
4046 4997
4048 4414
4048 4519
4048 4413
4050 4051
4052 4217
4053 4056
4054 4056
4054 4055
4057 4058
4057 4059
4060 4866
4060 4136
4061 4085
4064 4066
4064 4065
4065 4067
4066 4067
4068 4070
4069 4071
4070 4071
4072 4076
4072 4074
4073 4075
4075 4076
4077 4079
4077 4085
4077 4086
4078 4082
4079 4080
4079 4081
4085 4086
4088 4089
4090 4091
4092 4504
4093 4772
4093 4771
4094 4773
4094 4772
4095 4096
4096 4098
4096 4097
4098 4099
4099 4101
4100 4107
4101 4103
4102 4105
4102 4104
4102 4106
4103 4104
4103 4105
4105 4106
4106 4107
4108 4109
4110 4111
4110 4113
4111 4112
4114 4115
4115 4116
4115 4119
4117 4118
4118 4119
4118 4120
4121 4692
4122 4145
4122 4124
4122 4146
4123 4124
4125 4126
4127 4128
4129 4137
4129 4138
4129 4130
4130 4131
4131 4135
4132 4133
4132 4137
4133 4134
4133 4135
4134 4135
4134 4865
4135 4866
4136 4138
4137 4138
4139 4140
4143 4274
4143 4144
4144 4145
4145 4151
4146 4152
4146 4216
4147 4153
4147 4148
4147 4155
4148 4149
4148 4151
4149 4150
4150 4151
4151 4152
4152 4215
4153 4215
4153 4154
4154 4155
4154 4214
4156 4211
4158 4915
4159 4319
4160 4319
4163 4164
4166 4388
4166 4167
4166 4389
4168 4388
4169 4170
4170 4171
4171 4172
4171 4173
4175 4177
4176 4177
4176 4820
4177 4565
4178 4820
4179 4562
4182 4183
4182 4184
4183 4184
4186 4448
4187 4188
4188 4190
4188 4191
4189 4190
4189 4191
4190 4191
4191 4192
4192 4193
4193 4953
4193 4954
4194 4198
4194 4197
4194 4195
4195 4197
4195 4196
4196 4197
4198 4954
4199 4739
4201 4202
4202 4942
4203 4206
4203 4204
4204 4207
4205 4206
4206 4207
4209 4210
4211 4212
4213 4217
4214 4216
4214 4215
4218 4570
4218 4531
4218 4540
4219 4533
4220 4498
4220 4221
4221 4540
4222 4535
4223 4224
4225 4415
4225 4414
4225 4416
4226 4578
4226 4323
4226 4733
4229 4230
4230 4824
4232 4233
4232 4234
4240 4241
4243 4376
4243 4377
4244 4245
4246 4247
4246 4250
4248 4249
4249 4253
4250 4251
4250 4255
4253 4254
4255 4256
4258 4259
4258 4261
4258 4262
4259 4260
4259 4265
4260 4261
4260 4264
4261 4263
4267 4268
4267 4269
4270 4271
4273 4274
4275 4764
4275 4757
4275 4758
4276 4765
4276 4758
4276 4760
4277 4767
4277 4686
4277 4761
4278 4279
4278 4296
4278 4292
4279 4280
4280 4281
4284 4290
4284 4288
4284 4289
4286 4288
4286 4287
4287 4290
4288 4289
4289 4290
4292 4295
4297 4298
4298 4303
4299 4304
4300 4301
4300 4577
4301 4323
4301 4578
4302 4579
4302 4303
4302 4305
4304 4325
4304 4305
4305 4316
4306 4307
4307 4313
4307 4309
4308 4309
4309 4312
4311 4313
4312 4314
4315 4579
4319 4320
4321 4322
4326 4327
4326 4341
4328 4330
4328 4331
4329 4334
4329 4332
4330 4331
4331 4332
4331 4334
4332 4333
4335 4336
4338 4984
4339 4526
4340 4341
4340 4342
4343 4344
4344 4345
4346 4349
4346 4347
4347 4348
4348 4349
4350 4351
4351 4352
4352 4713
4354 5000
4355 4728
4355 4727
4356 4728
4356 4682
4357 4728
4358 4359
4358 4361
4359 4360
4362 4821
4363 4791
4364 4366
4364 4391
4365 4391
4366 4367
4368 4390
4368 4369
4369 4369
4371 4372
4373 4374
4374 4375
4374 4381
4376 4379
4377 4380
4377 4378
4379 4380
4379 4381
4380 4381
4382 4384
4383 4384
4384 4385
4386 4516
4387 4388
4390 4391
4393 4997
4394 4398
4395 4397
4396 4397
4397 4398
4400 4401
4402 4403
4403 4405
4403 4736
4404 4406
4404 4405
4404 4736
4406 4407
4408 4409
4410 4411
4413 4417
4414 4415
4415 4588
4418 4659
4418 4658
4418 4660
4421 4423
4422 4423
4423 4424
4424 4424
4425 4426
4427 4584
4427 4430
4428 4430
4429 4430
4431 4433
4431 4432
4432 4433
4434 4441
4435 4436
4436 4438
4437 4440
4437 4439
4437 4438
4443 4444
4444 4447
4446 4447
4449 4450
4451 4453
4451 4452
4451 4458
4452 4470
4452 4473
4453 4454
4454 4458
4454 4455
4456 4457
4456 4472
4456 4459
4457 4458
4457 4459
4457 4473
4459 4467
4460 4867
4460 4461
4462 4469
4462 4470
4462 4885
4463 4464
4463 4471
4463 4469
4464 4885
4465 4471
4465 4882
4466 4517
4468 4469
4468 4471
4468 4882
4468 4472
4469 4473
4470 4884
4472 4473
4472 4475
4474 4517
4476 4477
4478 4480
4478 4481
4479 4493
4479 4495
4480 4485
4480 4484
4482 4499
4482 4497
4483 4490
4483 4488
4484 4490
4485 4489
4486 4489
4486 4487
4486 4488
4488 4491
4489 4490
4491 4497
4492 4495
4493 4532
4493 4494
4496 4499
4496 4498
4500 4503
4501 4502
4502 4502
4507 4509
4510 4511
4512 4514
4513 4514
4514 4515
4518 4519
4520 4576
4521 4993
4522 4523
4522 4524
4522 4993
4524 4525
4525 4526
4527 4529
4530 4540
4530 4531
4531 4532
4533 4537
4533 4534
4534 4536
4534 4541
4535 4539
4535 4542
4535 4543
4536 4537
4536 4571
4536 4539
4537 4571
4538 4570
4538 4539
4540 4571
4544 4555
4544 4553
4545 4546
4546 4553
4546 4547
4547 4552
4547 4548
4549 4550
4549 4561
4549 4563
4550 4554
4550 4551
4551 4561
4552 4554
4552 4553
4554 4555
4556 4557
4556 4559
4557 4558
4558 4559
4558 4562
4559 4560
4561 4562
4565 4566
4565 4567
4566 4568
4566 4820
4567 4568
4570 4571
4572 4573
4574 4575
4579 4580
4581 4627
4581 4721
4585 4586
4589 4719
4590 4591
4590 4592
4592 4593
4593 4595
4594 4595
4597 4598
4598 5002
4599 4781
4600 4877
4600 4881
4601 4607
4602 4605
4603 4608
4603 4604
4605 4606
4605 4608
4607 4649
4609 4711
4609 4610
4611 4616
4611 4615
4612 4613
4612 4615
4612 4614
4614 4617
4615 4616
4616 4617
4618 4814
4619 4814
4619 4621
4621 4781
4622 4625
4622 4814
4623 4810
4623 4626
4623 4813
4624 4815
4624 4770
4625 4811
4625 4813
4627 4721
4628 4630
4629 4630
4630 4631
4632 4633
4632 4634
4633 4635
4634 4635
4634 4636
4635 4637
4636 4637
4636 4642
4637 4642
4638 4639
4638 4643
4639 4642
4640 4641
4644 4647
4644 4646
4645 4646
4646 4647
4648 4649
4650 4896
4650 4651
4652 4654
4652 4653
4652 4657
4654 4657
4655 4656
4656 4657
4659 4667
4659 4668
4660 4661
4662 4663
4669 4671
4670 4675
4672 4674
4673 4676
4677 4679
4678 4679
4680 4746
4680 4681
4681 4682
4683 4777
4684 4685
4689 4690
4691 4692
4692 4693
4693 4694
4695 4697
4696 4697
4697 4701
4699 4709
4700 4709
4701 4704
4701 4706
4702 4703
4703 4709
4705 4706
4705 4707
4705 4708
4706 4709
4712 4713
4715 4716
4717 4718
4718 4719
4718 4720
4719 4720
4722 4722
4722 4723
4725 4726
4726 4741
4727 4732
4731 4738
4731 4732
4731 4735
4732 4738
4734 4735
4735 4738
4739 4742
4739 4741
4744 4745
4747 4748
4747 4751
4748 4752
4748 4749
4749 4750
4750 4753
4751 4752
4752 4753
4752 4754
4754 4755
4755 4756
4755 4757
4758 4759
4760 4763
4761 4762
4761 4763
4763 4766
4764 4765
4766 4767
4772 4773
4774 4775
4776 4778
4776 4777
4779 4780
4781 4815
4783 4784
4783 4785
4787 4788
4789 4790
4790 4791
4791 4821
4791 4818
4795 4796
4795 4798
4795 4799
4796 4797
4797 4798
4800 4808
4800 4809
4801 4803
4801 4809
4801 4802
4802 4803
4804 4805
4804 4806
4804 4807
4805 4806
4806 4807
4808 4809
4810 4812
4811 4812
4812 4813
4817 4818
4817 4821
4819 4821
4822 4854
4823 4872
4823 4824
4825 4827
4826 4827
4826 4843
4826 4830
4827 4828
4828 4830
4828 4829
4829 4831
4829 4832
4830 4836
4833 4841
4834 4835
4835 4842
4835 4841
4837 4838
4838 4840
4839 4840
4841 4843
4843 4844
4846 4847
4846 4999
4846 4992
4852 4853
4855 4863
4856 4858
4857 4860
4857 4864
4858 4860
4859 4861
4862 4864
4867 4868
4869 4870
4872 4873
4877 4878
4878 4879
4879 4880
4880 4881
4883 4907
4884 4885
4887 4896
4887 4890
4887 4899
4888 4893
4888 4900
4888 4897
4889 4896
4889 4907
4889 4890
4889 4897
4890 4891
4891 4899
4891 4892
4891 4900
4892 4904
4892 4894
4892 4895
4893 4909
4893 4901
4894 4899
4895 4900
4895 4906
4897 4898
4897 4907
4898 4909
4900 4901
4902 4903
4903 4906
4903 4905
4904 4905
4905 4906
4908 4909
4910 4916
4911 4913
4911 4912
4912 4914
4913 4914
4916 4917
4921 4922
4922 4923
4924 4926
4925 4927
4926 4974
4929 4930
4930 4931
4932 4933
4933 4935
4934 4935
4936 4937
4938 4942
4939 4940
4939 4948
4941 4943
4944 4945
4948 4949
4950 4951
4953 4954
4954 4955
4957 4968
4957 4958
4959 4960
4960 4961
4960 4963
4961 4962
4962 4963
4964 4966
4965 4967
4968 4970
4969 4970
4971 4985
4972 4973
4973 5026
4974 4975
4976 4982
4977 4983
4978 4980
4979 4985
4981 4984
4985 5001
4986 4998
4987 4988
4988 4991
4988 4990
4989 4990
4990 4992
4993 4998
4994 4995
4994 4998
4994 4999
4997 4999
5003 5004
5006 5007
5006 5020
5008 5014
5009 5016
5009 5021
5010 5011
5012 5020
5013 5019
5015 5018
5016 5022
5023 5026
5024 5025
5027 5029
5027 5031
5028 5030
5032 5033
