0 44
0 32
0 39
1 786
1 77
1 471
2 76
2 1458
2 79
3 297
3 544
3 999
4 147
4 151
4 1370
4 622
5 6
5 151
5 182
6 260
6 844
7 844
7 1291
8 1291
8 9
8 1292
9 1540
9 1539
10 591
10 20
10 31
11 20
11 23
11 22
12 22
12 13
12 21
13 28
13 802
14 126
14 299
14 468
15 414
15 992
15 66
16 17
16 939
16 548
17 895
17 597
18 19
18 569
18 29
19 30
19 27
19 29
20 23
21 150
21 591
22 25
23 30
24 455
24 590
25 31
26 29
26 552
26 600
27 28
27 30
28 590
32 40
32 688
33 34
33 75
33 694
34 695
34 75
35 36
35 695
35 706
36 37
36 1015
37 38
37 698
38 694
38 43
39 692
40 46
40 692
40 45
41 42
41 705
41 743
42 705
42 43
43 694
44 45
44 701
45 46
47 48
47 1438
47 873
48 633
48 53
49 1438
49 50
49 1440
50 52
50 813
51 52
51 286
51 890
52 813
53 54
53 322
53 631
53 633
54 630
54 655
55 1007
55 56
55 1375
55 505
55 166
56 504
56 166
57 1402
57 1401
57 616
57 1399
58 299
58 1152
58 296
59 296
59 297
59 62
60 745
60 178
60 1143
61 1142
61 1463
61 744
62 197
62 598
63 197
63 65
63 88
64 298
64 176
64 745
65 295
65 298
66 67
66 793
66 413
67 68
67 411
68 770
68 1244
69 364
69 1157
69 1354
70 1127
70 71
71 555
71 554
72 554
72 449
73 449
74 454
74 87
75 1042
76 471
76 79
77 472
77 471
78 79
78 86
78 472
80 1097
80 555
80 1093
81 1121
81 1119
81 1130
82 83
82 1137
82 1136
83 1008
83 791
84 1051
84 85
84 397
85 386
85 86
86 472
87 1303
87 1031
88 111
88 1152
89 90
89 163
89 300
90 615
90 1391
90 1491
91 1389
91 1393
91 615
92 1404
92 1405
92 103
93 744
93 1461
93 1462
94 115
94 746
94 106
94 836
95 130
95 122
95 875
96 123
96 877
96 116
97 131
97 941
97 876
97 124
98 125
98 107
98 941
99 141
99 100
99 144
100 119
100 1075
101 944
101 102
101 104
102 1331
102 1388
103 1388
103 1393
104 105
104 1075
105 118
105 106
106 874
107 108
107 1037
108 1038
108 109
109 165
109 942
110 978
110 942
110 111
111 165
112 836
112 1331
112 1389
113 746
113 114
113 116
114 838
114 164
115 875
115 116
117 119
117 122
117 1076
118 1076
118 874
119 120
120 121
120 314
121 878
121 122
123 131
123 876
124 125
124 883
125 139
125 126
126 414
127 883
127 884
127 131
127 128
128 129
128 877
128 977
129 880
129 130
130 877
132 884
132 976
132 139
133 137
133 134
133 143
134 149
134 160
135 149
135 810
135 136
136 137
136 138
137 254
138 256
138 255
139 255
140 314
140 748
140 141
141 155
142 160
142 882
142 314
143 881
143 880
144 944
144 158
145 246
145 1378
145 1386
146 1386
146 157
146 196
146 245
147 153
147 1372
148 748
148 749
148 191
149 191
150 591
151 152
152 1286
152 154
153 245
153 154
154 156
155 156
155 158
156 157
157 244
158 244
159 160
161 1037
162 943
162 164
162 941
163 943
163 978
164 876
165 1038
166 1362
167 1387
168 1384
168 779
168 612
168 1381
168 1533
169 180
169 1520
169 1609
169 175
170 175
170 224
171 1519
171 1465
171 1466
172 239
172 190
172 1519
173 175
173 535
173 213
174 539
174 540
174 239
174 1520
176 1504
176 435
177 611
177 445
177 609
178 1397
178 1504
178 1509
179 1007
179 230
179 1609
180 1609
180 1533
181 1597
181 1589
181 258
182 1452
182 1451
183 313
183 184
183 1275
184 266
184 1279
185 1394
185 617
185 619
186 1480
186 1479
186 187
186 611
187 783
187 949
188 1538
188 809
188 937
189 1396
189 617
189 608
190 1394
190 239
190 537
191 809
192 263
192 194
192 570
193 194
193 809
193 562
194 1537
195 622
195 1372
195 638
196 244
196 944
197 598
198 298
198 598
198 1145
199 1371
199 200
199 568
200 1361
200 278
201 381
201 220
201 853
202 279
202 627
202 628
203 649
203 628
203 280
204 1410
204 217
204 868
204 866
205 657
205 648
205 220
206 950
206 1455
207 253
207 950
208 1455
208 783
208 991
209 470
209 1087
209 326
210 526
210 530
210 238
211 215
211 1496
211 1342
212 240
212 243
212 536
213 536
213 540
214 227
214 407
214 957
215 669
215 483
215 1039
216 251
216 870
216 230
216 226
217 249
217 231
218 279
219 222
219 657
219 868
220 221
221 222
221 657
222 652
223 241
224 534
224 225
225 503
225 226
226 294
227 408
227 316
228 281
228 287
228 282
229 230
229 505
229 1410
231 653
231 232
232 249
232 1305
233 250
234 292
234 235
234 252
235 236
235 979
236 286
236 817
237 249
238 242
238 1496
240 1487
240 528
241 1342
241 289
242 243
242 410
243 247
245 1376
246 934
246 1376
247 804
247 535
248 803
248 289
248 533
248 804
249 250
250 251
251 566
252 625
252 280
253 437
253 1145
254 977
254 256
254 880
255 256
257 262
257 263
257 659
258 1598
258 261
259 1585
259 1587
259 660
260 1532
260 265
262 1442
262 1441
263 660
264 1445
264 1585
264 265
265 1444
266 267
266 557
267 302
267 1078
268 302
268 269
268 820
269 736
269 1575
269 319
270 1575
270 1610
270 1580
271 921
271 1415
271 1419
271 1414
272 1427
272 662
272 1419
273 1324
273 1326
273 955
274 637
274 1033
274 1319
275 1074
275 307
275 312
276 1311
276 1610
276 1452
277 1092
278 1361
278 1371
278 1370
279 853
280 285
281 1412
281 293
282 291
282 292
283 1334
283 290
283 630
284 626
284 288
285 285
286 1359
286 1355
286 889
287 653
287 649
288 292
288 291
289 731
290 629
290 1412
291 1315
293 1315
293 1314
294 921
294 1092
295 300
295 1091
296 297
299 1152
300 1493
300 1491
301 305
301 734
301 1313
302 310
303 1554
303 309
303 1272
304 309
304 553
304 1553
305 1583
305 734
306 1311
306 311
306 734
307 1548
307 805
308 309
308 1551
308 1550
310 1285
310 553
311 1313
311 1310
312 1571
312 1559
313 750
313 1313
315 321
316 488
316 323
317 646
317 1423
317 1431
318 1568
319 733
319 1573
320 511
320 501
320 499
321 1554
321 829
322 322
323 476
323 489
323 477
324 1541
325 478
325 476
325 482
326 709
326 996
326 994
327 354
327 350
327 370
328 340
329 794
329 358
329 374
330 1637
330 361
330 355
330 800
330 797
331 802
331 353
331 1651
332 373
332 369
332 1614
333 367
333 366
333 1049
334 345
334 350
334 795
335 346
335 371
335 1630
335 375
336 340
336 347
336 348
337 340
338 349
338 360
338 348
339 375
340 378
341 356
341 373
341 343
342 352
342 351
342 926
343 1642
343 1647
344 361
344 795
344 345
345 350
346 1596
346 1645
346 1649
347 367
347 775
348 775
349 794
349 368
351 377
351 429
352 370
352 360
353 952
353 357
355 358
355 363
356 1622
356 1624
357 371
357 801
358 376
359 377
360 370
361 922
362 799
362 1639
362 800
363 369
363 376
364 773
365 377
365 775
365 372
366 376
366 1616
367 773
368 379
368 887
369 888
371 373
375 380
381 382
381 568
382 383
382 623
384 1137
384 1119
384 778
384 1131
385 778
385 1115
385 388
386 387
386 690
387 1066
387 1065
388 1117
388 989
389 1125
389 1098
389 555
390 392
390 1098
390 391
392 1101
392 1103
393 1101
393 576
393 1100
394 1112
394 1110
394 1111
395 1304
395 1303
395 396
396 1131
396 1133
397 1008
397 398
398 1058
398 1053
399 1053
399 1058
399 1056
400 1085
400 493
400 782
401 403
401 402
401 1502
402 780
402 499
403 405
403 407
404 406
404 729
404 475
405 406
407 408
408 729
409 525
409 516
409 521
410 731
410 803
411 886
411 412
412 984
412 421
413 984
413 414
413 468
415 983
415 984
415 981
416 418
416 983
416 420
417 418
418 419
421 422
421 423
422 422
424 429
424 425
424 430
425 1333
425 426
426 427
426 433
427 428
428 429
430 1023
430 1019
431 885
431 432
431 931
432 433
433 434
435 785
435 613
435 1517
436 1146
436 601
436 785
437 1149
437 567
438 439
438 588
438 444
439 440
439 605
440 605
440 586
441 442
441 589
441 606
441 603
442 443
442 604
443 585
443 444
444 610
444 587
445 1396
445 1481
446 684
446 687
446 447
447 451
447 448
448 450
448 686
448 453
449 450
450 451
451 685
452 686
454 674
455 593
456 583
456 457
456 463
457 1004
457 458
458 1003
458 1004
458 459
459 1003
459 460
460 1002
460 461
461 464
461 1035
461 1002
462 463
463 466
464 1001
464 466
465 1001
465 467
465 466
467 468
467 980
469 470
470 724
473 726
473 497
473 482
474 717
474 497
474 475
475 1040
476 477
477 717
478 479
478 495
479 481
479 482
479 498
480 494
480 487
480 490
481 1140
481 488
483 668
483 1502
484 486
485 487
485 1297
485 1141
486 1139
486 488
487 1301
489 495
490 510
490 718
491 507
491 718
491 835
492 510
492 726
492 1295
493 1295
493 508
496 498
497 501
498 500
499 1040
501 726
502 666
502 664
502 1317
504 1365
504 635
505 1363
505 1361
506 508
507 1085
507 508
509 510
511 782
511 513
512 781
514 1089
514 517
514 515
514 1079
515 1090
515 517
516 520
516 1079
517 522
518 520
518 1089
518 1084
519 1090
520 780
521 522
523 526
524 527
525 1494
525 1080
526 527
527 1494
528 531
528 530
529 532
529 530
529 991
535 730
536 537
537 539
538 601
538 1151
538 1147
539 540
541 541
541 542
542 1458
542 544
543 544
545 547
545 896
545 895
546 896
546 897
546 898
548 549
548 550
549 551
550 551
552 776
552 600
556 557
557 558
559 638
559 1362
559 635
560 562
561 563
562 563
563 1286
564 811
564 769
564 766
564 565
565 871
565 756
565 1604
567 1148
567 949
568 654
569 592
569 599
570 1598
570 571
571 1603
571 1501
572 1601
572 1603
572 573
573 899
574 575
574 576
574 687
576 1112
577 579
577 958
577 1006
578 985
578 1072
578 579
579 988
579 1005
580 581
580 989
580 1005
581 1153
582 1155
582 1153
582 1154
583 1003
583 1154
584 1591
585 594
585 589
586 588
586 594
587 594
587 588
589 605
590 600
592 595
592 599
593 599
593 596
595 596
595 597
596 597
601 1150
602 607
602 603
602 604
603 604
608 610
608 1517
609 1485
609 1484
609 1487
610 1526
611 1483
611 1482
612 616
612 1533
613 1527
613 1504
614 619
614 621
614 1515
615 1409
616 1462
617 621
618 1516
618 621
618 1518
619 1514
620 1536
620 1516
620 1509
622 1370
624 628
626 1314
630 632
632 644
632 643
633 1334
634 637
634 1322
634 956
635 647
636 872
637 1321
638 1363
638 1367
639 641
639 640
639 645
641 872
641 642
642 1435
642 1437
645 1417
645 920
646 646
647 1365
647 1367
647 934
649 656
650 655
651 653
655 870
658 659
659 660
661 663
662 665
662 1328
663 1344
663 1347
666 667
666 1344
670 1129
671 673
671 677
671 678
672 1031
672 681
672 1127
673 680
673 679
674 682
674 676
675 679
675 681
676 678
676 682
677 683
677 680
678 683
679 680
681 1129
682 683
684 686
684 1095
688 743
688 692
689 700
689 691
689 693
690 701
690 1302
691 704
691 706
693 704
695 706
696 697
697 705
697 699
698 703
700 706
702 786
702 703
702 1016
707 720
707 714
707 722
708 713
708 712
708 711
709 723
709 715
710 716
711 715
711 719
711 716
713 716
713 725
714 720
714 997
715 723
717 727
718 830
720 996
721 723
727 727
728 729
731 732
735 736
736 1583
737 1583
738 761
738 765
738 759
738 767
739 920
739 741
739 740
740 741
742 743
742 742
744 1407
745 1392
746 747
748 749
749 914
751 755
752 1605
753 754
753 1608
754 756
754 1607
755 1605
755 756
757 759
758 760
759 760
760 765
761 1281
761 763
762 763
763 764
765 766
766 768
770 1271
770 774
771 1351
772 774
773 1349
774 1157
777 778
780 781
781 782
783 949
784 785
786 917
787 788
787 789
787 919
788 790
788 791
789 790
789 916
790 791
792 1371
793 1019
793 992
794 795
796 926
796 1593
796 797
797 798
798 1593
798 799
799 800
802 1649
803 804
805 1562
805 1564
806 1577
806 1580
806 1579
807 808
808 1577
808 1582
809 810
810 1597
811 816
811 812
812 1357
812 815
813 814
818 821
819 821
820 1569
820 821
822 1571
822 1568
822 823
823 824
823 825
825 826
825 827
827 828
827 1565
830 831
830 834
831 834
831 832
832 834
832 833
834 835
835 1087
836 837
837 840
837 839
838 839
838 1409
839 841
840 841
842 843
842 844
842 1500
845 849
846 851
847 850
848 849
849 854
849 850
850 855
850 851
851 852
852 856
852 853
857 1091
858 862
858 861
858 859
859 860
859 861
860 1549
860 1288
861 864
862 863
863 912
863 865
864 865
864 1543
867 868
869 870
871 1359
871 873
872 873
874 875
878 882
878 879
881 882
883 884
884 976
891 893
891 892
892 894
893 895
894 896
899 900
900 1599
901 903
901 902
901 904
902 1316
902 908
903 904
903 927
904 906
905 1635
905 1641
905 1643
906 907
906 1635
907 908
907 909
908 1633
909 910
909 1330
911 1633
912 1540
912 913
915 916
915 917
917 919
917 918
918 1010
918 919
920 1478
921 1092
922 925
922 924
923 926
923 925
923 924
924 925
927 1316
927 928
928 929
929 1316
930 1330
931 932
931 1588
932 947
932 946
933 1502
934 1398
935 1374
935 1398
935 936
937 1537
937 1538
938 939
938 940
942 943
943 1391
945 947
947 1023
948 1449
950 951
952 954
952 1048
953 954
954 1048
957 1077
959 960
959 995
959 961
960 961
960 974
960 968
961 1456
962 963
962 1456
962 969
962 970
963 1458
963 999
964 965
964 974
964 972
964 968
965 966
965 971
965 970
966 967
966 970
967 971
967 990
968 971
969 972
969 1456
969 1457
970 999
972 973
974 975
976 977
978 1091
980 1000
982 983
986 987
987 988
987 1005
988 1006
989 1072
991 994
992 993
994 1468
994 1467
995 1473
995 1471
995 1467
996 997
997 998
1000 1001
1002 1155
1004 1036
1006 1034
1007 1369
1007 1368
1008 1009
1009 1009
1010 1134
1010 1011
1011 1012
1011 1013
1012 1134
1012 1013
1013 1014
1015 1016
1017 1637
1017 1018
1017 1642
1018 1018
1019 1021
1020 1021
1021 1022
1023 1027
1024 1030
1024 1029
1025 1026
1026 1030
1026 1028
1027 1029
1027 1028
1028 1029
1031 1032
1037 1038
1040 1041
1042 1304
1042 1043
1043 1047
1043 1044
1044 1045
1045 1046
1046 1047
1048 1049
1049 1050
1051 1064
1051 1052
1053 1054
1055 1056
1056 1057
1058 1060
1059 1060
1060 1062
1061 1062
1062 1063
1066 1067
1066 1068
1068 1070
1068 1069
1070 1117
1070 1071
1072 1073
1074 1569
1074 1287
1075 1076
1079 1081
1081 1083
1081 1082
1085 1086
1087 1088
1089 1090
1093 1095
1093 1094
1095 1096
1098 1099
1101 1102
1103 1104
1103 1109
1104 1107
1104 1108
1105 1107
1106 1107
1112 1113
1114 1115
1115 1116
1117 1118
1119 1120
1121 1125
1121 1122
1122 1123
1122 1124
1125 1126
1127 1129
1127 1128
1131 1132
1134 1135
1135 1135
1137 1138
1139 1141
1139 1140
1140 1301
1141 1296
1142 1408
1142 1143
1142 1407
1143 1390
1143 1392
1144 1145
1147 1148
1147 1151
1148 1149
1149 1150
1150 1151
1154 1155
1156 1225
1157 1225
1158 1244
1159 1160
1160 1209
1160 1208
1161 1162
1162 1205
1162 1203
1163 1164
1163 1256
1163 1254
1164 1165
1164 1169
1164 1167
1165 1179
1165 1175
1166 1167
1166 1183
1166 1179
1167 1168
1167 1170
1168 1254
1168 1268
1169 1208
1169 1205
1170 1171
1170 1269
1170 1173
1171 1270
1171 1174
1172 1173
1173 1174
1173 1183
1174 1195
1175 1176
1175 1196
1176 1177
1176 1180
1176 1188
1177 1178
1177 1181
1177 1189
1178 1235
1178 1236
1179 1180
1180 1181
1180 1184
1181 1182
1181 1185
1182 1236
1182 1238
1183 1184
1183 1195
1184 1185
1184 1187
1185 1186
1185 1190
1186 1239
1186 1240
1188 1198
1188 1193
1189 1193
1189 1191
1191 1192
1191 1233
1192 1220
1192 1242
1193 1194
1194 1218
1194 1220
1195 1245
1196 1197
1196 1203
1196 1198
1198 1200
1199 1201
1200 1201
1200 1218
1201 1202
1202 1204
1202 1218
1203 1204
1204 1217
1205 1206
1206 1216
1206 1217
1207 1208
1207 1210
1207 1216
1209 1210
1209 1232
1210 1215
1211 1260
1211 1232
1211 1212
1212 1214
1212 1215
1213 1214
1214 1241
1215 1216
1217 1218
1219 1220
1221 1226
1222 1227
1222 1223
1222 1224
1224 1226
1224 1225
1226 1227
1227 1242
1228 1229
1229 1242
1229 1230
1230 1231
1231 1233
1232 1258
1233 1234
1233 1235
1235 1236
1237 1238
1238 1239
1239 1240
1240 1243
1241 1266
1241 1264
1243 1245
1243 1249
1244 1245
1246 1250
1247 1248
1248 1250
1248 1271
1249 1271
1249 1250
1251 1253
1251 1251
1252 1269
1252 1270
1253 1254
1253 1268
1255 1256
1256 1257
1257 1258
1259 1260
1260 1261
1261 1262
1262 1264
1263 1264
1265 1266
1266 1267
1268 1269
1273 1283
1274 1283
1274 1280
1274 1275
1275 1276
1276 1278
1276 1277
1281 1284
1282 1284
1283 1284
1288 1289
1288 1290
1289 1544
1293 1587
1293 1584
1294 1295
1298 1299
1298 1301
1299 1300
1303 1304
1305 1308
1305 1306
1307 1308
1308 1309
1311 1312
1314 1315
1317 1319
1317 1318
1319 1320
1322 1324
1322 1323
1324 1325
1326 1328
1326 1327
1328 1329
1330 1632
1331 1332
1334 1340
1335 1336
1336 1340
1336 1337
1337 1339
1337 1338
1340 1341
1342 1343
1345 1346
1346 1347
1348 1349
1349 1351
1350 1351
1352 1354
1353 1354
1355 1356
1355 1357
1357 1358
1359 1360
1361 1364
1362 1363
1363 1364
1364 1370
1365 1366
1365 1375
1366 1379
1366 1381
1367 1398
1372 1373
1375 1381
1376 1398
1376 1386
1377 1378
1377 1387
1377 1386
1378 1379
1378 1401
1379 1399
1379 1380
1380 1383
1380 1382
1381 1382
1382 1383
1383 1384
1384 1385
1384 1399
1387 1400
1388 1406
1388 1403
1389 1409
1389 1406
1391 1409
1392 1491
1392 1407
1393 1406
1393 1490
1394 1395
1394 1535
1396 1489
1397 1510
1397 1466
1397 1507
1400 1403
1400 1401
1401 1404
1403 1404
1404 1405
1405 1461
1405 1492
1407 1490
1410 1411
1412 1413
1415 1417
1415 1416
1417 1418
1419 1421
1420 1421
1421 1422
1423 1427
1423 1425
1424 1425
1425 1426
1427 1428
1429 1431
1429 1433
1429 1430
1431 1432
1433 1435
1433 1434
1435 1436
1438 1439
1442 1532
1442 1443
1445 1446
1445 1449
1446 1447
1446 1448
1449 1450
1452 1453
1454 1455
1455 1476
1458 1459
1460 1462
1461 1492
1461 1462
1463 1464
1463 1465
1463 1524
1465 1524
1465 1466
1466 1525
1467 1476
1467 1472
1469 1472
1470 1472
1470 1471
1474 1477
1475 1477
1476 1477
1486 1487
1487 1488
1490 1491
1490 1492
1494 1495
1496 1498
1497 1498
1498 1499
1502 1503
1505 1508
1506 1508
1507 1509
1507 1535
1508 1509
1511 1513
1512 1514
1512 1513
1512 1536
1513 1515
1514 1515
1516 1517
1516 1529
1519 1522
1519 1523
1520 1521
1520 1522
1522 1524
1527 1529
1527 1528
1529 1530
1531 1532
1534 1536
1535 1536
1537 1538
1539 1541
1539 1540
1541 1542
1544 1546
1544 1545
1546 1556
1546 1547
1548 1549
1548 1556
1549 1558
1551 1560
1551 1552
1554 1555
1556 1557
1560 1562
1560 1561
1562 1563
1566 1568
1566 1573
1566 1567
1569 1570
1571 1572
1573 1574
1575 1576
1577 1578
1580 1581
1585 1586
1589 1591
1589 1590
1592 1594
1592 1593
1592 1596
1595 1596
1597 1598
1599 1600
1601 1602
1602 1603
1605 1606
1610 1611
1611 1613
1611 1612
1612 1613
1614 1616
1614 1615
1616 1617
1618 1624
1618 1630
1618 1619
1619 1620
1619 1621
1620 1620
1622 1626
1622 1647
1623 1625
1623 1626
1623 1627
1624 1628
1625 1628
1625 1626
1628 1629
1630 1631
1632 1634
1632 1633
1634 1634
1635 1636
1637 1638
1639 1641
1639 1640
1641 1642
1643 1645
1643 1644
1645 1646
1647 1648
1649 1650
