0 7113
0 3083
0 7111
1 5593
1 5597
1 1932
1 1968
2 5677
2 5663
2 2024
3 2222
3 2036
3 2215
4 6715
4 2206
4 6060
5 6
5 3244
5 5715
6 4812
6 6718
7 6725
7 5964
7 5022
8 7299
8 5763
8 5764
9 10
9 7299
9 5028
10 3184
10 11
11 13
11 5762
12 4826
12 5762
12 7296
13 2246
13 2232
14 2231
14 3025
14 7294
15 3023
15 5212
15 3025
16 3021
16 5207
16 3024
17 392
17 541
17 5033
18 3157
18 2684
18 2683
18 3155
19 4760
19 28
19 30
20 4154
20 468
20 23
21 157
21 2722
21 706
21 3733
22 5040
22 23
22 3320
23 543
23 5041
24 3133
24 36
24 157
25 34
25 152
25 132
25 418
26 318
26 43
26 413
27 42
27 4068
27 33
27 719
28 115
28 38
28 158
29 143
29 719
29 127
29 161
30 115
30 142
30 582
31 1232
31 699
31 123
31 2722
32 5044
32 3313
32 2733
32 5202
33 147
33 265
33 6386
34 38
34 381
34 511
35 3699
35 5303
36 706
36 401
37 5035
37 5033
37 130
38 164
38 151
39 149
39 519
39 133
39 336
40 44
40 6404
40 585
41 3353
41 1078
41 4068
42 5086
42 581
42 2721
43 161
43 136
43 380
44 148
44 582
44 626
45 401
45 47
45 3132
46 156
46 525
46 5044
47 2732
47 48
47 117
48 155
48 156
49 412
49 163
49 522
49 558
50 371
50 4761
50 547
50 2706
51 372
51 2665
51 6901
51 6907
52 2706
52 453
52 2680
52 6421
53 2899
53 54
53 6430
54 4900
54 2887
55 165
55 2853
55 2850
56 6881
56 6061
56 6123
57 2882
57 2853
57 2868
58 2854
58 5638
58 2906
59 60
59 2899
59 2904
60 2911
60 2910
61 62
61 4422
61 4858
62 4858
62 63
63 2757
63 3789
64 4138
64 2757
64 2759
65 7129
65 66
65 2759
66 67
66 7129
67 2762
67 2760
68 2761
68 2763
69 5651
69 2771
69 70
70 5227
71 2739
71 5227
71 72
72 73
72 5647
73 2740
73 3198
74 3777
74 2740
74 2741
75 2743
75 3781
75 3198
76 77
76 2748
76 3781
77 2747
77 5049
78 7040
78 2934
78 6795
79 2966
79 2933
79 7274
80 1839
80 81
80 1837
81 1840
81 82
82 83
82 1840
83 84
83 1842
84 85
84 1843
85 5797
85 1844
86 1603
86 87
86 5797
87 6450
87 1845
88 89
88 1845
88 1599
89 3215
89 6900
90 3210
90 91
90 3214
91 848
91 92
92 847
92 93
93 94
93 1610
94 3752
94 95
95 6444
95 3752
95 96
96 1614
96 97
97 1596
97 1605
98 1611
98 1653
98 1605
99 100
99 1615
99 1653
100 1607
100 5031
101 3725
101 6660
101 5562
102 3096
102 5564
102 4797
103 3091
103 3085
103 3096
104 4931
104 6882
104 105
104 6883
105 107
105 6881
106 6123
106 107
106 137
107 6885
107 6884
108 551
108 109
108 145
108 6061
109 144
109 4929
110 551
110 4929
110 4928
111 2366
111 3160
111 643
112 1263
112 3085
112 568
113 2713
113 154
113 4602
113 164
114 4592
114 417
114 2714
114 3407
114 4597
114 3406
115 151
115 588
116 651
116 6834
116 118
116 6842
117 162
117 150
117 401
118 417
118 511
118 164
119 6386
119 6391
119 6822
119 4068
120 150
120 153
120 162
120 4750
121 5299
121 770
121 6595
122 1359
122 126
122 2682
122 2713
123 157
123 4529
123 504
124 146
124 1831
124 4898
125 6970
125 4757
125 3697
125 2707
126 476
126 6970
126 6591
127 138
127 147
127 160
128 6078
128 2707
128 5905
129 6073
129 3160
129 388
129 348
130 3353
130 6822
131 4938
131 1078
131 4937
132 651
132 418
133 589
133 144
133 148
134 558
134 135
134 163
134 1355
135 6883
135 6884
135 1668
136 318
136 138
136 4743
137 6411
137 558
138 4742
138 161
139 5079
139 4359
139 4898
140 5078
140 5079
140 2947
141 159
141 3310
141 714
142 3677
142 6598
143 150
143 6783
143 581
144 519
144 145
145 6404
145 148
146 4898
146 1846
147 521
147 5256
148 588
149 396
149 265
149 392
150 706
151 381
151 589
152 160
152 396
152 381
153 4751
153 161
153 6783
154 4854
154 4758
154 4760
155 162
155 156
156 4158
158 164
158 4854
159 323
159 3313
160 521
160 418
163 440
163 478
165 166
165 6768
166 2886
166 2888
167 217
167 697
167 325
167 228
168 6368
168 280
168 4920
169 236
169 240
169 170
169 4345
170 218
170 6189
171 723
171 5599
171 720
172 1095
172 6358
172 1086
172 181
173 330
173 7014
173 4663
173 5376
174 357
174 3292
174 6604
174 470
174 186
175 211
175 189
175 177
176 486
176 585
176 574
176 532
177 211
177 180
178 697
178 3376
178 211
179 4977
179 669
179 5919
180 182
180 236
181 4702
181 5423
182 693
182 4531
182 6568
183 184
183 327
183 1105
184 1089
184 5918
184 232
185 320
185 5051
185 189
185 304
186 357
186 192
187 195
187 6636
187 5037
188 715
188 316
188 273
188 283
189 304
190 5922
190 6987
190 5923
191 4786
191 478
191 624
191 1411
192 266
192 3998
193 6987
193 6990
193 330
194 2857
194 213
194 5617
195 5912
195 4438
196 722
196 463
196 5922
197 332
197 688
197 402
198 938
198 614
198 625
199 233
199 4904
199 326
200 233
200 6546
200 6245
201 688
201 332
201 587
202 5416
202 203
202 6554
203 4347
203 6554
203 1107
204 4347
204 1524
204 1539
204 6537
205 5389
205 5391
205 347
206 1084
206 5276
206 1077
207 514
207 634
207 4349
208 5391
208 209
208 5395
209 328
209 5396
210 218
210 697
210 6570
212 6185
212 1367
212 3360
213 6766
213 7076
214 1368
214 7101
214 3700
215 249
215 6196
215 506
216 283
216 277
216 4755
217 4681
217 3376
218 6189
219 4959
219 6600
219 4965
220 670
220 554
220 617
221 6560
221 7229
221 1313
222 2307
222 4199
222 227
222 4917
223 489
223 314
223 354
224 611
224 2719
224 464
224 583
225 1193
225 376
225 440
226 415
226 538
226 6484
227 4349
227 636
227 4200
228 6570
228 299
228 303
229 1374
229 235
229 523
230 6546
230 4081
230 232
230 346
231 268
231 584
232 5417
232 4849
233 1558
234 310
234 271
234 275
235 654
235 523
236 693
236 697
237 6769
237 1378
237 4765
238 7064
238 668
238 3821
239 481
239 280
239 287
239 455
240 693
240 4914
240 3501
241 726
241 522
241 687
241 2686
242 4934
242 255
242 244
243 360
243 294
244 255
244 320
245 5423
245 4908
245 4648
246 4079
246 400
246 4078
247 5230
247 5244
247 4892
248 249
248 1536
248 6218
249 491
249 6568
250 491
250 1315
250 1313
250 6567
251 6966
251 564
251 6697
252 1269
252 718
252 1268
252 6600
253 4975
253 703
253 936
254 264
254 564
254 675
255 6805
256 298
256 553
256 6210
256 6805
257 405
257 414
257 2669
258 513
258 722
258 3999
259 6241
259 339
259 628
259 665
260 4608
260 586
260 3403
261 637
261 457
261 5231
262 3317
262 503
262 590
263 6728
263 531
264 624
264 478
264 440
265 337
265 521
266 5528
266 635
267 4894
267 442
267 4354
267 353
268 3994
268 577
269 696
269 690
269 286
270 6571
270 6973
270 272
271 4674
271 275
272 306
272 3381
273 579
273 277
274 5315
274 5312
274 5316
275 6738
275 310
276 4843
276 1560
276 5314
277 283
278 288
278 302
278 316
279 466
279 393
279 465
280 523
281 306
281 286
281 690
282 5163
282 6606
282 813
282 6605
283 316
284 7252
284 6572
284 6571
284 3361
285 2656
285 6776
285 594
286 6574
287 4413
287 455
287 4410
288 4754
288 4755
289 5231
289 6453
289 7060
290 4952
290 6829
290 358
291 6202
291 1537
291 506
292 6453
292 5232
292 5235
293 319
293 4678
293 6225
294 6554
295 312
295 474
295 489
296 6209
296 404
296 298
297 639
298 404
299 300
299 1377
300 7251
300 1377
300 303
301 5905
301 683
301 761
301 4956
302 316
302 350
303 6973
304 3369
305 3366
305 4680
305 375
306 6572
306 374
307 5323
307 5235
307 5237
308 5311
308 5310
308 5309
309 4149
309 414
310 474
311 4410
311 4944
311 362
311 611
312 1527
312 5067
313 1403
313 1395
313 4926
314 6461
314 354
315 2688
315 704
315 6776
317 5401
317 5414
317 6461
318 399
318 717
319 6920
319 322
320 659
321 721
321 387
321 5927
322 4672
322 4678
323 543
323 4153
323 592
324 5912
324 5361
324 5393
325 6973
325 685
325 359
326 327
326 5416
327 1104
328 335
328 329
328 5399
329 7014
329 7018
329 4856
330 5374
331 2290
331 373
331 1392
331 710
332 463
333 4317
333 629
334 7170
334 596
334 7152
334 364
335 5393
335 5395
335 3286
336 589
336 381
336 396
337 6391
337 392
337 5035
338 483
338 423
338 2690
339 5064
339 5063
339 4667
340 342
340 1544
340 343
341 2290
341 4924
341 1388
342 1542
342 1541
343 1527
343 354
344 419
344 687
344 522
344 6684
345 6636
345 346
345 6538
346 4902
346 5398
347 5168
347 6246
347 4199
348 6070
348 6827
348 6829
349 1549
349 1555
349 6553
350 2684
350 715
351 353
351 352
351 1311
352 5374
352 3833
353 4354
353 645
355 4902
355 6243
355 356
356 4916
356 5397
356 1558
357 393
358 2658
358 6828
359 4680
359 4681
360 4916
360 471
360 4917
361 1552
361 6537
361 471
361 514
362 515
362 610
362 3389
363 5409
363 3117
363 365
364 649
364 438
365 1593
365 6785
366 3350
366 1668
366 4930
366 6882
367 3743
367 3748
367 4068
368 533
368 557
368 472
368 473
369 5410
369 5958
369 3107
370 5958
370 409
370 646
371 6905
371 6913
371 454
372 686
372 547
372 5047
373 1389
373 1381
373 422
374 3388
374 479
375 3404
375 4608
376 4080
376 4079
377 653
377 673
377 6349
378 502
378 6468
378 550
379 423
379 1374
379 1373
380 652
380 4751
382 6488
382 944
382 1308
383 3311
383 3310
383 4150
384 707
384 393
384 465
385 726
385 1356
385 5301
385 6411
386 3397
386 678
386 666
387 5926
387 688
388 6598
388 6599
389 678
389 666
389 391
389 677
390 6685
390 621
390 412
390 4786
391 6377
391 678
392 519
394 565
394 3410
394 4593
395 566
395 500
395 695
396 521
397 398
397 516
397 653
398 516
398 510
399 430
399 431
400 6697
400 564
402 615
402 3704
403 4694
403 632
403 469
404 5328
405 487
405 2668
406 431
406 407
406 433
407 433
407 427
408 2931
408 6377
408 3405
409 646
409 5959
409 6333
410 503
410 2670
410 2668
411 761
411 4040
411 627
411 2708
412 6684
412 1382
413 4159
413 652
414 2669
415 499
415 608
416 3704
416 3119
416 3706
417 6834
418 4742
419 529
419 6683
419 6685
420 441
420 421
420 5411
422 1387
422 1413
422 658
423 483
424 5171
424 6253
424 7262
425 4343
425 6077
425 6583
425 6584
426 1583
426 6748
426 6330
427 428
427 701
428 701
428 430
429 6330
429 646
429 5959
430 431
432 435
432 450
432 445
433 4149
434 5171
435 5171
435 5412
436 7262
436 6260
436 6748
437 6260
437 600
437 452
438 573
438 4960
439 4078
439 6550
439 4080
440 1355
441 4352
441 442
442 4354
442 644
443 6325
444 6287
445 446
445 604
446 448
446 4350
446 4352
447 6924
447 2677
447 763
448 4348
448 604
449 562
449 1402
449 1401
449 1391
450 4890
450 598
451 5248
451 601
451 595
452 601
452 4886
453 2687
453 493
454 560
455 718
456 457
456 604
456 598
457 5245
458 5403
458 4882
458 6251
459 586
459 4160
459 6375
460 663
460 3617
460 603
460 3622
461 2305
461 3408
461 5217
462 4344
462 689
462 464
463 5923
464 567
464 3400
465 4698
466 5925
466 635
467 3406
467 2305
467 3405
468 3314
468 4152
469 707
469 6606
470 5421
470 4423
470 3288
471 2307
471 4347
472 6277
472 5317
472 473
473 6920
474 489
475 6576
475 567
475 605
475 4344
476 477
476 480
477 3408
477 5216
478 1382
479 3665
479 515
480 2682
480 3407
481 485
481 6368
482 6828
482 2662
482 2694
483 6074
484 4516
484 5002
484 499
485 1268
485 718
486 6062
486 576
486 585
487 492
487 2668
488 505
488 4104
488 6295
490 648
490 3401
490 5051
491 4347
491 693
492 4147
492 495
493 2680
493 1357
493 2698
494 4861
494 4862
494 528
496 1404
496 1393
496 4790
497 498
497 4519
497 4864
498 4863
498 3656
499 507
500 590
500 641
500 2670
501 1391
501 572
501 6413
502 549
502 3823
502 4863
503 590
504 3331
504 699
505 4105
505 6289
506 1539
507 682
507 4978
507 5002
508 2291
508 529
508 6683
509 1381
509 4770
509 3756
510 6254
510 6800
511 651
512 2661
512 5047
512 654
513 5924
513 587
514 2307
514 5414
515 3388
516 6255
517 573
517 591
517 3701
518 542
518 520
519 541
520 539
520 5326
522 726
524 526
524 6285
524 563
525 4158
525 714
526 539
527 5001
527 4698
527 632
528 4859
528 4860
529 687
529 578
530 7081
530 3824
530 4109
531 3202
531 613
532 585
532 574
532 667
533 584
533 6920
534 6278
534 552
534 6279
534 6289
535 6287
535 6283
535 537
536 2699
536 4043
536 2704
537 537
538 622
538 607
540 3758
540 4936
540 5599
541 4928
542 556
543 5042
543 2733
544 6021
544 2673
544 620
545 679
545 653
545 6255
546 6258
546 6255
546 6254
547 2655
548 7071
548 5161
548 5160
549 4112
549 4863
550 3823
550 6350
551 4930
551 4931
552 4112
552 6352
552 555
553 659
553 6227
554 5919
554 6488
554 669
555 7081
555 6307
557 665
557 3202
558 6885
559 5258
559 3316
559 5257
560 2710
561 3561
561 3571
561 3567
561 3564
562 691
562 664
565 2675
565 2674
566 620
566 2675
567 4344
567 4343
568 1263
568 4802
569 4043
569 2703
569 4039
569 4406
570 1308
570 705
570 614
571 630
571 4979
571 575
572 4925
572 4924
573 724
574 631
575 593
575 4986
576 3662
576 3763
577 4218
577 3835
578 664
578 6677
579 1099
579 715
580 4218
580 603
580 3994
581 719
581 706
582 6597
582 588
583 611
583 700
584 603
586 6581
587 3703
588 589
590 641
591 3700
591 599
592 3311
592 4152
593 4986
593 4317
594 4942
594 4941
595 600
595 674
596 649
596 5001
596 7169
597 4350
597 4612
597 602
597 633
598 4891
599 708
599 7193
600 680
601 4887
602 637
602 4348
605 648
605 3399
606 640
606 612
606 7059
607 670
607 6485
608 617
608 682
609 3967
609 4980
609 4979
610 700
610 3385
613 3994
613 6728
614 938
615 3706
615 619
616 618
616 709
617 5919
618 625
619 721
619 6493
620 2673
621 1386
621 2291
622 6484
622 702
623 4919
623 654
623 2659
624 1410
626 667
626 6597
627 6924
627 4948
627 6381
628 716
628 5055
629 4317
629 4980
630 4979
630 962
630 4459
630 7303
631 3663
631 667
632 1126
633 634
633 4896
634 4351
634 644
635 3705
636 4679
636 4351
637 6251
637 7059
638 657
638 5071
638 2856
639 4897
639 5407
641 652
641 694
641 698
642 1560
642 4839
642 6738
643 6597
643 6598
644 4353
644 4612
645 4353
645 5387
645 4679
646 5371
647 676
647 4865
647 679
648 695
649 708
650 4913
650 2859
650 2858
651 4738
655 6412
656 4775
656 3756
656 658
656 6765
657 723
657 1380
658 6765
659 5051
660 4570
660 6261
660 4865
661 3523
661 3619
661 3623
662 3615
662 3516
662 663
663 3616
664 6412
665 716
666 677
668 720
668 5582
669 4976
670 937
671 672
671 6566
671 1088
672 6054
672 3514
672 3512
673 6350
673 680
674 680
674 676
675 5262
675 3729
676 679
677 695
681 3657
681 4665
681 1584
681 4978
682 3661
682 3657
683 6383
683 769
684 6333
684 1296
684 1573
685 4344
685 4605
685 689
686 4952
686 4953
687 691
689 5218
689 5219
690 3388
691 2710
692 4926
692 4927
692 6424
694 4750
694 698
696 3394
696 3386
698 4158
699 4937
699 1231
700 3385
701 4329
702 6310
702 6483
703 3702
703 4974
704 2694
704 6777
705 711
705 4459
707 6605
708 7194
709 711
709 4052
710 4763
710 4791
711 4988
712 969
712 1295
712 1306
713 760
713 2715
713 2717
714 3323
716 6227
717 4741
717 6843
718 3389
719 5256
720 4792
721 5957
722 3998
723 5612
724 4965
724 7100
725 6230
725 1545
725 1534
727 3438
727 728
727 5798
728 3444
728 3454
728 3452
729 730
729 6614
729 4626
729 731
730 3444
730 3443
731 6615
731 6618
732 4644
732 6610
732 6614
733 7176
733 6610
733 7179
734 735
734 1784
734 737
735 1785
735 736
736 740
736 741
737 739
737 738
738 740
741 1260
741 818
742 743
742 3415
742 3203
743 3416
743 2803
744 4883
744 745
744 1120
745 7148
745 3414
746 7145
746 7176
746 747
746 3412
747 1122
747 1121
748 7148
748 7147
748 1121
749 2808
749 6435
749 6900
750 2814
750 2810
750 758
751 1134
751 2824
751 752
752 4884
752 753
753 2843
753 5799
754 2820
754 755
754 1425
755 2819
755 2818
756 6431
756 757
756 4705
757 1421
757 758
758 2814
759 2703
759 762
759 760
760 2699
760 761
762 6586
762 2719
763 3695
763 769
764 2716
764 2711
764 6080
765 6596
765 6599
765 770
766 6596
766 768
766 767
767 771
767 1359
767 4759
768 5302
768 770
768 771
769 2707
769 3696
771 4756
772 4161
773 774
773 778
773 4687
774 4686
774 4685
775 7245
775 793
775 798
775 797
776 4688
776 6370
776 777
777 4688
777 4685
778 4687
778 779
779 6908
779 4688
780 4958
780 783
780 781
781 7167
781 783
782 7157
782 804
782 805
783 5052
784 1633
784 1641
784 787
785 1633
785 1637
785 801
785 5052
786 789
786 787
786 1254
787 1643
788 1639
788 790
788 4069
789 1639
789 1638
790 1635
790 1630
791 4069
791 3204
791 1649
792 793
792 801
792 1630
793 1327
793 1629
794 1327
794 795
794 4872
795 1241
795 1253
796 1649
796 4867
796 1652
797 4693
797 1327
797 4686
798 6367
798 4693
799 1637
799 1330
799 5430
800 6440
800 1255
800 2807
800 1651
801 1632
801 1636
802 3203
802 2797
802 2799
803 4880
803 807
803 4881
804 4881
804 7160
805 806
805 808
806 1119
806 2796
807 2797
807 4881
807 7159
808 809
808 5428
809 1192
809 1119
810 811
810 812
810 5913
810 815
811 4424
811 6153
811 4423
812 1094
812 814
813 814
813 5163
815 5422
815 816
816 820
816 819
817 4961
817 5422
817 1830
818 5000
818 5001
819 4964
819 4966
820 1260
820 4963
821 4964
821 1784
821 4963
822 833
822 823
822 829
823 824
823 3139
824 828
824 829
825 3139
825 826
825 830
826 832
826 827
827 828
827 1222
828 4736
829 836
830 3152
830 3154
831 5463
831 832
831 3141
832 1027
833 834
833 838
834 835
834 3705
835 836
835 6150
836 837
837 4727
837 6144
838 7080
838 6024
839 840
839 5587
839 843
840 1229
840 842
841 1229
842 1251
842 5586
843 1235
843 1247
844 845
845 846
845 1598
845 848
846 1599
846 1598
847 848
847 5568
849 1251
849 3283
849 1324
850 1323
850 851
850 852
851 3284
851 1322
852 1322
852 854
853 1322
854 855
854 4804
854 1323
855 1234
855 1233
856 857
856 4804
856 5175
857 858
857 5789
858 859
858 2728
859 2729
859 5175
860 5173
860 5073
860 3464
861 5073
861 3469
861 3467
862 880
862 1506
862 5884
863 884
863 880
863 1505
864 882
864 884
864 881
865 866
865 6819
865 3769
866 5953
866 878
867 869
867 5953
867 876
868 3769
868 877
868 3768
869 870
869 3768
870 871
870 2784
871 872
871 5873
872 873
872 2783
873 874
873 1495
874 875
874 2780
875 4474
875 889
876 2783
876 1504
877 3770
877 5882
878 878
879 880
882 6819
882 3770
883 884
885 889
885 1483
885 887
886 5864
887 888
887 1495
888 3149
888 1482
889 890
890 5859
890 897
891 892
891 4474
891 5867
891 4472
892 4468
892 1057
893 4467
893 894
893 4468
894 895
894 5868
895 5869
895 4465
896 2774
896 1487
896 5869
897 1486
897 899
898 1489
898 900
898 899
899 1484
900 1772
900 4447
900 5866
901 4708
901 902
901 1508
902 906
902 1512
903 4448
903 904
903 906
904 1519
904 905
905 3301
905 1520
906 1185
907 1480
907 5536
907 5534
908 4021
908 5166
908 3125
909 1789
909 1815
909 6065
910 4481
910 5334
910 3868
911 914
911 5514
911 917
911 923
912 5955
912 1183
912 5956
913 916
913 915
913 4129
914 1184
914 916
915 5956
915 929
916 5005
917 1004
917 1005
918 3703
918 5520
918 5924
919 922
919 920
919 3136
920 3691
920 1170
920 1212
921 926
921 922
921 4016
922 4016
923 4189
923 924
924 5511
924 925
925 4187
925 4016
926 4178
926 927
927 3136
927 3298
928 4181
928 5099
928 3135
929 4128
929 3851
930 1304
930 3854
930 4037
930 3847
931 4128
931 5927
931 5926
932 934
932 1302
932 5955
933 1303
933 935
933 4038
934 1303
934 4037
935 936
935 1304
936 3702
937 6485
937 6798
938 3555
939 949
939 3641
939 7049
940 3652
940 4093
940 4094
941 4094
941 6316
941 6315
942 7051
942 7055
942 946
943 5344
943 1307
943 944
944 7044
944 4098
945 6314
945 7051
945 7049
945 7044
946 4097
946 1308
947 950
947 948
947 3647
948 3651
948 3655
949 4093
949 3655
950 3644
950 3642
951 5327
951 6069
951 3844
952 3636
952 3545
952 3638
953 3530
953 5936
953 1289
954 955
954 3530
954 3533
955 3531
955 962
956 3983
956 963
956 3984
956 5936
957 3983
957 4476
957 958
958 964
958 968
959 3892
959 977
959 960
960 961
960 3891
961 3891
961 981
962 4056
962 3144
963 3860
963 3892
963 5939
964 1288
964 4130
965 6319
965 3978
965 4056
966 4478
966 1293
966 968
967 4146
967 1286
967 970
968 4479
969 1293
969 1294
969 4462
970 4464
970 4485
971 973
971 1900
971 1904
972 1900
972 1894
972 1901
973 5334
973 1904
974 5337
974 1309
974 5335
975 982
975 976
975 980
976 980
976 977
977 3892
978 1905
978 4048
978 1909
979 3159
979 980
979 3860
981 982
981 983
982 983
983 2536
984 4987
984 3967
984 3891
985 1872
985 986
985 1864
985 1870
986 989
986 1871
987 988
987 6505
987 1875
988 1889
988 2397
989 990
989 993
990 2406
990 6125
990 1864
991 5812
991 2388
991 1858
991 2444
992 2399
992 993
992 1865
993 6810
994 2311
994 6888
994 2337
995 2377
995 2393
995 1865
996 2480
996 2487
996 6894
997 998
997 2480
997 2488
998 2313
998 4982
999 1000
999 2316
999 2470
1000 1001
1000 2330
1001 2333
1001 2341
1002 4983
1002 2468
1002 2398
1003 5447
1003 1005
1003 5448
1004 5443
1004 4196
1005 5475
1006 1194
1006 5475
1006 1196
1007 1451
1007 1459
1007 1008
1008 1216
1008 1194
1009 1216
1009 1010
1009 5477
1010 1441
1010 1442
1011 1441
1011 5808
1011 5541
1012 1460
1012 1033
1012 1431
1012 5541
1013 1459
1013 1214
1013 1447
1014 1449
1014 1015
1014 1447
1016 3712
1016 1023
1016 1020
1017 7099
1017 5481
1017 6091
1018 1019
1018 7099
1018 1173
1019 1437
1019 1032
1020 1021
1020 1022
1021 1164
1021 5484
1022 1025
1022 1023
1023 5487
1024 3707
1024 6042
1024 3711
1025 5486
1025 5490
1026 5484
1026 1792
1026 5907
1027 6042
1027 3142
1028 5448
1028 3141
1028 3142
1029 4996
1029 5456
1029 5537
1030 1431
1030 5458
1030 1035
1031 1032
1031 1033
1031 6145
1032 5524
1033 1218
1033 5539
1034 1035
1034 1439
1034 1036
1035 1440
1036 5523
1036 1460
1037 1439
1037 1469
1037 2981
1038 1440
1038 1162
1038 2981
1039 1457
1039 1040
1039 7219
1040 6811
1040 1041
1041 5808
1041 1467
1042 1457
1042 1472
1042 1474
1043 1462
1043 1471
1043 1044
1044 1464
1044 1047
1045 1046
1045 1466
1045 1464
1046 1220
1046 1050
1048 1049
1048 2997
1048 6977
1049 1050
1049 2996
1050 2995
1051 1928
1051 1463
1051 5805
1052 1924
1052 5803
1052 1053
1053 2788
1053 1055
1053 1056
1054 1055
1054 1058
1054 4437
1055 2992
1056 2775
1056 2774
1057 2777
1057 2775
1058 1060
1058 4436
1059 2773
1059 1061
1059 1060
1060 6135
1061 3127
1061 1478
1062 1955
1062 1950
1062 1469
1063 1955
1063 2987
1063 1064
1064 1953
1064 1219
1065 2988
1065 1474
1065 2991
1066 3885
1066 1070
1066 2534
1067 2534
1067 1068
1067 2593
1068 2539
1068 2595
1069 2598
1069 1071
1069 1075
1070 1165
1070 1298
1071 2615
1071 2600
1072 2604
1072 3979
1072 1074
1073 3979
1073 2615
1073 1074
1074 2374
1076 1079
1076 3158
1076 1078
1076 1077
1077 4748
1077 5003
1079 6393
1079 5004
1080 6393
1080 6388
1080 2360
1081 1082
1081 6388
1081 5294
1082 1083
1082 2360
1083 3343
1083 3349
1084 5273
1084 3277
1085 1670
1085 3827
1085 6513
1086 1093
1086 1087
1086 6335
1087 1089
1087 1088
1088 1095
1089 4848
1089 1090
1090 1093
1090 1091
1091 1098
1091 1092
1092 1094
1092 1093
1094 6334
1095 5423
1096 1097
1096 5913
1096 1098
1097 5918
1097 1098
1099 5276
1099 3262
1100 5270
1100 3832
1100 1670
1101 1682
1102 4722
1102 1829
1102 1830
1103 1817
1103 1804
1103 1164
1104 4850
1104 4904
1105 4852
1105 4853
1106 1107
1106 4696
1106 4852
1107 6558
1108 1124
1108 3792
1108 3796
1109 3766
1109 4393
1109 3792
1110 6796
1110 4393
1110 4389
1111 4384
1111 1112
1111 6796
1112 1113
1112 4375
1113 4373
1113 4370
1114 4370
1114 4368
1114 1115
1115 1116
1116 2753
1117 2751
1117 2748
1117 2753
1118 3729
1118 4430
1119 1120
1120 1121
1121 3411
1122 6602
1122 4631
1122 1192
1123 7096
1124 7096
1124 6744
1125 7188
1125 1126
1125 4633
1126 4067
1127 3724
1127 5563
1127 3751
1128 3751
1128 1129
1128 3724
1129 1130
1129 1133
1130 6932
1130 6931
1131 1132
1131 6933
1132 1133
1132 3195
1133 3195
1134 2842
1134 2838
1135 2837
1136 7108
1136 3220
1136 3253
1137 2003
1137 7108
1137 4816
1138 3041
1138 1963
1138 3042
1139 3043
1139 6945
1139 1963
1140 2146
1140 2147
1140 5655
1141 5729
1141 2183
1141 2147
1142 2106
1142 1143
1142 3232
1143 1144
1143 2108
1144 1145
1144 2111
1145 2109
1145 2110
1146 2096
1146 2097
1146 2127
1147 2093
1147 2094
1147 2104
1147 5199
1147 2089
1148 2163
1148 2092
1148 2165
1149 5196
1149 5738
1149 2163
1150 5659
1150 2027
1150 1966
1150 5660
1151 1960
1151 5660
1151 3044
1152 4443
1152 4114
1152 4444
1153 2058
1153 3172
1153 4114
1154 4446
1154 1959
1154 4445
1155 4450
1155 2791
1155 3478
1156 5251
1156 3479
1156 3485
1157 1158
1157 3489
1157 4239
1158 3490
1158 4220
1159 1160
1159 3490
1159 1166
1160 1161
1160 4231
1161 4241
1161 4142
1162 6701
1162 6706
1163 5534
1163 1175
1163 6701
1164 1816
1165 3951
1166 1167
1166 4241
1168 3857
1168 1299
1168 5956
1169 4185
1169 4019
1169 3692
1170 1210
1170 3691
1171 3137
1171 1339
1171 1335
1172 5454
1172 4994
1172 1262
1173 1434
1173 6091
1174 4996
1174 1262
1174 1175
1175 4994
1176 1801
1176 1805
1176 1177
1177 5834
1177 1178
1178 3299
1178 1520
1179 1337
1179 1180
1179 1338
1181 4011
1181 1370
1181 3683
1182 1208
1182 5090
1182 4010
1183 1184
1185 3305
1185 1186
1186 3302
1186 5837
1187 1507
1187 5847
1187 1775
1188 5850
1188 1773
1188 7201
1189 4732
1189 3302
1189 5833
1190 6458
1190 1191
1190 1192
1191 5428
1191 6457
1193 7141
1193 4754
1194 1196
1195 1459
1195 5543
1195 1196
1197 5543
1197 5440
1197 1198
1198 5436
1198 1214
1199 3834
1199 3750
1199 1249
1199 3749
1200 3749
1200 1228
1200 6661
1201 1617
1201 1619
1201 1238
1202 3903
1202 3607
1202 3516
1203 3618
1203 3612
1203 3517
1203 3609
1204 3521
1204 3898
1204 3518
1204 3614
1205 1207
1205 4015
1205 1208
1206 1209
1206 4003
1206 4182
1207 3138
1207 4015
1208 1209
1209 4001
1210 1360
1210 1212
1211 5977
1211 4017
1211 4018
1212 1361
1213 5440
1214 1215
1216 1217
1218 5477
1218 5522
1219 1476
1219 2991
1219 1462
1220 1476
1220 1475
1221 5486
1221 5468
1221 5470
1222 1223
1222 4728
1223 1224
1223 4736
1224 1225
1224 4737
1225 4737
1225 1226
1226 5839
1226 1227
1227 5497
1227 5502
1228 1321
1228 3718
1229 1235
1230 5564
1230 1239
1230 1325
1231 3734
1231 3743
1232 2723
1232 3734
1235 1248
1236 1240
1236 6909
1236 4691
1236 1243
1237 1240
1237 1317
1237 1238
1238 1316
1239 5554
1239 3101
1240 1244
1240 3102
1241 1242
1241 1245
1242 1243
1242 4687
1243 1244
1244 1246
1245 3726
1245 1246
1246 1626
1247 1250
1247 3834
1248 3105
1248 1250
1249 2724
1249 1250
1251 1252
1252 3123
1252 3124
1253 4866
1253 3726
1254 1255
1254 1643
1255 1652
1256 3438
1256 3418
1256 3412
1256 1257
1257 3423
1257 3421
1258 3424
1258 2807
1258 3421
1259 1818
1259 5839
1259 1828
1260 4963
1261 5468
1261 5473
1261 5497
1261 5496
1262 4996
1263 6901
1264 4044
1264 1265
1264 1276
1265 1267
1265 2793
1266 1267
1266 2793
1266 4044
1267 4044
1268 4959
1269 3665
1269 1277
1269 4655
1270 1272
1270 2795
1270 1271
1271 1273
1271 1376
1272 1376
1272 3731
1273 1275
1273 2794
1274 2795
1274 1275
1274 1276
1275 2794
1276 3732
1276 3762
1277 3762
1277 3732
1278 3355
1278 1279
1279 1282
1280 3357
1280 3355
1280 1281
1282 3732
1282 6601
1283 1284
1283 6831
1283 4691
1284 6830
1284 4690
1284 1340
1285 3103
1285 1325
1285 3725
1286 1287
1286 3528
1287 4478
1287 3963
1288 1289
1288 1290
1289 1292
1290 1292
1290 1291
1292 5937
1293 3975
1294 3727
1294 1295
1294 6319
1295 4459
1296 1584
1296 1297
1297 1582
1297 3108
1298 2617
1298 2571
1300 3857
1300 1301
1300 4037
1302 1303
1302 4038
1303 1304
1304 6802
1305 6802
1305 4126
1305 6498
1306 1307
1306 4975
1307 4462
1307 3537
1309 1888
1309 1914
1310 4664
1310 1312
1310 4894
1311 4664
1313 1314
1315 6175
1315 6561
1316 4907
1316 1317
1317 3102
1317 1318
1318 1320
1319 1320
1319 1321
1321 5031
1323 3721
1324 3722
1324 3723
1325 1326
1328 4070
1328 3161
1328 1629
1329 1648
1329 4070
1329 1645
1330 7245
1330 1636
1331 5800
1331 1334
1331 6658
1332 6510
1332 2809
1332 1418
1333 6510
1333 6653
1333 1334
1334 6658
1335 4015
1335 1336
1336 4014
1336 1337
1337 1338
1338 4014
1339 4014
1339 3296
1340 6831
1340 6830
1340 5554
1341 1347
1341 4029
1341 5098
1341 5975
1342 5980
1342 4000
1342 5996
1343 4135
1343 1350
1343 5982
1344 5973
1344 4010
1344 4028
1345 1346
1346 1348
1346 4136
1347 3297
1347 4013
1348 4131
1348 4030
1348 5982
1349 5982
1349 5987
1349 1352
1350 5980
1350 5988
1350 5981
1351 5988
1352 5090
1352 4180
1353 4026
1354 3329
1355 6887
1356 6418
1356 2697
1357 2709
1357 2693
1357 6418
1358 3666
1359 4758
1359 4757
1360 4018
1360 1361
1361 5976
1361 4017
1362 1366
1362 1364
1362 3355
1363 1365
1364 3357
1364 1365
1365 3357
1366 1368
1366 1367
1367 1368
1369 1418
1369 3441
1369 3442
1370 3683
1370 3297
1371 6728
1371 3003
1371 1372
1372 5215
1372 3003
1374 1375
1375 2690
1375 2705
1376 7248
1377 3362
1378 6789
1378 1379
1379 6769
1379 5616
1380 5618
1380 6769
1381 6692
1382 4786
1383 5577
1384 1401
1384 5577
1384 6456
1385 1387
1385 4786
1385 1386
1386 1389
1387 1411
1388 1389
1388 5600
1390 1392
1390 2290
1390 1391
1392 4796
1393 1397
1393 1395
1394 1398
1394 1397
1394 1404
1395 1396
1396 1405
1396 1403
1397 1405
1398 6455
1398 1399
1398 1406
1399 6455
1399 1402
1400 1406
1400 1401
1400 5580
1402 4796
1403 6456
1404 1407
1405 1406
1406 6456
1407 6455
1407 4787
1408 1412
1409 1412
1410 1412
1410 1413
1410 1411
1412 1414
1413 6764
1414 6764
1414 6426
1415 1416
1415 5886
1415 3445
1417 3458
1417 1419
1417 1418
1418 3457
1420 1423
1420 6745
1421 1423
1421 5940
1422 5940
1424 2845
1425 5799
1425 1426
1427 1428
1427 5460
1427 4995
1428 5459
1428 4993
1429 5456
1429 1433
1429 1430
1430 1431
1430 1432
1434 1436
1434 4993
1434 5454
1435 1436
1436 1437
1437 1438
1439 5810
1440 5810
1441 5522
1442 1443
1442 1446
1443 1444
1444 1445
1447 1448
1447 1450
1449 1451
1449 1452
1451 1458
1453 1456
1453 6977
1453 1466
1454 1466
1455 1462
1457 1468
1457 1472
1460 1461
1463 2996
1463 2993
1464 1465
1467 2980
1467 2982
1468 2982
1468 1473
1469 1470
1470 5811
1470 2980
1471 1472
1471 5801
1474 2982
1476 1477
1478 1479
1478 3129
1479 5806
1479 2989
1481 1483
1481 5864
1481 1482
1482 5862
1483 3149
1484 1786
1484 1489
1485 1487
1485 1486
1485 1786
1486 1488
1487 1788
1489 1516
1490 5861
1490 6138
1490 1492
1491 6138
1491 6136
1491 6137
1492 1493
1492 1494
1495 1497
1496 1499
1496 1497
1496 5873
1497 5874
1498 1500
1499 1502
1499 5871
1500 1501
1500 1502
1502 1503
1506 2791
1506 2792
1508 1511
1508 4447
1509 1511
1510 1511
1512 1513
1512 5845
1513 1514
1513 4454
1514 4712
1514 4451
1515 4734
1515 1516
1515 4454
1516 4735
1517 4732
1518 1519
1519 3304
1520 1521
1521 1523
1521 1522
1524 1525
1524 6553
1525 1533
1525 6240
1526 6240
1526 7231
1526 1527
1528 1533
1528 6208
1528 7230
1529 1530
1529 7230
1529 7231
1530 5067
1530 5064
1531 6204
1531 6209
1531 1532
1532 7250
1532 1535
1533 1535
1534 5328
1534 7250
1535 1538
1536 6194
1536 6205
1538 1540
1538 1539
1542 7254
1542 1543
1545 1547
1545 1546
1547 6208
1547 1548
1549 1554
1549 1550
1551 1554
1552 1554
1552 1553
1555 7254
1555 1556
1557 1558
1559 1561
1559 4844
1559 6739
1560 6737
1560 5405
1561 6737
1561 6734
1562 5323
1563 5371
1563 1587
1563 1564
1564 1572
1564 1565
1565 5369
1565 5370
1566 4894
1566 1569
1566 1568
1567 1568
1567 5170
1569 1572
1569 1570
1571 1572
1573 1575
1573 1580
1574 1579
1574 1577
1574 6467
1575 6467
1575 1579
1576 1577
1576 6470
1576 6469
1577 1578
1578 1579
1578 6468
1580 1581
1580 4525
1582 3107
1582 3109
1584 1585
1586 1591
1587 1588
1587 5958
1588 1590
1588 1589
1589 1591
1589 1590
1590 1595
1591 1592
1593 5410
1593 1595
1594 1595
1596 5568
1596 1597
1597 1604
1597 2725
1598 1601
1599 1600
1601 1602
1602 1603
1603 1842
1604 1605
1604 1607
1606 1608
1607 1608
1608 1609
1611 1613
1612 1613
1615 4906
1615 3822
1616 1644
1617 4906
1617 1618
1618 1624
1618 1619
1619 1620
1620 1626
1620 1623
1621 1623
1622 1624
1623 1624
1624 1625
1626 1627
1628 3726
1629 1630
1631 1632
1632 1635
1632 1633
1633 1634
1635 1641
1636 1637
1638 1639
1638 1640
1640 1642
1640 1641
1643 3203
1644 4870
1644 1646
1645 4870
1645 4877
1647 4871
1648 4878
1648 4871
1649 4868
1649 4069
1650 4868
1650 1650
1651 1652
1651 4867
1653 1654
1655 2467
1655 1659
1655 1712
1656 2467
1656 1657
1656 1699
1657 1733
1657 2481
1658 1748
1658 6855
1658 6133
1659 1660
1659 2440
1660 1749
1660 1742
1661 2434
1661 2414
1661 6849
1661 6817
1662 1665
1662 2408
1662 1767
1663 1767
1664 1665
1665 1768
1666 2416
1666 1768
1666 1667
1668 4782
1669 3829
1669 6398
1669 6514
1670 5271
1671 6511
1671 3829
1671 3826
1672 3831
1672 3270
1672 3826
1673 3827
1673 3267
1673 3271
1674 4776
1674 5271
1674 6518
1674 5270
1675 3265
1675 3264
1675 6511
1676 3264
1676 3267
1676 3262
1677 1681
1678 1681
1679 1680
1680 1681
1680 1682
1682 4746
1683 1685
1683 4263
1683 4271
1684 4262
1684 2491
1684 4272
1685 2353
1685 6876
1686 6876
1686 1692
1686 4261
1687 2526
1687 2348
1687 2347
1687 2351
1688 2357
1688 1690
1688 1713
1689 2352
1689 1714
1689 1715
1690 2351
1690 2526
1691 1694
1692 2458
1692 7204
1693 1697
1693 1698
1693 1694
1694 1695
1695 1700
1695 2472
1696 1697
1697 1701
1698 2458
1698 7207
1700 1701
1700 1707
1701 1702
1703 1705
1704 1742
1704 1705
1704 1712
1705 1709
1706 1710
1707 1710
1707 4250
1708 1709
1709 1710
1711 1712
1713 1731
1713 2524
1714 1715
1714 1717
1715 2306
1716 1717
1717 1718
1718 2354
1718 1720
1719 1721
1721 1722
1721 2450
1722 4255
1722 2449
1723 1728
1723 1730
1723 1724
1724 1725
1724 1726
1725 4253
1725 2449
1726 2525
1726 1727
1727 1730
1727 1731
1729 1730
1731 2308
1732 1736
1732 1733
1732 1734
1733 2510
1734 1738
1734 5723
1735 2464
1735 1736
1735 2469
1736 2328
1737 1738
1738 2308
1739 1742
1739 2421
1739 2410
1740 1741
1741 6851
1741 6853
1743 1752
1744 6850
1744 1749
1744 6851
1745 1757
1746 1747
1747 6133
1747 1755
1748 1764
1748 1759
1749 1752
1750 1751
1751 1753
1751 1752
1754 1765
1756 1756
1756 6850
1757 1758
1757 6856
1758 1763
1758 1759
1759 1760
1761 1762
1761 1764
1762 1763
1763 6895
1764 1765
1765 2434
1766 1768
1767 2412
1769 1771
1770 2462
1770 2401
1770 2326
1771 6815
1771 6916
1773 5847
1773 5848
1774 1775
1775 5837
1776 5833
1776 1777
1776 5831
1777 1778
1777 4730
1778 1794
1778 1779
1780 1782
1781 1783
1782 1783
1782 1794
1783 1784
1786 1787
1789 1790
1789 1802
1791 1792
1791 1815
1791 6063
1792 5909
1793 1796
1793 4730
1793 1807
1794 1798
1795 1796
1796 1819
1797 1819
1799 1820
1800 1825
1802 1803
1802 5834
1803 1816
1803 1814
1804 1808
1804 1805
1805 1806
1807 1808
1807 1810
1808 1809
1810 1821
1810 1811
1812 1817
1813 1818
1815 1816
1817 1818
1819 1821
1820 5828
1820 1821
1822 1828
1823 5551
1823 1827
1823 1826
1824 1827
1825 1826
1825 5830
1826 4722
1827 5549
1828 5551
1829 4720
1829 1830
1831 1832
1831 4357
1832 1836
1832 1833
1833 1836
1833 1835
1834 1835
1834 1837
1834 1836
1835 1838
1837 1838
1838 1839
1839 1840
1841 1842
1842 3459
1845 6451
1846 1852
1846 6793
1847 3473
1847 1848
1847 3475
1848 3469
1848 2734
1849 1852
1850 1853
1851 1856
1851 5825
1851 3470
1852 1853
1853 1854
1854 5825
1854 1855
1857 5812
1858 1867
1858 1859
1859 1866
1859 6813
1860 1861
1861 1877
1861 1862
1863 2406
1863 2388
1863 1864
1865 1871
1866 1867
1866 1869
1867 6922
1868 1877
1868 6813
1868 5179
1869 1870
1869 5179
1870 1874
1871 2402
1872 1873
1872 1874
1873 6918
1873 1875
1874 1885
1875 2402
1876 1889
1877 5187
1878 2413
1878 1880
1878 5187
1879 5180
1879 1885
1879 5182
1880 2433
1880 2437
1881 1882
1882 1883
1882 1884
1884 1899
1884 2419
1885 1888
1886 1888
1886 1889
1886 6918
1887 1890
1890 1892
1890 1893
1890 1891
1891 1896
1893 1894
1893 5337
1893 1906
1894 1906
1895 2419
1895 2433
1895 2407
1896 1898
1897 1898
1898 1899
1899 1903
1900 1902
1900 1915
1903 1904
1903 2423
1905 2397
1905 6500
1906 1915
1907 4047
1908 1922
1908 4048
1908 3159
1909 4047
1909 1912
1910 1911
1911 1912
1911 1922
1912 1913
1914 1917
1914 1919
1915 1919
1916 1920
1918 1920
1919 1921
1920 1921
1921 1922
1923 1946
1923 1925
1923 1945
1924 1928
1924 2787
1924 1925
1925 1927
1926 1927
1926 5806
1926 1928
1927 1947
1929 7292
1929 5713
1929 1930
1930 3717
1930 4139
1931 5707
1931 1932
1931 1937
1932 1935
1932 3256
1933 1942
1933 1941
1933 3254
1934 1935
1935 1936
1937 1938
1937 4815
1939 1939
1939 5593
1940 1943
1940 1941
1940 3681
1941 3679
1943 1944
1943 3680
1945 7218
1945 7217
1948 1952
1949 1950
1949 1952
1949 1954
1950 1951
1952 5805
1955 1956
1956 5784
1956 2980
1957 1957
1957 1958
1958 1960
1958 1961
1959 2063
1959 4445
1960 4442
1960 4446
1962 1963
1964 5595
1964 2022
1964 1965
1965 2032
1965 3256
1966 5595
1966 5594
1967 1968
1967 3084
1967 7111
1968 3771
1969 1982
1970 2004
1970 1982
1970 3252
1971 1973
1971 1972
1971 1984
1973 1974
1973 1984
1975 1987
1976 1981
1977 1979
1978 1984
1979 1980
1979 1981
1980 2005
1980 1985
1981 1982
1983 1985
1983 1989
1983 1986
1984 1985
1986 1987
1986 7037
1987 3249
1988 2008
1989 1999
1989 2001
1990 1991
1991 2008
1991 2000
1992 1993
1993 3765
1993 1998
1994 1995
1994 3764
1995 1998
1995 3765
1996 1997
1997 2001
1997 1998
2001 4744
2002 2013
2003 3042
2003 3252
2005 2008
2005 2006
2006 2007
2006 3251
2007 6428
2007 3250
2009 2010
2009 5592
2009 3250
2010 5589
2010 3220
2011 5592
2011 4969
2011 4967
2012 4744
2012 2013
2012 2016
2013 3247
2014 2015
2014 2016
2014 4968
2015 4971
2015 6428
2016 3247
2017 4971
2017 4969
2017 4973
2018 5678
2019 2021
2020 2021
2021 2026
2021 2023
2023 2027
2023 2024
2024 2025
2025 5668
2025 5669
2025 5670
2027 2028
2029 5706
2030 2031
2030 5676
2030 3233
2031 2032
2031 2033
2032 5934
2034 2035
2035 2039
2035 5688
2036 5688
2036 2037
2037 3048
2037 2054
2038 4811
2038 3048
2038 3053
2040 2042
2041 2056
2042 2044
2042 2047
2043 2049
2044 6710
2044 2050
2045 2047
2045 2046
2045 2056
2047 2049
2048 2049
2051 3053
2051 2052
2051 4811
2052 3059
2052 2053
2053 2057
2053 3050
2054 2066
2054 2055
2055 5699
2055 5675
2056 2057
2056 3238
2057 3174
2058 2061
2058 2059
2060 2063
2062 2064
2062 4119
2062 5667
2063 2064
2064 4118
2065 5667
2066 2067
2066 5696
2067 2074
2067 2068
2069 2077
2070 2083
2071 2075
2072 2076
2073 2078
2074 2075
2074 5656
2075 2078
2076 2078
2076 2077
2076 2079
2077 2085
2079 2080
2079 2082
2081 2087
2083 2085
2083 2084
2084 2086
2084 3173
2085 2087
2086 3173
2086 7105
2087 2088
2089 2096
2089 2090
2090 2091
2090 2097
2092 2109
2092 5199
2095 2109
2096 2126
2097 2098
2098 2099
2098 5725
2100 2101
2100 2129
2100 2130
2101 2102
2101 2105
2103 2105
2103 5726
2103 5725
2105 3231
2106 3231
2106 2124
2107 2121
2110 2167
2110 2112
2112 2116
2112 2117
2113 2119
2114 2116
2115 2116
2117 2118
2117 2121
2118 2119
2118 2120
2119 2123
2120 2125
2120 2123
2121 2125
2122 2123
2124 2182
2124 2125
2128 2129
2129 5728
2131 2132
2132 2133
2132 2134
2133 2140
2133 2135
2135 2137
2135 2144
2136 2145
2136 2166
2136 2144
2138 2146
2139 2165
2139 2216
2139 2140
2140 2141
2141 2142
2142 2145
2143 2144
2143 2145
2143 2146
2147 2230
2148 2151
2149 2156
2149 2153
2149 3062
2150 2151
2150 5735
2150 2289
2151 4355
2152 6086
2152 5736
2152 2153
2153 6761
2154 2155
2154 5741
2154 2205
2155 2256
2155 2260
2156 2157
2156 2158
2157 3057
2157 2162
2158 2160
2158 2159
2159 6761
2159 4819
2160 2163
2160 2161
2163 5739
2164 5197
2164 5196
2164 2165
2168 2170
2168 2177
2168 2169
2169 2188
2169 2185
2171 2200
2171 4573
2171 2173
2172 2174
2173 2174
2173 2201
2174 2180
2175 2189
2175 2177
2175 2194
2176 2195
2177 2195
2178 2179
2178 2202
2178 2180
2180 7038
2181 2184
2181 2182
2181 2197
2181 2185
2182 2183
2183 2192
2184 2186
2184 2196
2185 2186
2185 2187
2186 2191
2187 2188
2187 2191
2188 2189
2189 2190
2190 2191
2190 2194
2193 2230
2194 2195
2195 2202
2196 2199
2196 2203
2198 2230
2200 2201
2200 3225
2201 2203
2202 2203
2204 7276
2204 2206
2204 2205
2205 5684
2206 2209
2207 2210
2207 2212
2207 2208
2209 2213
2209 2212
2210 2211
2211 6060
2212 5679
2214 2215
2214 5682
2214 5737
2215 2219
2216 2221
2216 2217
2218 2219
2218 2226
2218 2220
2219 5197
2220 2221
2220 2229
2221 2229
2222 3060
2222 5684
2223 2224
2224 2225
2224 2226
2226 5050
2227 2228
2227 5696
2227 5050
2228 2229
2228 5050
2231 2246
2231 4826
2232 2245
2232 2233
2233 2239
2233 2235
2233 2246
2234 2236
2234 6759
2234 3010
2236 2238
2236 2237
2237 2241
2237 3079
2238 2244
2238 3014
2239 2245
2239 3014
2240 6759
2240 2243
2240 3075
2241 2242
2241 3079
2242 2243
2242 3082
2243 2267
2244 2245
2244 3077
2245 3009
2247 2254
2248 2249
2249 2254
2249 2251
2250 2252
2251 2257
2251 2256
2252 2253
2252 4817
2253 6085
2253 4818
2254 2255
2256 4817
2258 2261
2259 2260
2259 4835
2259 2262
2260 2261
2261 5681
2261 4835
2263 2265
2264 2266
2265 2266
2265 2269
2266 3074
2267 2269
2267 3257
2268 2630
2268 2269
2268 2275
2268 3068
2270 2272
2270 2271
2270 3813
2272 2273
2272 3815
2273 2275
2273 3815
2274 2276
2274 2275
2274 2624
2277 2281
2278 2280
2279 2280
2280 2281
2281 2283
2282 3006
2282 2285
2282 3069
2283 3812
2283 3064
2284 3064
2284 2285
2284 7281
2285 2287
2286 6938
2287 6937
2287 2288
2288 4356
2288 5760
2289 3240
2289 5757
2291 4925
2292 6964
2293 6963
2293 2302
2293 6960
2294 4305
2294 2302
2294 4435
2295 2296
2295 3308
2295 4433
2296 2297
2296 4425
2297 4251
2297 7092
2298 2301
2298 3801
2298 4251
2299 3796
2299 3799
2299 7095
2300 3799
2300 3801
2300 2648
2300 3797
2302 6961
2302 6960
2303 3696
2303 3695
2303 3698
2304 2390
2304 2336
2304 3159
2305 3405
2307 4349
2308 2328
2309 2482
2309 6858
2309 6857
2310 2455
2310 6858
2310 6781
2311 4981
2311 2314
2312 4983
2312 2337
2312 2313
2313 4982
2314 4982
2314 4981
2315 2515
2315 2345
2315 4566
2316 2478
2316 2343
2317 4535
2317 4556
2317 2500
2318 6094
2318 4577
2318 4574
2318 4579
2319 2333
2319 2321
2319 2341
2320 2505
2320 2495
2320 4579
2321 2329
2321 2399
2322 2334
2322 6130
2322 2332
2323 2355
2323 2506
2323 4440
2324 6756
2324 2335
2324 2507
2325 6858
2325 2460
2325 2339
2326 2328
2326 2330
2327 2342
2327 6926
2327 7220
2329 2332
2329 2336
2330 2341
2331 3879
2331 2336
2331 2383
2332 6131
2333 4984
2334 6128
2334 6129
2335 3962
2335 2501
2337 4983
2338 4440
2338 2524
2338 5733
2340 2493
2340 6092
2340 2530
2342 4574
2342 5701
2344 2357
2345 7206
2345 2517
2346 2355
2347 2353
2347 2526
2348 4256
2348 2349
2350 2354
2350 4254
2350 2359
2351 2359
2352 2359
2352 2357
2353 4256
2354 2450
2355 7206
2356 4254
2358 2449
2358 4255
2358 4253
2360 5004
2361 7268
2362 5164
2362 7020
2362 7022
2363 5379
2363 5377
2363 5345
2364 5889
2364 5888
2364 7029
2365 3089
2365 3092
2366 3663
2366 2709
2367 3461
2368 3461
2368 3459
2368 3460
2369 3294
2369 3296
2369 4024
2370 4024
2370 6638
2370 7080
2371 2381
2371 2384
2371 2377
2372 2405
2373 2377
2374 3893
2374 4318
2375 2399
2375 2387
2375 2381
2376 2402
2376 6506
2376 2393
2378 2405
2378 6978
2378 2404
2379 2404
2380 2398
2381 2391
2382 2403
2382 2393
2382 6507
2383 3873
2383 2395
2385 2401
2386 2570
2386 2607
2386 2395
2388 2406
2389 6978
2390 2605
2390 3895
2392 6849
2392 2400
2392 6859
2394 2404
2395 4063
2396 6126
2396 2405
2396 4082
2397 6503
2398 2399
2400 2475
2400 2484
2401 2460
2405 2430
2408 2431
2408 2411
2409 2432
2409 2444
2409 5812
2412 2439
2412 2446
2414 2431
2414 2428
2415 6897
2416 2427
2416 2424
2417 2433
2418 6864
2419 2447
2420 2445
2422 2425
2422 2446
2422 2435
2423 5330
2423 2436
2426 5330
2426 2445
2426 5338
2427 6815
2427 2443
2429 6859
2431 2448
2434 2442
2438 2445
2441 2446
2444 6126
2450 2465
2451 2462
2451 2479
2451 2454
2452 2462
2453 2475
2455 6874
2455 2463
2456 2483
2456 2474
2456 2478
2457 2479
2458 2489
2459 4267
2459 2473
2459 4264
2460 2486
2461 2487
2463 2478
2463 6873
2464 2479
2464 2477
2466 2468
2467 2481
2468 4984
2471 2481
2473 4274
2473 4260
2475 2487
2476 2480
2484 6857
2484 6868
2485 4290
2485 4284
2485 4289
2490 4269
2490 4267
2490 4277
2491 4274
2491 4283
2492 2527
2492 4535
2492 2505
2493 2498
2493 2523
2494 2508
2494 2521
2494 2504
2495 2531
2495 2497
2496 2522
2497 2532
2497 4543
2497 2528
2498 2528
2498 4566
2499 2502
2499 4287
2499 5731
2500 3962
2500 2511
2501 6824
2501 2507
2502 4292
2502 4279
2503 2510
2505 2529
2506 4265
2506 4252
2507 3911
2508 2516
2508 2512
2509 2518
2509 2521
2509 4265
2510 4253
2512 4301
2512 4308
2513 2524
2514 2525
2515 2522
2515 2517
2517 2519
2520 2528
2521 7209
2522 6092
2525 5723
2533 5731
2533 5733
2533 7212
2534 2568
2534 3885
2535 2581
2535 2547
2535 2583
2536 2604
2536 3894
2537 2586
2537 2601
2537 2584
2538 2554
2538 2581
2538 2587
2539 3869
2539 2588
2540 2610
2541 2595
2542 2562
2543 2559
2544 3906
2544 2598
2544 2545
2545 2610
2545 2603
2546 2587
2548 2612
2548 2580
2548 2613
2549 2582
2550 2572
2551 2565
2551 2562
2551 2553
2552 2604
2554 3754
2554 3753
2555 4065
2555 2561
2556 2569
2556 3866
2556 2558
2557 2595
2557 3887
2557 3886
2558 3884
2558 2599
2559 2614
2559 2600
2560 2596
2561 3890
2562 3954
2563 2572
2564 2610
2564 2597
2564 2609
2565 3956
2565 2578
2566 2593
2567 2607
2567 2573
2567 2584
2571 2582
2571 4065
2571 2606
2572 3952
2573 2581
2573 2590
2574 2611
2575 6459
2575 2603
2575 2593
2576 3913
2576 2596
2576 3908
2577 2615
2578 2579
2578 3955
2582 2611
2584 3870
2585 2598
2587 3753
2589 2589
2589 2605
2591 2596
2591 3910
2591 2611
2592 3910
2592 3922
2592 3926
2594 3870
2597 3905
2597 4061
2599 3881
2599 2606
2600 2603
2601 3755
2601 3874
2601 3873
2602 3906
2605 2607
2606 3881
2608 3928
2608 6741
2608 3925
2612 3954
2612 3952
2616 3925
2616 3922
2616 3921
2618 2629
2618 2619
2618 2634
2619 2637
2619 2630
2620 2637
2620 2629
2620 2640
2621 2634
2621 6090
2621 3029
2621 5744
2622 2629
2623 2639
2624 3812
2624 2631
2625 2639
2626 2641
2626 3063
2626 2635
2626 2640
2627 4580
2627 2632
2627 6937
2628 5748
2628 4580
2628 3039
2630 2634
2632 2636
2632 2637
2633 3039
2635 5744
2635 7285
2638 2640
2639 3032
2639 5748
2642 2643
2642 2647
2642 4379
2643 3796
2643 3793
2644 2645
2644 2647
2645 4404
2646 3766
2646 3792
2646 3793
2647 4404
2648 4404
2648 3799
2649 3730
2649 4428
2649 3729
2650 3728
2650 5081
2651 4950
2651 2660
2651 2652
2652 4942
2652 2661
2653 2654
2654 2657
2654 2656
2655 6421
2655 4953
2656 5574
2659 2665
2659 6899
2661 2663
2662 5047
2662 2664
2663 2666
2663 5576
2663 2664
2664 6777
2665 2666
2666 2667
2666 6899
2667 5045
2667 5046
2669 2670
2671 6021
2671 4337
2671 2672
2672 4342
2672 4337
2673 2674
2674 2675
2676 6595
2676 2677
2676 4955
2677 6593
2678 2685
2678 3326
2678 3200
2679 5039
2679 3320
2679 3318
2680 2681
2681 6827
2681 2693
2682 2714
2683 5258
2683 4943
2684 3157
2685 3321
2685 5039
2686 2692
2686 4761
2687 6120
2687 6118
2689 2702
2689 2690
2689 2700
2691 2702
2691 2704
2691 2708
2692 2697
2692 4761
2692 2701
2693 2695
2694 2696
2695 2709
2695 3160
2697 2698
2698 6120
2699 2703
2700 4039
2700 4042
2701 6118
2701 2706
2702 4042
2704 4040
2705 4039
2705 4413
2707 6079
2708 2712
2710 4761
2711 6083
2711 6081
2712 6074
2712 6378
2713 2714
2715 4684
2715 4956
2716 2718
2716 4684
2717 4954
2717 6586
2718 4683
2718 2720
2719 6589
2720 3400
2720 6589
2721 4534
2721 3746
2722 2723
2723 4534
2724 2725
2724 3105
2725 5031
2726 5175
2727 5789
2728 7082
2728 4805
2729 5173
2729 7084
2730 7083
2730 2731
2730 7082
2731 7084
2731 5174
2732 5202
2732 5043
2733 5043
2734 2735
2734 3471
2735 4532
2735 3474
2736 3605
2737 2741
2738 2742
2739 2740
2739 3779
2741 2742
2742 2743
2743 2745
2744 2746
2745 2750
2745 3782
2746 3782
2746 2751
2747 2749
2747 5786
2748 5048
2751 2754
2752 2754
2753 6066
2754 4366
2755 5098
2756 4137
2756 4422
2756 7287
2757 7128
2758 2759
2760 2761
2760 2762
2762 5648
2763 2769
2763 2766
2764 2768
2765 2767
2766 2767
2766 5649
2767 2768
2768 2769
2769 7130
2770 5651
2771 2772
2771 7130
2772 7130
2772 7200
2773 2774
2773 3126
2775 2778
2776 2779
2777 2779
2777 2778
2778 2785
2779 2782
2780 2781
2780 5870
2781 2782
2781 2786
2782 2785
2783 2786
2785 5881
2786 2789
2786 2792
2787 2790
2787 2788
2788 5878
2791 5950
2792 2998
2793 3665
2794 2795
2796 4880
2796 4883
2797 2798
2800 2804
2801 2802
2802 2807
2802 2805
2803 3418
2803 2804
2804 2806
2805 3420
2805 3415
2808 3450
2808 3453
2809 3453
2809 5798
2810 6900
2810 6915
2811 6659
2811 5798
2811 3456
2812 2814
2813 6659
2813 3454
2813 6643
2815 6647
2815 5800
2815 6658
2816 5966
2817 2819
2819 5965
2821 5799
2822 2824
2823 2825
2824 2825
2825 2826
2826 4475
2826 2828
2827 2829
2828 2831
2828 2830
2829 2833
2829 2831
2831 2840
2832 2843
2834 2845
2835 2840
2836 2837
2837 2838
2838 2841
2839 2840
2840 4707
2841 2842
2841 2844
2842 2846
2843 2845
2846 5942
2846 4707
2847 6980
2847 6766
2847 2848
2848 2865
2848 5070
2849 2850
2849 2859
2849 2879
2850 2873
2851 2852
2851 2882
2851 2875
2852 5638
2852 2879
2853 2907
2854 4900
2854 2891
2855 2857
2856 6980
2856 5070
2857 2858
2858 7076
2859 2867
2860 2864
2861 5158
2861 2865
2861 7065
2862 2869
2862 2866
2862 2863
2863 2864
2863 7076
2864 2867
2865 5607
2866 2871
2866 6766
2867 2869
2869 2873
2870 2876
2870 5607
2870 5609
2871 2876
2871 2877
2872 2877
2873 2874
2875 5623
2875 2878
2876 2881
2877 5610
2879 3773
2880 2881
2880 6768
2882 2884
2883 2886
2885 6087
2885 2885
2886 6087
2887 2889
2887 7288
2888 5178
2888 7074
2890 2893
2892 2893
2892 2895
2892 7074
2893 2894
2895 2896
2895 7073
2896 2898
2896 5640
2897 2898
2898 7061
2899 2900
2900 2903
2900 2905
2901 5642
2901 7061
2901 2902
2903 5644
2903 5642
2907 2908
2908 2909
2911 2914
2911 2913
2912 2914
2912 2913
2912 4414
2913 2915
2914 5636
2915 7088
2915 2916
2916 2917
2916 2918
2917 4414
2918 4421
2918 4418
2919 5644
2920 5206
2920 2932
2920 2922
2921 2922
2921 5074
2922 2923
2923 2925
2923 2926
2924 2925
2925 6143
2926 6140
2926 5206
2927 2929
2927 6140
2927 5205
2927 5876
2928 2937
2928 2930
2928 5205
2929 2930
2929 5204
2930 5826
2932 7274
2932 7232
2933 2958
2933 2934
2934 4912
2935 3784
2935 7040
2935 2965
2936 2975
2936 2938
2936 2965
2937 2973
2937 2939
2938 2941
2938 2939
2939 2943
2940 4377
2940 2941
2940 2942
2941 2943
2943 7199
2944 2945
2944 4376
2944 4383
2945 4388
2945 2946
2946 4396
2946 4390
2947 4361
2947 2948
2948 2957
2948 2954
2949 3493
2949 2952
2949 2953
2950 2955
2951 2952
2952 2953
2953 2954
2954 2956
2955 2956
2955 3495
2956 2960
2957 2967
2957 5876
2958 2962
2958 2964
2959 2961
2960 2961
2960 3494
2961 2963
2965 7043
2967 2971
2967 2969
2968 2973
2969 2978
2969 2979
2969 3497
2970 2972
2972 2973
2972 2974
2975 2976
2975 2977
2981 2983
2984 2987
2985 2987
2986 2988
2988 2990
2988 2991
2994 2996
2996 6820
2997 2999
2997 5887
2998 3000
2998 5881
2999 3001
2999 4227
3000 3001
3000 5948
3001 4223
3002 7258
3002 4217
3002 7257
3003 5201
3004 5774
3004 3815
3004 3005
3006 7278
3006 6084
3007 3008
3007 7278
3007 3076
3008 5774
3008 3009
3009 4571
3010 3012
3010 3011
3011 3013
3011 3818
3014 3015
3016 3017
3017 3818
3017 3018
3018 5783
3018 3020
3019 3024
3021 5783
3021 5212
3022 3027
3024 3027
3025 5780
3026 5779
3026 7293
3027 5220
3028 3029
3029 7285
3030 3034
3030 7283
3030 3811
3031 3032
3032 3033
3034 3063
3034 3035
3035 3036
3035 5750
3036 3037
3036 3038
3039 5750
3040 3041
3041 7106
3042 3047
3043 3045
3043 3044
3044 3046
3048 3053
3049 3050
3050 3051
3052 4831
3054 3057
3055 3056
3056 3057
3056 3058
3061 3062
3062 4833
3063 5746
3064 3065
3065 3066
3065 3067
3068 5767
3068 5766
3070 3071
3070 3073
3070 5770
3071 5766
3071 4821
3072 5769
3072 5770
3072 5226
3075 5772
3075 4825
3076 3078
3076 3081
3079 3080
3083 7109
3083 3255
3084 7111
3084 6429
3085 3088
3086 4689
3086 6898
3086 3097
3087 3093
3087 3098
3087 6898
3088 3091
3088 3089
3090 5553
3090 3090
3091 3092
3092 3094
3093 3098
3093 3099
3094 3096
3094 5553
3095 3099
3097 3100
3098 3100
3099 3101
3100 4691
3101 5554
3101 6831
3102 4690
3103 5559
3103 5562
3104 3105
3106 3107
3109 3111
3109 6785
3110 5367
3110 3114
3110 3112
3111 3113
3111 3116
3112 3118
3112 5366
3113 3117
3114 3118
3114 3120
3115 5368
3115 3119
3115 3121
3118 3122
3119 5409
3125 3127
3125 4710
3126 3127
3126 3130
3128 3129
3129 4528
3131 6515
3132 3133
3132 5042
3133 5041
3134 4178
3134 7005
3134 3999
3135 6547
3135 3298
3136 6122
3137 6033
3137 3139
3138 4182
3138 4002
3140 6006
3140 4002
3140 4182
3141 5447
3142 6042
3143 3145
3144 3145
3144 4045
3145 3146
3145 3982
3146 3147
3147 3148
3149 6700
3150 4464
3151 6981
3151 6048
3151 6045
3152 6004
3152 6051
3153 5503
3153 6981
3154 5461
3154 5463
3155 3335
3155 3156
3156 3156
3157 5278
3157 5277
3158 6406
3158 5278
3162 5697
3162 5678
3162 3174
3163 5665
3163 5663
3163 5678
3164 3165
3164 5016
3164 5891
3165 3182
3165 3166
3166 4140
3166 5898
3166 5900
3167 5721
3167 5901
3167 3168
3167 5896
3168 5901
3168 3170
3169 3171
3169 3170
3171 5890
3172 6945
3172 7105
3173 5655
3174 6751
3175 5697
3176 5697
3176 4122
3176 5671
3177 3187
3177 3178
3177 5010
3178 5970
3178 5013
3179 3191
3179 3183
3179 5012
3180 3185
3180 3188
3180 3192
3181 3184
3181 3185
3181 5026
3182 5716
3182 5970
3183 3186
3183 7090
3183 5012
3184 3194
3184 4205
3185 5019
3186 3187
3186 7090
3187 5012
3187 5011
3188 3191
3188 5007
3189 3192
3189 3190
3189 4141
3190 3191
3190 4141
3190 5012
3190 3192
3193 7293
3193 3194
3194 4204
3195 7062
3195 6930
3196 3197
3196 6929
3197 3198
3197 4137
3199 3525
3199 3597
3199 6479
3200 3336
3200 3201
3201 3337
3201 3335
3202 5213
3204 4869
3204 4877
3205 4869
3205 3209
3205 3208
3206 3209
3207 3209
3208 3208
3210 3211
3210 3215
3211 3212
3211 3752
3213 3214
3214 3215
3216 3218
3216 3217
3216 6438
3216 6440
3217 3219
3217 6446
3218 3752
3218 3219
3219 6444
3219 6832
3220 7109
3221 7104
3222 6951
3222 3227
3222 7102
3223 3224
3224 3225
3224 3227
3225 3226
3227 7102
3228 4573
3228 3229
3228 5727
3229 3230
3229 4829
3230 3231
3230 6052
3234 3236
3235 3236
3236 3237
3237 5698
3238 3239
3238 6775
3240 3242
3240 5753
3241 3242
3242 3243
3244 5008
3244 6715
3245 5752
3245 6719
3245 6943
3246 5752
3246 5964
3246 4812
3247 3248
3250 7108
3252 6727
3253 3254
3253 5590
3254 3256
3257 5774
3257 3258
3259 5264
3259 5267
3259 5269
3260 3261
3261 5265
3261 3263
3262 6400
3264 3268
3265 3270
3265 3269
3266 5275
3267 3268
3268 3271
3269 3825
3269 3270
3271 3828
3271 6511
3272 5137
3272 5138
3272 5140
3273 3280
3273 3274
3273 6111
3274 3278
3274 5289
3275 5289
3275 3280
3275 3276
3276 5137
3276 5291
3277 5288
3277 5293
3278 5143
3278 5142
3278 5145
3278 5144
3279 3281
3279 5283
3279 5284
3280 5141
3281 3282
3281 5153
3282 5153
3282 4779
3283 3284
3283 6670
3284 3285
3286 3289
3286 5399
3287 7265
3288 5363
3288 3292
3289 3291
3289 5969
3290 6544
3290 7268
3290 7263
3291 5363
3291 6638
3292 6639
3293 3294
3294 3295
3296 6022
3297 3686
3297 5975
3298 3685
3300 3302
3301 3303
3301 7216
3303 4712
3303 3306
3307 4203
3307 3308
3307 4214
3308 7093
3309 4151
3309 5213
3309 4150
3310 4150
3311 4151
3312 3313
3314 3324
3314 4155
3315 3320
3315 5084
3315 3316
3316 4157
3317 3323
3318 3319
3318 5257
3319 3321
3319 3322
3321 3322
3322 4943
3324 4157
3324 4155
3325 4529
3325 5040
3325 3326
3326 3330
3327 3329
3327 3338
3327 3336
3328 3329
3328 3340
3328 3337
3330 4530
3330 3335
3331 4530
3331 3332
3333 4147
3334 3336
3335 4943
3337 3339
3341 3344
3341 3342
3341 5156
3342 3345
3342 5154
3343 6696
3343 3344
3344 3345
3346 6696
3347 5601
3347 6696
3348 5601
3348 6746
3348 6695
3349 3351
3349 3350
3350 3352
3353 3354
3356 5308
3358 4163
3359 4164
3360 6165
3360 4163
3361 6365
3361 6364
3362 3363
3362 3364
3363 7248
3363 3364
3364 7246
3365 6365
3366 3367
3366 3373
3367 3368
3367 3371
3368 3369
3368 3372
3369 3374
3370 3371
3371 3375
3371 3372
3372 3375
3375 3376
3377 3378
3378 3379
3378 3382
3379 3380
3379 3382
3380 3404
3380 4605
3381 6574
3381 5219
3382 3404
3383 3392
3383 3394
3383 3384
3385 3386
3386 3387
3389 3390
3391 3393
3392 5218
3392 3393
3393 3395
3394 3395
3395 3396
3397 3398
3397 4161
3398 3398
3399 4162
3400 4343
3401 3402
3401 4610
3403 4582
3403 4610
3406 3407
3407 3408
3408 6590
3409 5217
3409 5305
3409 6076
3410 4752
3410 4592
3412 3413
3415 3417
3418 3419
3421 3422
3424 3425
3424 5886
3426 4089
3427 4090
3428 3430
3429 3432
3430 3431
3431 3432
3432 3433
3433 3434
3433 3437
3435 3437
3436 3438
3437 3439
3438 3439
3439 3440
3444 3446
3445 3447
3445 3448
3448 3449
3448 6435
3451 3453
3454 3455
3458 6431
3459 3462
3461 3463
3464 3465
3464 3466
3468 3469
3470 3475
3470 3472
3475 6793
3476 3479
3476 4450
3476 3478
3477 3481
3478 3481
3479 3480
3480 3482
3480 5250
3481 5250
3482 3483
3482 3484
3486 5249
3487 3488
3487 5251
3487 4220
3488 6779
3488 3489
3489 6780
3490 3491
3492 5942
3493 5942
3493 7121
3495 3496
3495 5877
3496 3500
3496 7122
3497 3498
3497 3500
3499 3500
3501 3503
3501 3502
3501 4914
3502 3502
3503 3506
3503 3505
3504 3505
3505 3507
3506 6565
3506 4910
3507 4910
3507 6058
3508 3510
3508 6565
3508 4910
3509 6058
3510 3512
3510 3511
3512 3513
3515 3527
3515 3903
3515 3526
3516 3610
3517 3520
3517 3613
3517 3606
3518 3621
3518 3519
3519 3522
3519 3898
3520 3619
3520 3618
3520 3523
3521 3621
3521 3620
3521 4215
3522 3524
3522 3899
3523 3622
3524 3624
3524 3900
3525 3981
3525 3593
3528 3529
3528 4487
3529 4477
3529 3965
3530 3532
3531 3534
3531 3535
3536 3537
3537 4464
3538 3846
3538 3540
3538 3542
3539 3540
3539 3541
3539 6069
3540 3542
3541 6069
3541 3543
3542 3544
3543 3544
3543 3547
3544 3545
3545 3546
3546 3548
3546 3547
3547 3550
3548 3551
3548 3639
3549 3637
3550 3553
3550 3552
3551 3552
3551 3555
3552 3555
3553 3637
3553 3554
3555 3641
3555 7055
3556 3560
3556 3562
3556 3557
3557 3558
3557 3559
3558 3561
3558 3565
3559 3564
3559 3560
3559 3561
3560 3563
3560 3562
3561 3565
3562 3572
3562 3566
3563 3568
3563 3564
3563 3566
3564 3569
3565 3580
3565 3567
3566 3989
3566 3570
3567 3573
3567 3579
3568 3989
3568 3569
3569 3571
3570 3572
3570 3574
3571 3573
3572 3575
3573 3576
3574 3575
3574 3989
3575 3578
3576 3577
3576 3579
3577 3581
3577 3578
3578 3583
3579 3580
3579 3581
3580 3582
3581 3582
3581 3583
3582 3584
3583 3584
3584 3993
3584 3585
3585 3587
3585 3586
3585 3981
3586 3993
3586 3592
3587 3981
3587 5214
3588 3589
3588 3590
3588 3597
3589 3591
3589 3595
3590 3980
3590 3599
3591 3592
3591 3594
3592 3593
3593 3594
3594 3595
3594 3596
3595 3597
3595 3598
3597 3599
3599 3600
3601 3603
3602 3604
3603 3604
3603 3606
3604 3605
3605 3606
3607 3608
3607 3610
3608 3609
3608 3611
3609 3612
3610 3615
3610 3611
3611 3616
3611 3612
3612 3617
3613 3619
3613 3614
3613 3897
3614 3620
3614 3897
3615 3616
3616 3617
3617 3618
3618 3622
3619 3620
3620 4215
3621 3624
3623 4215
3623 4216
3625 3627
3626 3627
3627 3628
3628 3631
3628 3629
3630 3631
3631 3632
3632 3633
3632 3635
3634 3635
3635 3637
3637 6321
3638 3641
3638 3639
3639 3640
3643 3644
3644 3645
3646 3647
3647 3649
3648 3651
3650 3652
3651 3653
3652 6798
3654 3655
3656 4520
3656 7270
3657 3658
3658 3659
3658 3660
3663 3664
3666 3669
3666 3671
3666 3667
3667 3672
3667 3668
3668 3669
3668 3675
3669 3670
3670 3671
3670 3673
3671 3673
3673 3676
3674 3675
3675 3676
3676 6596
3678 6599
3682 5105
3682 5108
3682 3683
3684 4179
3684 4012
3684 5106
3684 6547
3685 4012
3685 4176
3686 4025
3687 3688
3687 7135
3687 7136
3688 6122
3688 7134
3689 4136
3689 4001
3689 4003
3690 3692
3691 4035
3692 4186
3693 4186
3693 4004
3693 4036
3694 4271
3694 4294
3694 4285
3695 4955
3696 3697
3697 3699
3698 3699
3698 5302
3700 5203
3700 3701
3701 7100
3701 7101
3702 6496
3703 5924
3703 5926
3704 3706
3704 5923
3705 5925
3705 6914
3706 6492
3707 5471
3708 5487
3708 5471
3708 3709
3709 3710
3710 6041
3711 5095
3711 3712
3712 5169
3713 3714
3713 4453
3713 7098
3714 4709
3714 3715
3715 4709
3715 4021
3716 3717
3717 4809
3718 6660
3718 6661
3719 6661
3720 6662
3724 5569
3725 5563
3728 7140
3730 4429
3730 6709
3733 4534
3733 5086
3734 3735
3735 3741
3735 3739
3736 3737
3737 3745
3737 3739
3738 3742
3739 3744
3740 3742
3741 3743
3741 3744
3742 3746
3742 3745
3744 3748
3745 3747
3746 3747
3747 3748
3749 3750
3750 6662
3751 6672
3753 4323
3756 4775
3757 4762
3757 4792
3757 4791
3758 5632
3758 6789
3759 3760
3760 5633
3760 3761
3761 3761
3762 4044
3763 3763
3764 3765
3766 4392
3766 3785
3767 4384
3768 3769
3769 3770
3771 3772
3771 5593
3774 5645
3774 7129
3774 3775
3775 3776
3775 5650
3776 3791
3776 3790
3777 3778
3777 3791
3780 3781
3782 3783
3784 5786
3784 6699
3786 4397
3786 4402
3786 7094
3787 3788
3788 7094
3788 4405
3790 3791
3790 7088
3793 3795
3794 3797
3797 4405
3798 7096
3800 3801
3802 3803
3803 3805
3803 3804
3805 3808
3805 6726
3806 3810
3807 3808
3808 3811
3809 3810
3810 3811
3812 3814
3816 4825
3816 5781
3816 5782
3817 3818
3819 5582
3819 4790
3819 3821
3820 3821
3823 6349
3823 6338
3824 4106
3824 6299
3826 3830
3827 3828
3828 6512
3829 3830
3829 6512
3830 3831
3831 6514
3832 6517
3832 6068
3834 6662
3835 6089
3835 3864
3836 3837
3836 3839
3836 3995
3838 3902
3838 3842
3838 3901
3839 6477
3839 3840
3840 3841
3840 3844
3842 6359
3842 3846
3843 3844
3845 3846
3847 6499
3847 6497
3848 3854
3849 3850
3850 3851
3850 3852
3851 3852
3852 3853
3853 6497
3853 3855
3854 6497
3856 3857
3858 6479
3858 4661
3858 4219
3859 6471
3859 3864
3859 4862
3860 3861
3861 3863
3861 3986
3862 6784
3863 6784
3863 3865
3864 6478
3865 3987
3865 3985
3866 3890
3866 3888
3867 3868
3867 3867
3868 4146
3869 3884
3869 4322
3870 4322
3870 4325
3871 3872
3872 4514
3872 3875
3873 3877
3874 3876
3874 3878
3875 3876
3879 3959
3879 3958
3880 3881
3882 3884
3883 3884
3885 4061
3889 3890
3893 3894
3893 3996
3894 3895
3895 3896
3897 3898
3899 3899
3900 4219
3900 6479
3901 6478
3901 6471
3902 6477
3902 6476
3903 3904
3906 3907
3908 3910
3908 3915
3909 3912
3909 3916
3909 3911
3911 3917
3913 3915
3913 3914
3915 3921
3917 3918
3917 3919
3920 3921
3922 3924
3923 3925
3924 3931
3924 3926
3926 3929
3927 3928
3928 3930
3931 3932
3931 3934
3932 3933
3932 3935
3935 3936
3935 3938
3936 3937
3936 3938
3938 6741
3939 3940
3939 6741
3939 6740
3940 3941
3940 6742
3941 3942
3941 3943
3942 3949
3942 5714
3943 3945
3943 6740
3944 3945
3945 3947
3945 5714
3946 5714
3948 3949
3948 4564
3948 4565
3949 3950
3951 3952
3951 3957
3953 3954
3956 3957
3956 4319
3957 4319
3959 6756
3959 3960
3961 6756
3962 4836
3963 3965
3963 5921
3964 5921
3965 5920
3966 5920
3967 7302
3968 4092
3969 3975
3970 3976
3971 3972
3972 3977
3972 3973
3974 3976
3975 3977
3976 3978
3977 3978
3978 6317
3979 3988
3983 3984
3983 5937
3984 6784
3985 3986
3990 3991
3990 3993
3990 3992
3995 6474
3995 6089
3996 3996
3997 3998
3998 3999
3999 5526
4000 4031
4000 4029
4001 4003
4002 6004
4004 4186
4004 5990
4005 5972
4006 4175
4006 4007
4006 5972
4007 6996
4007 4008
4009 7012
4010 4027
4010 4011
4011 4026
4011 4028
4012 5994
4012 5993
4013 5115
4013 4181
4017 4018
4019 4035
4019 4032
4020 5991
4021 5166
4022 4023
4023 7080
4023 6914
4024 6149
4025 6548
4026 4027
4027 7012
4028 5973
4029 5996
4029 5997
4030 4036
4030 4136
4031 4032
4031 5092
4032 4034
4033 5978
4033 5997
4033 7139
4034 4035
4034 5977
4036 6006
4038 6803
4040 4041
4042 4043
4045 5939
4045 4046
4047 6501
4048 4050
4049 4050
4050 4051
4052 4053
4053 4988
4054 4057
4055 4056
4056 4058
4057 4058
4057 4059
4058 4060
4061 4062
4064 4065
4066 4067
4066 7188
4069 4070
4070 4071
4072 4073
4072 4074
4072 5589
4074 4075
4074 4076
4077 6550
4077 6944
4077 5283
4078 4079
4079 4080
4081 6628
4081 6630
4081 6629
4082 4085
4082 4083
4083 4084
4083 6125
4084 4086
4084 4085
4085 6916
4086 7132
4086 4087
4088 4089
4089 4090
4090 5886
4091 4092
4092 6321
4093 4094
4095 4461
4095 4097
4095 4096
4095 4458
4095 4460
4096 4098
4096 4460
4097 4098
4099 4660
4100 4102
4101 6298
4101 4660
4101 4103
4102 4103
4102 4105
4103 4104
4104 6298
4105 6293
4106 6303
4106 4660
4107 6976
4107 4109
4107 4110
4108 6975
4108 4111
4109 7081
4110 6975
4110 4111
4112 6339
4113 6352
4113 6305
4113 6308
4114 4115
4115 4117
4115 4116
4119 4121
4119 4120
4120 4122
4120 5672
4121 5671
4121 5673
4122 5672
4123 7112
4124 6498
4124 6499
4124 6491
4125 4127
4125 4129
4127 4128
4129 5005
4131 4132
4131 4133
4132 4135
4132 4133
4133 4134
4133 4135
4135 4183
4137 6524
4139 4140
4139 6551
4140 5898
4141 5716
4142 4143
4142 6934
4143 4249
4143 4251
4144 4504
4144 4505
4144 4145
4146 4487
4147 4148
4150 4151
4151 6112
4152 6113
4154 4156
4154 5082
4155 4157
4156 5083
4156 5082
4159 4752
4159 6843
4160 6377
4160 6373
4161 4162
4163 4164
4164 4165
4166 4171
4166 4167
4166 4173
4167 4171
4167 4169
4168 4174
4168 4169
4168 6672
4169 4170
4170 4172
4171 4172
4175 6999
4175 7002
4176 7034
4176 4178
4177 5112
4179 5104
4179 5112
4180 5987
4180 5984
4180 5973
4181 6003
4181 5098
4183 5990
4183 5114
4184 5114
4184 4185
4187 4188
4187 4189
4188 5508
4188 4190
4189 4192
4190 5508
4190 5507
4191 5508
4193 5504
4193 5506
4194 4196
4195 5504
4195 5505
4195 4196
4197 4200
4197 4198
4197 6247
4199 4200
4199 5167
4201 4331
4201 4330
4201 4202
4202 4338
4202 4334
4204 4206
4204 4207
4205 4208
4205 6959
4207 4210
4208 4209
4208 4212
4209 4210
4209 4212
4210 4211
4212 4213
4213 4214
4216 4219
4216 4218
4217 5214
4217 5215
4220 4222
4221 4227
4221 4230
4221 4225
4223 4235
4223 4224
4224 4230
4226 4228
4227 4228
4228 4229
4229 4229
4230 4235
4232 4237
4232 4236
4232 4244
4233 4234
4233 4235
4233 4237
4236 4240
4236 5951
4237 4238
4241 6935
4241 4243
4242 4244
4244 4245
4245 4246
4246 4304
4247 4248
4248 6935
4248 4249
4249 6935
4254 4255
4256 4257
4258 4270
4259 4264
4262 4263
4264 4267
4265 4270
4266 4269
4268 4271
4269 4273
4270 7208
4274 4275
4276 4277
4277 4278
4279 6757
4279 4286
4280 4281
4280 4292
4280 4299
4281 4296
4281 4302
4282 4289
4283 4284
4283 4285
4284 4290
4285 4288
4289 4295
4290 4303
4291 4292
4293 4294
4294 4298
4297 4302
4298 4305
4298 4299
4299 6928
4300 4304
4302 6928
4304 4306
4305 4314
4307 4315
4308 4309
4309 4310
4310 4311
4311 4312
4312 4313
4313 4315
4314 4316
4315 4316
4319 4321
4320 4321
4322 4324
4325 4326
4325 4327
4328 4429
4329 4330
4329 4334
4330 4334
4331 4332
4331 4338
4332 4333
4332 4339
4333 4335
4333 4340
4335 4336
4335 4341
4336 4337
4336 4342
4338 4339
4339 4340
4340 4341
4341 4342
4343 6590
4345 4346
4346 6188
4348 4350
4349 4351
4350 4613
4351 4353
4352 4613
4353 4354
4355 4356
4355 6938
4355 5200
4356 5200
4357 5189
4357 4358
4358 5190
4358 4359
4359 4898
4360 5190
4362 4363
4363 4364
4364 4366
4365 4383
4366 4367
4367 4369
4367 5785
4368 4372
4368 4370
4371 4373
4373 4375
4374 4377
4375 4380
4376 4378
4376 7198
4377 4378
4378 4381
4381 4385
4381 4382
4383 4386
4384 4387
4389 6796
4389 4392
4390 4395
4390 4394
4391 4394
4392 4393
4394 4399
4396 4398
4396 4399
4399 4400
4400 4401
4400 4402
4402 4403
4405 7094
4406 4408
4406 4944
4407 4408
4408 4409
4409 4410
4409 4411
4411 4412
4411 4413
4414 4418
4415 4416
4416 4417
4416 7288
4418 4420
4419 4420
4420 4422
4423 5910
4423 6155
4424 4921
4424 5910
4425 7092
4425 4426
4427 4428
4428 4821
4429 4430
4431 4435
4431 4433
4431 4432
4432 4435
4433 4434
4438 4439
4438 6632
4439 6628
4439 6631
4440 4441
4442 4444
4442 4446
4443 4445
4443 4444
4447 5845
4449 5945
4449 4450
4449 5885
4451 4454
4451 4452
4452 4453
4452 4712
4453 7098
4455 4456
4456 4498
4456 4477
4457 4461
4457 4458
4460 4461
4462 4463
4466 4471
4468 4469
4469 4471
4469 4472
4470 4472
4471 5869
4473 4474
4476 4488
4476 4481
4477 4513
4477 4488
4478 5921
4479 4496
4479 4489
4480 4490
4481 4482
4482 4483
4483 4484
4485 4486
4485 6323
4487 4488
4488 4489
4489 4497
4490 4495
4490 4491
4491 4506
4491 4507
4492 4507
4492 4510
4492 4495
4493 4494
4493 4497
4493 4496
4494 4510
4494 4509
4495 4497
4496 4509
4498 4499
4498 4500
4500 4502
4500 4501
4502 4504
4502 4503
4504 4506
4505 4508
4505 4506
4507 4508
4508 4511
4509 4511
4510 4511
4512 4513
4513 5920
4515 4516
4516 4520
4517 4518
4517 4978
4517 5002
4520 4521
4522 4522
4522 4524
4523 4524
4523 4523
4524 4526
4525 4526
4525 4527
4526 4527
4527 4978
4528 6706
4528 6707
4529 4530
4531 4932
4531 6568
4532 4533
4532 6795
4535 5703
4536 5703
4537 4555
4538 4554
4539 4540
4539 4558
4539 4549
4541 4542
4542 4566
4542 4563
4544 4555
4545 4556
4546 4557
4547 4548
4547 4557
4547 4554
4549 4550
4549 4557
4551 4553
4552 4553
4553 4558
4554 4555
4555 4556
4558 4563
4559 4560
4560 4563
4560 4561
4561 4562
4561 7221
4565 4567
4565 4566
4568 4569
4569 6265
4569 4570
4570 7255
4572 4573
4574 6752
4575 6752
4575 4577
4575 4576
4577 4578
4579 5652
4580 4581
4582 4611
4582 4590
4583 4587
4583 4585
4583 4584
4586 4587
4587 4590
4587 4588
4589 4590
4590 4591
4592 5254
4593 5254
4593 4594
4594 4596
4594 5253
4595 4596
4595 6836
4595 5253
4596 5254
4597 4603
4597 4601
4598 4599
4599 4603
4599 4600
4600 4602
4600 4604
4601 4604
4601 4602
4603 4604
4605 4606
4607 4609
4608 4609
4609 4611
4610 4611
4612 4613
4614 7149
4615 4632
4616 4617
4617 7150
4617 4632
4618 7149
4618 4630
4618 4631
4619 4632
4619 4620
4619 4636
4620 4624
4620 4641
4620 4643
4621 4622
4621 7179
4621 4623
4621 4630
4622 4623
4622 4624
4623 4629
4624 4629
4625 4628
4625 4637
4625 4641
4626 4627
4626 6615
4627 4637
4627 7181
4628 4637
4628 4629
4630 7150
4631 7178
4632 4651
4632 4649
4633 4634
4633 7144
4633 7194
4634 5203
4634 7193
4634 4694
4635 4636
4635 4639
4635 4640
4636 4639
4638 4639
4638 7151
4638 7144
4639 4643
4640 4653
4640 4652
4641 4642
4642 7180
4642 7181
4643 7180
4644 4644
4645 5203
4645 7142
4645 6161
4646 4647
4646 6161
4646 7197
4649 4650
4649 4653
4650 4651
4650 4654
4651 6602
4652 7144
4652 4654
4653 4654
4654 7192
4655 4657
4656 4657
4656 4658
4657 4659
4658 4659
4661 4860
4661 6473
4662 7005
4662 4663
4665 6487
4665 6486
4666 4841
4666 4667
4666 4669
4667 5066
4668 4669
4668 4846
4668 4671
4669 4676
4670 4846
4670 4673
4670 4672
4671 4678
4671 4677
4672 5309
4673 4675
4673 4841
4674 4840
4674 4675
4675 4845
4676 4677
4676 6238
4677 6238
4679 7026
4680 4681
4682 6076
4682 5304
4682 6077
4683 4954
4683 4684
4685 4686
4690 4691
4692 4693
4694 4695
4695 6525
4695 4699
4696 4697
4696 4852
4697 4923
4697 7229
4698 5000
4699 4701
4699 6536
4700 4701
4701 4702
4702 6535
4703 6615
4704 4705
4705 5965
4706 5823
4706 5816
4706 5813
4707 5816
4707 5814
4709 4710
4710 4711
4711 5116
4711 7098
4713 4715
4713 4714
4714 4715
4715 4721
4716 4718
4716 4720
4716 4721
4717 5548
4717 4719
4717 4718
4718 4719
4719 4721
4720 4727
4722 5548
4723 4725
4724 5968
4725 5968
4725 4726
4726 4727
4726 6150
4728 5494
4728 4737
4729 4730
4731 4732
4733 4734
4734 5854
4736 5546
4738 4740
4738 4739
4739 6842
4739 4741
4740 4743
4740 4741
4742 4743
4744 4745
4746 4748
4746 4747
4748 4749
4750 4751
4752 6373
4753 4755
4753 4754
4753 5262
4756 5303
4756 4757
4758 4759
4759 4760
4764 5620
4765 5620
4765 5619
4766 5606
4766 4767
4766 5604
4767 5603
4767 4775
4768 4771
4768 4936
4768 4770
4769 4774
4769 5603
4769 5635
4770 4936
4771 5635
4771 6694
4771 5634
4772 5628
4772 5634
4772 4773
4773 4774
4773 5626
4774 5629
4776 5273
4776 6520
4777 5152
4777 4778
4777 5118
4778 4779
4778 5117
4779 4780
4780 4781
4780 5117
4781 5153
4781 5147
4782 4784
4782 4783
4784 6887
4784 4785
4787 4795
4787 4788
4788 4789
4788 4790
4791 4792
4793 4794
4794 4795
4794 4796
4795 4796
4798 4799
4799 5571
4799 4800
4800 5558
4800 5556
4801 5557
4802 5556
4802 4927
4803 4804
4806 4807
4807 4808
4807 4809
4809 4814
4810 4811
4812 5018
4813 4814
4814 5707
4817 4818
4818 4820
4819 6085
4819 4820
4820 4834
4821 5226
4822 4824
4823 4824
4824 4825
4826 4827
4828 4829
4829 6052
4830 4831
4831 4833
4832 4833
4834 5739
4834 4835
4837 6757
4838 4843
4838 5403
4838 5406
4839 5407
4839 5405
4840 6732
4840 4844
4841 4846
4842 5406
4842 4882
4843 5405
4844 6735
4844 6736
4847 4848
4847 4923
4847 4922
4848 4853
4849 4851
4849 4850
4850 6607
4853 4922
4854 4855
4856 6642
4856 4857
4857 6642
4857 6544
4858 7128
4859 6472
4859 4860
4861 4862
4861 6312
4863 4864
4864 6468
4865 6277
4866 4873
4866 4872
4867 4868
4868 4869
4869 4875
4870 4875
4870 4871
4871 4873
4872 4878
4873 4878
4873 5434
4874 5434
4875 4876
4875 4877
4879 5080
4879 7160
4879 7161
4879 7157
4880 4883
4882 4895
4885 4886
4886 4887
4886 4888
4887 4889
4888 4889
4888 4893
4888 4890
4889 4891
4890 4891
4891 5246
4892 5246
4892 5248
4894 6253
4895 4897
4895 4896
4896 4897
4899 4900
4900 4901
4902 4903
4904 4905
4906 4907
4907 5031
4908 6054
4908 4909
4911 5786
4914 6567
4915 4918
4915 6370
4915 6848
4916 4917
4918 4920
4918 4919
4919 4920
4921 5915
4921 5418
4922 4923
4924 4925
4926 4927
4928 4929
4930 4931
4932 4934
4932 4933
4934 4935
4937 4938
4938 5277
4939 4940
4939 4941
4939 4948
4941 4942
4944 4945
4946 5576
4946 5574
4946 4947
4948 4951
4949 4951
4949 4950
4950 6379
4952 4953
4954 6588
4955 6594
4956 4957
4958 4960
4958 4959
4959 4960
4960 4965
4961 4962
4961 4966
4964 4966
4969 4970
4971 4972
4974 4977
4974 5957
4975 4976
4976 6488
4977 6493
4980 7302
4981 7132
4984 4985
4986 4987
4987 4988
4989 4990
4990 4998
4990 4991
4991 4997
4991 6064
4992 4997
4992 4993
4994 4995
4995 7097
4997 5906
4998 4999
4998 6064
4999 6065
4999 7068
5000 5001
5000 5925
5003 5004
5003 5298
5003 5295
5005 5006
5007 5008
5007 5018
5008 5009
5009 5010
5009 7090
5010 5013
5011 5970
5011 5012
5013 5014
5014 5017
5014 5970
5014 6974
5015 6713
5015 5932
5017 6974
5017 5932
5018 5019
5018 5020
5019 5021
5020 5021
5020 5022
5021 5023
5022 5023
5023 5024
5024 5025
5024 5030
5025 5026
5025 5030
5026 5027
5027 5028
5027 5030
5028 5029
5032 6674
5032 5571
5032 6672
5033 5034
5035 5036
5037 6634
5037 6633
5038 5201
5039 5040
5040 5041
5041 5042
5042 5043
5043 5202
5044 5202
5048 5049
5052 5430
5053 5055
5053 5057
5053 6230
5054 5061
5054 5058
5054 5060
5054 5062
5054 5057
5055 5058
5056 5057
5057 5058
5058 5059
5064 5066
5065 5066
5067 5068
5069 5070
5071 7071
5071 6778
5072 5073
5074 5075
5075 5195
5075 5076
5076 5077
5076 5195
5077 5078
5078 5079
5080 7159
5080 7163
5081 7141
5082 5084
5083 5085
5084 5085
5086 5087
5088 7034
5089 5090
5091 5092
5092 5980
5093 5094
5094 5095
5094 5096
5095 5478
5097 6001
5098 5999
5099 5101
5099 5100
5099 6547
5101 5115
5101 5102
5102 5115
5102 5110
5103 5104
5104 6549
5105 5108
5105 5107
5107 6999
5107 6548
5107 5109
5108 6996
5109 5110
5109 6548
5110 7000
5110 5111
5111 5112
5111 6549
5113 5114
5116 5856
5116 5855
5117 5152
5119 5120
5119 5289
5119 5138
5120 5121
5120 5139
5120 5138
5122 5123
5122 5132
5122 5136
5123 5128
5123 5125
5124 5128
5124 5127
5124 5125
5125 5126
5127 5128
5127 5132
5129 5131
5130 5131
5131 5132
5133 5134
5134 5136
5134 5137
5135 5136
5146 5148
5147 5149
5147 5148
5148 5149
5149 5151
5150 5151
5151 5152
5155 5156
5156 5157
5159 7065
5161 7064
5161 5162
5163 6358
5164 7019
5164 5165
5165 5375
5166 7070
5167 5168
5167 5397
5168 5398
5169 5481
5169 5480
5172 5173
5176 5177
5177 6645
5177 5966
5179 5186
5181 5182
5182 5184
5183 5184
5184 5186
5185 5186
5187 5188
5190 5193
5191 5193
5192 5193
5194 5195
5196 5197
5198 5199
5200 5757
5201 6480
5201 5215
5203 6606
5205 5206
5207 7063
5207 5209
5208 5209
5209 5210
5211 5212
5213 7258
5213 5214
5214 5215
5216 6081
5216 6730
5217 6590
5218 6573
5219 6573
5220 5779
5220 5221
5221 5222
5221 7114
5222 5223
5222 5928
5223 5224
5223 5928
5224 5225
5224 5783
5225 5226
5225 5928
5228 5229
5229 5230
5229 5232
5230 5239
5231 6453
5232 6454
5233 5239
5233 5241
5233 5234
5234 5236
5234 5235
5237 5241
5237 5238
5239 5240
5241 5242
5243 5244
5244 5245
5245 5246
5246 6921
5247 5248
5249 5250
5249 5951
5251 5252
5253 6836
5255 5256
5257 5258
5259 5261
5259 5260
5259 5262
5260 5261
5260 5267
5261 7110
5263 5266
5263 5267
5263 5264
5264 5265
5265 5266
5268 5268
5268 5269
5269 6400
5270 5271
5272 5274
5272 5275
5273 5274
5275 5276
5277 5278
5279 5280
5280 7110
5280 6111
5281 5285
5281 5288
5281 5282
5282 5283
5282 6944
5283 5285
5284 5287
5284 5286
5285 5286
5285 5288
5286 5287
5287 5288
5290 5291
5291 5293
5292 5293
5294 5294
5296 5298
5297 5298
5299 6071
5299 6595
5300 5301
5301 6690
5302 5303
5306 6191
5307 6193
5307 5308
5307 6807
5308 6187
5308 6191
5309 5311
5310 5325
5310 5311
5311 6732
5312 7060
5312 5313
5313 5315
5313 5314
5314 6734
5315 5316
5316 5325
5317 5318
5317 7233
5318 5320
5318 7234
5319 5320
5320 5321
5322 5323
5324 5325
5328 6223
5329 5330
5331 5333
5332 5333
5333 5334
5336 5337
5339 5343
5340 5342
5340 5340
5341 5342
5342 5343
5343 5344
5344 6316
5346 5347
5347 5350
5347 5349
5348 5349
5349 5352
5350 5351
5351 5352
5352 5362
5353 5359
5354 5355
5355 5359
5355 5360
5356 5357
5357 5358
5357 5359
5358 5360
5358 5363
5360 5362
5361 5421
5361 5362
5364 5366
5365 5366
5367 5368
5371 5372
5373 5374
5375 7018
5376 5377
5376 5383
5377 7022
5378 5379
5379 5888
5380 5386
5380 5387
5381 5386
5381 5385
5381 5382
5382 5384
5383 5384
5383 5385
5385 5387
5388 5389
5389 6249
5390 5391
5392 5393
5394 5395
5397 5398
5399 6637
5400 5401
5401 5402
5403 5404
5405 5406
5406 5407
5408 5409
5410 6322
5413 5414
5415 5416
5415 5415
5417 6622
5417 6624
5419 5912
5420 5421
5422 6603
5422 5525
5424 7154
5424 7161
5424 5425
5425 5425
5426 5428
5426 5427
5427 7153
5429 5430
5431 5433
5432 5433
5433 5434
5435 5436
5436 5545
5437 5438
5438 5545
5438 5955
5439 5440
5441 5442
5442 5451
5442 5443
5443 5444
5443 5445
5446 5447
5447 5448
5449 5451
5450 5451
5452 6148
5452 6145
5453 5454
5455 5456
5457 5458
5458 5537
5461 6038
5461 5462
5462 5463
5462 6037
5464 5473
5464 5472
5464 5470
5465 5490
5465 5466
5465 5467
5467 5502
5467 5498
5468 5497
5469 5470
5471 5472
5472 5473
5474 5475
5474 5474
5476 5477
5476 5476
5478 5479
5478 5480
5480 5481
5482 5483
5483 5484
5483 5908
5485 5486
5487 5488
5489 5490
5491 5492
5492 5495
5492 5496
5493 5494
5494 5496
5499 5500
5500 5501
5501 5502
5503 6039
5503 6040
5504 5505
5505 5506
5507 5507
5509 6011
5510 5512
5511 5512
5513 5515
5514 5515
5514 5520
5515 6019
5516 6017
5516 6015
5516 5520
5517 5518
5518 5519
5518 5520
5521 5522
5526 5527
5526 5528
5527 5530
5527 5924
5527 7058
5528 5530
5529 6035
5529 7058
5529 5530
5530 6914
5531 5532
5532 6033
5532 6024
5533 5534
5535 5536
5536 7069
5537 5538
5540 5541
5542 5543
5544 5545
5547 5548
5550 5551
5552 5553
5555 5556
5557 5558
5559 6830
5559 5560
5560 5561
5560 5562
5563 7291
5564 7291
5565 5566
5566 5567
5566 5568
5570 5571
5572 6674
5573 5574
5575 5576
5577 5578
5577 5579
5581 5582
5583 5586
5584 5585
5585 5586
5585 5587
5587 5793
5588 5589
5591 5592
5595 5596
5598 5599
5602 5603
5604 5605
5605 5606
5606 6694
5607 5608
5611 5613
5612 5613
5612 5616
5613 5614
5615 5616
5620 5621
5622 5623
5623 5624
5625 5626
5626 5627
5627 5628
5627 5635
5628 5634
5630 5631
5631 5632
5631 5633
5632 5633
5636 7287
5636 5637
5638 5639
5641 5642
5643 5644
5645 5650
5645 5646
5648 6523
5648 6698
5650 5651
5653 5654
5654 5655
5657 5659
5658 5659
5660 5661
5662 5663
5664 5665
5665 5672
5666 5667
5671 5673
5673 5675
5674 5675
5676 6771
5676 5677
5677 6772
5680 6712
5683 5684
5685 5687
5686 5687
5687 5688
5689 5691
5690 5691
5691 5692
5692 5693
5692 5695
5694 5695
5695 5696
5698 6775
5700 5701
5701 5704
5702 5703
5705 5706
5706 5934
5707 5708
5709 5713
5710 5712
5711 5712
5712 5713
5716 5717
5718 5901
5718 5718
5719 5720
5720 5721
5720 5892
5721 5933
5722 5723
5724 5725
5730 5731
5732 5733
5732 7210
5732 7211
5734 5735
5735 6086
5737 5738
5739 5740
5741 7276
5741 5742
5743 5744
5745 5746
5746 7283
5747 5748
5749 5750
5751 6720
5751 5929
5751 6719
5752 5929
5754 5755
5755 5756
5755 5757
5756 5931
5758 5760
5759 7280
5760 7280
5761 5762
5763 6725
5763 6723
5765 5767
5766 5767
5768 5769
5769 5771
5770 5771
5771 5772
5772 5773
5775 5776
5776 5777
5776 5928
5777 5778
5777 7114
5778 5779
5778 7114
5787 7083
5788 5789
5790 5791
5790 5794
5790 5792
5793 5795
5793 5794
5794 5795
5795 6833
5796 5797
5800 6659
5802 5803
5803 5804
5805 5806
5807 5808
5809 5810
5813 5813
5815 5816
5817 5823
5818 5819
5819 5821
5819 5823
5820 5821
5821 5822
5824 5825
5827 5828
5828 5830
5829 5830
5832 5833
5834 5835
5836 5837
5838 5839
5840 5841
5841 5843
5841 5845
5842 5843
5843 5844
5846 5847
5849 5850
5850 5852
5851 5852
5852 5866
5853 5854
5854 5857
5855 5856
5858 5859
5859 5861
5860 6540
5861 6542
5863 5864
5865 5866
5872 5873
5875 5876
5879 5880
5880 5881
5880 7203
5883 5884
5884 5945
5888 5889
5889 7031
5890 5891
5891 5900
5893 5895
5894 5895
5895 5896
5896 5898
5897 5898
5899 5900
5902 5903
5902 6940
5902 6942
5903 6943
5903 5929
5904 5905
5906 5908
5906 5909
5908 5909
5910 5911
5913 5914
5914 5915
5914 5916
5915 6620
5917 5918
5919 6489
5920 5921
5922 5923
5922 6639
5925 6150
5926 5927
5927 6496
5930 6939
5930 5931
5930 6941
5932 6974
5933 6710
5933 5934
5935 5937
5936 5937
5938 5939
5940 5941
5943 5944
5944 5946
5944 5945
5947 5952
5948 5952
5948 5950
5949 5950
5951 5952
5953 5954
5957 6493
5957 6495
5959 6326
5960 5962
5960 5961
5960 7109
5963 5964
5965 5966
5967 5968
5971 5972
5974 5976
5974 5978
5974 7138
5974 7137
5975 5984
5975 5996
5975 5983
5976 6122
5976 5977
5977 5978
5979 5980
5980 5995
5983 5985
5983 5984
5986 5987
5988 5989
5990 5991
5991 5992
5997 5998
5998 5999
5998 6001
5999 6000
5999 6122
6001 6002
6004 6005
6006 6007
6007 6007
6008 6009
6009 6013
6009 6015
6010 6011
6011 6013
6012 6013
6014 6015
6016 6017
6017 6019
6018 6019
6020 6021
6023 6026
6023 6029
6023 6025
6024 6026
6026 6027
6028 6029
6029 6031
6030 6031
6031 6032
6033 6034
6036 6037
6037 7133
6038 6039
6040 6040
6043 6047
6044 6046
6045 6049
6045 6051
6046 6049
6046 6047
6047 6048
6048 6049
6050 6051
6052 6053
6054 6055
6055 6055
6056 6057
6057 6058
6057 6059
6060 6712
6061 6062
6062 6688
6064 6065
6067 6521
6067 6520
6067 6522
6070 6071
6070 6593
6071 6073
6072 6073
6074 6967
6075 6076
6077 6580
6078 6080
6078 6079
6079 6082
6080 6082
6081 6591
6082 6083
6083 6591
6085 6086
6087 6452
6088 6484
6088 6471
6088 6485
6089 6478
6091 7099
6092 6108
6093 6094
6094 6095
6095 6098
6095 6096
6097 6098
6098 6100
6099 6100
6100 6102
6101 6102
6102 6103
6103 6106
6103 6104
6105 6106
6106 6110
6107 6108
6108 6110
6109 6110
6111 7110
6112 6113
6114 6115
6115 6711
6115 6713
6116 6710
6117 6118
6119 6120
6121 6996
6123 6124
6124 6687
6124 6691
6125 6126
6127 6128
6128 6926
6132 6134
6133 6134
6134 6855
6138 7202
6139 6140
6141 6143
6142 6143
6145 6146
6147 6148
6151 6152
6152 6622
6152 6619
6153 6154
6153 6603
6156 6619
6156 6620
6156 6157
6158 6159
6159 6162
6159 6161
6160 6161
6162 6163
6162 7143
6163 7143
6163 6164
6164 7182
6164 6165
6165 7182
6166 6167
6167 6170
6167 6169
6168 6170
6170 6172
6171 6175
6171 6172
6171 6174
6172 6174
6173 6174
6175 6566
6176 6181
6176 6178
6176 6177
6177 6183
6177 6182
6177 6178
6178 6183
6179 6182
6179 6185
6179 6184
6179 6181
6180 6186
6180 6185
6180 6181
6182 6184
6183 6184
6186 6188
6186 6187
6187 6188
6188 6189
6190 6192
6191 7246
6192 7246
6192 6807
6194 6202
6194 6196
6195 6196
6197 6200
6198 6199
6199 6201
6199 6200
6200 6201
6201 6202
6203 6204
6204 6205
6205 6206
6207 6208
6209 6210
6210 6218
6211 6212
6212 6213
6212 6216
6214 6217
6214 6218
6215 6216
6216 6217
6219 6221
6220 6221
6221 6223
6222 6223
6224 6226
6225 6226
6225 6241
6226 6241
6227 6229
6228 6229
6229 6230
6231 6234
6232 6236
6233 6237
6234 6236
6234 6237
6235 6237
6235 6238
6235 6236
6239 6240
6242 6243
6243 6245
6244 6245
6247 7032
6247 6249
6248 6249
6250 6251
6250 6250
6252 6253
6254 6263
6256 6257
6257 6258
6259 6260
6261 6263
6261 6264
6262 6263
6262 6262
6264 6264
6266 6267
6267 6269
6267 6275
6268 6269
6269 6271
6270 6271
6271 6273
6272 6273
6273 6277
6274 6275
6275 6276
6278 6800
6278 6279
6279 6280
6280 6283
6280 6281
6281 6282
6281 6283
6284 6285
6285 6291
6286 6287
6288 6289
6288 6288
6290 6291
6290 6293
6292 6293
6294 6295
6295 6301
6296 6297
6297 6299
6297 6298
6299 6301
6300 6301
6302 6303
6303 6473
6304 6305
6305 6307
6306 6307
6306 6306
6308 6308
6309 6483
6310 6481
6310 6312
6311 6481
6311 6482
6311 7300
6312 6482
6313 6314
6314 6315
6315 6316
6318 6319
6320 6321
6322 6322
6324 6325
6325 6328
6326 6328
6326 6327
6327 6330
6327 6329
6328 6329
6329 6331
6332 6332
6332 6333
6334 6335
6336 6340
6336 6339
6336 6338
6337 6338
6337 6341
6339 6340
6340 6341
6342 6343
6342 6344
6342 6349
6343 6345
6343 6344
6344 6346
6346 6348
6347 6348
6349 6350
6351 6352
6353 6363
6354 6359
6355 6356
6355 6357
6356 6357
6357 6358
6359 6362
6360 6361
6360 6363
6361 6362
6362 6363
6365 6366
6368 6903
6369 6845
6369 6903
6369 6846
6370 6371
6372 6373
6374 6376
6375 6376
6375 6377
6376 6377
6378 6379
6378 6968
6379 6969
6380 6381
6381 6385
6382 6383
6383 6385
6384 6385
6386 6387
6388 6389
6390 6391
6391 6394
6392 6393
6395 6396
6395 6397
6395 6398
6398 6513
6399 6400
6401 6402
6402 6403
6402 6404
6405 6406
6406 6408
6407 6408
6408 6409
6410 6411
6410 6410
6412 6413
6413 6677
6414 6419
6415 6416
6415 6418
6415 6417
6419 6421
6419 6420
6422 6423
6423 6424
6423 6425
6424 6913
6426 6426
6427 6428
6431 6432
6432 6433
6433 6434
6435 6436
6437 6438
6438 6439
6440 6446
6441 6443
6442 6443
6443 6444
6445 6446
6447 6450
6448 6450
6449 6450
6457 6458
6457 7172
6457 7170
6458 7174
6458 7169
6460 6461
6462 6463
6463 6465
6463 6467
6464 6465
6465 6466
6471 6478
6472 6976
6472 6482
6472 6473
6473 6479
6475 6476
6475 6477
6481 6483
6481 6482
6483 6484
6489 6492
6489 6490
6492 6493
6494 6495
6495 6496
6498 6499
6502 6503
6503 6509
6504 6505
6505 6506
6506 6507
6507 6509
6508 6509
6510 6650
6512 6513
6514 6515
6515 6517
6516 6517
6519 6520
6525 6528
6525 6526
6525 6527
6528 6530
6528 6529
6530 6532
6530 6531
6532 6535
6532 6534
6533 6534
6534 6536
6535 6536
6538 6538
6539 6540
6540 6542
6541 6542
6543 6544
6545 6546
6549 7004
6550 6551
6551 6944
6552 6553
6555 6557
6555 6558
6555 6556
6556 6559
6556 6560
6558 6560
6562 6563
6563 6564
6563 6565
6566 6567
6569 6570
6571 6572
6573 6574
6575 6576
6575 6575
6576 6583
6577 6578
6577 6580
6577 6579
6578 6582
6578 6580
6579 6582
6579 6581
6581 6584
6582 6584
6583 6584
6585 6586
6587 6588
6588 6589
6590 6729
6592 6593
6600 6601
6601 7100
6602 7192
6603 6604
6604 6605
6605 6606
6608 6609
6609 6610
6609 6912
6611 6613
6612 6613
6613 6614
6616 6618
6617 6618
6619 6620
6621 6622
6623 6624
6624 6625
6626 6628
6627 6628
6635 6636
6638 6641
6639 6641
6640 6641
6644 6645
6645 6647
6646 6647
6648 6649
6649 6650
6649 7239
6650 6651
6652 6658
6652 6653
6652 6654
6653 6655
6654 6655
6654 6656
6655 6657
6656 6657
6660 6661
6663 6665
6664 6665
6665 6666
6666 6670
6666 6671
6667 6669
6668 6669
6669 6670
6673 6674
6675 6677
6676 6677
6678 6679
6679 6680
6679 6683
6680 6681
6680 6682
6684 6685
6686 6687
6687 6688
6688 6690
6689 6690
6693 6694
6697 7112
6701 6702
6703 6705
6704 6705
6705 6706
6708 6710
6712 6713
6714 6715
6716 6718
6717 6718
6719 6943
6721 6723
6722 6723
6724 6725
6729 6730
6731 6732
6733 6734
6737 6739
6738 6739
6740 6743
6747 6749
6748 6749
6749 6750
6752 6754
6753 6754
6754 6755
6757 7215
6758 6759
6760 6762
6761 6762
6762 6763
6764 6765
6767 6768
6770 6772
6770 6771
6770 6773
6771 6772
6774 6775
6776 6936
6777 6936
6782 6783
6785 6787
6786 6787
6787 6788
6789 6790
6791 7086
6791 6793
6791 6792
6792 7086
6792 6794
6794 7085
6794 7087
6795 7085
6797 6798
6799 6800
6801 6801
6801 6802
6804 6805
6806 6807
6808 6810
6809 6810
6810 6888
6812 6813
6814 6815
6816 6817
6817 6892
6818 6819
6821 6822
6823 6824
6824 6825
6826 6827
6828 6829
6834 6835
6835 6836
6835 6837
6837 6842
6837 6838
6838 6839
6838 6843
6839 6841
6839 6840
6844 6845
6844 6847
6844 6848
6845 6848
6846 6847
6849 6850
6851 6852
6853 6856
6853 6854
6855 6856
6857 6872
6859 6860
6860 6864
6860 6862
6861 6862
6862 6863
6864 6865
6865 6866
6865 6867
6868 6870
6868 6874
6869 6870
6870 6871
6874 6875
6876 6877
6878 6880
6879 6880
6880 6881
6882 6883
6884 6885
6886 6887
6888 6889
6889 6891
6889 6890
6892 6897
6892 6893
6896 6897
6898 6899
6901 6902
6902 6906
6902 6913
6903 6904
6905 6907
6905 6906
6906 6907
6909 6910
6909 6911
6916 6917
6918 6919
6923 6924
6925 6926
6927 6928
6929 6930
6930 7062
6932 6933
6937 6938
6939 6940
6939 6941
6940 6942
6940 6943
6941 6942
6945 6956
6946 6947
6946 6956
6946 7107
6947 6948
6947 6957
6948 6949
6948 6953
6949 7103
6949 6952
6950 6958
6950 6951
6950 7103
6951 6952
6952 7103
6953 6957
6953 7104
6954 6972
6954 6957
6955 6956
6955 6972
6955 7105
6960 6962
6963 6964
6965 6966
6965 7113
6970 6971
6975 6976
6977 6978
6979 6980
6982 6983
6983 6984
6983 6987
6984 6985
6984 6986
6988 6990
6989 6990
6991 6993
6992 6997
6992 6993
6992 7012
6993 6994
6993 7013
6994 6995
6994 6997
6997 6998
6999 7000
7000 7006
7001 7006
7001 7002
7001 7003
7002 7003
7003 7004
7004 7005
7006 7007
7008 7010
7009 7010
7010 7011
7010 7015
7014 7015
7015 7016
7017 7018
7021 7022
7023 7031
7023 7026
7023 7024
7025 7028
7026 7028
7027 7028
7030 7031
7033 7034
7035 7037
7036 7037
7039 7040
7041 7043
7042 7043
7044 7047
7045 7047
7046 7047
7048 7049
7050 7052
7051 7052
7051 7057
7052 7053
7054 7056
7054 7057
7055 7056
7056 7057
7058 7080
7059 7060
7061 7062
7064 7065
7066 7067
7067 7070
7067 7068
7068 7069
7069 7070
7071 7072
7074 7075
7077 7121
7077 7078
7077 7122
7078 7120
7078 7117
7079 7118
7079 7127
7079 7123
7082 7083
7083 7084
7085 7087
7086 7087
7088 7089
7091 7092
7100 7101
7102 7104
7106 7107
7112 7113
7115 7125
7116 7124
7116 7126
7117 7120
7117 7121
7118 7120
7118 7119
7122 7123
7123 7124
7125 7126
7125 7127
7126 7127
7128 7129
7131 7132
7134 7135
7134 7137
7135 7138
7135 7136
7136 7139
7137 7138
7138 7139
7140 7141
7142 7143
7142 7183
7144 7184
7145 7147
7145 7146
7146 7148
7146 7147
7149 7150
7154 7154
7155 7156
7156 7157
7156 7161
7157 7160
7158 7159
7159 7160
7161 7162
7162 7163
7162 7165
7163 7164
7163 7167
7165 7166
7165 7167
7167 7168
7169 7185
7169 7170
7170 7171
7173 7174
7174 7185
7175 7177
7176 7177
7177 7179
7177 7178
7178 7179
7180 7181
7182 7183
7183 7193
7184 7194
7184 7191
7185 7191
7186 7189
7187 7189
7187 7190
7188 7189
7191 7192
7193 7194
7195 7197
7196 7197
7205 7206
7213 7215
7214 7215
7222 7226
7223 7225
7224 7225
7225 7226
7226 7228
7227 7228
7228 7229
7230 7231
7233 7235
7233 7234
7234 7237
7236 7237
7237 7238
7239 7240
7239 7241
7242 7244
7243 7244
7244 7245
7247 7248
7249 7250
7251 7252
7253 7254
7256 7257
7257 7258
7259 7261
7260 7261
7261 7262
7263 7265
7263 7264
7264 7267
7264 7268
7265 7267
7266 7267
7269 7271
7270 7272
7270 7271
7271 7272
7272 7300
7273 7274
7275 7276
7277 7278
7279 7280
7282 7283
7284 7285
7286 7287
7288 7289
7290 7291
7295 7296
7296 7297
7298 7299
7300 7301
