0 201
0 993
0 5235
1 999
1 184
1 1293
2 212
2 214
2 987
3 531
4 4366
4 5
4 1688
5 6
5 4365
6 7
6 4327
7 2842
7 4328
8 2956
8 6286
8 3388
8 4366
9 10
9 13
9 2957
10 3389
10 13
11 12
11 6274
11 152
12 3388
12 2574
13 906
14 3577
14 5133
14 4307
14 906
15 18
15 16
15 5112
16 4273
16 18
17 1291
17 3638
17 4273
18 1280
18 2795
19 5118
19 986
19 243
19 5117
20 5234
20 1317
20 986
20 1700
20 881
21 2981
21 1326
21 1610
22 5851
22 2333
22 193
22 670
23 24
23 29
23 5852
24 25
24 5854
25 5848
25 26
26 5384
26 27
27 464
27 5385
28 29
28 464
28 1022
29 3404
30 6215
30 273
30 3266
30 6214
31 2187
31 504
31 2147
32 6311
32 33
32 6310
33 711
33 36
34 3794
34 2168
34 711
35 1420
35 1817
35 2168
36 6310
36 1817
37 1420
37 6308
37 3413
38 5576
38 3880
39 5916
39 3358
39 5919
39 3356
40 230
40 2085
40 4577
41 4476
41 2084
41 5249
42 3141
42 3140
42 607
42 4743
43 212
43 534
43 209
44 209
44 611
44 210
45 200
45 202
45 534
46 1436
46 1711
46 1439
47 1273
47 4897
47 1711
48 3049
48 1273
49 3049
49 3466
49 3074
50 51
50 53
51 2129
51 563
52 782
52 562
52 563
53 564
54 2119
54 2123
54 2112
55 4814
55 635
55 634
56 634
56 637
56 3317
57 306
57 304
57 781
58 305
58 59
58 1673
59 3745
59 306
60 1525
60 938
60 6240
61 1980
61 117
61 2159
62 2911
62 63
62 117
63 103
63 108
64 5057
64 1163
64 2986
65 3964
65 3965
65 66
66 1993
66 6152
66 2791
67 6134
67 3441
67 1538
67 1539
68 1642
68 609
68 2771
69 4601
69 6078
69 6079
70 71
70 1098
70 1106
71 1072
71 72
72 1072
72 73
73 590
73 2554
74 1103
74 1963
74 298
75 1064
75 6038
75 4613
75 5649
76 1336
76 957
77 712
77 1763
78 5650
78 4571
78 4539
78 4538
78 6036
79 6045
79 4099
79 6048
80 1883
80 1647
81 1368
81 445
81 82
82 83
82 708
83 708
83 84
84 444
84 1369
85 965
85 1289
85 448
86 990
86 1289
86 1232
87 88
87 148
87 149
88 2310
88 6294
88 5278
88 1921
89 1921
89 1498
89 2161
89 1922
90 1530
90 1024
90 3819
90 1656
90 1979
91 6222
91 5764
91 1755
91 1753
91 4920
92 109
92 1716
92 103
93 112
93 1401
93 6162
93 5368
94 2940
94 1820
94 95
95 1651
95 2939
96 1651
96 97
96 6299
97 2938
97 1489
98 102
98 101
98 151
99 5944
99 1531
99 150
100 1168
100 101
100 5811
101 151
102 596
102 1167
103 5824
103 5823
103 1743
104 1493
104 1747
104 1478
105 1409
105 1484
105 1410
106 1059
106 330
106 6238
107 1980
107 116
107 330
108 1716
108 759
109 1745
109 110
110 2948
110 953
111 4961
111 5706
111 6172
112 5649
112 719
112 2160
113 5545
113 2573
113 5533
114 5991
114 4147
114 115
115 4148
115 185
116 759
116 117
118 153
118 4920
118 1366
119 142
119 144
119 2889
120 2889
120 5764
120 143
121 6036
121 1067
121 2664
122 6410
122 5851
122 995
123 3373
123 1322
123 6132
124 5548
124 1951
124 1955
125 3788
125 2148
125 6368
125 5790
126 5705
126 247
126 1339
127 5702
127 315
127 1418
128 463
128 129
128 5282
129 5281
129 130
130 147
130 1003
131 1394
131 4504
131 1763
131 1692
132 4275
132 164
132 165
133 1074
133 2154
133 5227
133 722
134 1737
135 1663
136 2888
136 2269
136 1168
136 2891
137 3887
137 460
137 2572
137 255
138 1733
139 1115
139 4523
139 2992
139 1167
140 2889
140 6195
140 144
141 594
141 142
141 143
142 6165
142 286
143 595
144 172
145 3661
145 4275
145 172
146 2516
146 286
146 3661
147 1159
147 244
148 444
148 149
149 2311
149 445
150 1508
150 1654
151 462
152 3389
152 4340
153 1754
153 1403
154 1405
154 1197
154 4135
155 1406
155 1485
155 1408
156 4605
156 1342
156 2316
156 494
157 3456
157 601
157 1370
158 1434
158 4975
158 5952
159 601
159 1431
159 1432
160 284
160 1435
160 3456
161 1351
161 6212
161 285
162 5133
162 4400
162 6220
163 1762
163 2166
163 5143
164 167
164 4276
165 167
165 4573
166 1534
166 4572
166 461
167 169
168 5769
168 5706
168 171
169 953
169 2890
170 6127
170 882
170 3665
170 4574
171 4529
171 1983
171 6174
172 3556
173 1737
174 1819
174 6244
174 1525
175 298
175 6268
175 1104
176 178
176 183
176 769
177 180
177 182
177 6081
178 768
178 770
178 183
179 4537
179 4598
179 6083
180 769
180 6083
181 6081
181 4601
181 6082
182 6082
182 768
183 4536
184 186
184 213
185 1063
185 5258
186 1293
186 187
187 188
187 4282
188 4298
188 4284
189 5524
189 724
189 4295
189 190
189 726
190 724
190 4288
191 1953
191 4162
191 446
191 492
191 513
192 958
192 5855
192 2335
193 665
193 671
193 663
194 5131
194 1707
194 1241
194 4017
195 1831
195 2730
195 4190
196 6128
196 914
196 911
197 2907
197 465
197 545
198 727
198 4304
198 987
199 5117
199 2752
199 243
200 243
200 5933
201 213
201 5933
202 208
202 203
203 204
203 879
204 879
204 205
205 3795
205 206
206 207
206 878
207 878
207 208
208 5933
209 215
210 211
210 728
211 533
211 880
212 531
213 3795
214 216
214 784
215 216
215 1710
216 217
217 1307
217 1306
217 611
217 612
218 6061
218 1307
218 1709
219 223
219 220
219 1676
220 356
220 224
221 224
221 222
221 6055
222 3465
222 225
223 3074
223 225
224 4789
225 3466
226 3065
226 3319
226 4879
227 3318
227 3306
227 5436
228 4821
228 4804
228 3142
229 3239
229 4809
229 4804
230 231
230 2084
231 2083
231 4771
232 4802
232 4771
232 3192
233 234
233 4716
233 640
233 4714
234 2946
234 1682
235 603
235 608
235 610
236 237
236 2713
236 3238
237 1682
237 2710
238 5961
238 3511
238 4717
239 1682
239 605
239 3135
240 709
240 4630
241 242
241 709
241 4623
242 4627
244 2932
244 463
245 246
245 5779
245 5780
246 4133
246 5793
247 1418
247 5910
248 249
248 6179
248 6166
249 6217
249 4526
250 6167
250 6179
250 6180
251 252
251 5115
251 3929
252 253
252 2944
254 2572
255 1365
255 6421
256 1720
256 2569
256 259
257 1496
257 258
257 2569
258 1365
258 1495
259 264
259 2277
259 260
260 1062
260 2928
260 4974
261 263
261 2663
261 5763
262 1274
262 2663
262 264
263 1496
263 6224
264 6224
265 2932
265 2209
265 266
265 2206
266 267
266 6188
267 1533
267 2527
268 4973
268 4207
268 4150
269 274
269 4972
269 2323
269 4973
270 4053
270 2316
270 512
270 2323
271 2291
271 5279
271 276
272 5252
272 273
272 302
273 4207
274 2322
274 511
275 276
275 2322
275 5252
276 2388
277 816
278 5573
278 478
278 5575
278 2914
279 483
279 2949
279 5573
280 2538
280 2532
280 5239
281 5502
281 6152
281 2544
281 1536
281 5501
282 2686
282 2687
282 6430
282 1350
283 1432
283 4080
283 600
284 887
284 6091
285 6208
286 1661
287 6030
287 6068
287 2308
288 5386
288 5383
288 3600
288 2338
289 1026
289 1657
289 1287
290 4464
290 1527
290 1824
291 2370
291 722
291 2589
292 4691
292 571
292 4694
293 989
293 698
293 294
294 4532
294 991
295 5932
295 698
295 699
296 2664
296 1982
296 1065
297 1982
297 2386
298 1086
299 2589
299 2420
299 589
300 5927
300 3989
300 5872
301 5280
301 779
301 1986
302 5251
302 5252
303 3490
303 3487
303 6054
304 781
304 305
305 364
306 3187
307 1668
307 5174
307 5406
307 5170
308 5399
308 4892
308 5170
308 5396
309 3189
309 2032
309 4249
310 311
310 5123
310 1925
311 3208
311 2906
311 1981
312 4603
312 957
312 937
313 1115
313 2992
313 314
313 2885
314 1509
314 1510
315 1725
315 5701
316 5577
316 1627
317 3207
317 3377
317 1628
318 319
318 536
318 3207
319 320
319 327
320 321
320 327
321 322
321 323
322 536
322 323
323 324
324 2070
325 1411
325 2070
325 6304
326 3335
326 4184
326 2909
326 5568
327 2067
327 2065
328 5120
328 5591
328 329
329 1282
329 5554
329 6072
330 759
331 941
331 332
331 336
332 333
332 339
333 5753
333 334
334 335
334 338
335 336
335 942
336 748
337 945
337 338
337 5750
338 942
339 1606
340 2489
340 941
341 4159
341 2470
341 4157
342 738
342 5474
342 734
343 944
343 516
343 2756
344 3938
344 347
344 3937
345 3946
345 3937
345 364
346 347
347 3932
348 3932
349 350
349 3641
349 3145
350 2107
350 2104
351 3950
351 2107
351 3076
351 1674
352 3947
352 353
352 3124
353 2623
353 3952
353 4037
354 2091
354 4562
354 2090
355 3118
355 2619
355 1665
356 1676
356 4817
356 4797
357 358
357 359
357 3184
358 3184
358 3751
359 3188
359 361
360 4269
360 3185
360 4272
361 4270
361 3182
362 363
362 3188
362 3187
363 3079
363 3187
364 3940
364 3077
365 367
365 3145
365 559
366 559
366 368
366 367
367 2657
368 3091
368 560
369 370
369 3092
369 3084
371 2986
371 1164
371 2912
372 1631
373 374
373 1631
374 484
374 1631
375 6227
375 5950
375 5100
376 377
376 6227
376 398
377 378
377 398
377 5128
378 6074
378 379
379 443
379 380
380 4975
380 387
380 1400
381 5951
381 2150
381 5128
382 1690
382 399
382 386
383 384
383 388
383 1690
384 385
384 1399
385 387
385 386
386 387
388 402
388 389
388 397
389 405
389 403
390 1934
390 391
390 405
391 409
391 392
392 410
392 393
393 394
393 411
394 442
394 395
395 5531
395 6364
396 6366
396 6364
396 1918
397 1399
397 403
398 399
399 408
400 401
401 402
401 407
402 406
403 404
405 1934
406 407
406 1690
407 408
408 415
410 413
410 412
411 412
411 442
412 413
413 414
414 5529
414 437
415 416
415 422
416 417
416 5100
417 6230
417 419
418 420
418 6230
418 422
419 420
419 3878
420 423
421 422
423 4347
423 4343
424 1665
424 4583
424 3114
425 2709
425 427
425 426
425 6302
426 6302
426 2712
427 4708
427 3191
428 638
428 3054
428 4711
429 3010
429 2702
429 3002
430 5059
430 3332
430 5060
431 3842
431 5540
431 3005
432 3206
432 3479
432 3480
433 2783
433 3479
433 3834
434 2777
434 4296
434 2771
435 4001
435 4006
435 5802
436 4293
436 4288
436 4287
437 438
437 4164
438 6355
438 440
439 5699
439 6354
439 2919
441 5529
441 5531
441 442
443 5952
443 6074
444 1369
445 1368
446 1932
446 447
446 493
447 1400
447 1931
448 965
448 449
449 963
449 964
450 964
450 1093
450 451
451 452
451 5450
452 5451
452 453
453 2186
453 965
454 1391
454 1389
454 1430
454 2186
455 1389
455 456
456 1390
456 3237
457 1391
457 1765
457 1390
457 1424
458 972
458 5452
458 973
459 1593
459 2991
459 1345
460 1662
460 461
461 2510
462 1532
462 1655
463 5280
464 1022
465 5122
465 545
466 3574
466 3571
466 3573
467 1542
467 1435
467 4060
468 4338
468 539
468 4362
469 470
469 6274
469 6439
470 2574
470 6442
471 6406
471 479
471 6395
471 6393
471 6366
472 2913
472 6394
472 6395
473 474
473 1918
473 3516
474 476
474 475
475 1918
475 2805
475 476
476 5783
477 5180
477 5697
477 3882
477 3880
478 479
478 2919
479 6394
480 5695
480 481
480 2914
481 482
481 486
481 483
482 485
482 484
483 4521
484 2949
485 486
486 6136
487 3375
487 543
487 4522
488 6368
488 2800
488 3046
489 3787
489 508
489 2187
489 4459
490 3914
490 493
490 1932
491 2149
491 3771
491 3914
492 494
492 493
492 512
493 495
494 495
495 2820
496 2812
496 4126
496 2810
497 4112
497 4130
497 5775
497 4106
498 998
498 2800
498 2803
499 4605
499 500
499 507
500 507
500 1514
501 6073
501 1513
501 510
502 506
502 509
502 1501
502 6073
503 4051
503 4050
503 509
504 505
504 4050
505 3386
505 6215
505 6178
506 2389
506 5279
506 3386
507 511
508 2147
508 1341
509 1341
510 1340
510 3409
510 1514
511 1514
511 3409
512 513
513 2686
514 2184
514 966
514 1765
515 516
515 5541
515 739
515 741
516 2756
517 520
517 743
517 518
518 5051
518 742
519 2843
519 739
519 741
520 741
520 743
521 5073
521 5068
521 5070
522 743
522 5050
522 5541
523 524
523 2576
523 525
524 5940
524 1122
525 6119
525 6120
526 5721
526 746
526 744
527 745
527 1051
527 746
528 5750
528 4156
528 529
529 994
529 5937
530 994
530 5907
531 5937
532 1402
533 880
533 534
535 2780
535 2999
535 3206
536 2164
537 1417
537 5675
537 655
537 1581
538 1136
538 1012
538 5675
539 677
539 672
539 4351
539 4352
539 3387
539 4349
539 4350
540 6435
540 2895
540 1229
541 542
541 4170
541 1625
542 1623
542 1618
543 2953
544 2566
544 2952
544 3410
545 546
546 550
546 5025
547 550
547 548
547 848
548 848
548 2905
549 2905
549 551
549 2904
550 916
551 552
551 2907
552 553
552 2904
552 2906
553 2904
553 1867
554 1649
554 2735
554 555
555 6168
556 1884
556 6168
556 3212
557 1848
557 1865
557 1826
558 5015
558 1825
558 1827
559 3144
561 2597
561 3461
562 2127
562 782
563 2129
564 565
564 2127
565 2127
566 6312
566 2937
567 3974
567 2765
567 3968
568 569
569 1992
569 3972
569 5259
570 2498
570 6120
570 5723
571 1090
571 1730
572 962
572 2849
572 1580
573 574
573 990
573 5372
573 2875
574 576
574 577
575 701
575 707
575 576
576 577
577 2877
578 2877
578 579
578 707
579 2563
579 707
580 6103
580 5691
580 6104
581 2354
581 6103
581 4531
582 583
582 4531
582 588
583 4524
583 2354
584 585
584 4154
584 4524
585 586
585 4533
586 587
586 4534
587 588
587 6407
588 3039
589 5876
589 5873
590 1088
590 6268
591 1367
591 1605
591 592
592 5927
592 1605
593 5931
594 2891
594 595
595 5811
596 4523
596 1653
597 3416
597 5119
597 3420
598 6071
598 3881
598 5558
598 5121
599 5536
599 1957
599 5382
600 1433
600 1434
601 1371
602 6065
602 3340
602 3041
602 4799
603 604
603 606
604 3135
604 606
605 638
605 606
607 3543
607 610
608 2755
608 609
609 610
611 612
612 1709
612 1710
613 3596
613 2997
613 3594
614 615
614 4829
614 4855
615 4845
615 6077
616 3191
616 3458
616 3796
617 4821
617 5508
617 4820
618 6020
618 3044
618 5103
619 6019
619 2717
619 620
620 623
620 621
621 622
621 3284
624 625
624 5116
624 2715
625 4856
625 4831
626 3652
626 3203
626 4856
627 4829
627 3062
627 3276
628 4924
628 629
628 4211
629 3748
629 630
630 631
631 4763
631 3242
632 3241
632 3160
632 3242
633 1094
633 4763
633 3277
634 635
635 636
636 637
636 5431
637 3315
638 3540
639 3748
640 642
640 641
642 643
642 3192
644 645
644 3851
644 3019
645 646
645 785
646 647
646 3840
647 785
647 2132
648 3019
648 793
648 785
649 786
649 3547
649 2132
650 3017
650 2135
650 3013
651 3124
651 5433
651 5435
651 6457
652 6172
652 1067
652 6037
653 1226
653 1007
653 1005
653 1413
654 1364
654 1363
654 3777
655 1045
655 1048
656 3425
656 5676
656 5677
656 4952
657 6039
657 4047
657 3408
657 3423
658 660
658 4952
658 659
659 663
659 3425
660 6432
660 1337
661 5678
661 5956
661 1338
661 662
662 5852
662 4047
663 664
663 2330
664 5837
664 666
665 666
665 4057
666 6285
667 1431
667 6284
667 6285
668 678
668 674
668 677
669 4090
669 4091
669 671
670 6040
670 4096
670 4092
671 4060
672 673
672 1542
673 674
673 4091
674 675
675 6041
675 5288
675 679
676 677
676 680
676 678
678 679
679 6042
679 681
680 5226
680 681
681 6043
681 997
682 6351
682 4965
682 6274
683 684
683 688
683 4400
683 687
684 1544
684 685
685 686
685 1544
686 696
686 6092
687 697
687 695
688 689
688 691
689 6204
689 690
690 691
690 4185
691 697
692 3361
692 697
693 3370
693 3366
693 696
693 3369
694 3370
694 695
694 5765
695 696
698 2879
698 989
699 2849
699 702
700 6235
700 1660
700 2849
700 2878
701 2375
701 2355
701 6235
703 747
703 5710
704 5710
704 2683
704 747
705 706
705 2346
706 1716
708 3233
708 3468
708 5412
709 4704
710 5701
710 2566
710 5702
711 6307
712 1692
712 1693
712 1694
713 4306
713 2994
713 4305
714 715
714 717
714 757
715 4161
715 5898
716 4158
716 2931
716 5898
717 757
717 2930
718 1683
718 4571
718 1684
719 1764
719 5872
720 4613
720 1080
720 1075
721 722
721 774
721 2154
723 2155
723 774
723 3989
724 784
725 2989
725 5524
725 726
726 1117
727 728
727 4301
728 3795
729 5906
729 730
729 5937
730 5908
730 1722
731 6303
731 5752
731 1721
732 733
732 5904
732 2239
733 736
733 2467
733 5468
733 737
734 738
734 735
735 1118
735 5491
736 5491
736 737
737 2468
738 2468
739 4160
739 740
740 4159
740 5751
742 749
742 2843
744 2854
744 745
745 1052
746 2856
747 2855
748 941
748 5236
749 5796
749 2843
750 751
750 754
750 755
751 5444
751 752
752 756
752 753
753 754
753 756
754 755
755 5797
756 5479
757 5478
758 2930
758 844
758 2931
760 6350
760 2173
760 3643
761 6350
761 762
761 2172
762 763
762 1636
763 764
763 1638
764 765
764 2387
765 766
765 1640
766 767
766 2845
767 1959
767 1958
768 770
769 4537
770 771
771 772
771 773
774 2695
775 1077
775 1075
776 779
776 6434
776 2524
776 777
777 1466
777 778
778 780
778 779
779 6434
780 1986
780 3987
781 3934
782 2125
783 4538
783 3666
784 1117
785 786
786 3845
786 787
787 3197
787 3198
788 908
788 3196
788 3198
789 814
789 790
789 908
790 2767
790 1312
790 3589
791 3021
791 814
791 1313
792 805
792 2146
792 3847
793 2146
793 798
794 3848
794 3847
794 3021
794 3845
795 807
795 796
795 3848
796 1314
796 3590
797 4291
797 798
797 799
798 3020
798 810
799 810
799 3159
800 801
801 802
801 3241
802 3156
802 803
803 804
803 3156
804 804
805 3849
805 810
806 2142
806 4667
806 3849
807 3473
807 3158
808 3158
808 3579
808 3243
809 3243
811 6449
811 5674
811 1313
812 3593
812 5674
812 1697
813 4666
813 3593
813 3587
814 4666
815 1504
815 3996
815 5712
815 5708
816 3997
816 3998
817 818
817 839
817 2328
817 831
818 5539
818 4614
818 2321
819 4000
819 820
819 2324
821 4620
821 823
821 4055
822 4972
822 4971
822 4620
822 4611
823 4052
823 4055
824 2319
824 6325
824 4612
825 4000
825 829
825 2324
825 4615
826 834
826 833
826 3997
826 4615
827 4611
827 2324
827 829
827 2319
828 830
828 838
828 836
829 830
829 3999
830 4618
830 4617
831 1950
831 1949
831 2328
832 5869
832 3998
832 1949
833 5869
833 3998
834 4616
834 835
835 837
835 5869
836 4616
836 837
837 839
838 4614
838 839
840 4238
840 2864
840 4622
841 2864
841 3253
841 5359
842 5457
842 5458
842 1644
843 4303
843 3096
844 5085
844 4303
845 1644
845 3928
845 5360
846 2650
846 4491
846 2042
847 4217
847 4500
847 3648
848 2733
849 1777
849 1871
849 1815
850 5030
850 851
850 853
851 856
851 853
852 857
852 855
852 858
853 854
854 857
854 5029
855 858
855 4903
856 4909
856 4903
857 5035
858 1354
859 860
859 2976
859 1354
860 6109
860 866
861 5838
861 865
861 6114
862 886
862 863
862 864
863 865
863 886
864 875
864 6117
865 6113
866 6117
866 6118
867 6114
867 876
867 6113
868 876
868 873
868 874
869 1936
869 874
869 870
870 1353
870 872
871 877
871 872
871 873
872 877
873 876
874 1935
875 6118
875 5838
877 4662
878 4662
879 880
881 3853
881 5118
882 6421
882 1662
883 1004
883 1691
883 1159
884 4817
884 3133
884 4813
885 5351
885 1886
885 5350
886 6111
887 905
887 5951
888 6209
888 5191
888 6287
889 1942
889 894
889 898
890 892
890 903
890 893
891 899
891 4999
891 1942
892 5127
892 4993
893 896
893 5138
894 902
894 5127
895 1689
895 4996
895 899
896 5139
896 1689
897 5137
897 5132
897 5134
898 902
898 4994
898 4990
899 5001
900 1806
900 1885
900 5000
900 5139
901 4987
901 5136
901 4990
901 902
902 4988
903 904
903 4993
904 1243
904 4018
905 5947
905 2150
906 3577
907 2758
907 908
907 2767
909 3198
910 1616
910 5949
910 5953
910 6090
911 1872
911 1357
912 4146
912 6075
913 4021
914 915
914 917
916 5025
916 4695
917 5839
917 1355
917 5552
918 919
918 1837
918 1825
919 2745
919 2741
920 921
920 2741
920 3991
921 922
921 4508
922 923
922 3217
923 4589
923 1861
924 3020
925 952
925 1511
925 2935
926 2935
926 1911
926 2152
927 928
927 1907
927 1909
928 929
928 3677
929 930
930 1234
930 931
932 2934
932 2152
932 1220
933 2391
933 1148
934 2562
934 2876
934 935
935 2382
935 2367
936 5873
936 2348
936 2373
937 6237
937 3954
938 2188
938 939
939 5240
939 1025
940 957
940 1650
940 3821
942 943
943 944
944 945
945 1607
946 5321
946 948
946 947
947 5035
947 5124
948 951
948 5322
949 950
949 951
949 5299
950 5124
950 5324
951 5305
953 6038
954 955
954 5654
954 5655
954 3674
955 1579
955 956
956 1910
956 6416
957 3820
958 6155
958 5547
958 6157
958 3730
959 1956
959 1951
959 5547
959 6154
960 4053
960 2317
960 2685
961 2685
961 1349
961 1350
961 1951
962 1608
963 3376
963 964
966 6237
966 1426
967 1385
967 968
967 3279
968 3280
968 1604
969 971
969 1724
970 1724
970 2182
971 971
972 2182
972 2908
972 5451
973 2908
974 3658
974 975
974 4377
975 977
975 976
975 4040
976 4040
976 1688
977 4329
977 4367
977 2842
978 979
978 3390
978 980
979 4328
979 4039
979 4327
980 3390
980 981
981 984
981 982
982 988
982 3391
983 2220
983 2212
983 3390
984 2224
984 4039
984 4041
985 2224
985 2232
985 4312
986 987
988 2210
988 1704
989 991
990 1387
992 993
992 5752
992 5753
993 1606
994 6303
995 6221
995 3406
996 6221
996 6048
996 4280
997 1332
997 1609
998 4130
998 4125
998 4110
999 5932
999 4694
1000 1162
1000 5111
1000 3396
1001 1002
1001 1161
1001 5698
1002 1003
1002 5698
1003 1004
1004 5698
1004 1691
1005 1037
1005 6244
1006 1037
1006 1010
1006 1007
1007 1010
1008 1227
1008 1017
1008 1363
1009 1017
1009 1395
1009 6241
1010 1011
1010 1227
1011 1141
1011 1413
1012 1045
1012 1013
1013 1472
1013 1136
1014 1468
1014 1137
1014 1472
1015 1145
1015 2390
1015 1147
1016 1523
1016 1224
1016 1226
1017 1516
1018 1521
1018 1019
1018 1040
1020 1517
1020 1516
1020 1021
1022 3026
1023 6171
1023 2183
1023 2320
1023 6176
1024 2786
1024 2785
1024 1035
1025 1027
1025 1659
1026 2188
1026 2190
1027 1028
1027 1991
1028 1032
1028 1131
1029 1030
1029 1032
1029 1033
1030 1031
1030 1032
1031 3821
1031 5240
1031 5242
1033 1034
1033 1650
1034 1650
1034 1133
1035 5413
1035 1036
1036 1498
1036 1133
1037 1038
1038 5411
1038 6241
1039 6240
1039 1945
1039 6242
1040 1041
1040 1156
1041 1395
1041 1719
1042 6199
1042 1043
1042 1155
1043 1156
1043 1044
1044 1719
1045 1047
1045 5675
1046 6283
1047 1048
1047 6322
1048 6283
1049 2666
1049 2669
1049 2668
1049 2671
1050 5738
1050 5740
1050 1051
1050 1052
1051 5739
1052 5740
1053 1940
1053 3928
1053 1054
1054 2871
1054 3177
1054 4860
1055 2131
1055 2053
1055 2788
1056 2787
1056 2131
1056 1998
1057 3551
1057 1938
1057 5743
1058 3551
1058 2789
1059 1922
1059 1060
1061 1062
1061 4974
1061 1504
1062 1502
1063 3474
1063 5254
1064 1983
1064 4529
1065 1066
1065 6174
1065 1983
1066 6173
1066 4961
1067 6173
1068 1072
1068 1070
1068 5544
1069 1071
1069 1070
1069 1960
1069 4535
1070 1071
1071 1105
1073 1076
1073 1079
1073 2554
1074 1075
1074 5227
1074 1764
1076 1077
1076 1078
1077 1683
1078 1079
1078 1080
1079 1081
1080 1081
1081 6270
1081 2559
1082 2549
1082 2546
1082 2559
1083 1086
1083 6269
1083 2557
1084 2553
1084 6269
1084 1089
1085 2558
1085 1088
1085 6270
1085 2555
1085 6269
1086 1087
1087 2555
1087 6268
1088 2554
1088 2555
1089 2548
1089 2552
1090 1091
1090 1092
1094 1095
1094 1096
1097 2348
1098 1099
1098 1105
1099 1105
1099 3477
1100 3205
1100 1101
1100 3477
1101 1102
1101 6245
1102 1106
1102 5099
1103 5542
1103 1104
1103 5099
1104 1106
1107 1108
1107 4463
1107 1109
1108 1109
1108 1110
1109 3170
1110 1111
1110 6437
1111 1112
1111 1617
1112 1617
1112 6437
1112 1590
1113 1583
1113 4463
1113 3415
1114 3427
1115 1167
1116 5832
1118 5465
1118 5466
1118 5495
1119 1120
1119 1970
1119 5895
1120 5471
1120 2247
1121 2247
1121 2249
1121 5685
1122 3444
1123 1947
1123 1500
1123 1128
1124 1128
1124 1125
1124 1127
1125 1126
1125 5818
1128 1129
1129 1130
1129 1135
1130 1657
1130 1947
1131 1132
1131 1658
1132 1135
1132 1133
1134 1135
1136 1414
1138 1476
1138 1139
1139 1143
1139 1221
1139 1140
1140 1222
1140 3779
1141 3779
1141 1363
1142 1143
1142 1146
1142 1468
1143 1144
1143 1221
1144 1145
1144 1221
1145 1146
1146 1147
1146 1150
1147 1148
1148 1149
1149 1150
1149 1582
1150 6322
1151 1153
1151 1152
1151 5378
1151 3779
1152 1153
1152 1486
1153 1486
1153 1154
1154 5378
1154 1486
1155 1364
1155 1417
1156 1157
1158 5115
1159 5283
1159 5700
1160 5283
1161 5111
1161 1162
1162 4933
1163 4933
1163 5052
1165 2726
1166 2992
1167 2276
1168 2275
1169 1276
1169 1170
1169 1507
1169 5816
1170 1175
1170 1174
1171 1172
1171 1506
1171 1175
1172 3818
1172 5076
1173 1185
1173 2274
1173 1188
1174 2274
1174 5238
1175 2273
1175 1505
1176 5945
1176 1177
1176 5946
1177 1180
1177 5658
1178 5946
1178 1179
1178 5811
1179 5945
1179 1180
1180 5657
1181 2264
1181 1231
1181 5816
1182 1183
1182 2942
1182 2261
1183 1231
1183 2259
1183 1184
1184 1276
1184 1185
1185 1186
1185 1276
1186 1187
1186 1190
1187 1188
1187 1189
1188 2271
1188 2279
1189 1190
1191 2258
1192 1193
1192 2263
1192 2266
1193 2941
1193 3249
1194 2263
1194 2260
1194 2693
1194 2258
1195 2693
1196 1198
1196 1197
1196 1200
1197 3235
1198 1199
1198 1964
1199 1200
1199 2898
1200 2894
1201 4134
1201 1207
1201 5250
1201 1405
1202 1205
1202 1203
1202 5250
1203 1409
1203 1204
1203 6145
1204 1205
1204 1408
1204 1406
1205 1407
1205 4136
1206 1404
1206 1207
1206 1208
1207 1208
1208 1403
1209 2090
1209 3347
1209 5846
1210 3247
1210 6419
1210 1211
1211 1212
1211 1213
1212 1215
1212 1213
1213 3812
1213 1215
1214 4563
1214 1292
1214 6312
1215 2937
1216 1217
1216 1292
1216 1220
1217 1218
1217 1219
1219 1220
1219 2393
1223 3779
1224 1225
1224 6324
1225 1226
1225 6323
1227 1228
1229 1229
1230 2942
1230 5815
1230 2264
1231 1276
1232 1232
1233 6317
1233 6316
1233 3279
1234 1910
1234 6317
1235 1384
1235 6416
1235 2765
1236 1254
1236 1237
1237 1238
1238 1240
1239 1898
1239 1269
1239 1902
1241 5129
1242 5913
1243 1247
1243 1246
1244 1251
1244 1766
1244 1250
1245 4701
1245 1252
1247 1248
1247 5007
1248 1249
1248 4011
1249 3732
1251 4701
1251 4014
1253 1254
1253 4007
1253 4010
1254 4009
1255 1256
1256 1257
1256 1263
1256 4700
1257 1258
1257 1264
1258 1262
1258 1259
1259 4007
1259 4008
1260 1261
1260 4010
1260 4193
1265 4008
1266 3371
1266 2728
1266 3569
1267 2972
1267 3700
1267 1268
1268 6110
1268 5038
1268 6112
1269 6205
1270 5562
1270 1271
1270 2796
1271 5563
1271 2798
1272 4385
1272 4384
1272 4331
1274 3668
1274 6127
1274 6034
1275 6299
1275 2279
1275 3249
1277 2194
1277 3956
1277 2550
1278 5704
1278 3956
1278 3957
1279 1727
1279 1726
1279 3955
1280 1281
1281 2910
1282 6072
1282 5121
1283 1284
1283 5119
1283 4143
1284 6072
1284 4140
1285 5592
1285 4140
1285 1286
1286 1625
1286 4142
1287 4464
1287 5253
1288 1426
1288 1289
1288 2400
1290 2186
1290 2399
1290 1430
1291 5558
1291 3638
1291 3881
1292 1511
1293 5258
1294 4285
1294 4300
1294 4299
1295 3503
1295 5264
1295 4282
1296 5232
1296 3507
1296 1299
1296 1325
1297 5232
1297 1298
1297 1299
1299 1300
1300 2768
1300 1303
1301 1302
1301 4294
1301 4295
1302 3231
1302 3230
1303 1696
1303 1310
1304 4686
1304 1318
1304 1310
1305 1306
1305 1308
1305 1315
1306 1307
1307 1709
1308 1315
1308 1309
1310 1696
1311 6422
1311 1312
1311 1696
1312 6422
1313 1314
1313 4666
1314 6449
1315 1316
1316 3038
1316 1318
1317 3482
1317 1319
1317 4304
1318 3038
1319 5230
1319 1700
1320 5223
1320 5224
1320 6047
1321 2339
1321 3599
1321 5798
1321 3600
1321 6029
1321 6030
1322 6000
1322 3852
1323 2183
1323 3995
1323 2337
1324 3669
1324 3996
1324 5536
1325 5229
1325 5230
1326 1335
1326 1333
1327 1328
1327 1334
1327 1612
1328 1329
1328 1334
1329 1609
1329 1331
1330 1610
1330 1331
1330 1995
1331 1332
1331 1333
1332 5849
1332 1609
1333 1335
1333 1610
1334 1612
1334 1335
1336 4506
1337 2687
1337 1338
1338 2688
1339 3958
1339 1725
1340 4105
1340 4108
1340 2504
1341 3045
1342 4969
1342 2509
1343 1344
1343 3442
1343 4933
1344 1345
1344 5058
1345 5056
1345 4462
1346 4383
1346 5112
1346 3638
1347 4364
1347 4325
1347 4310
1348 4133
1348 6178
1349 1954
1349 5957
1349 2317
1350 2686
1350 1951
1351 6446
1352 4664
1352 1353
1352 5640
1353 1936
1353 3654
1354 6109
1355 4152
1355 1356
1356 1357
1356 2733
1357 1358
1358 1361
1358 1791
1359 4016
1359 5007
1359 1780
1360 1805
1360 1780
1360 1772
1360 1771
1361 1839
1361 1869
1362 1815
1364 3777
1365 2569
1366 2153
1366 4922
1366 2911
1367 5931
1367 3884
1368 3918
1369 3468
1370 2850
1370 1371
1371 4063
1372 4927
1372 2988
1372 1373
1372 1598
1373 2535
1373 4926
1373 2531
1374 1601
1374 2542
1374 5501
1375 1376
1375 3818
1375 4277
1376 1377
1376 2761
1377 2766
1377 1378
1378 1379
1378 2270
1379 1380
1379 1381
1379 5284
1380 1381
1380 2766
1381 1382
1382 5286
1382 1383
1383 2763
1383 5077
1384 6419
1384 5077
1386 2523
1386 2529
1386 3980
1387 1388
1387 3468
1389 1390
1391 1392
1392 2601
1392 1765
1392 2404
1393 4603
1394 4506
1394 1694
1394 1693
1395 1695
1396 1904
1396 1739
1397 5914
1397 4929
1397 1539
1398 5329
1398 3736
1398 6254
1399 1400
1401 6161
1401 1965
1401 2160
1402 5718
1402 5720
1403 1404
1404 1407
1405 1754
1406 1407
1408 1409
1410 1528
1410 6145
1411 1412
1412 3402
1413 6323
1414 1487
1414 1415
1415 3777
1415 1416
1416 1417
1416 5675
1418 1419
1419 5455
1419 2167
1420 1817
1421 1425
1422 1765
1423 2601
1425 2600
1425 2398
1426 1428
1427 1428
1428 2408
1429 1430
1430 2404
1431 1432
1433 4069
1433 1434
1435 2850
1436 1438
1436 4897
1437 1686
1437 1685
1437 1687
1438 1712
1438 1715
1439 1686
1439 4211
1440 3451
1440 1441
1440 5846
1441 1447
1441 1444
1442 1448
1443 4176
1443 4562
1443 3451
1444 1445
1444 1448
1445 1461
1445 2089
1446 3451
1446 1462
1446 1447
1447 1455
1448 1456
1449 1453
1449 1452
1449 1458
1450 2634
1450 3086
1450 1451
1451 1453
1451 1452
1452 1454
1453 1461
1456 1460
1456 1457
1458 1460
1458 1459
1460 2089
1461 2089
1461 3052
1463 1464
1463 4635
1463 2207
1464 1465
1464 3269
1465 3955
1465 2581
1466 5832
1466 1984
1467 4661
1467 1481
1467 1488
1468 1475
1469 1470
1469 1474
1469 1473
1470 1471
1470 1473
1471 1472
1471 1475
1473 1474
1474 1475
1476 1477
1478 1493
1478 5935
1479 2393
1479 6313
1479 1480
1480 3816
1481 1497
1481 3816
1481 6313
1482 4519
1483 1528
1485 1530
1485 2158
1488 2939
1488 6146
1489 6148
1489 1652
1490 1491
1490 5935
1490 1527
1491 1492
1491 1493
1492 3800
1492 1823
1493 4659
1494 5720
1494 6460
1494 2872
1495 5763
1497 1990
1497 3815
1497 4517
1498 1921
1499 1500
1500 2786
1501 3045
1501 2560
1502 6201
1502 5712
1502 6034
1503 1504
1505 1507
1505 1506
1506 2726
1507 1508
1508 1654
1508 2726
1509 5282
1509 1510
1510 5052
1510 5281
1511 1512
1513 3409
1513 2389
1515 1516
1517 1518
1517 1519
1519 1521
1519 1520
1521 1522
1524 6324
1525 6240
1526 6242
1526 5190
1526 6243
1527 2192
1528 1529
1529 2892
1529 3235
1530 3819
1533 2533
1533 6185
1534 1662
1534 3662
1534 4574
1534 3663
1535 2982
1535 1718
1535 1717
1536 1601
1536 2530
1536 2531
1537 1538
1537 2522
1537 3250
1538 5654
1539 6134
1540 2541
1540 2523
1540 5503
1541 1542
1541 1541
1543 6440
1543 6415
1543 6275
1544 5634
1545 5522
1545 5277
1545 5603
1546 1547
1547 1556
1547 5277
1548 5611
1548 1549
1548 1550
1549 1550
1549 1559
1550 1572
1551 1552
1552 1572
1552 1560
1553 1560
1553 4681
1553 1556
1554 1555
1554 4679
1555 4681
1556 4674
1557 1558
1558 1886
1558 4894
1559 4678
1559 4670
1560 1561
1561 1562
1561 1576
1561 1575
1562 1563
1562 1565
1563 1564
1563 1568
1563 1567
1564 5616
1564 5613
1565 1569
1565 1568
1566 6448
1568 1573
1570 1571
1571 1572
1571 1577
1571 1578
1574 5615
1579 3280
1579 3281
1580 1608
1580 1660
1583 1584
1584 1585
1585 1586
1585 4463
1587 1590
1587 1588
1587 1592
1588 1589
1588 3169
1590 1591
1592 6437
1592 3169
1593 1595
1593 3959
1594 1596
1594 1595
1594 3251
1595 3960
1596 1717
1596 1597
1597 1598
1597 4925
1598 2818
1598 1717
1599 2534
1599 2535
1599 2539
1600 2764
1600 2534
1600 2543
1601 2531
1601 1602
1602 1603
1602 2764
1602 2790
1603 3967
1603 5260
1605 3393
1606 4155
1606 5753
1607 5751
1607 4156
1608 3376
1608 1729
1611 1612
1613 1615
1613 1614
1614 1615
1614 6091
1616 6287
1616 4145
1617 3415
1618 1622
1618 1619
1620 1621
1621 5189
1621 5187
1622 1623
1622 5187
1623 5694
1624 4141
1624 4143
1624 3832
1624 4144
1625 4141
1626 2068
1626 2165
1626 1628
1627 1628
1627 3377
1628 1629
1628 3377
1629 1630
1629 3825
1632 4534
1632 2285
1632 4533
1633 2286
1633 2285
1633 6197
1633 1821
1634 6123
1634 2286
1634 2173
1635 1636
1636 2387
1637 2282
1637 5542
1637 2387
1639 1641
1639 1640
1639 2848
1640 2846
1642 2772
1642 1643
1644 3776
1645 3778
1645 4306
1645 4302
1645 5198
1646 4304
1646 4302
1646 4301
1646 4306
1647 1648
1647 5871
1648 1879
1648 3554
1649 1859
1649 3221
1651 6146
1652 6300
1652 1820
1653 2568
1653 1654
1653 4523
1655 5659
1655 5944
1656 2161
1656 5413
1657 2191
1660 3376
1663 3766
1663 6166
1664 2294
1665 3353
1665 4177
1666 1673
1666 1667
1666 1671
1667 1668
1667 3745
1668 1669
1669 1672
1669 5437
1670 1674
1670 1671
1670 5925
1671 1674
1672 5438
1672 5403
1672 6452
1673 1674
1675 4955
1675 5438
1675 5925
1675 6454
1676 3316
1677 1678
1677 4941
1677 5806
1678 5220
1678 2602
1679 3047
1679 4885
1679 3305
1680 4556
1680 3798
1680 3431
1680 4552
1681 4546
1681 3797
1681 4558
1683 1684
1684 2573
1685 1687
1685 1715
1686 4211
1687 2996
1688 2842
1689 5000
1691 4707
1692 1763
1692 1694
1695 1763
1697 3584
1697 3589
1698 6449
1698 1699
1698 2753
1699 6449
1699 3590
1700 3855
1700 1701
1701 5231
1701 5268
1701 5269
1702 4379
1702 3853
1702 5269
1703 2215
1703 4379
1703 4376
1704 2215
1704 4041
1705 4376
1705 1706
1705 2210
1706 4376
1706 6429
1707 6205
1707 4020
1708 1926
1708 1923
1709 1710
1710 2997
1711 4897
1711 4896
1712 1715
1712 3762
1713 1968
1713 5685
1714 5470
1714 2473
1714 1968
1714 5471
1717 1731
1718 1731
1718 2985
1720 2295
1721 1722
1721 2453
1722 5907
1722 5906
1723 3234
1723 3236
1723 6319
1724 6319
1725 2567
1726 1727
1726 5704
1727 1728
1729 3376
1729 1730
1730 3376
1731 2991
1732 3383
1732 6393
1733 3886
1733 1736
1734 2570
1735 2290
1735 2571
1735 6190
1736 2570
1736 1737
1738 6189
1739 1756
1740 6142
1740 6144
1741 1749
1741 1742
1741 1743
1742 5823
1742 1755
1743 4274
1744 4275
1745 6162
1745 4633
1746 4276
1747 1822
1747 2940
1748 4658
1750 4274
1751 4657
1751 1753
1751 1754
1752 2895
1752 2896
1752 6148
1753 2897
1755 3555
1756 6141
1757 2495
1757 1759
1757 6027
1758 1935
1758 6266
1758 1936
1759 6266
1759 2492
1760 5271
1760 5309
1761 2490
1762 4155
1764 2154
1764 2155
1766 1788
1766 4016
1767 1791
1767 1805
1767 1783
1768 1773
1768 1783
1768 1772
1769 1914
1769 1807
1769 1915
1770 1801
1770 4991
1770 4992
1771 4013
1771 2422
1772 1803
1774 4187
1775 1844
1775 1778
1775 1784
1776 4013
1777 1807
1777 1916
1778 2728
1778 1785
1779 1792
1780 5008
1781 5008
1782 1792
1783 1790
1784 2731
1784 3790
1785 1795
1785 4991
1786 1787
1786 1799
1786 5021
1786 3371
1787 3365
1787 3372
1789 3566
1789 6253
1789 5021
1790 2729
1790 2730
1791 1793
1792 1797
1794 1797
1795 1844
1795 1796
1797 1804
1797 1807
1798 4999
1798 3569
1798 1801
1799 3360
1799 5765
1800 4992
1801 4996
1801 5001
1802 5140
1805 2422
1806 5140
1806 5138
1806 5139
1808 1810
1809 1811
1809 1814
1809 1810
1810 2901
1812 1813
1812 5009
1815 2901
1816 3379
1816 4178
1816 3421
1818 3808
1818 5553
1819 5253
1819 6244
1819 5936
1820 6301
1821 2285
1821 4565
1822 6301
1822 6151
1823 3800
1823 1824
1824 5936
1825 3214
1826 2739
1826 1884
1827 1876
1827 1874
1828 5643
1828 5443
1828 2443
1828 5902
1829 6231
1829 1859
1829 1856
1830 1836
1831 1862
1831 1869
1832 3209
1832 3211
1832 1853
1833 1835
1834 1890
1835 1860
1835 1875
1836 1838
1836 1851
1837 4589
1837 1850
1838 5015
1839 1872
1839 1847
1840 5593
1841 1846
1842 1845
1842 6263
1842 1881
1843 1846
1843 1876
1844 4188
1845 1875
1845 1860
1846 1876
1848 1880
1848 1860
1849 1869
1852 5010
1852 1864
1852 1865
1853 2735
1853 1867
1854 1890
1854 1885
1854 1873
1855 1872
1857 1863
1857 1857
1858 1883
1859 3222
1861 6231
1861 6233
1863 1867
1863 3209
1864 1882
1864 1874
1865 5593
1866 1884
1868 4590
1868 6263
1868 1875
1870 3209
1870 5594
1870 3208
1871 2902
1871 2733
1873 1894
1873 4188
1874 5011
1877 4590
1878 3723
1878 2590
1878 2591
1879 3993
1879 5009
1881 3214
1881 2742
1885 2729
1886 3694
1887 1900
1888 1901
1888 1894
1888 4189
1889 4189
1890 1893
1891 1901
1892 3694
1892 3695
1894 1895
1895 1900
1895 2966
1896 1903
1896 1897
1896 1900
1899 3784
1899 4685
1899 3698
1901 2588
1902 4033
1902 4018
1904 3219
1905 5661
1906 1910
1907 3690
1907 1911
1908 1911
1911 3675
1912 5749
1913 1916
1914 5162
1914 1915
1915 2422
1916 1917
1919 5781
1919 5780
1919 1920
1919 6367
1920 2187
1920 5779
1921 5278
1921 1922
1921 6236
1924 5039
1924 1929
1925 6096
1925 5335
1925 1981
1926 3208
1926 1927
1928 5339
1930 1934
1932 3807
1933 3807
1935 6115
1935 1936
1937 5797
1937 5796
1937 1941
1938 2575
1938 5940
1939 2049
1939 1941
1939 3549
1940 2049
1940 2048
1941 2062
1942 4994
1943 5003
1943 3575
1944 5832
1945 1946
1945 6242
1946 5242
1946 3820
1947 1948
1949 1950
1950 3731
1951 1956
1951 1954
1951 2687
1952 6171
1952 1957
1952 5387
1953 4984
1953 2880
1954 1955
1955 5957
1956 2688
1957 3669
1957 5380
1958 1959
1958 1960
1959 1962
1960 4535
1961 4535
1961 1962
1961 4536
1962 4536
1963 2370
1963 2557
1964 2898
1964 4657
1965 1966
1965 6238
1966 2346
1966 6238
1966 6161
1967 6408
1969 5645
1969 1972
1969 5647
1970 1971
1971 5891
1971 2434
1972 5642
1972 5646
1972 6060
1973 5500
1973 1974
1973 5889
1973 5646
1974 5473
1974 5645
1975 5648
1975 5902
1975 4161
1976 5889
1976 5896
1976 5500
1977 6060
1978 5788
1979 2156
1980 2156
1981 2751
1982 1983
1985 1989
1985 2885
1985 1988
1986 1988
1987 1989
1987 5280
1987 5282
1988 1989
1993 1994
1994 5239
1995 5803
1995 5849
1995 4281
1996 1997
1997 2000
1997 1999
1998 1999
1998 3552
1999 2001
2000 3552
2000 2002
2001 4768
2001 6133
2002 4939
2002 4597
2003 4939
2003 2014
2003 3743
2004 2007
2004 4494
2004 2020
2005 2014
2005 4766
2006 2008
2006 2007
2006 2015
2007 2009
2010 3741
2010 3743
2010 3740
2011 4943
2012 2013
2012 2018
2012 2022
2013 3741
2013 2661
2015 2016
2015 2023
2015 5800
2016 4480
2016 5653
2017 5653
2018 3180
2018 4940
2019 2020
2019 3254
2019 2038
2020 3180
2021 2661
2022 2661
2022 4943
2023 4495
2023 2026
2023 3183
2024 2030
2024 2025
2024 3897
2025 2026
2025 3896
2026 4491
2027 3752
2027 4206
2027 4205
2028 3752
2028 2029
2028 2030
2029 2040
2029 2037
2030 2039
2031 2036
2031 3751
2031 4491
2032 3751
2032 2650
2032 2652
2033 2034
2034 2035
2034 3176
2035 2055
2035 2037
2036 2036
2037 5883
2038 3257
2038 3178
2039 3257
2039 4205
2040 2044
2040 2041
2042 2044
2042 2043
2044 2045
2045 3648
2045 3646
2046 2047
2046 4258
2046 4501
2049 2050
2051 5666
2051 2054
2051 3895
2052 5662
2052 5666
2052 5663
2053 3177
2053 5662
2054 3891
2054 5714
2056 2885
2057 2060
2057 5883
2057 2059
2058 4235
2058 2059
2058 2060
2059 3648
2060 5884
2061 4861
2063 3874
2063 4235
2063 2867
2064 3776
2065 2068
2065 2069
2066 3398
2066 2069
2066 2068
2067 2070
2067 6024
2069 3401
2071 3334
2071 2162
2071 2072
2072 3823
2072 2165
2073 2074
2074 2075
2074 4578
2075 2086
2075 2078
2076 2079
2077 4588
2077 3358
2078 4585
2078 2082
2079 2081
2079 2080
2080 4770
2080 3356
2083 4688
2083 4689
2084 2085
2085 2945
2086 4576
2086 4542
2087 2088
2087 4542
2087 4543
2090 2091
2091 3128
2092 3144
2092 3148
2092 2096
2093 2094
2093 3091
2093 3085
2093 4210
2094 3088
2094 3090
2095 4478
2095 4496
2095 2595
2096 2097
2096 4204
2097 4201
2097 4197
2098 2111
2098 2100
2098 2108
2099 2100
2100 2105
2101 3641
2101 3940
2101 3935
2102 2104
2103 2104
2105 2106
2105 2107
2105 2109
2108 3076
2108 2110
2112 2114
2112 2119
2112 2118
2112 2126
2113 2119
2113 2118
2113 3753
2113 2122
2115 2125
2115 3464
2115 5800
2116 5800
2116 4480
2116 4482
2117 3462
2117 2122
2117 2123
2118 2126
2120 4483
2120 3919
2120 2121
2122 2123
2123 3642
2124 3935
2125 2660
2126 3934
2128 2130
2129 5652
2130 2662
2131 6261
2132 2134
2133 3835
2133 3837
2133 3836
2135 3014
2135 2140
2136 3226
2136 4846
2136 4857
2137 2775
2137 6422
2137 3231
2138 2775
2139 2140
2139 3014
2139 4621
2140 3013
2141 2142
2142 2143
2142 3160
2143 2144
2143 3159
2145 3837
2146 3845
2147 4051
2148 3787
2148 3786
2149 2820
2149 3905
2150 5191
2151 5912
2151 6213
2152 2936
2154 2695
2155 2695
2155 5872
2156 2159
2156 2157
2157 2161
2157 4472
2159 3819
2160 4632
2160 2310
2161 5415
2162 4178
2162 3381
2163 6026
2163 3334
2163 2165
2164 3207
2167 3411
2167 3412
2168 6307
2169 2175
2169 4601
2169 2844
2170 2171
2170 2174
2170 2175
2173 6123
2174 2177
2174 3643
2175 2176
2178 2844
2179 2181
2179 2844
2179 2180
2182 2412
2183 2338
2183 3995
2184 2185
2185 3236
2185 4103
2187 6367
2188 2189
2193 2580
2193 6178
2193 2201
2193 2205
2194 3546
2194 6177
2195 2198
2195 2203
2195 2578
2196 2199
2196 2197
2196 2581
2197 2202
2197 2204
2198 2202
2198 3546
2199 2204
2199 2205
2200 2203
2200 2201
2200 3546
2201 2579
2202 2578
2203 2579
2204 2580
2205 2580
2206 2207
2206 6181
2207 6180
2207 6179
2208 2209
2208 6167
2208 6185
2209 6181
2210 3391
2211 2219
2211 2218
2211 2213
2212 2213
2213 2219
2214 2221
2215 6218
2216 2224
2216 4039
2217 2226
2217 2234
2217 2230
2218 2234
2218 2226
2219 2220
2219 2226
2220 3391
2221 6218
2221 4370
2222 2231
2222 2225
2222 2334
2223 4041
2223 2232
2225 2228
2225 2230
2227 2228
2227 2230
2227 2234
2228 2231
2229 2229
2229 2574
2231 2334
2233 2235
2235 2238
2235 2385
2236 2384
2236 2385
2236 4313
2237 2238
2237 2384
2237 4368
2238 3858
2238 4374
2239 5904
2239 5469
2240 2840
2240 5905
2240 5680
2241 2447
2241 2828
2241 2824
2242 2821
2242 2825
2242 2447
2243 5960
2244 2251
2244 5904
2244 5908
2245 2442
2245 2248
2245 5683
2246 2383
2247 5894
2248 5461
2248 5905
2249 2861
2249 2455
2250 5680
2250 5681
2250 2577
2251 5685
2251 2577
2251 2473
2252 2860
2252 2836
2252 2833
2252 2832
2253 2826
2253 2833
2253 2256
2254 2488
2255 2488
2255 5080
2255 4158
2256 2835
2256 2436
2257 2860
2258 2260
2260 2262
2262 2693
2262 2268
2263 2694
2264 5817
2265 2266
2266 2690
2267 2689
2270 4278
2270 4277
2270 5284
2271 2274
2271 2272
2273 5238
2273 5076
2275 2276
2275 3469
2276 5833
2276 6165
2277 2928
2277 2294
2278 2279
2280 6272
2281 3040
2281 6273
2282 2287
2283 3171
2284 6249
2284 2841
2284 6247
2286 6197
2287 6321
2288 2289
2288 4085
2289 2851
2290 2570
2290 6191
2291 5251
2291 3452
2292 2293
2293 2927
2293 4526
2293 4207
2294 2295
2294 6184
2294 4528
2296 2300
2296 2297
2296 2302
2297 2298
2297 4296
2298 4296
2298 3702
2298 3240
2299 2302
2299 2303
2299 2307
2300 2304
2300 2301
2302 2309
2305 4147
2305 3475
2305 3501
2306 3443
2306 2308
2306 3749
2308 5650
2309 3502
2309 3719
2310 6294
2310 2311
2311 2582
2312 3883
2313 2314
2313 3883
2313 2582
2314 3883
2314 2582
2315 2327
2315 2326
2315 2316
2317 2685
2317 5538
2318 4610
2318 2321
2318 2319
2318 5538
2320 5383
2320 5387
2321 3999
2322 4591
2323 2326
2324 4611
2325 2327
2325 4606
2326 4606
2328 5539
2329 2340
2329 2330
2329 2341
2330 2342
2331 5955
2331 2332
2331 2339
2332 2337
2332 2338
2333 2342
2333 2336
2334 6429
2335 6158
2335 5854
2336 2341
2336 3408
2337 2339
2340 2341
2340 2342
2343 2344
2343 2345
2343 6224
2344 2345
2344 2663
2345 2347
2346 4633
2348 2366
2349 2360
2349 2370
2349 2350
2350 2360
2350 2352
2351 2355
2352 2353
2352 2374
2353 2589
2353 2360
2354 2379
2354 4531
2355 2368
2356 2357
2356 6108
2356 2380
2356 2362
2357 2369
2357 2363
2358 2364
2359 2372
2361 2371
2361 2369
2361 2382
2362 2380
2362 4530
2364 2377
2364 2375
2365 2380
2365 3039
2365 6321
2366 2417
2366 2376
2367 2373
2367 3194
2368 2381
2368 2372
2369 2418
2370 2557
2371 2562
2371 6108
2372 2378
2373 3195
2375 2379
2376 2419
2376 2386
2379 4525
2382 2414
2383 2825
2383 2857
2383 2823
2384 4312
2385 4313
2386 2419
2388 2389
2388 5279
2389 6073
2390 2395
2390 2393
2391 2392
2392 2394
2394 2395
2396 5421
2396 2399
2396 2400
2397 2405
2397 2407
2397 2403
2397 2408
2398 2402
2398 5861
2399 2410
2400 2407
2401 2601
2401 2404
2401 2413
2402 5858
2402 5857
2403 5421
2403 2406
2403 5859
2405 5857
2405 2408
2406 5867
2406 5865
2407 5421
2409 2411
2410 2413
2410 5421
2411 2412
2412 2908
2413 5859
2414 5877
2414 2993
2415 2419
2415 2417
2415 2420
2416 5877
2416 2421
2417 2420
2421 4934
2423 3960
2423 2953
2423 3251
2424 2697
2424 2425
2424 2798
2426 2455
2426 2838
2426 2444
2426 2862
2427 2449
2428 2470
2428 2454
2428 2465
2428 2471
2429 2462
2429 2456
2429 2467
2430 2433
2430 5473
2430 2443
2431 2450
2431 2438
2431 2454
2432 2451
2433 2434
2433 2443
2434 2479
2435 2463
2435 2451
2435 2478
2436 2859
2436 2481
2437 2458
2437 2472
2437 2482
2438 2471
2438 2440
2439 2444
2439 2859
2439 2860
2439 2861
2440 2450
2440 2465
2441 5465
2441 2450
2441 5444
2442 2476
2442 2475
2443 5472
2444 2862
2444 2837
2445 2466
2446 2460
2447 2827
2448 2474
2449 2474
2449 2460
2451 2460
2452 2467
2452 2474
2452 2453
2453 5909
2454 2471
2455 2839
2455 2863
2456 2466
2456 2458
2456 2469
2457 2472
2458 2477
2459 2463
2461 2462
2462 2466
2462 2468
2463 2472
2464 2857
2465 6056
2466 2480
2470 5148
2473 5469
2475 2481
2475 2838
2476 2839
2476 5686
2479 5890
2479 5473
2481 2837
2483 3737
2484 2486
2485 2488
2486 6264
2486 6028
2487 5746
2488 2493
2489 2490
2490 5744
2491 2497
2491 2493
2491 2496
2493 2494
2494 4158
2494 5897
2495 3734
2495 6264
2498 5709
2498 2499
2499 5709
2500 2515
2501 2502
2501 2511
2502 2514
2502 2506
2503 3906
2503 4048
2503 2505
2504 2512
2504 2505
2505 3907
2505 4049
2506 2513
2506 2510
2507 5775
2508 2518
2508 4058
2508 2521
2509 2512
2509 4048
2510 2516
2511 2515
2512 4049
2513 2514
2513 2520
2514 2520
2515 2516
2517 3577
2517 4359
2517 4360
2517 5367
2518 4063
2518 4061
2519 6279
2519 4360
2519 6281
2520 4656
2521 4057
2521 4059
2522 3968
2522 3971
2523 2529
2524 2887
2524 6191
2525 2529
2526 3981
2527 2533
2527 6187
2528 2540
2528 2542
2528 2537
2529 5502
2530 2791
2530 2544
2531 2792
2531 3966
2532 3977
2533 6186
2534 2543
2535 2792
2536 2544
2537 2541
2537 3660
2538 3981
2538 6152
2539 2792
2539 2543
2542 2586
2545 4107
2545 4111
2545 2804
2546 6270
2546 6271
2547 3957
2547 3958
2547 2550
2548 2552
2548 2551
2549 2551
2549 2557
2549 2561
2550 3958
2551 2556
2552 2557
2553 2558
2553 2561
2558 6271
2559 5227
2560 4108
2560 4107
2561 6271
2562 6106
2562 2563
2563 5520
2564 2567
2564 2566
2564 2953
2565 3396
2565 3397
2565 3963
2567 4707
2572 3670
2573 5544
2575 2787
2575 3549
2577 2839
2577 5462
2578 2579
2579 2580
2581 6216
2582 3884
2583 3730
2583 5548
2583 5958
2584 3143
2584 3135
2584 3467
2585 3135
2585 3136
2585 4025
2586 3660
2586 5259
2587 2588
2588 4683
2590 2593
2590 2592
2591 2902
2591 2592
2592 2594
2593 3221
2593 2594
2595 5924
2596 5324
2596 5122
2596 5123
2597 4202
2597 4198
2598 4802
2598 3132
2598 4718
2599 3154
2599 6052
2599 3134
2600 2601
2600 5860
2602 3432
2602 5805
2603 2605
2603 2604
2603 5805
2604 5806
2604 2606
2605 2606
2605 5805
2606 3798
2607 5822
2607 2608
2607 4550
2608 3437
2608 2611
2609 2615
2609 2613
2609 3493
2610 2618
2610 2616
2610 2611
2611 4913
2612 2613
2612 2614
2612 3193
2613 2617
2614 4036
2614 4037
2615 2617
2615 3120
2617 2622
2619 4176
2619 3120
2620 3726
2620 3322
2620 3327
2621 5921
2622 2623
2622 3200
2623 3127
2623 2624
2625 5396
2625 3435
2625 3903
2626 3903
2626 5395
2626 5400
2627 4224
2628 2631
2629 5174
2629 2641
2629 3745
2630 5395
2630 5397
2630 2644
2631 3052
2631 2635
2632 2633
2633 2634
2633 3347
2634 2635
2635 2637
2636 2639
2638 2640
2638 2650
2639 2643
2639 5166
2640 3866
2641 2646
2641 5166
2642 3862
2642 2651
2642 3866
2644 2653
2644 2654
2645 3952
2646 5167
2646 5770
2647 5167
2648 4485
2648 2649
2648 2651
2649 2652
2649 6009
2651 2652
2653 6015
2653 6016
2654 5392
2654 5176
2655 5164
2656 2657
2656 2656
2657 3086
2658 4205
2659 2660
2660 4484
2661 2662
2662 5653
2664 6173
2665 2668
2665 2666
2665 5739
2666 5738
2666 2667
2667 5737
2667 2669
2668 2670
2670 2672
2670 2671
2671 2673
2672 2674
2672 2673
2673 2675
2674 2675
2674 2676
2675 2677
2676 2678
2676 2677
2677 2679
2678 2680
2678 2679
2679 2681
2680 2682
2680 5741
2681 2683
2681 5741
2682 2684
2683 5741
2685 2686
2687 2688
2688 5546
2689 2691
2689 2692
2689 2690
2690 2691
2690 2694
2691 2694
2691 2692
2692 2693
2692 2694
2696 3258
2698 4649
2698 3012
2698 3842
2699 3447
2699 3844
2699 4653
2700 3002
2700 3010
2700 3448
2701 3036
2702 2755
2702 3036
2703 3540
2704 4712
2704 2705
2704 3796
2705 3796
2705 2706
2706 2707
2706 4712
2707 2708
2707 4711
2708 4711
2708 4708
2709 2710
2709 2712
2710 2713
2711 5107
2711 2715
2711 5108
2712 2713
2712 3772
2713 3773
2714 3772
2714 2716
2715 6018
2716 3773
2717 6018
2717 5103
2718 3075
2718 3513
2718 3511
2719 2719
2719 3513
2720 3117
2720 3131
2720 3024
2721 2722
2721 5819
2721 2723
2722 2724
2722 2723
2723 2724
2724 2725
2727 2730
2728 2731
2729 6251
2731 4186
2732 4152
2734 4022
2735 2736
2736 2737
2736 2738
2740 2744
2741 2743
2743 6305
2743 2748
2744 2746
2744 6306
2745 5016
2745 5013
2746 2747
2746 6305
2749 5014
2750 2751
2751 5039
2752 3858
2752 3853
2753 3585
2753 4686
2754 3006
2754 4291
2754 3332
2755 3541
2756 5150
2757 5154
2759 2765
2759 5261
2759 2763
2760 2763
2760 2761
2760 2762
2761 2762
2761 5286
2762 2764
2764 2984
2766 5286
2767 2775
2768 3230
2768 3229
2769 2771
2769 2779
2769 2770
2770 5651
2770 2772
2772 4290
2773 2776
2773 2778
2773 3015
2774 2781
2774 2778
2774 3793
2776 3548
2776 2778
2777 3240
2777 2783
2780 3206
2780 3011
2781 4006
2781 4004
2782 2783
2782 4004
2782 3240
2784 2786
2787 5743
2788 3173
2788 4938
2791 3966
2793 2910
2794 5113
2796 4385
2796 4387
2796 4330
2797 5561
2799 4113
2800 4113
2801 2802
2802 4110
2802 2804
2802 3046
2803 2810
2803 2813
2804 4106
2805 2806
2805 3527
2806 5598
2806 5784
2806 6383
2807 2808
2808 5597
2808 5598
2809 5596
2809 5597
2809 5599
2810 4116
2811 2813
2811 3535
2811 5596
2812 4125
2812 4116
2812 2815
2813 2814
2814 2816
2815 2881
2815 4120
2815 3907
2816 3771
2817 2988
2817 2818
2817 2987
2818 2819
2820 4970
2820 4969
2821 2822
2821 5481
2822 2825
2822 2823
2822 5960
2823 5960
2824 2829
2824 2826
2825 2827
2826 2831
2827 2828
2827 2857
2828 2858
2828 2829
2829 2831
2829 2830
2830 2832
2830 2858
2831 2833
2831 2832
2832 2834
2833 2835
2835 2860
2835 2859
2837 2859
2837 2838
2838 2839
2840 5683
2840 5684
2841 6273
2841 6249
2845 2847
2845 2846
2846 4192
2850 3456
2851 6432
2851 5837
2852 2853
2852 2873
2853 2854
2854 2855
2855 2873
2856 5710
2857 2858
2861 2862
2864 2865
2865 2866
2865 3253
2866 5601
2866 4644
2867 5439
2867 4235
2867 3763
2868 5439
2868 4263
2868 4253
2869 4860
2869 2871
2869 4858
2870 2871
2873 2874
2875 4567
2875 5412
2876 2877
2876 4569
2878 2879
2880 4086
2880 4084
2881 3904
2881 3906
2882 2883
2883 2884
2883 4362
2885 3982
2886 3469
2890 4573
2890 3663
2890 3662
2890 3664
2891 5831
2892 3216
2892 6151
2893 2894
2893 6300
2893 6148
2894 2896
2895 6295
2896 2899
2896 2897
2897 6298
2898 2899
2899 4657
2900 3415
2901 2902
2902 2903
2903 2904
2903 2905
2906 2907
2909 5570
2909 5568
2910 3258
2913 3382
2913 6125
2914 2915
2916 2918
2916 2922
2916 2923
2917 6384
2917 2924
2917 6406
2918 6402
2918 2924
2919 6391
2920 6392
2920 2922
2920 6391
2921 6400
2921 5092
2921 2924
2921 6384
2922 6399
2923 6406
2923 2925
2925 6396
2925 6399
2926 6387
2926 6392
2926 6388
2927 2928
2927 2929
2929 4150
2929 4974
2930 2931
2932 5280
2932 5283
2933 4040
2933 4664
2933 5133
2934 3691
2935 2936
2936 5287
2937 4564
2938 6299
2938 3249
2938 6147
2939 4660
2939 6146
2940 4660
2940 6301
2941 6147
2941 2943
2942 5814
2944 6185
2944 3670
2946 4717
2946 3238
2947 2948
2948 4276
2949 5185
2950 4167
2951 2952
2952 4522
2954 4038
2954 2955
2955 2957
2955 2956
2956 2957
2958 2959
2958 2964
2958 2961
2959 2960
2959 2967
2960 2969
2960 2963
2961 2964
2961 4683
2962 2966
2963 2972
2963 4175
2964 2967
2965 2971
2965 2968
2966 4175
2967 2969
2968 2971
2968 2970
2969 2972
2970 4175
2970 2974
2973 2977
2973 2975
2974 2976
2974 2975
2975 2978
2976 2978
2977 2978
2979 3633
2980 3636
2981 4191
2981 5276
2982 2985
2982 2987
2983 2985
2984 2987
2984 2988
2985 4461
2986 4461
2989 4001
2989 2990
2991 4462
2994 5197
2994 2995
2995 2998
2995 2997
2996 3596
2996 2998
2997 6061
2998 3598
2999 3012
2999 3002
3000 3004
3001 3035
3001 3037
3001 3446
3003 4653
3003 3035
3003 3005
3004 3037
3004 3010
3005 3006
3006 4654
3007 4651
3007 3009
3007 3447
3008 3009
3009 3448
3011 5626
3011 5628
3012 3840
3013 3838
3014 3835
3015 3836
3015 3017
3016 3833
3016 5630
3016 5629
3017 3833
3018 3019
3020 4291
3020 5540
3021 3022
3023 3774
3023 4593
3023 3494
3024 3774
3024 3118
3024 3115
3025 3033
3025 3027
3025 3030
3026 6132
3026 3033
3027 3029
3027 3030
3028 3414
3028 3768
3028 3032
3029 3414
3029 6221
3030 3034
3031 3034
3031 3032
3031 3033
3032 4045
3034 3414
3035 5059
3036 3037
3038 3482
3039 4530
3039 6408
3039 6407
3040 4576
3041 3042
3041 6064
3042 5505
3042 3043
3043 3048
3043 6066
3044 5505
3044 3049
3045 4457
3046 4457
3047 6067
3047 3728
3048 6067
3048 3049
3050 4915
3050 4893
3050 4918
3051 5717
3051 5405
3051 5410
3051 4889
3052 5846
3053 5447
3053 3059
3053 3058
3054 3055
3054 5512
3055 5447
3055 3058
3056 3470
3056 5447
3056 5512
3057 3059
3057 4953
3057 5447
3057 4964
3058 3541
3059 3472
3060 3276
3060 3061
3060 3080
3060 3500
3061 4963
3061 3500
3062 4963
3062 3470
3063 3064
3064 3492
3064 3069
3064 3066
3065 5830
3065 3070
3066 3342
3066 3070
3067 3071
3067 3455
3067 3142
3068 4687
3068 3074
3068 3072
3070 5829
3071 4799
3071 3142
3072 3344
3072 4687
3073 4807
3074 3466
3075 4779
3075 6055
3075 3455
3075 3465
3076 3077
3077 3078
3079 3189
3079 4249
3080 3083
3080 3082
3081 3083
3083 3157
3084 4703
3084 4702
3086 3091
3087 3092
3088 3092
3088 3089
3093 4231
3093 4230
3093 4235
3094 3106
3094 3105
3094 3097
3095 3097
3096 3756
3097 3102
3098 3872
3099 3872
3099 3110
3099 3108
3099 3873
3100 5360
3100 3872
3100 3106
3101 3109
3102 3104
3102 3109
3103 3106
3103 3110
3107 3111
3107 3108
3107 4860
3108 3871
3109 3874
3111 3871
3111 3870
3112 4956
3112 3116
3112 4960
3113 4960
3113 4958
3113 4956
3114 3115
3114 4545
3115 4960
3117 5820
3117 4958
3118 3774
3119 3120
3120 3199
3121 3438
3121 5405
3121 3122
3121 5401
3122 4036
3122 4034
3123 4034
3123 3125
3123 3124
3126 3129
3127 3128
3127 3129
3128 3129
3130 3134
3130 4785
3130 3133
3131 5819
3131 3774
3131 6053
3132 3134
3132 4801
3133 3154
3136 3165
3136 3137
3137 3539
3137 4759
3138 3163
3138 3164
3138 3161
3139 4740
3139 3543
3139 4742
3140 4721
3140 3544
3141 4475
3141 3671
3143 3168
3143 4772
3144 3148
3145 3147
3146 3147
3147 3148
3149 3150
3149 6052
3149 5820
3150 5821
3150 6052
3150 3152
3151 3152
3152 3155
3153 3155
3154 3155
3156 3158
3159 3160
3162 3168
3163 3165
3163 3166
3165 3167
3168 5040
3169 3170
3170 3171
3171 6247
3172 4978
3172 4979
3172 4980
3172 4977
3173 3174
3173 4944
3174 4935
3174 4944
3175 3176
3175 5668
3175 3177
3176 3752
3178 3181
3178 3179
3179 3180
3179 3739
3181 3739
3181 5668
3182 3185
3182 3186
3183 3557
3183 3185
3184 4272
3186 4270
3186 4269
3188 3189
3190 3239
3190 5177
3190 5801
3191 3457
3192 4778
3194 3195
3196 3197
3199 3202
3199 4561
3200 3202
3200 4561
3201 3202
3203 3204
3203 4919
3210 3212
3210 3211
3212 5594
3213 3214
3215 5349
3216 6301
3216 6300
3217 3218
3217 4509
3218 3220
3218 3223
3219 6170
3219 3223
3221 3222
3222 3725
3223 3992
3224 3225
3225 5821
3225 6053
3226 3228
3226 3227
3227 4831
3227 3228
3228 4851
3229 3230
3229 3231
3232 3236
3232 4103
3232 4102
3234 3237
3234 6319
3235 6300
3237 4102
3238 3773
3239 4806
3239 4803
3241 3242
3243 3244
3245 3246
3246 3248
3246 3247
3247 3988
3252 5359
3252 4643
3252 5365
3253 5365
3254 4495
3254 3255
3256 3257
3258 5557
3259 3637
3260 3613
3261 3635
3262 3637
3263 3635
3264 3604
3265 3636
3266 6216
3266 6217
3267 4639
3267 3270
3267 3274
3268 3272
3268 3270
3268 3271
3269 3273
3269 3272
3270 3272
3275 4031
3276 4849
3277 4849
3277 4846
3278 3279
3278 3281
3278 3280
3279 6315
3282 3297
3282 4866
3282 4864
3283 3288
3283 3295
3283 4870
3284 4219
3284 3300
3285 3312
3285 3290
3285 3308
3286 3289
3286 3300
3286 4220
3287 3293
3287 4220
3287 4256
3288 4873
3288 3299
3289 4220
3289 4228
3290 3301
3290 3292
3290 3298
3291 4261
3291 3863
3291 4233
3292 4257
3292 4214
3293 3314
3293 4257
3294 3307
3294 4214
3294 4490
3296 3305
3296 3307
3296 3309
3297 3299
3297 3304
3298 3302
3298 3309
3299 4941
3300 4229
3301 3302
3301 3433
3302 3429
3303 4252
3303 3863
3303 4250
3305 3728
3305 4254
3306 4873
3306 5160
3307 3309
3308 4215
3308 3314
3308 3864
3309 4862
3310 3314
3310 3311
3310 4227
3312 3313
3312 3433
3313 5418
3313 5419
3315 3316
3315 3319
3316 3317
3316 3319
3317 4797
3318 6054
3318 5431
3319 4798
3320 3321
3321 4219
3321 4228
3322 3328
3322 5938
3323 6012
3323 3328
3323 5938
3323 3436
3324 3436
3324 4245
3324 4243
3325 3329
3325 3326
3325 3429
3326 5419
3326 3330
3327 5938
3327 3329
3327 5826
3328 3485
3329 3330
3330 6013
3331 5938
3332 3333
3334 5569
3334 3822
3335 5566
3335 3336
3337 3341
3337 5830
3337 5829
3338 3345
3338 3342
3338 3339
3340 3341
3340 4883
3340 3345
3341 5828
3342 3492
3343 5828
3344 3492
3344 3345
3346 3350
3346 3348
3346 3349
3347 3350
3350 3351
3352 3354
3352 3355
3352 3353
3353 5922
3354 5922
3354 3357
3355 3357
3356 3358
3359 3365
3359 3372
3359 3367
3360 3370
3360 3364
3361 5765
3362 4187
3362 3367
3362 4186
3363 3369
3363 3364
3363 3368
3364 3368
3365 3372
3365 3368
3366 6049
3366 3367
3367 3369
3371 6253
3373 3602
3373 3603
3374 3413
3374 3375
3378 3825
3379 3422
3379 3380
3380 3440
3381 5582
3381 3440
3382 3384
3382 3383
3383 3384
3383 3445
3384 3385
3385 3516
3385 3520
3386 3452
3386 4050
3387 6442
3387 6439
3387 6440
3388 4310
3389 4341
3392 3918
3392 3394
3392 3393
3393 3395
3394 3395
3396 3397
3397 3959
3398 3399
3398 6026
3399 5565
3399 5799
3400 5566
3400 5565
3400 5799
3401 6024
3401 3402
3402 5564
3403 4043
3403 5850
3403 3407
3404 4044
3404 3405
3405 4042
3405 4043
3406 3407
3406 4046
3407 4042
3408 5850
3410 3411
3410 6311
3411 6307
3411 3412
3412 5348
3413 6136
3416 5120
3416 5588
3416 3417
3417 3419
3417 3418
3420 5582
3420 3823
3421 3809
3421 4179
3422 3809
3422 3808
3423 3424
3423 5677
3425 3426
3427 3428
3427 5833
3429 3434
3429 3433
3430 3434
3430 3432
3430 6017
3430 5825
3431 3432
3431 4550
3434 5825
3435 3485
3435 3436
3437 4556
3437 4967
3438 4546
3438 4557
3439 6204
3439 5130
3439 3573
3439 6203
3441 4929
3441 4946
3441 4948
3443 5798
3443 5711
3444 5939
3444 5068
3446 4653
3446 3447
3448 3450
3449 4652
3449 4651
3449 4649
3452 3453
3453 6214
3453 5251
3454 3455
3454 3466
3454 3465
3457 5178
3457 3458
3457 5179
3458 4852
3459 3460
3460 3461
3460 4704
3461 4702
3461 4705
3462 3923
3462 3922
3463 3925
3463 4489
3463 3922
3464 3923
3464 3925
3465 6055
3469 6102
3470 3471
3473 4667
3473 4968
3474 3475
3474 4148
3475 4149
3476 3477
3478 3479
3481 3482
3483 5418
3484 6010
3484 5194
3484 5193
3485 3486
3487 5158
3487 3797
3488 5158
3489 3490
3490 3491
3493 3496
3493 3494
3494 3498
3494 3495
3494 3496
3496 3499
3497 3498
3498 4592
3500 4962
3501 3502
3503 3505
3503 3506
3504 3509
3504 3504
3505 5262
3505 3509
3507 5262
3507 3508
3508 3510
3508 3509
3511 5961
3512 3513
3512 4784
3512 4788
3513 4779
3514 5783
3514 6126
3514 3520
3515 3518
3516 3519
3517 3518
3518 3519
3519 3520
3521 3523
3521 3528
3521 5782
3522 5423
3523 3525
3523 3527
3524 3531
3525 3535
3525 5782
3526 3529
3527 3533
3528 3534
3528 3530
3529 3535
3529 5782
3531 3537
3531 5782
3532 5422
3533 5422
3534 3534
3536 5423
3538 4759
3539 3545
3539 4747
3540 3541
3542 3543
3544 4754
3544 4732
3544 4743
3545 4754
3545 4728
3547 3838
3549 3550
3552 3553
3554 5446
3554 5445
3555 6195
3555 3556
3556 4274
3557 3753
3557 3558
3559 6226
3560 3562
3560 3567
3560 3570
3561 3562
3562 3564
3562 6226
3563 6226
3564 3567
3564 3565
3565 3569
3565 4989
3566 5003
3566 3567
3568 3570
3570 6226
3572 3574
3572 3573
3572 3575
3573 6204
3574 4989
3576 4354
3576 4336
3576 4361
3576 4352
3577 4357
3577 4359
3577 4360
3577 6086
3578 4357
3578 4349
3580 3582
3581 3591
3581 3582
3581 3747
3582 3747
3583 3591
3584 5672
3584 5671
3585 3586
3585 3588
3586 3588
3586 3590
3587 3592
3587 3593
3588 3591
3589 5672
3594 3595
3594 6061
3595 3597
3595 3596
3599 6029
3599 6032
3600 3601
3601 3852
3601 6032
3602 3603
3602 5222
3603 3612
3603 5223
3604 3605
3604 3614
3604 3606
3606 3612
3606 3610
3607 3608
3608 3610
3608 3609
3608 3615
3608 5986
3610 3615
3610 3618
3611 3613
3612 3614
3612 3625
3613 3618
3613 3621
3613 5995
3614 3616
3614 3633
3615 3619
3617 3619
3618 3621
3619 3625
3619 3620
3619 3627
3621 3623
3622 3623
3623 3628
3623 3624
3623 3631
3625 3627
3625 3628
3626 3627
3627 3629
3627 3637
3628 3631
3630 3631
3631 3632
3631 3635
3633 3634
3633 3636
3639 3642
3640 3641
3640 4203
3640 4492
3642 4478
3643 3644
3645 3651
3646 3651
3646 3869
3646 4500
3647 3649
3649 3650
3650 3651
3652 4857
3652 4919
3653 3656
3653 3654
3653 3655
3654 3656
3656 3657
3659 4894
3659 4685
3659 3700
3660 5259
3661 4572
3662 4572
3663 3665
3663 4574
3663 3664
3664 5769
3665 6035
3665 5769
3666 6034
3666 5706
3666 3667
3666 3668
3667 6159
3667 6034
3667 6201
3668 6035
3669 6171
3669 5954
3670 6189
3670 6166
3672 3673
3672 5814
3672 5812
3673 5815
3673 5809
3676 3679
3676 3681
3676 3680
3677 3682
3677 3687
3678 3683
3679 3686
3679 3688
3680 3684
3680 3681
3681 3686
3681 3689
3681 6318
3682 3683
3682 6318
3683 3688
3684 3686
3684 3688
3685 6318
3686 3688
3690 3693
3690 3692
3691 3691
3694 3697
3695 3697
3696 3696
3696 3697
3698 4683
3698 3699
3700 3701
3702 5802
3702 3717
3703 3715
3703 3722
3703 3720
3704 3709
3704 3712
3704 3707
3705 3711
3705 3712
3705 3706
3706 3716
3706 3708
3709 3717
3709 3719
3710 3711
3710 3714
3710 3716
3711 3716
3712 3718
3713 3717
3719 3722
3720 3722
3720 3721
3724 3725
3725 3994
3726 5822
3726 6451
3727 3728
3729 5754
3729 3733
3729 5756
3730 5959
3731 5534
3731 5536
3731 5762
3732 4700
3733 5537
3733 5959
3733 5535
3734 3735
3734 3736
3735 3738
3735 3736
3737 3738
3737 6027
3738 6027
3739 4938
3741 3742
3743 3744
3746 6222
3747 3748
3749 5707
3749 4539
3750 5707
3750 4538
3750 5713
3753 3755
3754 3755
3755 3933
3756 3758
3756 5457
3757 3758
3758 4648
3759 3761
3760 5600
3760 5362
3760 5458
3761 3763
3761 5362
3762 4238
3762 3764
3763 6260
3763 5601
3764 4895
3764 4897
3765 3766
3766 5141
3767 3769
3767 3768
3767 3770
3768 3770
3770 4045
3771 4128
3772 3773
3772 4803
3775 5353
3776 5353
3780 3785
3781 3785
3781 3782
3781 3783
3782 3784
3782 3785
3784 3790
3787 3788
3788 5777
3789 3791
3790 3791
3791 3792
3797 5157
3798 4559
3799 5244
3799 5689
3799 5248
3800 3801
3801 3802
3801 3805
3802 3805
3802 3803
3803 3804
3803 3805
3806 3807
3808 3809
3810 3815
3811 4516
3812 3813
3812 3814
3812 4516
3814 4518
3814 3815
3816 4659
3817 5078
3817 3818
3817 4279
3820 3821
3823 5847
3824 3825
3824 3828
3824 5577
3826 3828
3826 5586
3826 5581
3827 4170
3827 5585
3827 3830
3828 5580
3829 3832
3829 3831
3829 5847
3830 5586
3830 5847
3831 5119
3831 5572
3832 5847
3833 3834
3834 5626
3835 3836
3837 4621
3838 4621
3839 3840
3841 3843
3841 3842
3841 3844
3844 4649
3846 3848
3847 3849
3850 3851
3851 5540
3852 5999
3852 6031
3854 5231
3855 4191
3855 5231
3856 4314
3856 4374
3856 4315
3857 4314
3857 4678
3857 4375
3858 4374
3859 4315
3859 4369
3860 4223
3860 4226
3860 4233
3861 4263
3861 4264
3861 4231
3862 3899
3862 3868
3863 3864
3864 4242
3865 4247
3865 3899
3865 4216
3866 3867
3867 3868
3867 4224
3868 4224
3869 4503
3869 4502
3871 3928
3874 4860
3875 4345
3876 4348
3876 6084
3876 3877
3876 4347
3877 4382
3877 6293
3878 4345
3878 4348
3879 4348
3880 3882
3881 5697
3882 6354
3883 3884
3885 3886
3886 3887
3887 3888
3889 4064
3890 3893
3890 5041
3890 5044
3892 5041
3892 3894
3892 5043
3893 5715
3893 5045
3895 5042
3895 5043
3898 5192
3898 5195
3898 4240
3899 3901
3899 4485
3900 5192
3900 3901
3900 5194
3901 5195
3901 4248
3902 4240
3902 4245
3902 3903
3904 4970
3904 4117
3905 4117
3905 4127
3906 3908
3906 3907
3909 3911
3910 3911
3911 3912
3911 4116
3913 3914
3915 3917
3916 3917
3917 3918
3919 4479
3919 4487
3920 4489
3920 3921
3920 3924
3921 3925
3921 4486
3922 3926
3923 3925
3924 3927
3924 4487
3926 4489
3926 3927
3927 4479
3930 3935
3931 3934
3932 3936
3937 3945
3938 3939
3938 3944
3939 3944
3939 3941
3939 3945
3940 3943
3942 3945
3944 3946
3945 3946
3947 3950
3947 3948
3948 3948
3949 3950
3951 3952
3951 3951
3953 6239
3954 6239
3954 5278
3955 5700
3956 3957
3959 3961
3960 3962
3964 3965
3964 4925
3965 4926
3965 3966
3968 3974
3969 3973
3969 3971
3969 3975
3970 3972
3970 3975
3970 3974
3971 3973
3972 3975
3973 4948
3976 3977
3977 3981
3978 3980
3979 3980
3982 3987
3982 3983
3983 3986
3983 3985
3984 3985
3985 5833
3985 3987
3988 6146
3988 6299
3989 3990
3991 6306
3991 6144
3992 5446
3993 3994
3995 6176
3995 5798
3996 5954
3996 6033
3997 3998
3999 4618
4000 4619
4001 4002
4003 4004
4005 4006
4007 4009
4007 4010
4008 4009
4011 4012
4011 4194
4013 5162
4015 4986
4015 4027
4015 4026
4016 4019
4017 4020
4017 4029
4018 4027
4020 4028
4020 4030
4021 6128
4021 4023
4022 6251
4022 4024
4026 5135
4026 6225
4027 6225
4027 4998
4028 6205
4028 4032
4028 5448
4029 4030
4029 5134
4029 5136
4030 5448
4030 5135
4031 5619
4031 5618
4032 4033
4034 4035
4035 4036
4035 4037
4038 6286
4039 4367
4040 4326
4041 6218
4042 4044
4042 4043
4043 5853
4044 4046
4045 4046
4047 5853
4048 4049
4050 4051
4052 4056
4052 4054
4053 5416
4054 4056
4054 5416
4055 6325
4056 4610
4057 4063
4060 4062
4064 4068
4064 4099
4065 4067
4065 4068
4066 4101
4067 6409
4068 6410
4069 4077
4069 4073
4070 4071
4071 4073
4071 5430
4072 4073
4074 4163
4075 4082
4076 4080
4077 4162
4077 4634
4078 4079
4079 4082
4079 4634
4080 4634
4081 6223
4081 4082
4081 4083
4084 4085
4086 4087
4086 6430
4088 4094
4088 4098
4088 4093
4089 4093
4089 4094
4089 4095
4090 4098
4090 4097
4091 5288
4092 4095
4092 5288
4093 4097
4094 4096
4095 4096
4097 4098
4099 6221
4100 6046
4100 5803
4100 6044
4101 6044
4101 6045
4102 4104
4103 4104
4104 6234
4105 5776
4105 4109
4106 4110
4106 4111
4107 4109
4108 4109
4109 4111
4110 4114
4111 4112
4112 5776
4113 4114
4114 4115
4117 4126
4118 4125
4118 4131
4118 4119
4119 4122
4119 4121
4120 5775
4120 4123
4121 4131
4121 4123
4123 4130
4124 4128
4126 4127
4127 4128
4129 4131
4132 5776
4135 6145
4135 4137
4138 5250
4139 4144
4140 4143
4141 4144
4145 5953
4145 5947
4147 4149
4148 4149
4150 4151
4152 4696
4153 4696
4154 4525
4154 4533
4154 4532
4156 5750
4156 4157
4157 4159
4157 5751
4158 6057
4159 4160
4160 6056
4161 5443
4161 6057
4162 4163
4163 5429
4164 4165
4164 5619
4165 4332
4165 4320
4166 4167
4166 4168
4166 4171
4167 5185
4167 5184
4169 4170
4172 4174
4172 4173
4172 5564
4173 5799
4173 5564
4176 4177
4177 5921
4178 5570
4178 4182
4179 5571
4179 4182
4180 5571
4180 4181
4180 4184
4181 5571
4181 4182
4181 5570
4183 4184
4186 4187
4188 4189
4191 5228
4191 6320
4193 4194
4193 4196
4194 4195
4197 5504
4197 4199
4198 6140
4200 4201
4200 4202
4200 6140
4201 4202
4208 4210
4209 4210
4212 4213
4212 4218
4212 4216
4214 4221
4215 4227
4215 4252
4216 4223
4216 4247
4217 4259
4217 4226
4218 4223
4218 4222
4219 4229
4221 4490
4221 4256
4225 4227
4226 4230
4228 4229
4230 4232
4231 4232
4232 4262
4233 4234
4236 4239
4237 4239
4238 4239
4240 4241
4241 4244
4241 4248
4241 4246
4242 4246
4242 4243
4243 4244
4244 4245
4246 4247
4247 4248
4249 5176
4251 4252
4254 4255
4255 4490
4256 4257
4258 4259
4258 4499
4259 4499
4260 4262
4261 4266
4261 4265
4262 4266
4263 4266
4267 4269
4268 4272
4270 4271
4273 5558
4277 4278
4278 4279
4279 5078
4280 5424
4281 5088
4281 5087
4282 4283
4283 4285
4283 4297
4284 4293
4284 4298
4285 4297
4286 4297
4286 4299
4286 4292
4286 4298
4287 4289
4287 4294
4288 4295
4288 4289
4289 4294
4289 4295
4290 6079
4290 6078
4292 4299
4292 4293
4297 4298
4300 6348
4300 5264
4301 4302
4303 4648
4304 4305
4305 4306
4307 6088
4307 6087
4308 4361
4308 4363
4309 4363
4309 4361
4310 4325
4311 4312
4313 4373
4314 4372
4316 4322
4317 4322
4318 4333
4318 4334
4318 4323
4318 4342
4319 4343
4319 4323
4319 4342
4320 4384
4320 4383
4320 4386
4321 4330
4321 4331
4321 4334
4322 4333
4323 4332
4324 4324
4324 4354
4325 4365
4326 6286
4326 4366
4327 4328
4327 4365
4328 4367
4329 4368
4329 4377
4330 4331
4330 4385
4331 4332
4332 4384
4333 4334
4335 4337
4335 4353
4335 4359
4336 4337
4336 4353
4336 4351
4337 4354
4337 5367
4338 6438
4338 4339
4339 4362
4339 4358
4340 6351
4340 4341
4341 6352
4342 4344
4343 4347
4343 4344
4344 4382
4345 4346
4349 4350
4350 4351
4350 4353
4351 4352
4352 4358
4354 5841
4355 4358
4356 5845
4356 4360
4356 5841
4357 6202
4357 4359
4365 4366
4368 4369
4369 4377
4369 4374
4371 4378
4372 4381
4372 4678
4377 4378
4378 4380
4379 6218
4383 4387
4383 4384
4385 4387
4386 6353
4387 5112
4388 4421
4388 4443
4388 4428
4389 4426
4389 4391
4389 4405
4389 4404
4390 4406
4390 4401
4390 4442
4390 4429
4391 4394
4391 4433
4392 4419
4392 4416
4392 4408
4392 4423
4393 4427
4393 4437
4393 4420
4393 4422
4394 4414
4394 4404
4395 4417
4395 4399
4395 4444
4396 4421
4396 4429
4396 4442
4397 4430
4397 4421
4397 4442
4398 4437
4398 4427
4398 4402
4399 4425
4399 4434
4400 4445
4401 4436
4401 4448
4402 4431
4402 4430
4403 4404
4403 4416
4403 4408
4404 4408
4405 4419
4405 4408
4406 4447
4406 4441
4407 4447
4407 4431
4407 4440
4409 4444
4409 4446
4409 4445
4410 4418
4410 4432
4410 4438
4411 4425
4411 4424
4411 4439
4412 4420
4412 4427
4412 4415
4413 4419
4413 4426
4413 4425
4414 4415
4414 5343
4415 4433
4416 4432
4417 4439
4417 4438
4418 4424
4418 4423
4419 4435
4420 4426
4420 4434
4422 4428
4422 4434
4423 4435
4423 4432
4424 4435
4426 4433
4427 4451
4428 4437
4429 4443
4429 4436
4430 4441
4430 4437
4431 4441
4436 4449
4438 4439
4440 4448
4440 4454
4441 4442
4443 4446
4444 4445
4445 4446
4447 4448
4450 4451
4451 4456
4452 4455
4452 4454
4453 5631
4453 5611
4453 4454
4454 4456
4455 4456
4457 4458
4458 4459
4459 4460
4461 4462
4464 4471
4465 4470
4465 6007
4465 4467
4465 4468
4466 6007
4467 4469
4467 6006
4468 4470
4468 4471
4470 6005
4471 6005
4471 6008
4473 4474
4473 4475
4473 4477
4475 4476
4476 5249
4478 4479
4480 4481
4485 5193
4486 4487
4486 4488
4493 4495
4496 5504
4496 4497
4498 4500
4499 4500
4504 5190
4504 4505
4505 4507
4506 4507
4510 4514
4511 4516
4512 4513
4513 4515
4513 4514
4514 4517
4515 4517
4515 4564
4519 6149
4519 6150
4520 4522
4524 4525
4525 4532
4526 4527
4527 6184
4527 6182
4529 6038
4530 4531
4533 4534
4534 6408
4537 6083
4538 6037
4538 4539
4539 5650
4540 4543
4541 4542
4543 4544
4546 4553
4547 4553
4547 4558
4547 4551
4547 4552
4548 5157
4548 4551
4548 4558
4549 4553
4549 4552
4549 4556
4549 4967
4550 4556
4551 4559
4553 4557
4554 4967
4555 4557
4557 4967
4559 5807
4560 5807
4561 4562
4563 6313
4563 4564
4564 6312
4565 4566
4567 4568
4567 4569
4569 4570
4571 5650
4572 4573
4575 4576
4577 4578
4579 4581
4580 4583
4581 4583
4581 5916
4582 4584
4582 4587
4582 4588
4585 4586
4585 4587
4589 4590
4594 4982
4594 4595
4594 4597
4595 4983
4595 4596
4596 4597
4598 4599
4598 6459
4600 6197
4602 4602
4602 4603
4604 4605
4606 4607
4608 5416
4609 4610
4611 4612
4612 6326
4613 5649
4614 4618
4615 4617
4616 4617
4620 6326
4624 4625
4624 4627
4625 4628
4625 4626
4628 4629
4630 4769
4630 4631
4633 6161
4634 6223
4635 4638
4635 4637
4635 4636
4640 5997
4640 5992
4640 5551
4641 4642
4641 6003
4641 5518
4641 6426
4642 5551
4642 5623
4642 5995
4643 5358
4643 5600
4644 5602
4644 5358
4645 4646
4645 5601
4645 5361
4647 4648
4650 4651
4654 4655
4654 5060
4658 4661
4658 4659
4660 4661
4662 4665
4663 4665
4664 4665
4667 4668
4669 4672
4669 4670
4669 4671
4670 4676
4673 4676
4673 4679
4673 4675
4676 4677
4679 4680
4680 4681
4680 4682
4684 4685
4686 5673
4687 4800
4690 4693
4691 4693
4692 4693
4693 4694
4695 5552
4695 4698
4696 4699
4697 4698
4697 4699
4697 5552
4698 4699
4701 5162
4702 4706
4703 5919
4703 4704
4707 5704
4708 4709
4708 4710
4712 4713
4715 4718
4716 4718
4716 4717
4719 4759
4720 4726
4720 4733
4720 4727
4721 4740
4721 4751
4722 4731
4722 4748
4722 4732
4723 4727
4724 4729
4725 4753
4725 4738
4725 4744
4726 4739
4726 4727
4727 4739
4728 4749
4728 4733
4729 4742
4729 4753
4730 4756
4730 4754
4730 4758
4732 4736
4732 4757
4733 4735
4734 4742
4735 4749
4735 4739
4737 4748
4738 4752
4738 4746
4740 4755
4741 4756
4743 4747
4745 4753
4747 4754
4748 4757
4749 4752
4750 4752
4756 4758
4757 4758
4760 4762
4761 4762
4762 4764
4762 4763
4765 4767
4766 4768
4766 4767
4767 4768
4769 4770
4771 4801
4772 5247
4772 5040
4773 4776
4773 4777
4773 4778
4774 5689
4775 5246
4775 5688
4775 5247
4776 5688
4776 4778
4779 4789
4780 4790
4780 4781
4780 4791
4782 4794
4782 4795
4782 4784
4783 4792
4784 5961
4785 4789
4785 4786
4787 4792
4791 5961
4791 4792
4792 4793
4796 4815
4797 4815
4798 4800
4799 6065
4801 4802
4803 4805
4804 4808
4804 6450
4805 4808
4805 4809
4806 6077
4806 6450
4807 4808
4807 4810
4808 4809
4811 4813
4812 4814
4813 5821
4814 5434
4815 4817
4816 4817
4818 4825
4818 4823
4818 6077
4819 4819
4819 4821
4820 4825
4820 4822
4822 4824
4822 4826
4823 4827
4823 4824
4824 4825
4828 4843
4829 4853
4829 4840
4830 6450
4831 6076
4832 4834
4833 4844
4834 4848
4834 4845
4834 4847
4835 4851
4836 4852
4837 4848
4838 4841
4838 4844
4838 4840
4839 4855
4840 4855
4841 4851
4841 4854
4842 4843
4842 4847
4842 4848
4843 4852
4844 4855
4844 4851
4845 4853
4845 4850
4846 4854
4847 4853
4848 4852
4849 4854
4856 4857
4858 4859
4858 4861
4861 5884
4863 4872
4863 4881
4863 4882
4863 4877
4864 4874
4864 4876
4865 4871
4866 4880
4866 4881
4866 4870
4867 4876
4867 4887
4867 4941
4868 4876
4868 4881
4868 4886
4869 4879
4869 4878
4869 4873
4870 4880
4871 4886
4871 4881
4872 4880
4875 4882
4877 4882
4877 4884
4878 5827
4878 4884
4879 5436
4883 5827
4883 6066
4885 4887
4885 4886
4887 5220
4888 4890
4888 5804
4888 4891
4889 4890
4889 4918
4889 4916
4890 5717
4890 5213
4891 5203
4891 4892
4892 5804
4893 5201
4893 5213
4894 6110
4898 4905
4899 4904
4900 4904
4900 4905
4900 4909
4901 4908
4902 4908
4903 4909
4904 4906
4904 4907
4905 4908
4910 4917
4910 4916
4910 4911
4911 4914
4911 4912
4911 4913
4913 4915
4914 4915
4914 4917
4914 4918
4916 4917
4919 4924
4920 4921
4923 4924
4925 4927
4926 4927
4928 4930
4929 4930
4930 4931
4930 4932
4934 6321
4934 5874
4935 4977
4935 4939
4936 4944
4936 4937
4936 4938
4942 4943
4945 5050
4946 4951
4947 4949
4948 4951
4949 4951
4949 4950
4952 5915
4954 4962
4956 4957
4958 4959
4961 6174
4962 4964
4963 4964
4965 4966
4965 6276
4969 4970
4971 4973
4971 4972
4975 4976
4977 4978
4978 4979
4979 4981
4979 4980
4980 4981
4980 4982
4981 4982
4981 4983
4982 4983
4984 6223
4984 4985
4986 4987
4986 5006
4987 5135
4987 4988
4988 5006
4988 5127
4989 4990
4989 4994
4990 5137
4991 4997
4992 5004
4993 4998
4994 4999
4995 5003
4996 5001
4996 5000
4997 5002
4997 5005
4998 5006
4999 5001
5006 5127
5007 5008
5012 5018
5012 5015
5012 5020
5014 5019
5014 5018
5016 5018
5016 5017
5021 5765
5022 5023
5023 5025
5023 5027
5024 5027
5026 5027
5028 5030
5028 5839
5028 5032
5029 5031
5030 6198
5031 5032
5032 5124
5033 5036
5033 5321
5033 5037
5034 5035
5037 5037
5038 5038
5040 5690
5041 5042
5042 5043
5044 5044
5046 5050
5046 5047
5046 5049
5047 5048
5052 5053
5054 5056
5054 5057
5054 5058
5055 5057
5056 5058
5059 5060
5061 6357
5061 5065
5061 5062
5062 5063
5062 5939
5063 5071
5063 5066
5064 5071
5064 5069
5064 5067
5065 5943
5065 5069
5066 5067
5066 5071
5067 5069
5068 5943
5072 5075
5072 5073
5072 5074
5073 6339
5076 5078
5077 5079
5080 5082
5080 5085
5080 5081
5081 5084
5081 5082
5082 6206
5082 5083
5083 5085
5083 5513
5084 5084
5086 5087
5087 6044
5089 5526
5089 5091
5089 5095
5090 5090
5090 5526
5091 5092
5091 5526
5092 6400
5093 6389
5093 6404
5093 6402
5094 6389
5096 5097
5097 5099
5097 5098
5100 5101
5102 5105
5102 5109
5102 5106
5103 5104
5104 6020
5104 6018
5104 5109
5105 5108
5105 5107
5106 5109
5106 6076
5107 5108
5110 5111
5113 5617
5113 5114
5115 6167
5116 6019
5117 5118
5120 5589
5121 5558
5122 5123
5125 5304
5125 5309
5125 5290
5126 5882
5126 5879
5126 5880
5128 6074
5128 6228
5129 5130
5129 5913
5130 5131
5130 5912
5131 5132
5132 5134
5133 6219
5135 5136
5136 5137
5138 5140
5142 5143
5142 6069
5142 6254
5143 5640
5144 5146
5144 5148
5144 5145
5145 5146
5145 5147
5148 5495
5149 5156
5149 5151
5149 5152
5150 5834
5150 6345
5150 5151
5151 5152
5152 5153
5154 6345
5154 5155
5157 5158
5158 5159
5159 5161
5159 5807
5163 5399
5163 5170
5163 5168
5163 5169
5164 5770
5164 5167
5165 5176
5165 5388
5165 5175
5166 5168
5166 5167
5168 5174
5169 5388
5169 5171
5170 5804
5171 5173
5171 5172
5177 6302
5177 5801
5178 5801
5178 5179
5179 6302
5180 5182
5180 5181
5181 5694
5181 5182
5182 5694
5183 5185
5183 5184
5183 5575
5184 5186
5187 5188
5190 6243
5191 6210
5192 5195
5192 6014
5193 5194
5196 5199
5196 5198
5197 5198
5197 5516
5198 6207
5200 5216
5200 5203
5200 5211
5201 5205
5201 5219
5202 5203
5204 5206
5204 5209
5204 5212
5204 5207
5205 5207
5205 5212
5206 5214
5206 5218
5207 5216
5208 5217
5208 5214
5208 5218
5209 5210
5209 5216
5209 5211
5210 5217
5210 5214
5211 5219
5212 5215
5212 5219
5213 5219
5215 5217
5215 5218
5220 5221
5222 5224
5222 5223
5224 5424
5225 5226
5226 6440
5228 5803
5228 5230
5229 6320
5229 5231
5232 5233
5234 5268
5234 5625
5235 5236
5237 5238
5240 5243
5241 5243
5242 5243
5244 5246
5244 5690
5245 5690
5245 5247
5245 5246
5248 5249
5248 5690
5254 5255
5254 5256
5256 5257
5256 5258
5260 5261
5262 5267
5263 5264
5265 5267
5266 5267
5268 5269
5270 5272
5270 5274
5270 5273
5271 5274
5272 5329
5272 5275
5277 5605
5278 6239
5281 5282
5283 5700
5284 5285
5289 5311
5289 5295
5289 5300
5290 5307
5290 5328
5291 5307
5292 5293
5293 5882
5293 5304
5294 5311
5295 5308
5295 5301
5296 5308
5297 5306
5297 5309
5297 5304
5298 5303
5299 5305
5299 5310
5300 5311
5301 5310
5301 5305
5302 5328
5302 5327
5302 5319
5302 5315
5303 5310
5303 5325
5304 5307
5307 5316
5308 5310
5308 5311
5312 5318
5312 5313
5312 5317
5313 5327
5313 5315
5313 5766
5314 5317
5315 5322
5316 5320
5316 5326
5317 5766
5319 5326
5319 5327
5321 5766
5322 5766
5323 5324
5326 5328
5326 5327
5329 5330
5330 5330
5331 5340
5331 5341
5331 5333
5332 5338
5332 5342
5332 5339
5334 5336
5335 6101
5335 6098
5335 5336
5336 5337
5339 5341
5341 6094
5344 5345
5345 5670
5345 5885
5345 5346
5346 5454
5346 5669
5347 5348
5347 5670
5347 5888
5348 5669
5349 5637
5349 5603
5349 6049
5350 5351
5350 5605
5351 5604
5352 5355
5353 5356
5354 5355
5355 5356
5356 5357
5358 5361
5358 5365
5359 5365
5359 5364
5360 5362
5361 5362
5361 5600
5363 5364
5364 5366
5367 5841
5368 5649
5368 6038
5369 5372
5369 5371
5369 5374
5370 5371
5371 5373
5372 5375
5375 6235
5375 5376
5377 5378
5379 5381
5379 5534
5379 5535
5380 5382
5380 5387
5380 5868
5381 6021
5381 6158
5382 6022
5382 5868
5383 5386
5384 6021
5384 5385
5384 5868
5385 5386
5388 5392
5389 5398
5389 5400
5389 5391
5390 5391
5391 5394
5392 5393
5392 5397
5393 5399
5393 5398
5394 5398
5394 5397
5395 6015
5396 5400
5399 5400
5401 5402
5401 5432
5401 5407
5402 5409
5402 5407
5403 5406
5403 5404
5404 6452
5404 5408
5405 5409
5406 5717
5407 5410
5408 5410
5408 5717
5410 5420
5411 6243
5411 6241
5412 5449
5413 5414
5416 5417
5418 5419
5420 5433
5420 5432
5420 6452
5422 5423
5425 5428
5425 5980
5425 5963
5426 5427
5426 5963
5426 5784
5427 5785
5427 5968
5428 5966
5428 5980
5431 5432
5431 5436
5432 5433
5432 6456
5433 5435
5433 6456
5433 6453
5434 6457
5434 6456
5435 6454
5437 5438
5437 5925
5438 6453
5439 5442
5440 5442
5441 5442
5443 6058
5444 6056
5444 6059
5448 6225
5450 5774
5450 5452
5451 5452
5453 5771
5454 5455
5454 5886
5455 5792
5456 5789
5456 6383
5456 6370
5457 5458
5459 5460
5459 5461
5459 5905
5460 5461
5463 5464
5464 5465
5464 5480
5466 5472
5466 5468
5467 5499
5467 5470
5467 5469
5468 5497
5470 5471
5472 5903
5474 5475
5474 5477
5475 5476
5476 5477
5477 5495
5478 6058
5478 5479
5479 6059
5481 5483
5481 5482
5482 5960
5482 5484
5483 5485
5483 5484
5484 5486
5485 5486
5485 5487
5486 5487
5487 5489
5488 5489
5489 5490
5490 5490
5491 5492
5492 5494
5492 5493
5496 5497
5497 5499
5498 5499
5500 5901
5501 5502
5504 6140
5505 6063
5506 6062
5506 5508
5506 5507
5507 5509
5507 6063
5508 5509
5509 5510
5511 5512
5513 5516
5513 6206
5514 5515
5514 6206
5515 6207
5516 6207
5517 6003
5517 6004
5517 5518
5518 5983
5518 5981
5519 6106
5519 6104
5519 5520
5520 5691
5521 5636
5521 6092
5521 5633
5521 5638
5522 5606
5522 5632
5523 5608
5523 5609
5523 5610
5524 5525
5527 5532
5528 5532
5528 5530
5528 5529
5530 5531
5530 6385
5532 6390
5533 5981
5533 5982
5533 6425
5534 6022
5535 6157
5536 6022
5537 5550
5537 5539
5538 5550
5541 6339
5542 5543
5544 5545
5545 6459
5546 6154
5546 6023
5547 5548
5547 6154
5548 5958
5548 5549
5548 5957
5549 5958
5549 5550
5549 5957
5551 5624
5551 5986
5553 5554
5553 5555
5555 5557
5555 5556
5559 5617
5560 5561
5560 5617
5560 5562
5561 5563
5562 5563
5565 5569
5566 5567
5568 5569
5573 5574
5575 5576
5577 5578
5578 5580
5578 5579
5580 5581
5581 5583
5582 5588
5583 5584
5583 5585
5585 5586
5587 5588
5588 5589
5589 5590
5593 5594
5595 5596
5595 5597
5595 5598
5599 5599
5603 5604
5604 5605
5606 5607
5606 5615
5607 5608
5607 5612
5608 5613
5609 6448
5609 5610
5610 5611
5612 5613
5612 5616
5613 6448
5614 5614
5614 6448
5615 5616
5618 6363
5618 6358
5619 5620
5620 5621
5620 5622
5623 5994
5623 5993
5624 5985
5624 5996
5626 5628
5627 5629
5628 5630
5629 5630
5631 5634
5631 5632
5632 5633
5633 5634
5635 5637
5636 5639
5636 5637
5640 5641
5642 5648
5642 5647
5642 5900
5643 5644
5643 5902
5644 5647
5644 5648
5645 5646
5646 5901
5648 5899
5654 5749
5654 5655
5655 5748
5656 5812
5657 5658
5657 5659
5658 5660
5659 5660
5660 5944
5661 5871
5661 6170
5662 5664
5665 5666
5667 5668
5669 5670
5670 5887
5671 5674
5671 5673
5672 5673
5676 5678
5676 5677
5678 5679
5680 5681
5681 5682
5683 5684
5684 5686
5686 5687
5688 5689
5691 5692
5693 5964
5695 5964
5695 5696
5697 6071
5699 5703
5699 6353
5701 5702
5703 6355
5703 6353
5705 5793
5705 5910
5706 6035
5707 5711
5708 5713
5708 5798
5708 6200
5708 5954
5708 5962
5711 5713
5712 6200
5713 5962
5716 5770
5718 6119
5718 5719
5720 6462
5721 6460
5721 5722
5723 5730
5724 5725
5724 5726
5724 5736
5725 5727
5725 5726
5726 5728
5727 5729
5727 5728
5728 5729
5729 5730
5730 5732
5731 5733
5731 5736
5731 5734
5732 5734
5732 5733
5733 5734
5735 5736
5737 5740
5737 5738
5738 5739
5742 5743
5744 5768
5744 5745
5746 5747
5746 5768
5747 5747
5748 5749
5750 5753
5752 6303
5755 5756
5756 5758
5757 5758
5758 5760
5759 5760
5760 5762
5761 5762
5763 6127
5764 6435
5767 5768
5771 5773
5771 5774
5772 5773
5773 5774
5777 5778
5777 5781
5778 5781
5778 5780
5779 5780
5781 6367
5783 5784
5784 6160
5785 5791
5785 5973
5786 5788
5787 5788
5787 6381
5787 6371
5788 6369
5790 6368
5790 5795
5791 6160
5791 5794
5792 5795
5792 5978
5793 5910
5794 5971
5794 5978
5794 5977
5795 5971
5796 5797
5797 6056
5802 6124
5806 5807
5808 5814
5809 5812
5809 5810
5810 5813
5810 5811
5813 5815
5813 5817
5816 5817
5819 6053
5820 6053
5822 5826
5823 5824
5824 6222
5825 6017
5826 6017
5827 5830
5828 5829
5829 5830
5835 5836
5835 5845
5835 5841
5836 6276
5836 5844
5837 6284
5838 6070
5839 5840
5842 5845
5843 5844
5843 6280
5844 5845
5848 6021
5848 6156
5849 6043
5850 6039
5850 5851
5851 6040
5852 5856
5852 5853
5853 6039
5854 6156
5854 6153
5855 5956
5855 6155
5855 6153
5856 6153
5856 5956
5857 5858
5858 5867
5859 5864
5860 5862
5860 5861
5861 5863
5862 5864
5862 5863
5863 5865
5864 5865
5866 5867
5870 5871
5873 5875
5874 5876
5874 5875
5875 5876
5877 5878
5881 5882
5883 5884
5889 5890
5889 5892
5890 5891
5891 5892
5892 5893
5892 5896
5893 5895
5893 5894
5893 5896
5894 5895
5897 5899
5897 6057
5898 6057
5899 5900
5900 6060
5901 6060
5904 5909
5906 5907
5908 5909
5911 6121
5911 6122
5911 6203
5912 6203
5912 5913
5916 5917
5918 5919
5920 5921
5922 5923
5926 5927
5926 5929
5926 6332
5928 6329
5928 6336
5928 6330
5930 6332
5930 6335
5930 6337
5931 6330
5934 6070
5935 6150
5939 5941
5939 5943
5940 5942
5945 5946
5947 6091
5948 5953
5948 6086
5948 6091
5949 6208
5949 6288
5950 6210
5950 6211
5950 6075
5951 5952
5953 6291
5954 6175
5956 6023
5958 5959
5959 6157
5962 6200
5962 6159
5963 5968
5964 6308
5965 5967
5966 5967
5968 5969
5968 5973
5969 5970
5969 5973
5969 5980
5971 5978
5972 5976
5972 5975
5972 5978
5973 5975
5974 5975
5977 6160
5977 6369
5977 5979
5979 6369
5979 6368
5981 6002
5981 6003
5982 5984
5982 5991
5985 5987
5985 5986
5986 5996
5988 5996
5989 5994
5990 5993
5991 6423
5991 6001
5992 5998
5993 5995
5994 5995
5998 6068
5999 6068
5999 6000
5999 6031
6000 6068
6001 6002
6003 6003
6005 6008
6007 6008
6009 6016
6009 6010
6010 6011
6011 6016
6011 6014
6012 6013
6014 6015
6018 6019
6020 6062
6021 6022
6023 6155
6025 6026
6028 6028
6029 6031
6029 6030
6031 6032
6035 6127
6036 6037
6038 6162
6040 6041
6041 6042
6042 6043
6045 6046
6046 6047
6047 6048
6049 6092
6050 6220
6050 6444
6050 6219
6051 6220
6058 6059
6062 6063
6063 6064
6064 6065
6066 6067
6070 6115
6070 6116
6071 6072
6076 6077
6078 6079
6079 6080
6080 6081
6080 6083
6081 6082
6084 6090
6084 6293
6085 6089
6085 6090
6085 6291
6086 6292
6087 6293
6087 6088
6088 6089
6089 6292
6093 6095
6094 6101
6094 6099
6095 6098
6096 6098
6097 6100
6099 6100
6100 6101
6103 6104
6105 6107
6106 6107
6107 6108
6109 6116
6110 6111
6111 6112
6112 6117
6113 6114
6114 6115
6116 6118
6117 6118
6119 6120
6128 6129
6129 6130
6129 6131
6134 6135
6136 6139
6137 6139
6138 6139
6141 6164
6141 6163
6142 6163
6142 6143
6143 6144
6143 6163
6147 6148
6149 6151
6149 6150
6154 6155
6156 6158
6157 6158
6159 6201
6160 6370
6161 6162
6165 6192
6169 6170
6171 6175
6172 6173
6175 6176
6180 6181
6182 6193
6182 6194
6183 6184
6186 6187
6186 6189
6187 6190
6188 6191
6188 6190
6191 6192
6192 6434
6195 6196
6200 6201
6203 6212
6206 6207
6208 6290
6209 6210
6209 6290
6209 6289
6210 6211
6211 6228
6212 6213
6213 6289
6214 6215
6215 6216
6216 6217
6219 6220
6227 6228
6229 6230
6231 6232
6236 6238
6236 6294
6237 6239
6246 6247
6246 6249
6246 6248
6250 6251
6252 6253
6254 6258
6255 6256
6255 6258
6255 6257
6256 6257
6258 6259
6262 6263
6264 6265
6265 6265
6266 6267
6272 6273
6274 6438
6275 6412
6275 6414
6276 6277
6277 6281
6277 6278
6278 6282
6278 6352
6280 6281
6283 6322
6284 6285
6287 6288
6288 6290
6289 6290
6291 6292
6295 6298
6295 6296
6297 6298
6304 6304
6305 6306
6308 6309
6310 6311
6314 6315
6316 6317
6320 6413
6323 6324
6325 6326
6327 6328
6327 6412
6327 6413
6328 6413
6328 6429
6330 6331
6332 6337
6333 6338
6333 6337
6333 6335
6334 6338
6335 6336
6336 6338
6339 6342
6340 6343
6340 6340
6340 6345
6341 6342
6342 6343
6343 6344
6346 6348
6347 6348
6349 6350
6351 6352
6353 6354
6355 6388
6356 6386
6356 6400
6356 6388
6358 6362
6358 6359
6360 6362
6361 6362
6364 6365
6365 6366
6365 6384
6369 6370
6371 6374
6371 6380
6372 6377
6372 6376
6372 6383
6373 6374
6373 6377
6373 6375
6374 6376
6374 6375
6375 6378
6376 6377
6378 6379
6378 6380
6380 6381
6381 6382
6389 6401
6391 6392
6392 6403
6393 6395
6394 6395
6397 6398
6398 6399
6400 6401
6401 6402
6402 6403
6403 6404
6404 6405
6407 6408
6410 6411
6412 6443
6414 6415
6416 6418
6417 6418
6418 6419
6420 6421
6423 6425
6423 6428
6424 6425
6426 6427
6427 6459
6430 6431
6432 6433
6433 6433
6435 6436
6438 6439
6439 6442
6441 6442
6444 6446
6444 6445
6446 6447
6452 6453
6453 6454
6454 6455
6456 6457
6457 6458
6460 6461
6461 6461
