0 540
0 537
0 710
1 343
1 1239
1 449
2 599
2 2272
2 150
2 610
3 609
3 498
3 178
3 2689
4 5
4 2710
4 2025
5 2206
5 2208
6 848
6 2710
6 2698
7 2216
7 1143
7 848
7 11
7 2214
8 2220
8 1401
8 2217
8 2218
9 2624
9 1403
9 1405
10 2218
10 422
10 996
11 2214
11 2215
11 2220
12 2214
12 848
12 850
13 2410
13 2210
13 2153
14 145
14 143
14 326
15 16
15 33
15 581
16 582
16 33
17 281
17 581
17 580
18 442
18 441
18 2072
19 2144
20 2141
20 2143
20 2144
21 1538
21 22
21 2141
22 947
22 23
23 2132
23 2139
24 1424
24 1027
24 1009
25 155
25 998
25 93
26 27
26 94
26 155
27 93
27 2360
28 85
28 83
28 169
29 2180
29 85
29 1054
30 176
30 1150
30 212
30 2200
31 1774
31 455
31 1145
32 1777
32 249
32 2374
32 1778
33 263
34 1351
34 1352
34 1812
35 1536
35 2125
35 957
36 37
36 56
36 172
37 121
37 1375
38 57
38 1373
38 1375
39 2463
39 40
39 185
40 45
40 41
41 42
41 45
42 43
42 2071
43 56
43 2072
44 2072
44 2071
44 56
45 2720
46 1381
46 47
46 52
47 48
47 52
48 757
48 49
49 50
49 757
50 1372
50 60
51 52
51 53
51 81
53 1378
53 81
54 2776
54 2777
54 2773
55 88
55 59
55 671
57 180
57 181
58 1376
58 68
58 1372
59 92
59 2163
59 2069
60 81
60 1376
61 75
61 62
61 71
61 142
62 66
62 64
62 63
63 66
63 142
64 71
64 70
64 65
65 747
65 69
65 67
66 70
67 70
67 747
68 785
68 194
69 755
69 71
69 73
71 74
72 79
72 76
72 77
73 74
73 80
73 755
74 79
74 75
75 78
75 141
76 78
76 139
76 785
77 748
77 80
77 193
78 79
78 140
79 80
82 1431
82 89
82 2169
82 221
83 97
83 100
83 334
83 678
84 146
84 648
84 169
85 673
85 98
86 219
86 2069
86 2102
87 2157
87 88
87 2155
88 89
89 678
89 670
90 221
90 2154
90 222
91 222
91 669
92 2164
92 220
93 156
94 503
94 2185
94 2747
95 108
95 639
95 648
96 97
96 642
96 811
97 110
97 335
98 99
98 173
100 101
100 102
101 110
101 102
102 169
102 1432
103 104
103 103
103 2424
104 651
104 652
105 106
105 651
105 810
106 107
106 616
107 108
107 640
108 639
109 652
109 2361
109 811
110 169
111 817
111 1064
111 1058
112 2182
112 174
112 2643
113 171
113 644
113 117
114 2200
114 2202
114 2199
115 1142
115 116
115 171
116 1138
116 117
117 2199
118 119
118 1101
118 120
119 120
119 121
120 182
121 1375
122 1377
122 124
122 123
123 2463
123 1377
124 128
124 125
124 127
125 126
126 1649
126 2508
128 129
128 1377
130 455
130 454
130 1773
131 854
131 2423
131 871
132 1676
132 2187
132 167
133 376
133 1202
133 1245
134 1488
134 2187
134 2277
134 1480
135 1777
135 1146
135 136
136 137
136 1113
137 1779
137 1782
137 1781
138 1612
138 206
138 1785
138 1131
139 140
139 804
140 141
141 142
143 270
143 269
144 1662
144 269
144 270
145 558
145 1709
146 147
146 173
147 841
147 148
148 177
148 646
149 421
149 177
149 423
150 584
150 607
150 618
151 583
151 520
151 660
151 587
152 658
152 153
152 595
153 380
153 154
154 495
154 223
155 223
156 1430
156 1429
157 717
157 158
157 369
157 537
158 1705
158 972
159 160
159 1705
159 1361
160 161
160 1360
161 1357
161 2452
162 2026
162 497
162 2025
162 609
163 2026
163 863
163 453
164 234
164 735
164 1229
165 883
165 238
165 1185
166 1999
166 239
166 505
166 1992
167 1678
167 1810
168 2179
168 605
168 610
170 626
170 2271
170 575
171 456
172 2071
173 841
174 175
174 2181
175 1071
175 2264
176 2264
176 423
177 2263
178 2272
178 2273
179 2102
182 183
182 1647
183 184
183 1769
184 1769
185 224
185 1373
186 1815
186 197
186 187
187 1096
187 772
188 2490
188 1815
188 2325
189 2490
189 985
189 190
190 191
190 991
191 1722
191 198
191 192
191 986
192 198
192 1668
193 194
193 2765
194 748
195 196
195 198
195 2329
196 2324
196 2323
197 772
197 2324
199 205
199 574
199 1645
200 205
200 2734
200 2305
201 2305
201 2308
201 568
202 203
202 2734
202 2724
203 204
203 1690
203 205
204 1101
204 1111
205 579
206 207
206 1504
206 2693
207 645
207 208
208 1721
208 209
208 645
209 650
209 1718
210 1718
210 211
210 1148
211 2201
211 561
212 2268
212 2270
212 2098
213 728
214 215
214 220
214 1829
215 1394
215 216
216 1393
216 220
217 1393
217 826
217 1387
217 815
218 219
218 1053
218 2102
219 837
221 2174
222 2174
222 1510
222 1513
223 638
224 2461
224 1373
225 1019
225 1028
225 1018
226 228
226 1016
226 2635
227 1050
227 228
228 2134
229 2406
230 2399
230 2422
230 2719
231 2399
231 2421
231 477
232 2418
232 233
232 477
232 364
233 2420
233 2418
233 2419
234 236
234 2537
234 235
235 884
235 237
236 2422
236 237
237 880
238 890
238 1186
239 372
239 1194
240 1800
240 248
240 1809
241 250
241 1811
241 243
242 2423
242 248
242 250
243 1800
243 2473
244 245
244 1997
244 247
245 2095
245 1808
246 247
246 730
246 1808
247 505
248 1809
249 256
249 1656
250 1811
251 252
251 2389
251 331
252 253
252 254
253 326
253 2411
254 255
254 1590
255 2389
255 1826
256 322
256 1109
257 1586
257 412
257 1826
258 259
258 2003
258 1666
259 1116
259 2003
260 1116
260 414
260 261
260 1792
261 427
261 420
262 416
262 419
262 266
263 403
263 264
264 403
264 302
265 266
265 408
265 302
266 1273
267 1710
267 1275
267 416
268 461
268 269
268 2008
268 2007
270 558
271 350
271 367
271 1230
272 336
272 1479
272 1475
273 865
273 735
273 733
273 1462
274 860
274 1741
274 900
275 1189
275 1832
275 2186
276 1832
276 1837
276 2419
277 1837
277 973
277 1839
278 279
278 477
278 2418
279 1189
279 1684
280 694
280 2103
280 369
281 282
281 440
282 2073
282 441
282 442
283 427
283 429
283 428
284 325
284 1746
284 290
285 286
285 2476
285 311
286 312
286 316
287 288
287 291
287 318
288 320
288 318
289 318
289 323
289 1207
290 1207
290 1384
291 316
291 292
292 2477
292 319
293 1242
293 1246
293 1265
294 1416
294 2053
294 310
295 890
295 1188
295 478
296 1844
296 1186
296 1188
297 496
297 2094
297 298
298 299
298 365
299 846
299 2095
300 496
300 865
300 365
301 1398
301 2248
301 2073
302 303
303 2328
303 304
304 411
304 2328
304 2327
305 399
305 1644
305 400
306 1662
306 1715
306 1658
307 2615
307 2616
307 313
308 2529
308 309
308 2531
309 1218
309 2548
310 2058
310 1348
310 1217
311 315
311 2470
312 313
312 315
313 1501
314 1499
314 1501
314 1500
315 1500
316 317
317 317
319 1798
319 1651
320 1213
320 1651
321 328
321 1448
321 1446
322 1551
322 1570
323 1708
323 324
324 2066
324 1708
325 2066
325 1446
326 327
327 1334
327 328
328 1325
329 330
329 2411
329 1570
330 331
330 1102
331 1109
332 1774
332 2658
332 1127
333 2169
333 670
333 2171
334 680
334 335
335 2360
336 353
336 337
337 338
337 347
337 2378
338 339
338 344
338 2379
339 343
339 1466
340 377
340 341
340 600
341 1228
341 662
342 598
342 1467
342 1228
343 344
344 2376
345 367
345 2376
345 1221
346 349
346 1221
347 349
347 348
348 2096
348 349
350 2466
350 1232
351 1227
351 1679
351 1232
352 1461
352 1227
352 354
353 355
353 629
354 1222
354 355
355 1461
356 1681
356 362
356 359
357 362
357 928
357 931
358 484
358 2370
358 945
358 465
358 1284
359 363
359 1702
360 361
360 2231
361 1696
362 363
363 1696
364 2421
364 2420
364 477
365 497
366 367
366 931
366 942
368 942
369 694
369 476
370 476
370 1940
370 1952
371 474
371 443
371 1935
372 374
372 1193
373 1193
373 1969
373 1188
374 1202
374 1195
375 1200
375 1191
375 376
376 1676
377 599
377 583
378 599
378 379
378 583
379 587
379 584
380 1506
380 381
381 382
381 632
381 655
382 653
382 654
383 624
383 625
383 653
384 658
384 395
384 2198
385 386
386 1455
386 1961
387 388
387 1961
387 1965
388 389
389 390
389 1599
390 1286
390 1287
391 971
391 1706
391 1282
392 2407
392 472
392 1438
393 490
393 487
393 945
394 488
394 2372
394 944
395 520
396 1753
396 1444
396 1750
397 1756
397 1442
397 1753
398 1209
398 1215
398 1206
399 1206
399 1315
400 1212
400 2618
401 2618
401 404
401 1658
401 1710
402 1710
403 407
404 407
404 405
405 406
405 407
406 2327
406 2328
408 409
408 1396
409 1395
409 410
410 1519
410 1399
411 2327
412 424
412 435
413 461
414 1276
414 415
414 418
415 417
415 2012
416 2012
417 419
417 418
418 420
419 1049
420 1049
421 613
421 2274
422 423
422 2274
424 426
424 2005
425 2062
425 426
427 434
428 432
428 839
429 839
429 433
430 432
430 2558
430 431
431 2582
431 432
433 434
433 1274
434 1522
435 1577
435 517
436 438
437 1795
437 2558
437 1793
438 1793
438 1792
439 2325
439 1635
439 1674
440 441
440 442
442 1313
443 1437
443 444
444 1437
444 445
445 465
445 472
446 491
446 447
446 467
447 451
447 466
448 452
449 660
449 452
450 451
450 452
450 661
451 659
453 454
453 863
454 854
455 2383
455 1772
456 1128
456 506
457 458
458 459
458 463
458 464
459 459
460 464
461 462
462 463
462 1664
463 464
465 1281
466 467
466 656
467 2372
468 851
468 733
468 852
469 470
469 2091
469 862
470 2093
470 2094
471 1935
471 1937
471 1938
472 1281
473 474
473 473
474 1953
475 476
478 893
478 1197
479 480
479 898
479 893
480 874
480 481
481 482
481 874
482 483
482 891
483 731
483 1741
485 490
486 1346
487 1346
487 488
488 489
490 940
491 2198
491 668
492 493
492 1012
492 663
493 494
493 923
494 658
494 495
495 1000
496 2092
497 849
498 609
498 606
499 602
499 849
499 606
500 638
500 501
500 504
501 635
501 634
501 1716
502 685
502 683
502 1717
503 504
504 636
505 1990
506 1120
506 1137
507 1120
508 509
508 1741
508 2536
509 730
509 510
510 731
510 1990
511 1572
511 1581
511 517
512 1581
512 1554
512 1594
513 1816
513 1571
513 518
514 1554
514 1816
514 515
515 516
516 1594
517 1687
517 1688
518 519
518 1110
519 1314
519 2491
520 595
520 594
521 1862
521 522
521 524
522 525
522 1684
523 525
525 1288
526 633
526 637
526 685
527 528
527 717
527 975
528 712
528 714
529 539
529 1705
530 722
530 531
530 708
531 711
532 718
532 541
532 534
533 724
533 697
533 718
534 690
534 536
535 726
535 724
535 2619
536 705
536 687
536 710
537 538
537 705
538 539
538 1361
540 1702
540 545
541 690
541 2420
542 695
542 545
543 695
543 721
543 544
544 2620
544 545
546 548
546 547
546 1709
547 1740
547 555
549 550
550 553
550 551
551 1740
551 1339
552 1339
552 1374
552 1338
553 1374
553 596
554 1374
554 556
554 2786
555 556
555 1338
556 557
557 1761
557 558
559 1673
560 2106
560 582
561 578
561 577
562 571
562 564
562 565
563 2316
563 572
563 571
563 564
564 2314
565 2489
565 567
566 569
566 2489
566 568
567 2306
567 568
569 570
569 2489
570 571
570 2734
571 2313
572 573
572 2484
572 2504
573 2303
573 2481
574 1585
574 1111
575 996
575 576
576 1410
576 577
577 1415
578 1621
578 1632
580 581
580 1418
584 585
585 592
585 593
586 589
586 655
586 593
587 588
588 592
588 591
588 594
589 595
589 590
590 593
590 594
595 657
597 598
598 1707
600 1707
600 847
601 603
601 608
601 605
603 610
603 607
604 646
604 1509
604 612
605 2261
606 842
607 2166
608 2275
608 2502
611 615
611 614
611 2261
612 613
612 617
613 614
614 617
615 617
615 2275
616 647
616 651
618 620
618 624
619 622
619 632
619 625
620 684
620 621
621 622
621 624
622 634
623 2166
623 682
623 684
625 632
626 1354
626 2273
626 2179
627 628
627 1463
627 1465
628 1707
628 1468
629 1237
629 1462
629 1463
630 634
630 632
630 638
631 633
631 637
631 635
633 1716
635 636
636 2747
637 2150
637 2747
639 642
641 642
643 2624
643 2153
643 1413
643 2202
644 1386
644 2410
645 650
646 649
647 649
647 1509
648 649
650 1138
652 810
653 654
654 655
656 1382
656 1346
656 659
659 942
660 662
662 1239
663 1000
663 1007
664 666
665 668
666 2162
666 2160
667 1422
667 1011
667 669
668 923
669 2165
670 680
671 820
671 672
672 673
672 1433
673 1084
674 684
674 682
674 1717
675 676
675 679
675 677
676 679
676 2259
677 683
677 681
677 682
678 680
679 2260
683 685
686 689
686 715
686 691
687 723
687 722
688 693
688 708
688 715
689 696
689 720
690 724
691 696
691 700
692 697
693 720
693 711
694 717
695 713
696 704
697 722
698 702
698 700
698 699
699 703
699 707
700 704
701 723
702 703
702 704
703 709
705 710
705 717
706 718
707 709
707 712
708 711
709 714
712 714
713 719
713 716
715 720
716 726
716 725
719 725
721 726
721 2620
723 2619
727 1075
727 728
727 2265
728 2101
729 895
730 2536
731 732
733 895
734 861
735 895
736 2536
737 768
737 743
737 753
738 808
738 754
738 770
739 1370
739 782
739 807
739 757
740 804
740 778
740 1372
741 783
741 802
741 788
742 783
742 781
742 797
743 789
743 794
744 796
744 779
744 806
745 790
745 775
745 798
746 783
746 781
746 802
747 755
748 785
749 766
749 769
749 793
750 771
750 767
751 798
751 756
751 790
752 778
752 784
753 773
753 756
754 774
756 795
758 796
758 808
758 2084
759 770
759 776
759 779
760 2321
760 2322
760 791
761 801
761 766
761 803
762 805
762 772
762 807
763 1369
763 1115
763 1378
764 767
764 786
764 805
765 809
765 799
765 2317
766 793
767 792
768 773
768 782
769 800
769 793
770 774
771 792
773 795
775 790
775 805
776 806
776 2085
777 788
777 1667
777 801
779 808
780 2762
780 2764
780 809
781 797
782 789
784 794
784 787
785 804
786 792
786 2323
787 794
787 789
788 802
791 2331
791 2329
795 798
796 2083
797 1096
799 2764
799 2322
801 1370
806 1369
807 1667
809 809
810 811
812 837
812 813
812 1074
813 818
813 817
814 834
814 1074
815 1390
815 1388
816 828
817 1084
818 835
818 838
819 831
819 832
819 821
820 837
820 1084
822 828
822 1388
822 834
823 830
823 1051
823 2553
824 832
825 831
826 828
826 1053
827 838
829 2553
829 1387
829 1390
830 1541
830 831
832 836
833 836
834 1070
836 838
839 1313
840 947
840 1534
840 2132
841 1073
843 845
843 1052
844 1460
844 845
844 1088
845 1459
847 849
847 2273
850 995
850 2217
851 2539
851 2537
851 2538
852 862
852 865
853 867
853 855
854 871
855 860
856 868
856 870
857 858
857 2093
857 868
858 868
858 2540
859 873
859 1383
859 872
860 875
861 869
861 867
862 870
863 866
864 872
866 871
866 872
867 2539
869 2540
869 1503
874 893
875 2538
875 894
876 908
876 889
876 917
877 882
878 899
878 918
878 886
879 907
880 883
880 908
881 912
882 912
882 901
883 912
884 918
884 906
885 916
885 897
886 918
886 892
887 899
887 889
888 919
888 914
888 896
889 919
890 897
891 898
892 911
894 900
894 905
896 914
896 909
897 2089
900 2495
902 905
903 908
903 2086
903 2087
904 2089
905 910
906 909
906 914
907 915
908 911
909 2537
913 919
915 916
917 2087
920 2191
920 2192
920 2189
921 2191
921 2350
921 943
922 2195
922 923
922 2196
924 927
925 929
926 932
927 934
927 933
928 930
928 940
929 932
929 1695
930 934
931 933
932 933
935 944
935 2354
935 2348
936 944
936 1790
936 954
937 943
938 945
939 2456
939 959
939 2453
940 2370
940 2231
941 943
941 2453
941 2515
943 2349
946 1597
946 2108
946 2122
947 2125
948 2454
948 962
948 2386
949 951
949 954
949 963
950 953
950 1040
950 964
951 2358
951 1030
952 956
952 962
952 2358
953 1925
953 1898
954 2131
955 2255
955 958
955 1597
956 2460
956 962
957 2129
957 1530
959 2516
959 2454
959 2457
960 1596
960 1350
960 1533
961 1930
961 1927
961 1933
963 1531
963 1527
964 1350
964 1918
965 1034
965 2225
965 1036
966 970
966 1046
966 967
967 1812
967 969
968 971
969 1036
969 1882
970 1657
970 1282
971 2407
972 1940
972 1939
973 976
973 975
974 1842
975 1835
977 1722
977 1726
978 990
978 981
978 991
979 980
979 981
979 992
980 992
980 984
981 989
982 993
982 982
983 1725
983 989
984 993
984 991
985 986
985 988
986 988
987 987
987 993
988 2490
989 1723
990 1727
992 1723
994 2207
994 995
994 996
994 2209
995 2208
997 2690
997 2689
997 2206
997 2209
998 1698
998 1004
999 1002
999 1000
999 2262
999 1700
1001 1007
1001 1003
1001 1002
1002 2363
1002 1701
1003 1011
1003 2146
1004 1421
1004 1699
1005 1009
1005 2146
1005 1008
1006 1013
1006 1007
1006 1012
1008 1021
1008 1010
1009 1011
1010 1029
1010 1017
1012 2626
1014 1018
1014 1019
1014 1020
1015 1022
1015 1017
1015 1030
1016 1031
1016 2635
1017 1025
1018 1692
1019 1020
1020 1027
1023 1024
1023 1426
1023 2395
1024 1031
1024 1027
1025 1032
1025 1026
1028 1031
1028 2635
1030 2375
1033 1034
1033 2346
1033 2343
1035 1038
1035 1037
1035 1041
1036 2346
1037 1040
1037 1045
1038 1640
1038 2226
1039 2228
1039 1434
1039 2225
1040 1887
1041 1047
1041 1045
1041 2080
1042 1047
1042 2080
1043 1046
1044 2224
1045 2080
1046 2413
1047 1642
1048 1049
1050 1052
1050 1051
1051 1052
1053 1074
1055 1066
1055 1062
1055 1061
1056 1081
1057 1068
1058 2184
1058 1072
1059 1081
1059 1065
1059 1077
1060 1085
1060 1082
1060 1062
1062 1067
1063 1736
1064 1079
1064 1076
1065 1081
1065 1087
1068 1078
1068 1080
1068 1085
1069 1735
1069 1738
1069 1078
1071 2097
1071 1073
1072 1079
1072 1075
1073 2097
1075 2269
1076 2270
1076 1077
1078 1081
1079 2269
1083 1085
1086 2044
1086 2046
1086 2032
1087 2076
1087 1092
1088 2039
1088 1541
1089 1091
1090 2641
1090 1093
1091 1093
1091 1092
1092 2081
1092 2077
1093 2322
1094 1105
1095 1124
1095 1126
1095 1129
1096 1815
1096 1667
1097 1113
1097 1119
1098 1381
1098 1112
1098 1370
1099 2693
1099 1779
1099 1786
1100 2061
1101 1111
1103 1121
1103 1119
1103 2297
1104 1110
1105 2061
1105 1574
1106 1648
1106 1381
1106 2506
1106 1646
1107 1523
1107 1114
1107 1112
1108 2491
1109 1117
1110 1118
1112 1814
1113 1123
1114 1524
1115 2776
1115 1369
1116 2491
1120 1128
1121 1130
1121 1126
1122 1128
1122 1127
1122 1132
1123 1129
1123 1130
1125 1128
1126 2402
1126 1133
1127 1134
1129 1130
1133 2027
1133 2292
1135 1138
1135 1140
1135 1142
1136 1145
1136 1136
1137 1146
1137 2068
1139 1145
1139 1141
1139 1143
1141 1141
1142 2696
1143 1144
1144 1386
1144 2216
1146 2696
1147 1148
1148 1721
1149 1150
1150 2181
1151 1157
1151 1152
1151 1163
1152 1547
1152 1546
1153 1162
1154 1801
1154 1308
1154 1162
1155 1161
1155 2074
1155 1312
1156 1312
1156 2064
1156 2248
1157 2509
1157 1803
1158 1546
1158 1544
1159 2501
1159 1164
1159 1302
1160 1308
1162 1345
1164 1380
1164 1311
1165 1297
1165 2509
1165 1296
1166 1297
1166 1304
1166 1302
1167 2642
1168 1292
1168 1289
1169 1171
1169 1179
1169 1177
1169 1170
1170 2242
1170 2240
1171 1175
1171 1178
1172 2236
1172 1177
1172 2237
1173 1176
1173 1317
1173 1805
1174 2239
1174 2237
1175 1177
1175 1807
1176 1318
1179 1524
1179 2242
1180 1182
1181 2533
1182 2366
1182 1190
1183 1849
1184 1190
1184 2778
1184 2533
1186 2554
1187 2337
1187 1603
1189 2778
1190 2186
1191 1202
1191 1196
1192 1204
1193 1204
1193 1609
1194 1198
1194 1197
1195 1196
1195 2090
1196 1200
1197 1201
1199 1199
1199 1200
1201 1203
1201 1204
1203 1203
1204 1205
1206 1215
1207 1708
1208 1315
1209 1219
1209 1214
1210 1219
1210 2549
1211 2020
1211 2018
1211 1315
1212 2014
1212 2021
1214 2017
1214 2023
1215 1442
1216 2058
1216 1220
1216 2054
1217 1967
1217 1250
1218 2549
1218 1219
1220 1967
1221 1230
1222 1475
1222 1469
1223 1683
1224 1233
1224 1226
1224 1235
1225 1231
1226 1479
1226 1230
1227 1679
1228 1231
1229 2425
1229 2421
1231 1239
1232 1240
1233 1240
1233 1235
1234 1831
1235 1236
1236 1240
1236 1238
1237 2744
1237 1461
1238 1472
1238 1476
1241 1976
1241 1979
1241 1978
1242 1251
1242 1984
1243 1268
1243 1262
1243 1256
1244 1263
1245 1271
1245 1266
1246 1259
1246 1264
1247 1266
1247 1986
1247 1270
1248 1268
1249 1262
1250 1262
1250 1347
1251 1261
1251 1255
1252 1268
1252 2390
1252 1256
1253 1264
1253 1267
1253 1260
1254 1255
1254 1254
1255 1267
1256 1257
1257 1972
1257 1263
1258 1264
1259 1265
1259 1979
1260 1267
1260 1981
1261 1261
1263 1269
1265 1974
1266 1982
1268 1272
1269 1347
1269 1974
1275 1277
1275 2380
1278 1279
1279 1283
1279 1282
1280 2639
1281 2639
1285 1287
1285 1706
1285 1286
1286 1287
1289 1290
1289 1298
1291 2749
1291 2758
1291 2642
1291 1297
1292 1301
1292 1299
1293 1300
1294 2642
1295 1296
1296 1300
1297 1302
1300 1301
1301 1303
1303 1306
1303 1305
1307 1310
1307 1312
1307 1309
1308 1309
1309 1311
1311 1379
1313 1314
1314 2074
1316 1317
1317 1807
1318 1523
1318 1635
1319 1327
1320 1320
1320 1340
1321 1759
1322 1333
1322 1340
1322 1327
1323 1343
1323 1334
1323 1331
1324 1335
1324 1713
1324 1714
1326 1338
1326 1339
1326 1740
1327 1332
1327 1328
1328 1334
1328 1342
1329 1341
1330 1336
1330 1335
1330 1341
1332 1333
1332 1343
1333 1341
1335 1340
1337 1343
1344 1345
1345 2461
1347 1348
1348 2548
1349 1435
1349 2222
1350 1353
1352 1882
1352 1886
1355 2432
1355 1363
1355 1367
1356 1366
1356 2432
1356 1364
1358 2450
1358 2449
1359 2432
1359 1951
1359 2449
1360 2432
1360 1367
1361 1703
1362 2449
1362 1951
1363 1947
1363 2428
1364 1946
1364 1942
1365 2450
1366 1368
1366 2451
1366 1944
1367 2434
1369 1371
1370 1667
1371 1378
1371 1381
1372 1376
1376 1378
1385 1636
1386 1636
1387 1392
1387 1390
1388 1391
1389 1393
1395 1400
1395 1396
1396 1398
1397 1399
1398 1400
1398 1516
1399 2256
1400 2256
1401 2219
1401 2212
1402 1404
1403 2219
1403 1406
1404 1409
1404 1406
1405 2151
1405 1408
1406 1409
1406 1413
1407 1408
1407 2151
1407 2152
1408 2622
1409 1410
1410 1414
1411 1412
1411 2623
1411 2624
1412 2168
1412 2623
1413 1414
1414 1415
1415 2202
1417 1418
1417 2535
1417 2534
1418 2106
1419 1420
1420 2149
1420 1512
1420 1421
1421 1422
1422 2149
1423 1424
1424 2396
1425 1426
1425 2396
1425 2397
1426 2396
1427 1428
1428 2395
1428 2384
1429 2365
1430 2170
1431 2155
1431 2154
1432 1433
1434 1435
1436 1438
1437 1438
1439 1442
1440 1444
1441 1443
1441 2615
1441 2060
1441 2417
1444 1746
1445 1446
1447 1448
1448 1582
1449 2369
1449 1450
1449 1451
1450 1452
1450 1456
1451 1457
1451 1453
1453 2533
1454 1455
1455 1458
1462 1463
1463 1464
1465 1468
1465 1466
1466 1467
1467 1468
1469 1470
1469 1477
1470 1471
1470 1473
1471 1472
1471 1474
1472 1474
1473 1478
1473 1474
1475 1477
1477 1478
1478 1479
1480 2281
1480 2280
1481 1483
1481 2277
1482 1485
1482 2547
1482 1489
1483 2279
1483 2285
1484 2281
1486 1491
1486 2285
1486 1490
1487 2530
1487 2547
1487 2532
1488 2284
1489 1491
1489 2276
1490 1491
1490 2282
1490 2283
1492 2287
1493 1495
1494 1495
1495 1499
1495 1496
1496 1497
1496 1500
1498 1499
1501 1502
1503 2540
1503 2095
1505 1510
1507 1514
1507 1513
1507 1508
1508 1510
1508 1511
1509 1515
1511 2149
1511 1512
1512 1514
1513 2364
1516 1520
1516 1518
1517 1521
1517 2535
1518 1522
1519 1521
1523 1524
1525 1526
1526 2131
1526 1527
1527 2131
1528 1530
1529 1533
1530 2123
1531 2129
1531 1534
1532 1533
1532 1535
1532 2123
1534 2128
1536 2638
1536 2127
1537 1538
1538 2404
1539 1540
1540 1541
1540 2032
1542 1545
1542 2755
1542 2753
1543 1544
1543 2754
1543 2755
1544 2753
1547 1548
1547 1549
1550 1574
1550 1559
1550 1578
1551 2028
1551 1655
1551 1557
1552 1559
1553 1575
1554 1820
1555 1576
1555 1563
1555 1594
1556 1570
1558 1576
1558 1588
1558 1580
1559 1590
1560 1586
1561 1591
1562 1572
1562 1591
1562 1569
1564 1586
1565 1573
1566 1593
1567 1584
1568 1579
1568 1585
1571 1585
1571 1579
1572 1577
1573 1576
1573 1689
1574 1593
1575 1577
1575 1592
1581 1583
1582 1584
1582 2030
1584 1589
1587 1591
1590 1593
1595 1600
1595 1867
1595 1868
1596 2112
1596 2116
1597 1598
1598 2250
1599 2406
1599 1600
1600 1601
1601 2413
1601 1873
1602 1870
1603 1604
1603 2554
1604 1969
1604 1845
1605 1607
1606 1608
1607 1608
1607 1609
1608 1610
1609 1610
1610 1611
1612 2297
1612 1613
1613 1614
1613 2297
1614 2288
1614 1615
1615 1616
1615 1617
1616 2298
1616 1618
1618 2293
1618 1619
1619 1620
1619 2289
1620 2299
1620 2294
1621 2294
1621 1628
1622 1623
1622 2290
1622 2298
1622 2293
1623 1625
1623 2300
1623 2289
1624 2290
1625 1627
1625 2295
1625 2299
1626 1628
1627 1628
1627 2291
1627 2294
1628 2301
1629 2295
1630 2291
1631 2301
1632 2301
1632 1633
1633 2314
1633 2292
1634 1814
1635 1814
1636 1637
1638 2227
1638 1639
1638 2228
1639 1641
1639 2227
1640 1641
1640 1642
1641 2228
1643 2401
1644 1715
1644 2401
1645 2402
1646 2731
1646 2722
1647 2503
1647 2729
1647 2726
1648 2720
1648 2506
1649 2508
1649 2506
1650 1651
1651 1652
1653 1654
1653 1655
1653 1797
1654 1656
1654 1798
1655 1656
1658 1659
1659 1660
1659 1661
1662 1663
1665 2007
1668 1670
1668 1669
1668 2392
1669 1671
1669 2392
1670 1671
1670 2391
1671 2391
1672 1673
1673 1743
1675 1676
1677 1678
1678 1999
1679 1680
1680 1682
1680 1683
1681 2466
1681 1682
1682 1683
1684 1685
1685 1685
1686 1687
1687 2062
1691 1693
1692 1694
1692 1829
1693 1694
1695 1695
1696 1697
1698 1700
1698 1699
1699 2362
1700 1701
1701 2362
1702 1703
1703 1704
1706 1936
1709 2637
1711 2546
1711 2547
1711 2545
1712 1713
1713 1759
1714 1714
1715 1742
1716 1717
1718 1719
1719 1720
1720 1721
1722 1727
1723 1724
1725 1726
1728 1729
1728 2777
1728 1732
1728 2768
1730 1731
1730 1732
1730 1734
1731 1733
1731 1734
1732 2766
1732 1733
1733 2768
1734 2767
1736 1738
1736 1737
1738 1739
1743 1761
1743 1744
1745 1750
1746 1748
1747 1748
1748 1749
1750 1751
1750 1752
1753 1754
1755 1756
1756 1757
1756 1758
1759 1760
1761 1767
1762 1765
1763 1765
1763 1767
1763 1764
1765 1766
1767 1768
1770 2068
1770 2646
1770 1771
1771 1771
1772 1776
1772 1773
1774 1775
1775 1776
1775 2648
1777 1778
1778 2068
1779 1780
1780 2695
1780 2691
1781 2695
1782 1784
1782 1783
1784 1785
1786 1787
1786 1788
1789 1790
1790 1932
1791 1792
1793 1794
1795 2557
1795 1796
1798 1799
1800 2474
1801 1802
1801 2501
1803 1804
1803 2246
1806 1807
1808 2536
1809 2000
1810 2473
1810 2474
1811 2470
1811 2475
1812 1813
1816 1817
1818 1823
1818 1825
1818 1819
1820 1825
1820 1821
1822 1823
1823 1827
1824 1827
1825 1828
1826 1828
1827 1828
1829 1830
1831 2736
1831 2737
1832 1834
1833 2186
1835 1842
1835 1836
1837 1838
1838 1841
1838 1840
1839 1840
1842 1843
1846 1851
1846 1847
1846 2338
1847 2335
1847 1851
1847 1848
1849 1851
1849 1850
1852 1856
1853 1854
1853 1856
1853 1857
1854 1855
1854 1857
1856 2335
1857 2339
1858 1865
1858 1860
1859 2340
1859 1861
1859 1860
1861 1864
1861 1862
1862 1863
1866 1867
1867 1869
1870 1874
1870 1871
1871 1878
1871 1872
1871 1879
1872 1875
1872 1877
1873 1881
1873 1879
1874 1881
1874 1875
1875 1876
1876 1879
1876 1881
1880 1881
1882 1884
1883 1884
1884 2341
1885 1886
1886 1887
1887 1888
1889 1928
1889 1890
1889 1900
1890 1916
1890 1917
1891 1917
1892 1915
1892 1916
1892 1918
1893 1894
1893 1915
1893 1912
1894 1913
1894 1896
1895 1899
1895 1913
1896 1897
1896 1906
1897 1898
1897 1907
1898 1907
1899 1907
1899 1900
1899 1908
1900 1901
1901 1902
1901 1905
1902 1903
1902 1904
1908 1909
1908 1912
1909 1910
1909 1911
1911 1912
1911 1922
1914 1915
1916 1921
1916 1920
1917 1921
1918 1919
1921 1922
1922 1923
1924 1925
1925 1927
1926 1927
1929 1930
1930 1932
1931 1932
1934 1935
1940 1953
1941 1942
1941 2437
1941 1944
1942 2445
1943 2441
1943 2440
1943 2436
1944 1945
1946 2435
1946 2443
1946 2426
1947 1949
1947 1950
1948 1949
1948 2433
1950 2433
1950 2431
1953 1954
1954 1955
1954 1956
1957 1958
1958 1962
1958 1959
1959 1960
1959 1963
1960 1961
1960 1964
1966 1967
1968 1969
1968 1989
1968 1970
1971 1976
1972 1973
1974 1975
1976 1977
1979 1980
1982 1984
1982 1983
1984 1985
1986 1988
1986 1987
1990 1991
1992 1993
1992 1994
1995 1996
1995 2000
1995 1998
1996 1997
1996 1998
1997 2000
1998 1999
2001 2646
2001 2658
2001 2002
2002 2653
2002 2652
2002 2662
2003 2005
2004 2005
2006 2007
2008 2380
2008 2009
2009 2011
2009 2010
2012 2013
2014 2018
2014 2015
2015 2016
2015 2020
2016 2021
2016 2017
2017 2020
2018 2019
2018 2022
2021 2023
2023 2024
2025 2026
2028 2030
2028 2029
2030 2031
2032 2034
2033 2034
2034 2035
2036 2039
2036 2044
2036 2037
2037 2038
2037 2040
2038 2039
2038 2043
2040 2041
2040 2042
2044 2045
2046 2047
2046 2050
2047 2048
2047 2049
2050 2051
2050 2081
2052 2053
2053 2056
2055 2058
2056 2057
2059 2061
2062 2063
2064 2065
2066 2067
2069 2070
2073 2074
2075 2773
2075 2077
2075 2078
2076 2078
2076 2077
2078 2774
2079 2774
2079 2771
2079 2770
2081 2082
2083 2084
2088 2089
2088 2088
2091 2092
2093 2094
2095 2423
2097 2263
2098 2101
2098 2099
2100 2101
2101 2266
2103 2104
2105 2107
2106 2534
2107 2108
2108 2110
2108 2109
2110 2117
2110 2111
2112 2114
2112 2117
2113 2113
2113 2114
2114 2115
2117 2118
2119 2122
2119 2120
2120 2121
2123 2124
2125 2126
2129 2130
2132 2133
2134 2135
2134 2136
2136 2138
2136 2137
2139 2384
2139 2140
2141 2142
2144 2145
2146 2147
2147 2455
2148 2514
2151 2211
2152 2153
2152 2168
2154 2156
2155 2156
2156 2158
2157 2159
2157 2158
2158 2160
2159 2161
2159 2160
2161 2163
2161 2162
2162 2164
2163 2164
2166 2167
2168 2622
2169 2364
2169 2170
2170 2171
2171 2365
2172 2364
2173 2174
2175 2177
2175 2176
2177 2363
2178 2179
2178 2261
2178 2274
2179 2272
2180 2182
2180 2184
2181 2265
2182 2643
2183 2184
2183 2265
2183 2643
2184 2643
2185 2424
2185 2361
2187 2188
2188 2188
2190 2191
2191 2453
2192 2193
2192 2195
2193 2193
2194 2195
2197 2198
2199 2201
2200 2201
2203 2205
2204 2205
2205 2206
2207 2208
2207 2209
2210 2215
2210 2211
2211 2212
2212 2220
2212 2215
2213 2220
2213 2214
2213 2217
2215 2216
2218 2219
2221 2222
2222 2223
2224 2226
2224 2225
2226 2227
2229 2230
2229 2231
2229 2543
2232 2232
2232 2233
2233 2236
2233 2234
2235 2236
2237 2238
2241 2242
2243 2246
2243 2247
2244 2247
2245 2246
2248 2249
2250 2251
2251 2252
2251 2253
2254 2255
2255 2404
2256 2257
2258 2502
2258 2259
2258 2260
2259 2260
2261 2502
2263 2264
2267 2268
2268 2269
2268 2270
2275 2502
2278 2285
2278 2278
2280 2287
2280 2286
2281 2286
2282 2284
2282 2283
2283 2284
2286 2287
2289 2293
2289 2299
2290 2302
2290 2300
2291 2295
2291 2301
2292 2300
2293 2298
2294 2299
2295 2300
2296 2298
2303 2733
2303 2316
2304 2307
2304 2305
2306 2308
2306 2310
2307 2309
2308 2310
2310 2311
2312 2480
2312 2313
2312 2479
2313 2315
2314 2316
2315 2504
2315 2505
2318 2320
2319 2320
2319 2319
2320 2321
2321 2331
2323 2324
2325 2326
2329 2330
2330 2332
2330 2334
2331 2332
2332 2333
2335 2339
2336 2337
2336 2339
2337 2338
2337 2340
2338 2339
2340 2554
2342 2343
2344 2345
2345 2346
2345 2347
2348 2349
2350 2354
2350 2353
2351 2353
2352 2353
2354 2356
2355 2356
2356 2357
2358 2359
2359 2631
2359 2632
2360 2361
2362 2363
2366 2369
2366 2367
2368 2369
2370 2371
2372 2373
2376 2377
2380 2381
2382 2383
2383 2698
2383 2628
2384 2385
2386 2387
2386 2459
2388 2389
2391 2394
2392 2394
2393 2394
2395 2397
2397 2398
2399 2400
2400 2400
2401 2636
2402 2403
2404 2405
2407 2408
2409 2410
2411 2412
2413 2414
2414 2415
2414 2416
2418 2419
2422 2717
2424 2556
2424 2555
2426 2427
2426 2433
2428 2434
2428 2430
2429 2430
2429 2431
2429 2434
2430 2431
2435 2436
2435 2441
2435 2448
2436 2448
2437 2447
2437 2438
2437 2446
2438 2439
2438 2445
2438 2446
2439 2440
2439 2441
2439 2444
2440 2444
2441 2445
2442 2443
2443 2448
2444 2446
2451 2451
2454 2455
2456 2626
2456 2458
2456 2627
2457 2523
2457 2527
2458 2526
2458 2525
2460 2634
2460 2517
2461 2462
2462 2465
2463 2464
2464 2465
2466 2468
2467 2468
2468 2469
2470 2475
2471 2475
2472 2473
2473 2474
2476 2477
2478 2479
2478 2735
2478 2481
2479 2480
2480 2484
2481 2735
2482 2505
2482 2486
2482 2487
2483 2488
2483 2505
2484 2485
2485 2488
2485 2486
2486 2487
2487 2504
2492 2493
2492 2600
2492 2494
2493 2494
2493 2593
2494 2613
2495 2495
2496 2498
2497 2498
2498 2500
2499 2500
2500 2501
2503 2722
2503 2726
2503 2727
2507 2508
2509 2510
2510 2511
2510 2512
2513 2748
2514 2746
2514 2748
2516 2746
2516 2517
2517 2518
2519 2520
2519 2521
2520 2522
2521 2522
2521 2527
2522 2528
2523 2525
2523 2524
2524 2528
2524 2526
2525 2526
2527 2528
2529 2530
2529 2532
2530 2545
2531 2532
2531 2616
2534 2535
2537 2538
2538 2539
2539 2540
2541 2542
2542 2543
2544 2546
2544 2545
2548 2549
2550 2552
2551 2552
2552 2553
2557 2600
2557 2559
2557 2558
2560 2561
2560 2565
2560 2586
2560 2562
2561 2563
2561 2565
2562 2563
2562 2564
2563 2564
2564 2581
2565 2580
2566 2579
2566 2567
2567 2580
2568 2581
2568 2582
2568 2575
2569 2570
2569 2571
2570 2572
2571 2572
2571 2573
2572 2574
2573 2574
2573 2575
2574 2576
2575 2576
2576 2578
2577 2578
2577 2581
2579 2593
2579 2580
2582 2583
2582 2586
2583 2584
2583 2585
2584 2584
2586 2587
2586 2593
2587 2588
2587 2589
2588 2588
2590 2592
2591 2592
2591 2591
2592 2593
2594 2596
2594 2598
2594 2600
2595 2596
2595 2597
2595 2598
2596 2597
2598 2599
2601 2602
2601 2603
2602 2603
2603 2612
2604 2612
2604 2606
2605 2606
2605 2608
2605 2612
2606 2607
2607 2608
2607 2610
2608 2609
2609 2610
2609 2611
2610 2611
2611 2613
2613 2614
2615 2616
2617 2618
2619 2620
2620 2621
2621 2621
2622 2623
2625 2626
2628 2629
2628 2630
2633 2748
2639 2640
2644 2650
2644 2678
2644 2648
2645 2646
2647 2649
2648 2649
2649 2650
2650 2679
2650 2681
2651 2653
2651 2663
2651 2654
2653 2657
2654 2656
2654 2660
2655 2661
2655 2659
2656 2657
2656 2661
2657 2658
2659 2660
2660 2661
2662 2663
2662 2665
2663 2680
2663 2664
2664 2680
2664 2666
2665 2667
2665 2680
2666 2687
2666 2668
2667 2669
2667 2687
2668 2686
2668 2670
2669 2671
2669 2686
2670 2685
2670 2672
2671 2673
2671 2685
2672 2684
2672 2674
2673 2675
2673 2684
2674 2683
2674 2676
2675 2677
2675 2683
2676 2682
2676 2678
2677 2679
2677 2682
2678 2681
2679 2681
2680 2687
2681 2682
2682 2683
2683 2684
2684 2685
2685 2686
2686 2687
2688 2689
2691 2695
2691 2694
2691 2692
2692 2693
2692 2694
2696 2697
2697 2697
2698 2699
2699 2701
2699 2702
2700 2707
2700 2702
2700 2701
2701 2708
2702 2709
2703 2709
2703 2704
2703 2708
2704 2706
2705 2706
2707 2708
2707 2709
2710 2711
2711 2712
2711 2713
2713 2714
2713 2715
2716 2717
2716 2719
2716 2718
2717 2718
2718 2719
2720 2721
2721 2722
2721 2726
2722 2730
2723 2727
2723 2724
2723 2725
2724 2725
2725 2728
2727 2730
2728 2729
2730 2731
2730 2732
2731 2733
2732 2733
2732 2735
2736 2737
2736 2739
2737 2738
2738 2739
2738 2740
2739 2741
2740 2741
2740 2742
2741 2743
2742 2743
2742 2744
2743 2744
2745 2746
2750 2751
2750 2752
2750 2758
2753 2754
2754 2755
2756 2759
2757 2759
2758 2759
2760 2761
2761 2765
2761 2763
2762 2765
2762 2763
2763 2764
2769 2773
2769 2775
2769 2777
2772 2774
2774 2775
2776 2777
2778 2779
2779 2784
2779 2780
2781 2784
2781 2782
2781 2783
2784 2785
