0 117
0 2067
0 3081
1 3076
1 3085
1 2062
1 2066
2 1763
2 67
2 2543
3 1264
3 2315
3 2596
3 4068
4 3647
4 4616
4 1749
5 2462
6 3999
7 3205
7 464
7 1093
7 82
8 3811
8 3808
8 3812
8 3810
9 3808
9 4019
9 4018
10 3500
10 2969
10 2139
11 2526
11 3147
11 3660
11 3653
12 357
12 4474
12 4473
13 4714
13 143
13 1958
14 2186
14 2176
14 2183
15 3518
15 2116
15 3054
16 437
16 23
16 4972
17 3113
17 429
17 3112
18 1132
18 4815
18 1553
19 3117
19 219
19 1620
19 1785
20 1760
20 606
20 1759
21 487
21 4479
21 1758
22 3403
22 3167
22 3170
23 1916
24 92
24 25
24 1040
25 64
25 2405
26 27
26 276
26 4891
27 381
27 2406
27 3024
28 1090
28 3306
28 2629
28 2918
29 92
29 31
29 77
30 66
30 31
30 71
30 67
31 194
31 91
32 1206
32 1208
32 3797
32 4060
33 1207
33 1202
33 1203
33 1206
34 3342
34 3408
34 1059
34 1202
34 1205
35 1056
35 86
35 1054
35 1055
36 2947
36 1078
36 3229
37 2411
37 4428
37 440
38 611
38 2411
38 564
39 2157
39 4355
39 4354
40 4808
40 133
40 143
41 1075
41 1951
41 4720
42 1951
42 4720
42 4717
43 4718
43 1072
43 4720
44 1453
44 3025
44 3029
44 78
44 3028
44 4010
45 2593
45 212
45 260
45 4222
46 179
46 265
46 5017
47 263
47 265
47 48
48 49
48 264
49 270
49 272
50 275
50 2281
50 3027
51 1194
51 236
51 2292
51 2277
52 2827
52 2828
52 212
53 2291
53 2398
53 2285
53 2801
54 630
54 3136
54 3135
55 3131
55 1329
55 3351
55 626
56 2809
56 2952
56 3128
57 3114
57 1781
57 1785
57 1193
58 358
58 362
58 72
59 3391
59 3181
59 368
60 4581
60 1310
60 4580
61 1311
61 1865
61 4584
62 96
62 1978
62 1052
62 1947
63 4603
63 95
63 4593
63 4604
64 77
64 160
65 3635
65 3634
65 2465
65 3649
66 70
66 75
66 252
67 70
67 68
67 2543
68 194
68 2544
69 195
69 93
69 71
69 91
70 251
71 94
71 252
72 644
72 3157
73 2464
73 1107
73 2436
73 2510
74 75
74 2270
74 4056
75 250
75 251
76 159
76 157
76 158
77 159
78 661
78 1806
79 2019
79 3027
79 1453
80 1224
80 268
80 460
80 2276
81 1216
81 468
81 463
82 468
82 1220
83 4026
83 4983
83 2015
84 3498
84 4029
84 4033
84 3336
84 4027
85 3346
85 3801
85 278
86 1196
86 2950
87 2953
87 4281
87 4257
88 2440
88 2468
88 3584
89 2503
89 2500
89 1080
90 2967
90 4263
90 4262
91 92
93 3815
93 94
94 2836
94 233
95 4605
95 4592
95 647
96 1051
96 4590
96 652
97 2837
97 3025
97 380
98 1804
98 99
98 776
99 1807
99 4655
100 3224
100 3945
100 3225
101 121
101 122
101 1102
102 652
102 3144
102 3507
102 1978
103 3144
103 655
103 656
103 1187
104 4953
104 4612
104 4611
105 1909
105 286
105 1907
106 4008
106 1416
106 1418
107 3935
107 3929
107 1417
108 3935
108 2143
108 2945
108 1111
109 1101
109 2943
109 4258
110 2899
110 495
110 2903
111 1372
111 155
111 1023
112 113
112 3005
112 1135
113 3400
113 3399
114 115
114 4167
114 144
114 3400
115 4168
115 1144
115 3004
116 4802
116 134
116 4315
117 1990
117 4552
118 3019
118 3022
118 3018
119 2880
119 3018
119 3020
120 1105
120 121
120 3227
121 1312
121 1104
122 1006
123 2027
123 124
123 3210
124 3209
125 1171
125 3208
125 4647
126 4360
126 3396
126 2644
126 1887
126 4410
127 1600
127 340
127 1611
127 338
128 129
128 583
128 190
128 3951
129 498
129 492
129 1598
130 1592
130 733
130 3079
131 4615
131 4611
131 4613
132 4615
133 3406
134 135
135 1064
135 4805
136 4799
136 2171
136 137
136 4788
136 4791
137 4777
137 3235
138 3472
138 4739
138 4765
139 140
139 4748
139 4749
140 4734
140 1966
140 4993
141 4738
141 4734
141 4736
142 4727
142 1122
142 1062
143 4719
144 3399
144 4166
145 1141
145 1140
145 1138
145 1143
146 147
146 187
146 4177
146 4182
147 148
147 4176
147 3278
148 4176
148 1371
149 1370
149 735
149 736
149 1343
150 151
150 547
150 1711
151 1379
151 1021
152 550
152 153
152 2020
153 154
153 1731
154 317
154 1022
155 1022
155 316
156 4222
156 193
156 3815
156 5000
157 160
157 232
158 2544
158 159
158 194
160 3493
161 3091
161 4283
161 3089
161 3092
162 3279
162 3278
162 1045
163 3269
163 3279
163 164
164 3263
164 3258
165 3260
165 3261
165 3263
166 1706
166 595
166 1341
167 1168
167 1163
167 2261
167 2748
168 2882
168 169
168 1168
168 2002
169 2266
169 2262
169 170
170 2914
170 171
171 1165
171 172
172 1164
172 1165
172 173
173 1164
173 174
174 3494
174 3204
175 1014
175 1332
175 590
176 2903
176 2900
176 2427
177 178
177 246
177 253
178 1913
178 1911
179 267
179 2271
180 3966
180 3121
180 421
180 3003
181 2572
181 3203
181 1941
181 1943
182 2414
182 4093
182 183
183 439
183 4114
183 557
184 323
184 388
184 1089
185 3390
185 575
185 2611
186 4896
186 3327
186 1439
186 2657
187 4181
187 1045
188 4181
188 2653
189 4172
189 1137
189 1135
190 335
190 3951
190 1597
191 192
191 584
191 3951
192 331
192 332
192 326
193 3803
193 2835
195 1040
195 196
196 3816
196 198
197 198
197 276
197 4078
198 210
199 5000
199 5001
199 267
200 3146
200 4608
200 2124
200 2132
201 202
201 3395
201 3394
202 231
202 2224
203 204
203 231
203 2110
204 3878
204 3880
204 2233
205 4121
205 208
205 206
206 209
206 4124
207 4124
207 4123
207 4125
208 2077
208 2237
209 417
209 4125
209 4124
210 211
211 276
211 1040
212 262
213 1835
213 2390
213 259
214 2881
214 1161
214 3494
215 218
215 224
215 1967
216 220
217 225
217 222
217 220
218 3120
218 227
218 222
219 367
219 228
220 221
222 223
223 223
224 1621
224 3180
225 4432
225 226
227 228
227 4431
228 229
229 230
229 4430
231 1885
232 2544
232 2552
233 252
233 234
234 242
234 2600
234 2802
235 5033
235 5036
235 238
235 5037
235 236
236 246
236 237
237 2395
237 3812
237 1913
238 2608
238 2834
239 241
239 240
239 253
240 1623
240 247
240 256
241 245
241 4887
242 244
242 249
243 3497
243 2802
243 3176
244 5032
244 3497
245 5034
245 246
247 253
247 258
247 2399
248 4032
248 4039
248 4033
249 1629
249 250
250 4057
250 252
251 4054
254 255
254 257
254 1627
254 1629
255 277
255 4057
256 257
256 2296
257 281
258 2396
258 4562
259 2398
259 305
260 1859
260 2835
261 5010
261 2593
261 5016
262 269
262 307
262 312
263 270
263 269
264 265
264 266
266 2271
266 5003
267 4975
268 271
268 5028
269 5016
270 5028
270 2276
271 2019
271 2280
272 2281
272 2280
272 273
273 274
273 275
275 5003
277 281
277 4055
278 282
278 284
279 3343
279 1054
279 280
279 3408
280 1059
280 1196
280 1198
281 282
282 283
283 284
283 3343
284 3345
285 4047
285 4048
285 4046
286 298
286 2670
287 303
287 304
287 298
288 1531
288 3350
288 4023
289 761
289 2807
289 1679
290 348
290 3542
290 767
290 3537
291 292
291 3872
291 3873
292 3310
292 1925
293 860
293 294
293 295
294 1741
294 1926
295 1925
295 1243
296 2807
296 4438
296 1679
297 1680
297 1679
297 876
298 4002
299 4001
300 3999
300 1907
300 4434
300 4000
301 2983
301 2984
301 1259
301 2979
302 4004
302 2977
302 2981
302 4006
302 2984
303 4004
303 304
304 2833
305 466
305 1069
306 2828
306 2291
306 2826
307 308
307 3410
308 310
308 309
309 315
309 313
310 1069
310 2827
311 3410
311 315
311 312
312 2276
313 461
313 460
314 315
316 317
316 1135
317 1588
318 1023
318 3046
318 588
319 2866
319 1701
319 321
320 586
320 3047
320 589
321 322
321 589
322 582
322 2866
323 2996
323 3309
324 325
324 3309
324 327
325 3309
325 3044
326 330
326 1451
326 3054
327 1451
327 3053
327 332
328 329
329 330
329 331
330 3071
331 334
332 584
332 4290
333 334
333 1611
333 3064
334 1589
335 1600
335 1589
336 337
336 1602
336 1606
337 338
337 1601
338 339
339 501
339 340
340 504
341 1381
341 1710
341 1610
341 497
342 1609
342 501
342 503
342 1606
343 344
344 503
344 346
345 1381
345 346
345 1384
346 1610
347 499
347 497
347 496
348 991
348 859
348 349
349 765
349 997
350 871
350 870
350 765
351 2133
351 870
351 770
351 1108
352 369
352 2246
352 353
353 354
353 1188
354 607
354 355
355 356
355 608
356 1774
356 3145
357 2379
357 3301
358 3156
358 363
358 3160
359 360
359 3115
359 361
360 634
360 363
360 446
361 364
361 362
362 363
364 1780
364 365
365 366
365 1783
366 368
366 367
367 3181
368 644
369 1778
369 446
369 1777
370 3016
370 4212
370 373
371 4080
371 3076
371 1118
371 3086
372 2404
372 3024
372 3026
373 377
373 374
374 380
374 375
375 4212
375 381
376 2062
376 377
376 2042
377 378
379 2042
379 2837
379 2808
379 665
380 381
380 2404
381 2908
382 3961
382 2607
382 3962
383 2998
383 1085
383 2997
384 386
384 1112
384 1113
384 1087
385 399
385 393
385 4371
386 1114
386 1116
387 4863
387 1117
387 394
387 4861
388 1087
388 1091
389 390
389 4083
389 1113
390 400
390 396
391 2105
391 398
391 395
392 2106
392 393
392 4864
393 395
394 4862
394 4861
395 2106
396 398
396 397
397 404
397 399
398 399
400 402
400 401
401 405
401 404
403 4091
403 4099
403 4088
404 406
405 4091
405 4092
406 1879
406 1880
406 4095
407 4412
407 2199
407 2641
408 418
408 411
408 609
409 637
409 411
409 2047
409 2046
410 1065
410 436
410 1066
411 2057
411 2054
412 2063
412 2059
412 413
413 1874
414 1874
414 609
414 4425
415 2051
415 4134
415 416
416 638
416 4145
416 4149
417 4140
417 4130
418 4132
418 419
418 1873
419 3965
419 4141
420 422
420 424
421 426
421 422
423 424
423 427
423 425
424 3001
425 434
425 3001
425 640
426 4138
426 427
427 4139
428 2107
428 3886
428 4822
428 2109
429 3112
429 4785
430 3119
430 3002
430 1622
431 3119
431 4144
431 1620
432 434
432 433
433 433
435 570
435 438
435 444
436 437
436 1867
436 443
437 1622
438 1068
439 1239
439 4113
440 571
440 569
441 1067
441 4429
441 3110
442 2050
442 2052
442 636
443 3164
443 3163
444 3164
444 445
446 1106
447 448
447 2599
447 1916
448 1791
448 473
449 452
449 456
449 450
450 454
450 1784
451 452
451 3116
451 4982
452 454
453 472
453 486
453 4476
454 3114
455 457
455 1784
455 456
456 458
457 471
457 458
458 470
459 1218
459 463
459 1983
460 1223
460 4884
461 465
461 1069
462 2394
462 2603
462 467
463 467
464 466
464 2394
465 2603
465 2400
466 2400
467 468
469 2390
469 2293
469 2015
469 2395
470 472
470 471
471 1788
472 473
473 474
474 487
474 486
475 1197
475 4044
475 1198
475 479
476 486
476 1619
476 484
477 479
477 478
477 483
478 3383
478 4476
479 3383
480 481
480 4067
480 4059
481 2403
481 485
482 4059
482 485
482 4061
483 485
483 1619
484 1755
484 2403
487 3170
487 1757
487 3169
488 2407
489 2407
489 2409
489 2406
490 1605
490 493
490 2904
491 494
491 493
491 496
492 1605
492 494
493 494
495 496
495 3046
497 1614
498 499
498 1599
499 500
500 1602
500 502
501 1606
503 605
504 603
504 601
504 509
505 510
505 522
505 511
506 512
506 3068
506 507
507 525
507 1448
508 509
508 515
508 513
509 510
510 511
511 525
512 516
512 1449
513 1611
513 516
513 514
514 1449
514 515
514 1612
515 1448
516 3069
516 1612
517 518
517 522
517 2858
518 521
518 519
519 2857
519 531
520 544
520 4298
520 1384
521 522
521 4297
523 2184
523 524
523 1001
524 528
524 526
525 526
526 527
527 2858
527 528
528 530
529 538
529 543
529 2257
530 2857
530 532
531 534
531 532
532 533
533 535
533 534
534 536
535 538
535 536
536 4296
537 4295
537 544
537 539
538 539
539 4294
540 543
540 541
540 546
541 545
541 542
542 543
544 546
545 4298
545 546
547 1709
547 3045
548 1730
548 549
548 550
549 1185
549 4892
550 551
551 2021
551 2020
552 2997
552 3287
552 2998
553 4083
553 3285
553 4089
554 3285
554 567
554 1154
555 4098
555 4089
555 559
556 4107
556 4098
556 4084
557 4113
557 563
558 559
558 1154
558 3299
559 560
560 1237
560 4084
561 3299
561 1237
561 3298
562 1236
562 569
562 1151
563 1151
563 4110
564 4114
564 2412
565 3288
565 567
565 566
566 1767
566 3292
567 568
568 1153
568 3292
569 1233
569 4427
570 571
570 572
571 1227
572 1225
572 1226
573 574
573 1225
573 1149
573 3166
574 3168
574 4480
575 3385
575 1264
575 1761
576 577
576 3385
576 1766
577 3289
577 3288
578 3389
578 3173
578 3162
578 4478
579 1593
579 1603
579 2804
580 1593
580 584
581 4293
581 2904
581 1603
582 2899
582 2900
583 1604
583 584
585 586
585 588
587 591
587 2432
587 588
587 1333
589 3010
590 594
590 592
591 596
591 594
592 593
592 3006
593 594
593 596
595 1334
595 2263
595 1332
596 3008
597 3949
597 1334
597 1333
598 3949
598 1336
598 1342
598 1337
599 602
599 601
599 600
600 602
600 604
601 1616
602 1616
603 605
603 1617
604 1617
604 605
606 3173
606 3171
607 1775
607 608
608 3139
609 4125
610 2083
610 2078
611 4425
611 2056
612 2234
612 2222
612 4115
613 2416
613 3108
613 1878
614 4425
614 4424
614 2234
614 4426
615 2077
615 3878
615 2096
616 3902
616 4357
616 4352
617 3902
617 4348
617 4344
618 1952
618 622
618 3805
619 3888
619 3898
619 3907
619 2160
620 621
620 3898
620 3895
621 3894
621 2212
622 3100
622 3894
623 2120
623 2227
623 3101
624 1897
624 4346
624 4349
625 3341
625 1316
625 1915
625 4043
626 2014
626 3355
627 3495
627 2391
627 2987
628 630
628 631
628 2990
629 2988
629 630
629 3247
631 4487
631 4489
631 1910
632 633
632 1915
632 2948
634 635
634 642
636 2043
636 3110
637 2043
637 4148
638 639
638 4150
638 1870
639 640
639 1869
640 4120
641 4462
641 642
641 1777
642 1078
643 1310
643 644
643 1053
643 2246
645 3508
645 4596
645 4598
646 4588
646 4601
646 649
647 4593
647 4594
648 649
648 4598
648 4593
649 4596
650 3513
650 4602
650 4601
651 3513
651 1331
651 1330
652 3509
653 654
653 4599
653 4600
655 3508
655 1330
656 1773
656 1774
657 1773
658 3180
659 4883
659 660
659 662
660 1224
660 661
661 2019
662 1223
662 1082
663 4495
663 678
663 2038
664 2039
665 677
665 745
666 1808
666 730
666 4549
667 4548
667 4545
667 4546
668 4546
668 669
668 4547
669 670
669 4547
670 2750
670 4496
670 671
671 672
671 674
672 4542
672 674
673 4506
673 675
673 4543
674 676
674 4506
675 1831
675 4543
676 4497
676 4506
677 2036
677 2037
678 4497
678 2037
679 680
679 729
680 681
681 2757
682 737
682 689
682 683
683 773
683 696
684 686
684 774
684 696
685 685
685 686
686 687
688 715
689 708
689 2650
690 2760
690 2761
690 701
691 692
691 693
691 694
694 695
694 699
695 697
695 696
698 699
699 701
700 701
702 2759
703 2759
704 705
705 2761
705 707
706 708
706 2761
706 2760
708 4558
709 1820
709 1819
709 1817
710 1820
710 711
711 2741
711 2743
711 2742
712 2741
713 2742
713 714
713 2746
714 715
714 1819
715 716
716 2745
716 2746
716 2747
717 718
718 2758
718 774
719 2754
719 1814
719 1081
720 2753
720 725
720 2754
721 723
721 722
721 2295
722 2756
722 725
724 2295
725 2295
726 2560
726 729
726 728
727 2295
727 4557
727 1988
728 1934
728 729
730 2875
730 2597
731 4079
731 3007
731 3015
731 1700
732 1012
732 1687
732 2915
733 2917
733 2848
733 2847
734 735
734 1342
734 1343
735 1346
736 1371
736 1346
737 738
737 2743
738 773
738 772
739 2102
739 2154
739 3877
739 740
740 3923
740 3919
741 4793
741 2170
741 2102
741 3236
742 3919
743 4793
743 744
743 3915
744 1961
744 2275
745 2561
745 1420
746 747
746 1176
746 3206
748 749
748 2013
748 2527
749 2386
749 1210
750 2853
750 1851
750 823
751 2029
751 2974
751 3695
751 1509
752 1574
752 3980
752 804
753 1258
753 1852
753 1257
754 1823
754 759
754 2367
755 2367
755 853
755 1410
756 3363
756 915
756 911
756 1460
757 918
757 916
758 833
758 995
758 759
759 760
760 838
760 1398
761 991
761 2359
762 3851
762 920
762 853
763 3382
763 859
763 2359
764 766
764 768
764 767
765 766
765 877
766 767
766 1678
767 769
768 769
768 770
769 770
771 772
771 2747
772 1162
773 2004
774 3523
775 784
775 4556
775 4553
776 2751
776 1081
777 784
777 779
777 780
778 779
779 1814
780 1810
780 1812
781 782
781 4653
781 4551
782 783
783 784
785 1173
785 787
785 2518
786 787
787 3305
788 789
788 1025
788 986
788 2380
789 3668
789 3675
789 790
790 1637
790 791
790 2383
791 1632
791 1633
792 1155
792 1158
792 4224
792 1515
793 3748
793 3727
793 802
794 3322
794 977
794 3972
794 5009
795 1030
795 796
795 1796
796 800
796 797
797 799
797 1574
798 1796
798 3725
798 3722
799 2970
799 804
800 3725
800 2970
801 1563
801 820
801 1505
802 979
802 3707
803 3703
803 3977
803 811
804 818
805 977
805 810
805 979
806 810
807 809
808 809
809 3702
810 3702
811 1558
811 1561
812 814
812 813
813 3688
814 1557
814 1560
815 817
815 3687
815 819
816 817
816 819
816 1562
817 888
818 819
818 3977
820 3982
820 1488
821 3981
821 2348
821 892
821 891
822 3775
822 1928
822 3995
822 2539
823 3520
823 2976
823 2975
824 825
824 3372
824 2829
825 2540
825 826
826 829
826 3992
827 831
827 3699
827 3991
828 3698
828 830
828 829
829 1928
831 3992
831 3695
832 833
832 2539
832 3776
833 3998
834 956
834 919
834 921
835 3996
835 836
835 840
835 844
836 837
836 4452
837 3996
837 3997
838 3997
838 839
840 3775
840 3696
841 4452
841 842
841 1850
842 843
842 846
843 850
843 4452
844 1850
844 1848
845 1850
845 846
847 3766
848 3768
848 1795
848 1572
849 3372
849 3990
849 3789
850 1581
850 1823
851 4450
851 2373
851 1256
852 4450
852 1255
852 1254
852 1256
853 1408
854 1248
854 4456
854 4455
855 1403
855 1409
855 1399
855 1251
856 1248
856 858
856 857
857 858
857 1399
858 1401
859 4440
860 3310
860 3859
861 2131
861 863
861 869
862 2135
862 863
862 2133
863 3859
863 2125
864 865
864 2464
864 2519
865 2460
865 3614
866 867
866 2511
866 3654
867 3664
867 868
869 1101
869 4242
870 874
871 880
871 878
872 878
873 880
874 880
874 879
875 887
875 1682
875 1681
876 883
876 1681
877 1682
877 879
878 879
881 882
881 3927
881 1903
882 2143
882 883
883 887
884 885
885 1111
886 887
888 1557
888 3688
889 890
889 3692
890 3691
891 3677
891 3692
892 3681
892 893
892 2352
893 3679
893 2350
893 894
894 3678
894 1477
894 896
895 968
896 900
896 2350
897 3986
897 1470
897 1464
897 1488
898 3676
898 1485
898 3693
899 1654
899 1485
899 900
900 1660
901 3365
901 2338
901 2854
901 1495
902 1465
902 3040
902 3033
903 2855
903 3033
903 1456
904 921
904 1460
904 964
904 2342
905 1639
905 4238
905 4237
906 907
907 908
907 909
908 1647
908 3849
910 911
911 1647
912 2333
912 2332
913 914
914 915
914 2332
915 916
916 2817
917 918
917 2816
919 925
919 927
919 920
920 3849
921 1390
922 924
922 927
922 1390
923 945
923 1671
923 956
925 926
925 1670
927 928
929 1391
929 1393
929 2535
930 931
930 943
930 1396
931 3137
931 1393
932 3137
933 936
933 3138
933 944
934 4457
934 937
934 3778
935 937
935 4457
935 942
936 937
936 4458
938 939
938 4457
938 954
939 940
939 2351
940 3778
940 941
941 4458
941 3778
942 944
942 954
943 944
943 945
945 1388
946 949
947 949
948 1668
948 949
948 951
950 952
950 1652
950 1664
951 953
951 952
952 953
953 1467
954 1388
954 955
955 956
955 2343
957 958
958 959
958 960
959 963
959 962
961 962
962 3035
963 966
963 964
964 1489
965 966
966 967
968 969
968 1899
969 2335
969 972
969 1902
970 972
970 975
970 971
971 3038
971 3037
971 2854
972 973
974 975
975 976
976 3037
977 979
978 982
978 4230
978 980
980 2374
980 2376
981 1037
981 982
981 4233
982 1030
982 1511
983 984
984 1583
984 989
985 986
986 989
987 990
987 1583
987 989
988 994
991 997
992 996
993 994
993 996
995 996
995 1396
997 1680
998 4341
998 1265
998 4340
999 4340
999 4343
999 4350
1000 2181
1000 4326
1000 4333
1001 1266
1001 4573
1001 4572
1002 4517
1002 1824
1002 4509
1003 4544
1003 4509
1003 4517
1004 4025
1004 1005
1004 1176
1004 4646
1005 4025
1005 1213
1006 1102
1007 1684
1007 2847
1007 2915
1008 2426
1008 2428
1008 1009
1008 2421
1009 2430
1009 1013
1010 2421
1010 2890
1010 2420
1011 1012
1011 1691
1011 1844
1012 2911
1013 1699
1013 3012
1013 4079
1014 1703
1014 2845
1015 3478
1016 3202
1016 3200
1016 1017
1017 3203
1017 3199
1018 2612
1018 1020
1018 1586
1019 1138
1019 2562
1019 1140
1020 1937
1020 2575
1021 1024
1021 2022
1022 2022
1023 2022
1024 1938
1024 2020
1025 4230
1025 2377
1025 1630
1026 3710
1026 3723
1026 3734
1027 3758
1027 1576
1027 1575
1028 3751
1028 1046
1028 3753
1029 2010
1029 3714
1029 3719
1030 1799
1031 1798
1031 1039
1031 2012
1032 1582
1032 2011
1032 1034
1033 1034
1034 1036
1035 1036
1036 1037
1037 1039
1038 1039
1041 3593
1041 2517
1041 3597
1042 1792
1043 1044
1043 1931
1044 1986
1045 1728
1046 3708
1046 2365
1047 2803
1047 4178
1047 4179
1048 1071
1049 1075
1050 1122
1050 4715
1050 4719
1051 1052
1051 3095
1051 4589
1052 1053
1052 3099
1053 1188
1054 1196
1054 3344
1054 4049
1055 1056
1055 4050
1056 1110
1057 1058
1057 2258
1057 2805
1058 2949
1058 2950
1059 1199
1059 3408
1059 4981
1060 1204
1060 1199
1060 1201
1061 2942
1061 2805
1061 4281
1062 4727
1062 4721
1063 1144
1063 4165
1064 4729
1064 1133
1065 3110
1065 1067
1066 1067
1066 1068
1069 2801
1069 2826
1070 4717
1070 1951
1071 1073
1071 1072
1072 1076
1073 1076
1074 2321
1074 1074
1075 2321
1077 1079
1077 2439
1077 2503
1078 2014
1080 2463
1080 2957
1081 2751
1082 1827
1082 1829
1083 2633
1083 2919
1083 3521
1083 4284
1084 2032
1084 1092
1084 2630
1085 2268
1085 2269
1086 3307
1086 3308
1086 3961
1087 1091
1087 1089
1088 1089
1088 2269
1088 2995
1089 2268
1090 2543
1090 2631
1090 3306
1091 3050
1092 2637
1092 3042
1092 2994
1093 2907
1093 3205
1094 2609
1094 2008
1094 1843
1095 4641
1095 4637
1095 4638
1096 1930
1096 2002
1096 2266
1096 1097
1097 1099
1097 2266
1098 1100
1098 1934
1098 1099
1099 2008
1101 4243
1102 1103
1103 3226
1103 1104
1104 3223
1105 3228
1106 3159
1106 2246
1107 4257
1107 2954
1108 4246
1108 4243
1109 2941
1109 4247
1109 4251
1110 3133
1110 3229
1113 2999
1114 1117
1114 1115
1115 1117
1118 1119
1118 3967
1119 3021
1119 3019
1120 3074
1120 3075
1120 4636
1121 3479
1121 2267
1121 3484
1122 4715
1123 1124
1123 4713
1123 4718
1124 3838
1124 3826
1124 4898
1125 2328
1125 3844
1125 4916
1126 2327
1126 2324
1126 3845
1127 1130
1127 4902
1127 3245
1128 3841
1128 3828
1128 3834
1128 3837
1129 1313
1129 4918
1129 4917
1130 3505
1130 3828
1131 3834
1131 3243
1131 1551
1132 3239
1132 1547
1133 1980
1133 1866
1134 3401
1134 4165
1134 4168
1134 4170
1135 3005
1136 1137
1137 1138
1137 1139
1138 3005
1140 1141
1141 2023
1142 2023
1143 1144
1145 1147
1145 4819
1145 4810
1146 1148
1146 4806
1146 4804
1147 1148
1147 4806
1148 4802
1149 3296
1149 3294
1150 4427
1151 4427
1152 3300
1152 1153
1152 3298
1153 1154
1155 3713
1155 4226
1155 2853
1156 1157
1156 4224
1156 1631
1157 3374
1157 4226
1158 1633
1158 4224
1159 3668
1159 2028
1159 1160
1160 3661
1160 1635
1161 1163
1162 2749
1162 2748
1163 2748
1164 2914
1165 2913
1166 3494
1167 3204
1167 2913
1168 2261
1168 2004
1169 1177
1170 1991
1170 2005
1170 1985
1171 3209
1172 1174
1173 1174
1173 1504
1174 2012
1175 1500
1175 3971
1175 3972
1176 4645
1177 1180
1177 1182
1178 1183
1178 1181
1178 1424
1179 1424
1179 1184
1179 1425
1179 1180
1180 1182
1181 1923
1181 2034
1182 3326
1183 1184
1183 1424
1183 1917
1184 1423
1185 2655
1185 3004
1186 2361
1186 3760
1186 3761
1188 3145
1189 1947
1189 1191
1189 3142
1190 1191
1192 3124
1192 3126
1192 2258
1193 3115
1193 3127
1194 2608
1194 1857
1195 1197
1196 3407
1197 3407
1198 3407
1198 4981
1199 1203
1200 3342
1201 1204
1201 4044
1202 1203
1202 1205
1203 1204
1204 1206
1204 4061
1205 1209
1206 1208
1207 4058
1207 1208
1209 3342
1209 4055
1210 4643
1210 4642
1211 4642
1211 1212
1211 4645
1212 4645
1212 4644
1213 2907
1213 1220
1214 1215
1215 1217
1215 1216
1216 1220
1216 1218
1217 2605
1217 1219
1218 1219
1218 1221
1219 3475
1221 1982
1221 1983
1221 1222
1222 4884
1222 4885
1222 1223
1223 1224
1225 1229
1226 1228
1226 1227
1227 1232
1227 1230
1228 1229
1228 1230
1229 1233
1229 1231
1230 1232
1232 1233
1233 1234
1234 1235
1234 1236
1236 1237
1236 1238
1238 4113
1238 4112
1238 1239
1239 4111
1239 1519
1240 2194
1240 4415
1240 3107
1240 4097
1241 2639
1241 4422
1241 4423
1242 2273
1242 3500
1242 1741
1243 4257
1243 1538
1244 3381
1244 3359
1244 4237
1244 1246
1245 4241
1245 3537
1245 4240
1246 2356
1246 3381
1247 4454
1247 2356
1247 4453
1248 2358
1249 1251
1249 1409
1249 1410
1250 1254
1250 4448
1250 4449
1251 1404
1251 1253
1252 1407
1252 1401
1252 1253
1252 3375
1253 1406
1253 1403
1254 4451
1255 1257
1255 4451
1256 1257
1258 1259
1258 1260
1259 3999
1260 1822
1260 2979
1261 2979
1261 1851
1261 2830
1261 2982
1262 1510
1262 4017
1262 4011
1263 4449
1263 4445
1263 4446
1264 2611
1265 2182
1265 4350
1265 2294
1265 4340
1266 4574
1266 2173
1266 2175
1267 1268
1267 2177
1267 2182
1268 1729
1268 2187
1269 4328
1269 4333
1269 4336
1270 1272
1270 4327
1270 4329
1271 4303
1272 1275
1272 4306
1273 4319
1273 1277
1273 1278
1274 4334
1274 4335
1275 4311
1275 4310
1276 4332
1276 4331
1277 1278
1277 1282
1277 4303
1278 1284
1278 4299
1279 4306
1279 1281
1279 1284
1280 1283
1281 1281
1282 4303
1282 1286
1282 1285
1283 1285
1284 4302
1284 4999
1285 1288
1285 1520
1286 1287
1286 4300
1287 1288
1287 1289
1288 1290
1289 1290
1289 1291
1290 1292
1291 1292
1291 1293
1292 1294
1293 1294
1293 1295
1294 1296
1295 1296
1295 1297
1296 1298
1297 1298
1297 1299
1298 1300
1299 1300
1299 1301
1300 1305
1301 1302
1301 1306
1302 1303
1302 4301
1303 1308
1303 1304
1304 1305
1304 1309
1305 4305
1306 4302
1306 4301
1307 4999
1308 1309
1308 4301
1309 4305
1310 3391
1311 4721
1311 1865
1312 4554
1312 3227
1313 2328
1313 1960
1313 3841
1314 4151
1314 3401
1315 3402
1315 4163
1315 4151
1315 3465
1316 1317
1316 3354
1318 1321
1319 1322
1320 3249
1320 1324
1320 3250
1321 1326
1321 1322
1322 1323
1323 1326
1323 2389
1324 1327
1324 1326
1325 3249
1325 1328
1325 1327
1327 1533
1327 3247
1328 1532
1328 1329
1329 3248
1332 1333
1334 1335
1335 1336
1335 1338
1336 1337
1337 1345
1338 1345
1338 1339
1340 1341
1341 1350
1342 1344
1343 2432
1344 1346
1344 1345
1347 1349
1347 1348
1348 1350
1348 1349
1350 1353
1351 1708
1351 1712
1351 1714
1352 1354
1352 1712
1353 1359
1353 3260
1354 1355
1355 1356
1355 3266
1356 1357
1356 3266
1357 1359
1357 3265
1358 1715
1358 1362
1358 3953
1359 3267
1360 3264
1360 1361
1360 3265
1361 3267
1361 1362
1362 1363
1362 1716
1363 3270
1363 1728
1364 1365
1364 1368
1364 1366
1365 1367
1365 1366
1366 1369
1367 1368
1367 1372
1368 1369
1369 1370
1370 1722
1371 1375
1372 1722
1373 4183
1374 1377
1375 4183
1375 1376
1376 1377
1376 4183
1377 4179
1378 1379
1379 1380
1381 1382
1382 1721
1382 1719
1383 1385
1384 1386
1385 1386
1386 1446
1387 1388
1389 1390
1391 1391
1392 1395
1393 1394
1395 1397
1395 1396
1399 1400
1401 1403
1402 1404
1404 1405
1406 2016
1406 2017
1408 1409
1408 1410
1411 1955
1411 3393
1411 4722
1411 4725
1412 1966
1413 4009
1414 4009
1415 4007
1416 1417
1416 1418
1417 1418
1419 1420
1420 2875
1421 1422
1422 2655
1422 1917
1424 1425
1425 1920
1426 1427
1426 3438
1426 3437
1427 3430
1427 1428
1428 3435
1428 3434
1429 4163
1429 4170
1429 4164
1430 3433
1430 3435
1430 1432
1431 3443
1432 3433
1432 3431
1433 3466
1433 3431
1433 3432
1434 3466
1435 3427
1436 3464
1437 3425
1437 3420
1437 3412
1438 3464
1438 3425
1438 3450
1439 3515
1439 1732
1440 1441
1440 1442
1440 3799
1441 1443
1441 5038
1444 4298
1445 1446
1446 1447
1448 1449
1450 1451
1452 2409
1452 3090
1452 3089
1453 3027
1454 2339
1454 1455
1454 1457
1455 1458
1455 1645
1456 3033
1456 3040
1457 2339
1457 2343
1458 1645
1458 2345
1459 1668
1459 2536
1459 1470
1460 1471
1461 1471
1462 1475
1463 1478
1463 1471
1463 1466
1464 1492
1464 1487
1465 3038
1465 2854
1467 1476
1467 3783
1468 1643
1468 1482
1468 2338
1469 1487
1469 1483
1470 1483
1471 1472
1473 3781
1473 3780
1473 1487
1474 3678
1474 1667
1474 3780
1475 1492
1475 1491
1475 1488
1477 1480
1477 1479
1479 1484
1479 3679
1480 1491
1480 1492
1481 3035
1481 2855
1481 3039
1482 1485
1482 3694
1484 1491
1484 3680
1485 2350
1486 1487
1486 3781
1486 1667
1488 1573
1490 1659
1490 2344
1490 1649
1493 1518
1493 2014
1494 1508
1495 3847
1495 3848
1495 3364
1496 1503
1496 1502
1496 3970
1497 3692
1497 3366
1497 1651
1498 3738
1498 1646
1498 1514
1499 2030
1499 3373
1499 1509
1499 1630
1500 3970
1500 1503
1501 1508
1502 1508
1502 1513
1504 1507
1505 1564
1505 1568
1506 3700
1506 1511
1506 2661
1507 2518
1509 1929
1510 1517
1510 2985
1511 3373
1512 3251
1512 3252
1512 1516
1512 3250
1515 3283
1515 2007
1516 3255
1516 1518
1519 2413
1519 4096
1519 4092
1520 1521
1520 3325
1521 1522
1521 2255
1522 2176
1522 1523
1523 1523
1524 1526
1524 1981
1524 2124
1525 2369
1525 2368
1525 1981
1526 1527
1526 1528
1527 1529
1527 2369
1528 1529
1528 2368
1529 1530
1531 2389
1531 3350
1532 1534
1532 1533
1533 1535
1534 1535
1534 3924
1535 3135
1536 1537
1536 1854
1537 1538
1538 1541
1539 3587
1539 1540
1539 1539
1539 3589
1540 3589
1540 2468
1541 3588
1541 3582
1542 1543
1542 3506
1543 3237
1543 1964
1544 3844
1544 4898
1544 4897
1545 3845
1545 4897
1545 4898
1546 1550
1546 3238
1546 3242
1547 3239
1547 1549
1548 3831
1548 3242
1548 3241
1549 1550
1549 3237
1550 3237
1551 3843
1551 1552
1552 3831
1552 3243
1553 4815
1553 4817
1554 4809
1554 4818
1554 1964
1555 1557
1555 1562
1555 1556
1556 1558
1556 1560
1558 1562
1559 1561
1560 1561
1563 1564
1563 3689
1564 3980
1565 3689
1565 1565
1566 2658
1566 1570
1566 3683
1566 3370
1567 2658
1567 3985
1567 1572
1568 1569
1568 1571
1569 3683
1569 3684
1570 3700
1570 3980
1572 3986
1573 3684
1573 3686
1573 3985
1574 3700
1575 1576
1575 3743
1576 3744
1577 1578
1577 2373
1577 1581
1579 1845
1579 1852
1579 1822
1580 1581
1582 2377
1582 1585
1583 1584
1586 1587
1586 3953
1589 1591
1590 3055
1590 1590
1592 1595
1592 2427
1594 1595
1595 1596
1597 1599
1597 1598
1598 1599
1600 1601
1601 1602
1603 4292
1604 1605
1604 4293
1607 1609
1608 1610
1609 1610
1612 1613
1614 3045
1614 1615
1616 1617
1618 1619
1620 3118
1621 1621
1622 3118
1623 1625
1623 4886
1624 1626
1624 2298
1624 2299
1625 1627
1625 2298
1626 2299
1626 2297
1627 1628
1628 2297
1628 1629
1630 3674
1631 1633
1631 1634
1635 1636
1635 1637
1637 3374
1638 3361
1638 2337
1638 1639
1639 3360
1640 1651
1641 1655
1642 1647
1643 1654
1643 1649
1644 3361
1644 1648
1644 1650
1645 1652
1648 3360
1648 1662
1649 1653
1650 3792
1650 1657
1650 1658
1651 3742
1652 1656
1653 1661
1653 1659
1654 1660
1655 3742
1655 3740
1656 1663
1656 2344
1657 1666
1657 1658
1658 4236
1658 4235
1659 2346
1660 1661
1661 3678
1663 3779
1663 1668
1665 1666
1666 1669
1667 2346
1669 2355
1669 3793
1670 1675
1670 1671
1671 1674
1672 1676
1673 3794
1673 2355
1673 1676
1676 1677
1678 1678
1680 1681
1682 3332
1683 3332
1684 1685
1684 1686
1685 2417
1685 1686
1686 1687
1687 2419
1687 1691
1688 1695
1688 1689
1688 2840
1689 1692
1689 2843
1690 2001
1690 2912
1690 2841
1690 1996
1691 2426
1692 1693
1693 1699
1694 3012
1694 1697
1694 1844
1695 1696
1695 2912
1696 2668
1696 1698
1698 1702
1698 2846
1699 2846
1701 4186
1701 4190
1702 4184
1702 1703
1703 2668
1704 1706
1705 1708
1706 1708
1707 1714
1709 1710
1709 1711
1710 1713
1711 1713
1712 1716
1713 1717
1714 1715
1715 1716
1718 1720
1718 1719
1722 1726
1723 1725
1723 1724
1723 1727
1724 2186
1724 1725
1725 1727
1727 2294
1728 2612
1729 2181
1729 2294
1731 1732
1731 2657
1732 3179
1733 2442
1733 3552
1733 3644
1734 3557
1734 1735
1734 3643
1735 3556
1735 1738
1736 4708
1736 4709
1736 4712
1737 4712
1737 4265
1737 4709
1738 3560
1738 3555
1738 1739
1739 3559
1739 3558
1739 4675
1740 2470
1740 2714
1740 2921
1741 3597
1742 2489
1742 1743
1742 2471
1743 2457
1743 2731
1744 2724
1744 4277
1744 4275
1745 3632
1745 3633
1745 4277
1746 2453
1746 2472
1746 1747
1747 1748
1747 2932
1748 2933
1748 2454
1750 1751
1750 4626
1750 2956
1751 2450
1751 4628
1751 2481
1752 3647
1752 3622
1752 3646
1753 2492
1753 1754
1753 4628
1754 3623
1754 4628
1755 4481
1755 3172
1756 1757
1757 3172
1758 4478
1758 3171
1759 3174
1759 2315
1760 3174
1760 3173
1761 3386
1761 2315
1761 3174
1762 4074
1762 4071
1762 4073
1763 4072
1763 4070
1764 3388
1765 3387
1766 3386
1766 3297
1767 3389
1767 3297
1767 3296
1768 4076
1768 4070
1768 4073
1769 3304
1769 4460
1769 3302
1770 3303
1770 3302
1770 4461
1771 1774
1772 1773
1775 1778
1775 1776
1776 1777
1776 1778
1779 1781
1780 1781
1780 1783
1782 1784
1783 1785
1786 1788
1787 1790
1788 1790
1789 1791
1790 1791
1792 1793
1792 1932
1793 1991
1794 1795
1795 3990
1796 1797
1797 3716
1797 3979
1799 3716
1799 3719
1800 1803
1801 1803
1802 1803
1802 1805
1805 1806
1806 3025
1807 4655
1807 4551
1807 1810
1809 1813
1809 2018
1809 3490
1810 1812
1811 3939
1812 4551
1814 3939
1815 2597
1816 1817
1816 4560
1816 4561
1817 2650
1818 1819
1818 1821
1818 2556
1823 1852
1824 2750
1824 1833
1825 4866
1825 2874
1825 2869
1826 2868
1827 1830
1827 1829
1828 4876
1828 1830
1828 4877
1829 4516
1829 4876
1830 1831
1831 4877
1832 4878
1832 4516
1832 2873
1833 2605
1833 4508
1834 2293
1834 2906
1834 4013
1835 1840
1835 2906
1836 2015
1836 2293
1836 1837
1836 4983
1837 1837
1837 2293
1838 2260
1839 2905
1840 3205
1840 2260
1841 2613
1841 1842
1841 2918
1841 3307
1842 2636
1842 2635
1842 2995
1843 1999
1843 1997
1844 3013
1845 1846
1845 1850
1846 1847
1846 1849
1847 1848
1847 3764
1848 3766
1851 2979
1853 1854
1853 4629
1853 4659
1854 4629
1855 4660
1855 3532
1855 3553
1856 1858
1858 1859
1858 2828
1859 2828
1860 1862
1861 1863
1861 1866
1862 1864
1862 1863
1863 2245
1865 2245
1866 4721
1867 1868
1867 4118
1869 1870
1869 4118
1870 1871
1872 4134
1872 4139
1872 1873
1873 4134
1875 4424
1875 1877
1876 2414
1876 2416
1876 2415
1877 1878
1878 2415
1879 4097
1879 1880
1880 1882
1881 1883
1882 1883
1882 2643
1883 1884
1884 2641
1884 2194
1885 2619
1885 2218
1886 4363
1887 2614
1887 2643
1888 2235
1888 1889
1888 2211
1889 1890
1889 2211
1890 2149
1890 3102
1891 1891
1891 1892
1892 1893
1893 1894
1894 1895
1894 1896
1895 1897
1895 1896
1896 1898
1897 2175
1899 1902
1899 1901
1900 1901
1901 3726
1901 1902
1902 3726
1904 1905
1905 1906
1905 1907
1908 1909
1909 4008
1910 3339
1910 2986
1911 2396
1911 4021
1912 2399
1912 2296
1912 4032
1913 4022
1914 4046
1914 4045
1914 4047
1915 4050
1917 2034
1918 1922
1918 3326
1919 2034
1919 2655
1919 2576
1920 1923
1920 1922
1921 2576
1922 3329
1924 1926
1924 1925
1924 4239
1925 4240
1926 1927
1928 2540
1929 2660
1929 3372
1929 2661
1930 1934
1930 1933
1931 1932
1931 2764
1932 1985
1933 1984
1933 2003
1935 1944
1935 3186
1935 1943
1936 3190
1937 1941
1937 1945
1939 1942
1939 3197
1939 2569
1940 2569
1941 1945
1942 3182
1942 2570
1943 3187
1944 1945
1944 3183
1946 3194
1946 2649
1946 3196
1947 1978
1948 4808
1948 1977
1948 1973
1949 4914
1949 4913
1949 4905
1950 1957
1950 1964
1950 4809
1952 1963
1952 3888
1953 4799
1953 1968
1953 4805
1954 3886
1954 3885
1954 1979
1955 1959
1955 2251
1955 4724
1956 4577
1956 4575
1956 4585
1958 4590
1959 4732
1959 4731
1960 1970
1960 4915
1960 1974
1961 1961
1962 4777
1962 1965
1965 1967
1966 3393
1967 4996
1968 3235
1968 3471
1968 4783
1969 2210
1969 2198
1969 2206
1970 1977
1970 1974
1971 4757
1971 4996
1971 4739
1972 4913
1972 3830
1972 4908
1972 4912
1973 4817
1973 3240
1974 4918
1975 4766
1975 4749
1975 4748
1976 3392
1976 2249
1976 2247
1977 4918
1979 2800
1979 3805
1980 4589
1980 4587
1983 5024
1983 4884
1984 2004
1984 2003
1985 1989
1985 2764
1986 1987
1986 2553
1987 1988
1987 2121
1988 1990
1989 2122
1989 2005
1990 3227
1991 2652
1992 1999
1992 2000
1992 1994
1993 2001
1993 1999
1993 1994
1994 1995
1995 1998
1995 2000
1996 1998
1996 2845
1997 2000
1997 2609
1998 2609
1999 2001
2002 2003
2005 3522
2005 3523
2006 2980
2006 2831
2006 3280
2007 2830
2007 3282
2007 2980
2008 2068
2009 2012
2009 3321
2009 2010
2010 3751
2011 2012
2011 3305
2013 2518
2013 4229
2018 4548
2018 4550
2020 2022
2021 3330
2021 2257
2023 2564
2024 4173
2024 2564
2024 2577
2025 2647
2025 2575
2025 2586
2025 2648
2026 2572
2027 4648
2028 3661
2028 2976
2028 2029
2029 2030
2030 3675
2030 3668
2031 4287
2031 4286
2031 3521
2032 3521
2032 3042
2033 3211
2033 3215
2033 3222
2035 2036
2036 4496
2037 2040
2038 4495
2038 3178
2039 3177
2039 4495
2040 2040
2041 2042
2043 2047
2044 2051
2044 4147
2044 2045
2045 2053
2045 2046
2046 2054
2047 2048
2048 2057
2048 2049
2049 2058
2049 2050
2050 2059
2051 2053
2052 2063
2052 2055
2053 2054
2055 2064
2055 2056
2056 2064
2057 2058
2058 2059
2060 3476
2060 2062
2060 2061
2061 3476
2061 2065
2063 2064
2065 3476
2065 4210
2065 2067
2066 3081
2066 2067
2068 3486
2068 3022
2069 2080
2069 2072
2069 2076
2070 4117
2070 2234
2070 2073
2071 2078
2071 2073
2071 4127
2071 4126
2072 2079
2072 2075
2073 2078
2074 2077
2074 2074
2075 2081
2075 2082
2076 2079
2076 2092
2078 2222
2079 2081
2080 2085
2080 2087
2081 2092
2082 2095
2082 2087
2083 2086
2083 2222
2083 4115
2083 2089
2084 2090
2084 2237
2084 2094
2085 2104
2085 2096
2086 2088
2086 2091
2087 2099
2088 2090
2088 2091
2089 2093
2089 2193
2089 2228
2090 2094
2091 2097
2092 2098
2093 2197
2093 2228
2094 2219
2095 2103
2095 2099
2096 2154
2097 2100
2097 2219
2098 2103
2098 2164
2099 2104
2100 2232
2100 2101
2101 2219
2101 2242
2102 2164
2103 2104
2105 4863
2105 2106
2107 2167
2107 4823
2108 3880
2108 4823
2108 4821
2109 2157
2109 4820
2110 2158
2110 2120
2111 2115
2111 4407
2111 4369
2111 4373
2112 4364
2112 2114
2112 2113
2112 4369
2113 2114
2113 2243
2114 2118
2115 4394
2115 4405
2116 3073
2116 3054
2116 3072
2117 4374
2117 4364
2117 3061
2117 4137
2118 4137
2118 3059
2119 2243
2119 2191
2119 4393
2119 4405
2120 2152
2121 2122
2121 3523
2122 2764
2123 2516
2124 2132
2125 2131
2126 2128
2126 3152
2126 4607
2127 3146
2127 2129
2127 3153
2128 2516
2128 2129
2129 3153
2130 3151
2131 2145
2132 2316
2133 2144
2134 2135
2135 3855
2136 2144
2137 2140
2138 3356
2138 2147
2139 2145
2140 2146
2140 2143
2141 3356
2141 2534
2141 4254
2142 2144
2147 2941
2147 2953
2148 2163
2149 2646
2149 2163
2150 2166
2151 2152
2152 2201
2152 3104
2153 2170
2153 4795
2153 4797
2154 2165
2154 2164
2155 4823
2155 2168
2155 3879
2156 2160
2157 2166
2159 2275
2160 4350
2160 4339
2161 2163
2162 2168
2162 3882
2162 3883
2162 2165
2163 2169
2164 2170
2165 3875
2165 3877
2166 4820
2166 4359
2167 3883
2167 2168
2167 3885
2170 2172
2171 4798
2171 4777
2173 2178
2173 2184
2173 2179
2174 2177
2174 2182
2174 2185
2175 2216
2176 3056
2177 2187
2178 2186
2178 2183
2178 2180
2181 2187
2181 4336
2183 2184
2186 3057
2188 4345
2189 2216
2190 2233
2191 4404
2191 2243
2192 2202
2192 2204
2192 2208
2194 4135
2195 2233
2195 2225
2195 2203
2196 2202
2196 2231
2196 2216
2197 4416
2197 2228
2197 2232
2199 2639
2199 4135
2200 2223
2200 3066
2200 3060
2202 2227
2204 2214
2204 2240
2205 2217
2205 2645
2206 2210
2206 2212
2207 4361
2207 2220
2207 3396
2208 2227
2208 2214
2208 2230
2209 2221
2209 3065
2209 3059
2210 2212
2211 4361
2213 2242
2214 2230
2214 2239
2215 2241
2215 2225
2215 2238
2217 2236
2218 2226
2218 2235
2220 4136
2220 2235
2220 2226
2225 2242
2226 2640
2228 3109
2229 2230
2232 3394
2235 2646
2237 4121
2244 4783
2245 2252
2247 2251
2248 2250
2249 2250
2249 4577
2250 2254
2250 4578
2252 2252
2253 4990
2253 3472
2253 3233
2254 4577
2254 4578
2255 2257
2255 2256
2258 2259
2259 3124
2259 3133
2260 2905
2261 2882
2262 2882
2262 2914
2263 3478
2263 2264
2263 2845
2265 4633
2265 3023
2265 4632
2267 3075
2267 3479
2268 2269
2270 4054
2270 2541
2270 4064
2271 5002
2272 3574
2272 4657
2272 2273
2273 3500
2274 2275
2277 2278
2277 2859
2278 4490
2278 2279
2280 2281
2282 2290
2282 2283
2282 4490
2283 2290
2283 2291
2284 2288
2284 2285
2284 2286
2285 2401
2285 3810
2286 2287
2286 2288
2287 2292
2287 3811
2288 2290
2288 2289
2289 2290
2289 2292
2294 3057
2296 4031
2297 2298
2299 4888
2300 3338
2300 3337
2300 2301
2301 2311
2301 2310
2302 2307
2302 2303
2302 4040
2303 2304
2303 2314
2304 2305
2304 4041
2305 2306
2305 2309
2306 2307
2306 2308
2307 2311
2309 3349
2309 2312
2310 2312
2310 2311
2311 3338
2312 2313
2316 3151
2316 2514
2317 2318
2317 3216
2317 3226
2319 3226
2320 2321
2322 2323
2323 2325
2324 2326
2324 2330
2325 2328
2326 2330
2326 3244
2327 2329
2327 2330
2331 2332
2333 3796
2334 2334
2334 3796
2335 3365
2335 2336
2337 3795
2337 3362
2338 3847
2338 2339
2339 3033
2340 3792
2340 2341
2340 2353
2341 3362
2341 2347
2342 2343
2342 2855
2344 3779
2345 2349
2345 2351
2346 3779
2347 2354
2347 2353
2348 3676
2348 2352
2349 2535
2349 3783
2350 2352
2351 2535
2353 2357
2353 3793
2354 2357
2354 3849
2355 3358
2356 3380
2356 3357
2357 3794
2358 3790
2358 4441
2359 4441
2360 2362
2361 3727
2361 3736
2362 3723
2362 3748
2363 2364
2363 2363
2364 2367
2364 2366
2365 3752
2365 3731
2368 2369
2370 2372
2371 2371
2371 2372
2372 2373
2374 2375
2375 4233
2376 2377
2376 4233
2378 2380
2379 2379
2380 2381
2381 2382
2381 4229
2381 4228
2384 2832
2385 2527
2385 2387
2385 2386
2386 4642
2388 4038
2388 4027
2388 4026
2389 2391
2390 2393
2391 3496
2391 2988
2392 2397
2393 2397
2393 2401
2394 2604
2395 4030
2396 4038
2397 2398
2399 4562
2400 2601
2402 2403
2404 4010
2404 3024
2405 4891
2405 2408
2406 2408
2406 2407
2407 2410
2408 2409
2408 3090
2410 4283
2410 3089
2411 2412
2412 4110
2413 4093
2413 4094
2414 4094
2415 2416
2416 4097
2417 2885
2417 2886
2418 2422
2419 2420
2419 2423
2420 2424
2420 2889
2421 2422
2422 2891
2423 2425
2423 2424
2424 2425
2425 2426
2427 2893
2428 2898
2428 2429
2428 2896
2429 2901
2429 2876
2429 2894
2430 2898
2430 4194
2431 2432
2433 2451
2433 2965
2433 2480
2434 4689
2435 2922
2435 2724
2435 2731
2435 2457
2435 2729
2436 2968
2436 2954
2437 2477
2437 3546
2437 3543
2438 2497
2440 2446
2440 2502
2440 2494
2441 2442
2441 2488
2441 2444
2442 2444
2443 2459
2443 2706
2443 2490
2444 3643
2445 2481
2445 2506
2445 2806
2446 2487
2446 2962
2447 2458
2447 4260
2447 4259
2448 3547
2449 2957
2449 2494
2449 2503
2449 2966
2450 2492
2450 2481
2451 2504
2451 2474
2452 2459
2452 2498
2452 2708
2453 2725
2453 2472
2454 3632
2454 2931
2455 3618
2455 2935
2456 2485
2456 3318
2456 4961
2457 4273
2457 4272
2458 2461
2458 3598
2459 2707
2459 2479
2460 2934
2460 3645
2462 3474
2462 4955
2464 2510
2464 2968
2465 2485
2465 4962
2466 3610
2466 3612
2466 2480
2467 2493
2467 2502
2467 3600
2467 3599
2468 2494
2469 4961
2469 3317
2469 4962
2470 2486
2470 2483
2470 2713
2471 2489
2471 4279
2472 2498
2473 2507
2473 2934
2473 2531
2474 2487
2474 2964
2475 2502
2475 3584
2475 3617
2476 4664
2476 3316
2476 4957
2477 3613
2477 2501
2477 2499
2478 2498
2478 2479
2479 2490
2480 2504
2482 2495
2482 2966
2482 2494
2482 2958
2483 4280
2483 2705
2484 4689
2484 4698
2484 4690
2485 2489
2486 2921
2486 2705
2487 2504
2488 3525
2488 3552
2490 2936
2491 2694
2491 2933
2492 3620
2493 2964
2493 2965
2495 2959
2495 2966
2496 2696
2496 4702
2496 3641
2497 3634
2497 4955
2499 3544
2499 3956
2500 4260
2500 2967
2502 2968
2503 4269
2504 2963
2505 2704
2505 2698
2505 3031
2506 2694
2506 2933
2507 3645
2508 4669
2509 3660
2509 2526
2510 2534
2510 3356
2511 2665
2511 3623
2511 4209
2512 2520
2513 2522
2513 2529
2513 2530
2514 3150
2514 2520
2515 2519
2515 2938
2516 2523
2517 3531
2518 2527
2519 2529
2520 3149
2520 2526
2521 2529
2522 2531
2524 3150
2525 2532
2525 2531
2525 2938
2526 3148
2528 2534
2529 2532
2533 3657
2536 2537
2536 3777
2537 3774
2537 2538
2538 2540
2538 2539
2540 3372
2541 4054
2541 2591
2541 2598
2541 4072
2542 2545
2544 2545
2545 2546
2546 2548
2546 2549
2547 2548
2548 2634
2549 2634
2549 2552
2550 2551
2550 3121
2550 3113
2552 3493
2552 4282
2553 2554
2553 2555
2556 2573
2556 2651
2557 2651
2557 2671
2557 2558
2559 2560
2559 2561
2559 2597
2560 4550
2561 2875
2562 2563
2562 2587
2563 2564
2563 2587
2564 2565
2565 2580
2565 2566
2566 2580
2566 2567
2566 2578
2567 2581
2567 2582
2568 2590
2568 2569
2568 2581
2570 2649
2570 2571
2571 2572
2571 3193
2574 3197
2574 3183
2574 2575
2576 3324
2577 2584
2577 2902
2578 2588
2578 2586
2578 2583
2579 2583
2580 4173
2581 2582
2582 2583
2584 2587
2585 2588
2585 4173
2585 2648
2585 2589
2586 2588
2588 4173
2589 2902
2589 2612
2591 2598
2591 3390
2591 2592
2592 2610
2592 3960
2593 5011
2594 2595
2594 4975
2594 5011
2595 5017
2595 5010
2596 2611
2596 4069
2598 4069
2599 3404
2599 3403
2600 3803
2600 2836
2601 2604
2601 2602
2602 2603
2602 2604
2605 3475
2605 4025
2606 3284
2607 2997
2607 3284
2608 2860
2610 3963
2610 3390
2612 2648
2613 2918
2613 2630
2613 2635
2614 4412
2614 2642
2614 4136
2615 2617
2616 2617
2617 2618
2618 2622
2618 2624
2619 2620
2619 2621
2620 2646
2620 2623
2621 2622
2621 2623
2622 2624
2623 2625
2624 2625
2625 2626
2626 2628
2626 2627
2629 2919
2629 2631
2629 2633
2630 2637
2630 2919
2631 2632
2632 2633
2632 2638
2634 2638
2635 2637
2635 2994
2636 3308
2636 2995
2638 4284
2639 2640
2640 4136
2640 4414
2641 4135
2641 4413
2642 4413
2642 2643
2643 2644
2644 2645
2645 4410
2645 4363
2649 3193
2650 4559
2651 2652
2652 2671
2653 4180
2654 2739
2654 2655
2656 4893
2658 3983
2658 3686
2659 3990
2659 3984
2659 3983
2660 2661
2660 3367
2661 3373
2662 2663
2662 4706
2663 2664
2664 3318
2664 4688
2666 3206
2667 3048
2668 3048
2669 4023
2669 2670
2669 3498
2670 3335
2671 3522
2672 4921
2672 3819
2672 4917
2673 2674
2673 2678
2673 4921
2674 4952
2674 2693
2675 2677
2675 2681
2675 3817
2676 2679
2676 4926
2677 2680
2677 4926
2678 4920
2678 4925
2678 2692
2679 2682
2679 4927
2680 2683
2680 2681
2680 4927
2681 4948
2681 2684
2682 2685
2682 4928
2683 2686
2683 2684
2683 4928
2684 4950
2684 2687
2685 2688
2685 4929
2686 4934
2686 2687
2686 4929
2687 3818
2688 4936
2688 4930
2689 4942
2689 2690
2689 4930
2689 4934
2690 4935
2690 4944
2691 4939
2691 4931
2691 4925
2692 2693
2692 4931
2692 4943
2693 4945
2695 4758
2695 4744
2695 4743
2696 2700
2696 2697
2697 2699
2697 4692
2698 2703
2698 4693
2699 2700
2699 2701
2700 2702
2701 2703
2701 2702
2702 2704
2703 2704
2705 2920
2706 2709
2706 2707
2707 2710
2707 2708
2708 2711
2709 2712
2709 2710
2710 2713
2710 2711
2711 2714
2712 4280
2712 2713
2713 2714
2715 2716
2716 2718
2716 2931
2716 2726
2717 2718
2718 2720
2718 2727
2719 2720
2720 2722
2720 2728
2721 2722
2722 2724
2722 2729
2723 2724
2725 2726
2725 2932
2726 2727
2727 2728
2728 2729
2730 2922
2730 2923
2731 2732
2733 2734
2733 3004
2734 4895
2735 4895
2735 4896
2736 2737
2736 4895
2737 2738
2738 4894
2739 2740
2740 4893
2740 4894
2741 2742
2741 2743
2744 2749
2745 2747
2745 2746
2747 2763
2750 4507
2751 3490
2752 2753
2753 2754
2755 2756
2756 2758
2757 2758
2759 2760
2762 2763
2765 2795
2765 2766
2766 2768
2767 4824
2767 2786
2767 2768
2768 2769
2769 2775
2769 2774
2770 2775
2771 2772
2772 2775
2772 2773
2775 2776
2776 2796
2776 2786
2777 2778
2778 2781
2778 2789
2779 2781
2780 2781
2782 2788
2783 4860
2783 2785
2783 2788
2784 4860
2785 4859
2785 4834
2786 4859
2787 4858
2788 2789
2789 2790
2790 2800
2790 4837
2791 4830
2791 2793
2791 2794
2792 4827
2793 4827
2793 4836
2794 2795
2794 4833
2795 2796
2796 4835
2797 4831
2798 4847
2798 4828
2798 2799
2799 4832
2799 4837
2800 4857
2800 4824
2801 2826
2802 3497
2803 4172
2803 4177
2803 4178
2804 4291
2804 4290
2805 2942
2806 2956
2806 2939
2807 3030
2808 3178
2808 3177
2809 3133
2809 2951
2809 4433
2810 2811
2810 2815
2810 2817
2811 2818
2811 2812
2812 2813
2812 2818
2813 2816
2813 2814
2814 2815
2814 2816
2815 2817
2818 2819
2819 3969
2819 2824
2820 2822
2820 2821
2820 3969
2821 2822
2823 2824
2823 2825
2824 2825
2827 2828
2828 2859
2829 3695
2829 2972
2830 2978
2831 4637
2831 3281
2832 4229
2832 4639
2833 4641
2833 3813
2834 2835
2834 3175
2836 3803
2837 4493
2838 2847
2838 2840
2838 2917
2839 2912
2839 2840
2839 4191
2840 2841
2841 2909
2841 2842
2843 2910
2843 3946
2844 3013
2844 4192
2844 3012
2846 4079
2848 3479
2848 2851
2849 3087
2849 4216
2849 2850
2850 2917
2850 2851
2851 2917
2851 4635
2852 4223
2852 3661
2852 2853
2856 3042
2856 3521
2856 3043
2857 2858
2859 2862
2859 2860
2860 2861
2861 2862
2863 4198
2863 2864
2863 4195
2864 2865
2864 4194
2865 4198
2865 2866
2867 2871
2867 4868
2868 4874
2868 2872
2869 4870
2869 2871
2870 4875
2871 4869
2871 4532
2872 4873
2872 2873
2873 4872
2874 4511
2874 4534
2877 4221
2877 2880
2877 2879
2878 2879
2879 2880
2881 3202
2881 3201
2883 2885
2883 2888
2883 2884
2884 2887
2884 2886
2885 2886
2887 2890
2887 2888
2888 2889
2889 2890
2891 2896
2891 2892
2892 2894
2892 2893
2893 2894
2895 2896
2897 2898
2899 2900
2902 4175
2903 2904
2905 2906
2907 4640
2908 4633
2908 4630
2909 4221
2909 2917
2910 3947
2910 3013
2911 3947
2911 3946
2915 2916
2918 2919
2920 4687
2920 2921
2922 2924
2923 2924
2923 2926
2924 2925
2925 2926
2925 2927
2926 2928
2927 2928
2927 2929
2928 2930
2929 2930
2931 2932
2934 2939
2934 3955
2934 2955
2935 4269
2935 4261
2935 2936
2935 3955
2936 4261
2936 4268
2937 4264
2937 4263
2937 4271
2938 4625
2939 2956
2939 2955
2940 3650
2940 3653
2940 4610
2940 4619
2941 4281
2942 2946
2942 4258
2943 4258
2943 2945
2944 2945
2944 2946
2944 2947
2946 4258
2946 2947
2949 3383
2949 2950
2951 3229
2951 2952
2952 3355
2953 4250
2953 4253
2953 4249
2954 3617
2955 4261
2957 3589
2958 2960
2958 2959
2959 2961
2960 2962
2960 2961
2961 2963
2962 2963
2964 2965
2967 4259
2968 4256
2969 4656
2969 3500
2970 2971
2973 2975
2973 2974
2975 2976
2977 4011
2977 2981
2978 2982
2978 4012
2980 4016
2980 3806
2980 4020
2981 2982
2981 2983
2982 2983
2983 2984
2986 2990
2986 4041
2987 2989
2987 3350
2988 2993
2989 4041
2989 2992
2989 3495
2990 2991
2990 3495
2991 2993
2991 3496
2992 3349
2992 3350
2993 3496
2994 2996
2996 2999
2998 2999
2998 4082
2999 4082
3000 3122
3000 3003
3000 3002
3001 3002
3001 3003
3002 3003
3006 4187
3006 3009
3006 3011
3007 4185
3007 4189
3008 3011
3008 3010
3009 3010
3009 4188
3010 3011
3014 3015
3014 4200
3014 4199
3014 4208
3015 4202
3016 3017
3016 4211
3017 3082
3017 3078
3018 3019
3018 3020
3019 3021
3020 3021
3022 3076
3026 4010
3026 3029
3027 3028
3028 3029
3030 4449
3030 4451
3030 3378
3031 3032
3031 4671
3034 3035
3034 3036
3034 3039
3036 3037
3036 3038
3039 3040
3041 4971
3041 3501
3042 3044
3043 3044
3043 3088
3043 4291
3044 4290
3045 3046
3048 3049
3050 3051
3050 3053
3051 4861
3051 3052
3051 3053
3052 3518
3052 3053
3054 3071
3055 4563
3055 3070
3055 3065
3056 4337
3056 4338
3057 4336
3057 4337
3058 3068
3058 4565
3058 3950
3059 4137
3060 3069
3060 3070
3061 4366
3061 3073
3062 3063
3062 4137
3062 3064
3063 3071
3063 4137
3064 3065
3064 4563
3066 3950
3066 3068
3067 4565
3067 3068
3067 4573
3069 3070
3069 4563
3071 3072
3072 3073
3072 4137
3074 3093
3074 3078
3075 4635
3076 3081
3077 4081
3077 4211
3077 3085
3077 4080
3078 3082
3079 3080
3079 3088
3080 3482
3080 3087
3081 3486
3082 3083
3082 4081
3083 3084
3083 4081
3083 3087
3084 3086
3084 3967
3084 3087
3085 4080
3086 3967
3086 4080
3088 4285
3088 4287
3090 3091
3091 3493
3091 3094
3092 3093
3093 3094
3093 4285
3094 4282
3094 4288
3094 4285
3095 3511
3095 4587
3096 3097
3096 3098
3096 4582
3097 4583
3097 3099
3099 4579
3100 4356
3100 4355
3101 4359
3101 4358
3102 3104
3102 3103
3103 4362
3103 3104
3105 4362
3105 3398
3105 3397
3106 4370
3106 4409
3106 4365
3107 4135
3107 4422
3108 4420
3108 4415
3109 4416
3109 4420
3111 4798
3111 3112
3111 4797
3113 3120
3114 3116
3114 4973
3115 3126
3115 3127
3116 3127
3116 3123
3117 4972
3117 4973
3117 3118
3118 3119
3119 3122
3120 3121
3120 4144
3121 3122
3122 4144
3123 4979
3123 3124
3124 3125
3125 3126
3125 3127
3128 3355
3128 3129
3128 3352
3129 3353
3129 3354
3129 4433
3130 3248
3130 3924
3130 3132
3131 3352
3131 3132
3131 3248
3132 3353
3133 3134
3134 4433
3134 4979
3135 3136
3136 3247
3137 4458
3139 4462
3139 3140
3139 4472
3140 3489
3140 4475
3140 4472
3141 3142
3141 3145
3141 4459
3142 3143
3143 3231
3143 3232
3144 3231
3145 4471
3146 3151
3147 3659
3147 3650
3147 3148
3148 3149
3149 3150
3150 3151
3152 3153
3152 3154
3152 4607
3153 3154
3154 3155
3154 4608
3155 3489
3155 4608
3156 3159
3156 3157
3157 3158
3159 3160
3161 3162
3161 3169
3161 3167
3161 3168
3162 4480
3162 4479
3163 3164
3163 3166
3165 3166
3165 3168
3165 3405
3167 3405
3167 3404
3168 3405
3169 3170
3171 3172
3173 3388
3174 3387
3175 3803
3175 3176
3176 5036
3177 3178
3179 4164
3179 4169
3180 3181
3182 3189
3182 3188
3183 3184
3184 3186
3184 3188
3184 3185
3185 3189
3185 3187
3186 3187
3188 3189
3190 3192
3190 3191
3192 3194
3192 3193
3194 3195
3197 3198
3199 3204
3199 3200
3200 3494
3201 3203
3201 3202
3203 3204
3206 4647
3206 3207
3207 3208
3208 4647
3210 3213
3210 3214
3211 3937
3211 3217
3211 3214
3212 4652
3212 3219
3212 3217
3213 3215
3214 3215
3214 3937
3216 3221
3216 3222
3217 3220
3217 3221
3218 3225
3218 3219
3218 3220
3219 3220
3220 3221
3221 3222
3223 3226
3223 3224
3224 3225
3225 3226
3228 3492
3230 3232
3230 3231
3233 4778
3233 3234
3234 3235
3234 4779
3236 4795
3236 4796
3238 3241
3238 3239
3240 3241
3240 3835
3241 3242
3242 3830
3243 3833
3244 4904
3244 4901
3245 4902
3245 4903
3246 3635
3246 3625
3246 3626
3248 3924
3249 3251
3250 3251
3252 3255
3252 3254
3253 3254
3253 3255
3256 3257
3256 3273
3256 3275
3257 3258
3259 3260
3262 3263
3264 3264
3265 3266
3267 3268
3268 3270
3268 3271
3268 3269
3269 3271
3270 3271
3272 3273
3272 3274
3274 3275
3274 3276
3275 3277
3276 3277
3276 3278
3277 3279
3280 3281
3280 3282
3281 3283
3282 3283
3284 3287
3285 3286
3286 3288
3286 3287
3288 3290
3289 3290
3289 3291
3290 3291
3291 3297
3292 3293
3292 3295
3294 3295
3294 3300
3295 3296
3298 3299
3298 3300
3301 3303
3301 3302
3303 3304
3304 4461
3305 4228
3306 3307
3306 3960
3307 3308
3310 3315
3311 3312
3311 3314
3311 3315
3312 3313
3312 3315
3313 3852
3313 3314
3314 3860
3316 3317
3316 3319
3317 3319
3318 4960
3319 4960
3320 3322
3322 3323
3325 3330
3325 4998
3327 5048
3328 3423
3330 4998
3331 3332
3331 3334
3331 3333
3335 4027
3335 3498
3335 4983
3336 3498
3336 3337
3336 3348
3337 3348
3338 4033
3338 4040
3339 4040
3339 4034
3339 3340
3339 4036
3340 4488
3340 4489
3341 4042
3341 4046
3341 4052
3342 3409
3343 3344
3343 3409
3344 4053
3345 3346
3345 4053
3345 4047
3346 3347
3346 4045
3347 3802
3347 4042
3348 3349
3351 3352
3351 3355
3352 3353
3353 3354
3357 3358
3357 3359
3358 3379
3359 3360
3360 3361
3361 3791
3362 3791
3362 3363
3363 3795
3364 3846
3364 3366
3364 3848
3365 3848
3366 3846
3367 3984
3367 3371
3368 3370
3369 3370
3370 3371
3371 3983
3373 4232
3374 3661
3375 4455
3375 4443
3376 4456
3376 3377
3377 3379
3377 4441
3378 3380
3378 4454
3379 4453
3380 3382
3381 3382
3381 3499
3384 3385
3384 3390
3384 3964
3385 3386
3386 3387
3387 3388
3388 3389
3389 4480
3391 3392
3392 3393
3394 3395
3394 4419
3395 4414
3395 4417
3396 4136
3396 3397
3397 3398
3397 4370
3398 4367
3398 4368
3399 3400
3401 4153
3402 4155
3402 4153
3403 3404
3404 3405
3406 4807
3408 3409
3410 3411
3413 3414
3414 3419
3414 3420
3415 3419
3416 3418
3417 3515
3418 3515
3418 3423
3419 3429
3420 3426
3420 3422
3421 3799
3423 3424
3425 3426
3425 3465
3426 3456
3427 3428
3427 3429
3428 3515
3428 3429
3430 3517
3430 3432
3431 3517
3432 3443
3433 3434
3433 3436
3434 3435
3438 3439
3438 4162
3440 3445
3441 4174
3442 4174
3443 3444
3444 3445
3446 4161
3446 4155
3446 3461
3447 3449
3448 3449
3448 4160
3448 4158
3449 4159
3450 3451
3450 3453
3451 4174
3451 3453
3452 4174
3453 3454
3455 3470
3455 3456
3455 3468
3456 3457
3457 3468
3457 3458
3457 3459
3460 3461
3461 3462
3463 3464
3464 3465
3466 3467
3468 3470
3469 3470
3471 3472
3471 4993
3472 4994
3473 3474
3475 4878
3477 3478
3479 3480
3481 3482
3482 3484
3483 3484
3485 3487
3486 3487
3487 3488
3489 4473
3490 3491
3495 3496
3497 5037
3499 4237
3499 4241
3501 4971
3501 4954
3502 3504
3502 4971
3502 3503
3505 4914
3505 4906
3506 4914
3507 4604
3507 3508
3509 4597
3509 4605
3510 4597
3511 4584
3511 3512
3512 4586
3512 4606
3513 3514
3516 3517
3518 3519
3520 3993
3520 3699
3524 3525
3525 3571
3525 4660
3526 3527
3526 3530
3526 3529
3527 3528
3527 3530
3527 3529
3528 3529
3528 3530
3529 3531
3532 4659
3532 4660
3533 3534
3533 3535
3534 3541
3535 3536
3536 3537
3538 3540
3538 3541
3538 3542
3539 3872
3539 3542
3539 3540
3540 3541
3543 3544
3543 3545
3544 3551
3545 3550
3545 3551
3546 3547
3546 3550
3547 3548
3548 3549
3549 3614
3549 3550
3551 3614
3552 3553
3553 4661
3554 4270
3555 3562
3555 4271
3556 3558
3556 3557
3557 4708
3558 4712
3561 3562
3562 3564
3563 3564
3564 3566
3565 3566
3566 3568
3567 3568
3568 3569
3568 3571
3570 3571
3571 3572
3573 3574
3574 3593
3575 3576
3576 3582
3576 3583
3577 3583
3578 3579
3579 3583
3579 3580
3581 3582
3583 3584
3585 3586
3585 3587
3585 3588
3586 3587
3586 3588
3590 3592
3590 3590
3591 3592
3592 3593
3594 3595
3595 3597
3595 3596
3599 3600
3599 3601
3600 3602
3601 3602
3601 3603
3602 3604
3603 3604
3603 3605
3604 3606
3605 3606
3605 3607
3606 3608
3607 3608
3607 3609
3608 3610
3609 3610
3609 3611
3611 3612
3611 3613
3612 3613
3615 3616
3616 3617
3618 3959
3619 3621
3620 3622
3620 3621
3621 3623
3621 3622
3624 3626
3624 4967
3625 3627
3625 4967
3627 3631
3627 4969
3627 4968
3628 3630
3629 3630
3630 4958
3631 4958
3631 4970
3632 4964
3633 3649
3633 4965
3634 4959
3634 4962
3635 4956
3635 4959
3636 3638
3636 4665
3636 4668
3637 4668
3637 4666
3638 3640
3639 3640
3640 4685
3641 4711
3641 4678
3642 3643
3646 4970
3646 3647
3648 4966
3648 3648
3649 4966
3650 4620
3650 4624
3651 4609
3651 3652
3652 3653
3654 3666
3654 4613
3654 4616
3655 3666
3655 4626
3655 4627
3656 3657
3656 3658
3656 3659
3657 3659
3662 3663
3663 3664
3663 3665
3664 3665
3665 3666
3666 3667
3667 4613
3667 4627
3669 3670
3670 3672
3670 3674
3671 3672
3672 3673
3674 3675
3676 3677
3677 3693
3679 3680
3680 3681
3680 3682
3681 3682
3682 3981
3683 3685
3684 3685
3685 3686
3686 3985
3687 3690
3687 3688
3689 3690
3690 3982
3691 3981
3693 3694
3694 3847
3696 3993
3696 3763
3697 3763
3697 3698
3697 3994
3698 3991
3699 3994
3701 3702
3703 3704
3703 3974
3704 3705
3704 3975
3705 3707
3705 3973
3706 3707
3708 3709
3708 3734
3709 3710
3709 3749
3710 3712
3711 3712
3712 3722
3713 3713
3714 3718
3714 3715
3715 3720
3715 3721
3716 3720
3717 3750
3718 3978
3718 3750
3719 3721
3720 3721
3722 3724
3723 3724
3724 3725
3726 3848
3727 3735
3728 3730
3728 3735
3728 3736
3729 3730
3729 3733
3729 3732
3730 3732
3731 3732
3731 3736
3733 3735
3733 3734
3737 3738
3738 3740
3739 3740
3741 3742
3743 3744
3743 3976
3744 3757
3745 3746
3745 3748
3745 3973
3746 3747
3746 3975
3747 3974
3747 3977
3749 3750
3749 3751
3752 3754
3752 3761
3753 3754
3753 3755
3754 3762
3755 3762
3755 3757
3756 3757
3756 3762
3756 3759
3758 3759
3758 3760
3759 3760
3761 3762
3763 3775
3764 3765
3764 3766
3767 3768
3768 3770
3769 3770
3770 3772
3771 3772
3772 3774
3773 3774
3776 3777
3780 3781
3782 3783
3784 3785
3785 3787
3785 3984
3786 3787
3787 3789
3788 3789
3790 3851
3790 3794
3791 3792
3792 3793
3793 3794
3795 3796
3797 4059
3797 4063
3798 4912
3799 3800
3801 3802
3801 4028
3802 4488
3802 4482
3804 3805
3806 4013
3806 4019
3807 3808
3807 4013
3807 3810
3808 3809
3809 3812
3809 3813
3810 3811
3811 3812
3813 4018
3814 4078
3815 3816
3816 5001
3817 3821
3817 4946
3818 4949
3818 4935
3819 3822
3819 4922
3820 4922
3820 4952
3820 3821
3821 3824
3821 4923
3822 4923
3822 3823
3823 3843
3823 4924
3824 4924
3824 3825
3826 4914
3826 3827
3827 3845
3827 4904
3828 4899
3828 3829
3829 3833
3829 3834
3830 3832
3831 3835
3831 3832
3832 3833
3833 4984
3834 3842
3835 4919
3836 3840
3837 3840
3837 4897
3838 4915
3838 3839
3839 3844
3839 4916
3840 3844
3840 3841
3841 3842
3842 3843
3843 4919
3845 4899
3846 3847
3850 3851
3852 3858
3852 3859
3853 3854
3853 3861
3853 3860
3854 3855
3854 3857
3855 3861
3856 3857
3857 3858
3858 3860
3861 3862
3862 3864
3862 3866
3863 3864
3863 3869
3863 3871
3864 3868
3865 3866
3866 3867
3867 3868
3867 3870
3868 3869
3869 3870
3870 3873
3871 3873
3871 3872
3874 3875
3875 3876
3877 3883
3878 3879
3879 3880
3879 3881
3881 3882
3884 3885
3885 3886
3887 3888
3889 3890
3890 3892
3890 3894
3891 3892
3892 3893
3895 3896
3895 3899
3896 3897
3897 3898
3899 3901
3899 3900
3901 3902
3903 3904
3903 3910
3903 3906
3904 3905
3904 3906
3905 3910
3905 3908
3905 3907
3906 3907
3908 3909
3909 3910
3911 3912
3912 3913
3912 3914
3912 3915
3915 3923
3916 3918
3917 3918
3918 3919
3920 3921
3920 3922
3921 3922
3922 3923
3925 3926
3926 3927
3926 3936
3927 3936
3928 3929
3929 3936
3930 3934
3930 3932
3930 3931
3931 3932
3931 3934
3932 3935
3933 3934
3937 4651
3938 3939
3940 3941
3941 3943
3941 3945
3942 3943
3943 3944
3945 4653
3946 3947
3948 3949
3950 4566
3952 3953
3954 3955
3956 3959
3956 3957
3958 3959
3960 3961
3962 3963
3962 3964
3963 3964
3964 4077
3965 4138
3965 4143
3968 3969
3970 3971
3971 5009
3972 5009
3973 3975
3974 3975
3978 3979
3981 3982
3986 3987
3987 3988
3987 3989
3991 3994
3991 3992
3993 3994
3995 3998
3995 3996
3997 3998
4000 4005
4000 4006
4001 4002
4001 4005
4002 4003
4003 4004
4003 4005
4005 4006
4007 4008
4007 4009
4011 4012
4012 4016
4014 4020
4014 4015
4014 4017
4015 4016
4015 4020
4017 4018
4018 4019
4019 4020
4021 4022
4023 4024
4025 4508
4026 4038
4027 4037
4028 4031
4028 4034
4029 4562
4029 4037
4029 4032
4031 4035
4031 4034
4032 4035
4034 4036
4035 4036
4036 4039
4037 4038
4039 4040
4042 4483
4043 4483
4043 4485
4044 4981
4045 4046
4046 4048
4047 4051
4048 4052
4049 4050
4049 4051
4050 4052
4051 4052
4051 4053
4055 4056
4055 4058
4056 4057
4056 4058
4061 4062
4063 4065
4063 4064
4064 4068
4064 4069
4066 4067
4067 4068
4070 4075
4071 4075
4071 4072
4073 4074
4074 4076
4075 4076
4078 5002
4079 4201
4081 4211
4082 4083
4083 4088
4084 4085
4085 4086
4085 4087
4087 4107
4087 4112
4088 4089
4090 4091
4092 4095
4093 4094
4095 4096
4096 4097
4098 4101
4099 4100
4099 4106
4100 4101
4100 4103
4101 4102
4102 4104
4102 4103
4103 4105
4104 4105
4106 4109
4106 4111
4107 4108
4108 4109
4110 4427
4110 4114
4111 4112
4115 4424
4116 4117
4117 4127
4118 4119
4120 4145
4120 4146
4121 4122
4122 4123
4122 4126
4123 4127
4126 4127
4128 4140
4128 4141
4128 4129
4130 4131
4130 4132
4130 4140
4132 4133
4138 4139
4141 4143
4142 4143
4145 4146
4147 4148
4147 4149
4148 4150
4149 4150
4151 4153
4152 4154
4153 4154
4154 4157
4155 4156
4156 4157
4156 4159
4157 4160
4158 4160
4158 4159
4161 4162
4163 4978
4164 4170
4164 4169
4165 4166
4166 4167
4167 4168
4168 4171
4169 4171
4170 4171
4172 4175
4175 4182
4176 4179
4177 4178
4180 4181
4180 4182
4184 4189
4184 4187
4185 4190
4185 4189
4186 4188
4186 4190
4187 4188
4193 4194
4195 4207
4195 4200
4196 4198
4197 4200
4201 4203
4201 4202
4202 4204
4203 4205
4203 4204
4204 4206
4205 4207
4205 4206
4206 4208
4207 4208
4212 4214
4213 4214
4214 4215
4216 4217
4216 4220
4217 4219
4217 4218
4220 4221
4222 4234
4225 4226
4226 4227
4228 4229
4230 4232
4231 4232
4237 4238
4238 4239
4239 4240
4240 4241
4242 4244
4242 4246
4243 4246
4243 4245
4244 4249
4244 4245
4245 4248
4247 4251
4247 4255
4248 4250
4248 4251
4249 4250
4250 4252
4251 4252
4252 4253
4253 4254
4254 4255
4254 4622
4255 4624
4259 4260
4262 4263
4262 4267
4263 4270
4264 4265
4264 4675
4265 4266
4266 4267
4266 4268
4267 4269
4268 4269
4268 4280
4270 4271
4270 4629
4271 4658
4273 4275
4273 4274
4275 4276
4277 4278
4282 4288
4283 4631
4284 4288
4285 4286
4286 4287
4286 4288
4287 4289
4290 4291
4292 4293
4294 4295
4294 4296
4295 4297
4296 4297
4302 4999
4304 4305
4306 4307
4307 4308
4307 4309
4310 4311
4312 4320
4312 4324
4312 4331
4313 4314
4313 4335
4313 4321
4314 4334
4314 4324
4315 4317
4316 4335
4316 4326
4316 4317
4317 4335
4318 4330
4318 4319
4318 4327
4319 4338
4320 4329
4320 4323
4321 4325
4321 4326
4322 4330
4322 4325
4322 4323
4323 4327
4324 4332
4325 4333
4325 4328
4326 4333
4327 4329
4328 4330
4328 4337
4329 4331
4330 4338
4332 4334
4337 4338
4339 4350
4339 4343
4341 4345
4341 4342
4342 4349
4342 4347
4343 4348
4344 4348
4344 4347
4345 4349
4346 4347
4346 4358
4346 4349
4351 4358
4351 4353
4351 4357
4352 4357
4352 4356
4353 4354
4353 4359
4354 4355
4355 4356
4358 4359
4360 4410
4360 4408
4361 4362
4363 4409
4364 4374
4365 4368
4365 4371
4366 4367
4366 4371
4366 4374
4367 4373
4367 4372
4368 4372
4368 4370
4369 4373
4369 4374
4370 4408
4371 4372
4375 4386
4375 4382
4375 4377
4376 4388
4376 4397
4377 4385
4377 4392
4377 4398
4378 4379
4378 4381
4378 4382
4379 4380
4379 4383
4380 4381
4382 4383
4383 4384
4383 4386
4385 4399
4385 4386
4387 4402
4387 4388
4387 4394
4388 4390
4389 4400
4389 4390
4389 4402
4390 4392
4391 4398
4391 4392
4391 4400
4393 4404
4393 4394
4393 4403
4394 4395
4395 4397
4395 4396
4396 4397
4398 4399
4399 4401
4400 4401
4401 4403
4402 4403
4403 4404
4405 4406
4406 4407
4408 4409
4409 4410
4411 4413
4412 4413
4414 4423
4415 4421
4416 4419
4417 4418
4417 4419
4418 4421
4418 4423
4420 4421
4421 4422
4422 4423
4428 4429
4434 4438
4434 4435
4435 4436
4435 4437
4436 4438
4436 4439
4442 4455
4442 4444
4442 4445
4443 4448
4443 4450
4444 4447
4444 4456
4445 4448
4446 4447
4446 4454
4447 4453
4448 4449
4453 4454
4455 4456
4459 4471
4459 4474
4462 4469
4463 4469
4463 4465
4463 4468
4464 4465
4464 4466
4464 4475
4465 4466
4466 4468
4467 4468
4469 4470
4471 4472
4473 4474
4475 4607
4476 4477
4478 4479
4482 4483
4482 4486
4482 4485
4483 4484
4485 4487
4486 4487
4486 4489
4488 4489
4490 4491
4492 4493
4493 4494
4496 4498
4497 4505
4498 4499
4498 4500
4499 4501
4499 4500
4500 4502
4501 4504
4501 4502
4502 4503
4503 4504
4503 4505
4504 4505
4507 4508
4507 4646
4508 4646
4509 4521
4510 4527
4510 4517
4510 4526
4511 4531
4511 4530
4512 4875
4512 4866
4512 4515
4513 4872
4513 4514
4513 4868
4514 4873
4514 4869
4514 4515
4515 4874
4515 4870
4516 4876
4518 4523
4518 4521
4518 4522
4519 4523
4519 4525
4520 4521
4520 4522
4523 4524
4524 4525
4526 4527
4526 4528
4527 4529
4528 4530
4528 4529
4529 4531
4530 4531
4532 4541
4532 4539
4533 4534
4534 4539
4535 4537
4535 4536
4536 4538
4537 4540
4537 4538
4538 4541
4539 4540
4540 4541
4542 4544
4542 4543
4543 4544
4545 4547
4545 4546
4548 4549
4549 4550
4551 4654
4552 4554
4552 4556
4553 4556
4553 4555
4553 4554
4559 4561
4564 4567
4565 4572
4565 4566
4566 4574
4566 4569
4567 4569
4567 4571
4568 4570
4568 4571
4568 4574
4569 4570
4570 4571
4572 4573
4572 4574
4575 4580
4575 4585
4576 4578
4579 4584
4579 4583
4580 4581
4581 4582
4582 4583
4584 4585
4585 4732
4587 4589
4588 4595
4588 4602
4589 4590
4590 4597
4591 4592
4591 4605
4591 4597
4592 4599
4594 4595
4594 4599
4595 4600
4596 4598
4596 4601
4598 4603
4599 4600
4600 4602
4601 4602
4603 4604
4604 4605
4609 4610
4609 4614
4610 4627
4610 4618
4611 4616
4611 4612
4612 4615
4613 4614
4614 4615
4616 4954
4617 4625
4617 4623
4617 4621
4618 4619
4618 4623
4619 4620
4620 4624
4620 4621
4621 4622
4622 4624
4622 4625
4623 4627
4623 4626
4625 4626
4630 4631
4632 4634
4632 4635
4633 4634
4634 4636
4635 4636
4637 4641
4638 4640
4638 4639
4639 4643
4640 4644
4640 4641
4643 4644
4648 4649
4648 4650
4650 4650
4653 4654
4654 4655
4656 4657
4658 4659
4658 4660
4662 4667
4662 4703
4662 4685
4663 4664
4663 4957
4664 4668
4666 4667
4666 4701
4667 4668
4669 4670
4669 4673
4671 4673
4671 4672
4673 4674
4675 4712
4676 4679
4676 4681
4676 4710
4676 4691
4677 4688
4677 4680
4677 4683
4678 4695
4678 4710
4678 4682
4679 4696
4679 4686
4679 4680
4680 4681
4681 4682
4682 4710
4682 4683
4683 4695
4684 4688
4684 4694
4684 4960
4685 4711
4685 4694
4686 4699
4686 4688
4687 4709
4687 4706
4689 4691
4689 4704
4690 4691
4690 4696
4691 4693
4692 4710
4692 4693
4694 4695
4695 4711
4696 4699
4697 4699
4697 4706
4697 4698
4698 4705
4700 4703
4700 4701
4702 4703
4703 4711
4704 4705
4704 4708
4705 4706
4705 4707
4707 4708
4707 4709
4713 4719
4713 4718
4714 4716
4714 4715
4716 4717
4721 4732
4723 4726
4723 4737
4723 4725
4724 4725
4724 4737
4725 4726
4726 4734
4727 4729
4728 4731
4728 4730
4728 4738
4729 4730
4730 4736
4731 4732
4733 4764
4734 4735
4736 4738
4737 4738
4739 4991
4739 4995
4740 4760
4740 4745
4740 4741
4741 4743
4741 4742
4742 4746
4742 4743
4743 4759
4744 4780
4744 4760
4745 4747
4745 4760
4746 4754
4746 4759
4747 4751
4747 4761
4748 4765
4749 4764
4750 4781
4750 4763
4750 4756
4751 4757
4751 4762
4752 4756
4752 4758
4752 4753
4752 4781
4753 4755
4753 4759
4753 4754
4754 4755
4755 4756
4755 4992
4756 4766
4757 4763
4758 4780
4758 4759
4760 4761
4761 4762
4761 4780
4762 4763
4762 4781
4764 4992
4765 4993
4765 4991
4766 4992
4766 4991
4767 4774
4767 4779
4767 4775
4768 4770
4768 4773
4768 4772
4769 4776
4770 4990
4770 4771
4771 4776
4771 4773
4772 4774
4772 4773
4773 4775
4774 4775
4775 4776
4776 4778
4777 4779
4778 4990
4778 4779
4780 4781
4782 4803
4782 4800
4782 4802
4783 4784
4785 4785
4786 4787
4786 4789
4786 4795
4787 4797
4787 4792
4788 4790
4788 4801
4788 4791
4789 4796
4789 4790
4790 4800
4791 4792
4792 4798
4793 4794
4794 4800
4794 4796
4795 4796
4797 4798
4799 4801
4800 4801
4801 4803
4803 4804
4804 4805
4805 4806
4807 4810
4807 4814
4808 4812
4808 4819
4809 5007
4810 4811
4811 4812
4811 4819
4812 4813
4813 4814
4813 4817
4814 4816
4815 4818
4815 4816
4816 4817
4816 4818
4820 4821
4820 4822
4821 4822
4822 4823
4824 4825
4826 4831
4826 4827
4826 4857
4828 4833
4828 4829
4829 4830
4829 4857
4830 4831
4832 4835
4832 4833
4834 4858
4834 4835
4837 4848
4838 4841
4839 4841
4840 4853
4841 4842
4842 4853
4842 4844
4843 4854
4844 4850
4844 4852
4845 4849
4846 4855
4846 4852
4846 4856
4847 4856
4847 4857
4848 4851
4848 4849
4849 4855
4850 4854
4850 4851
4851 4852
4853 4854
4855 4856
4858 4859
4859 4860
4862 4864
4862 4863
4864 4865
4866 4870
4867 4868
4868 4869
4869 4870
4871 4872
4872 4873
4873 4874
4874 4875
4875 4877
4878 4879
4879 4880
4879 4882
4879 4881
4880 4881
4886 4888
4886 4887
4887 5032
4888 4889
4890 4891
4899 4900
4901 4903
4901 4902
4903 4904
4906 4911
4906 4910
4907 4984
4907 4910
4907 4909
4908 4909
4908 4911
4909 4910
4910 4911
4911 4913
4912 4913
4915 4916
4917 4920
4918 4920
4919 4924
4920 4921
4921 4951
4922 4923
4922 4951
4923 4924
4925 4931
4926 4927
4927 4928
4928 4929
4929 4932
4930 4932
4930 4940
4931 4941
4932 4934
4933 4935
4933 4937
4933 4949
4934 4935
4936 4939
4936 4940
4937 4944
4937 4938
4938 4945
4938 4952
4939 4941
4940 4941
4940 4942
4941 4943
4942 4943
4942 4944
4943 4945
4944 4945
4946 4948
4946 4949
4947 4948
4948 4950
4949 4950
4951 4952
4953 4954
4953 4971
4955 4959
4955 4957
4956 4968
4956 4966
4958 4968
4958 4970
4960 4961
4961 4962
4963 4964
4964 4965
4965 4966
4967 4969
4969 4970
4972 4973
4974 4975
4976 4978
4977 4978
4979 4980
4984 4987
4985 4986
4985 4987
4985 4989
4987 4988
4990 4994
4994 4995
4995 4996
4996 4997
5000 5001
5001 5002
5002 5003
5004 5005
5004 5007
5005 5008
5006 5007
5010 5011
5012 5013
5012 5014
5012 5015
5013 5014
5013 5015
5014 5016
5015 5017
5018 5023
5018 5019
5018 5022
5019 5020
5019 5021
5020 5022
5020 5026
5021 5023
5021 5025
5022 5026
5023 5024
5024 5025
5025 5026
5027 5028
5029 5035
5029 5030
5029 5033
5030 5034
5030 5031
5031 5032
5031 5035
5033 5034
5035 5037
5036 5037
5038 5042
5039 5040
5039 5041
5039 5042
5040 5044
5040 5047
5042 5048
5043 5046
5043 5045
5044 5047
5044 5046
5045 5048
5046 5047
