0 1670
0 1
1 363
1 150
2 2806
2 151
2 367
3 4096
3 4097
4 74
4 73
4 3747
5 75
5 74
5 3743
6 32
6 76
6 77
7 1438
7 358
7 8
8 11
8 1424
9 3257
9 11
9 91
10 14
10 91
10 358
11 665
12 362
12 13
12 17
13 3327
13 14
13 3323
14 359
14 5025
15 360
15 16
15 3332
16 3330
16 362
16 3326
17 3323
17 361
18 3425
18 19
18 25
19 20
19 3429
20 1444
20 21
21 22
21 1443
22 3428
22 23
23 24
23 3420
24 3421
24 25
25 3431
26 27
26 5076
26 3518
27 968
27 3317
28 29
28 1716
28 967
29 2782
29 30
30 1716
30 3183
30 3425
31 32
31 76
31 3740
31 33
32 33
32 3741
33 4705
33 3876
34 2178
34 2428
34 3463
34 684
34 3255
35 541
35 2426
35 677
35 2427
35 549
36 4356
36 380
36 2396
36 359
37 1341
37 2516
37 1304
37 4717
38 1311
38 1327
38 1998
38 1994
39 3987
39 3988
39 3985
40 1780
40 41
40 960
41 2370
41 2371
42 1459
42 2272
42 2399
43 4292
43 2163
43 3993
43 1618
43 3992
44 3270
44 2407
44 71
45 5014
45 2129
45 1795
46 1640
46 47
46 1654
47 48
47 49
48 49
48 1808
49 1810
50 686
50 683
50 685
50 3406
51 52
51 3482
51 327
51 696
52 53
52 687
53 3479
53 397
54 1619
54 3479
54 2122
55 374
55 3653
55 561
55 3652
56 371
56 373
56 3337
57 369
57 3658
57 3358
57 371
58 3185
58 3343
58 3355
59 3344
59 3660
59 3663
60 61
60 99
60 3664
61 3667
61 97
62 2843
62 3676
62 3994
63 64
63 301
63 2843
64 587
64 592
65 83
65 592
65 82
66 85
66 88
66 84
67 3621
67 1677
67 4162
68 5209
68 5208
69 2392
69 2387
69 4819
70 2375
70 2373
70 3265
71 379
71 2407
71 2375
71 2384
72 596
72 3739
72 3748
73 3748
73 76
74 3744
75 3742
75 77
77 3741
78 79
78 4864
78 81
79 80
79 591
80 3827
80 81
81 4937
82 83
82 3826
83 84
84 85
85 86
86 87
86 586
87 3765
87 586
88 3677
88 3958
88 3161
89 1662
89 4204
89 2838
90 91
90 672
90 181
90 3323
92 473
92 510
92 2468
93 569
93 3124
93 3656
94 3135
94 3342
94 3350
94 3346
95 99
95 96
95 3657
96 3660
96 3662
97 98
97 3669
98 3668
98 3662
99 3661
100 385
100 277
100 275
100 268
101 5124
101 5083
101 388
101 5081
102 2689
102 389
102 3914
102 3915
103 2303
103 5079
103 104
104 105
104 108
105 4229
105 618
106 2732
106 107
106 4229
107 108
107 146
108 113
109 1657
110 2837
111 5000
111 147
111 2732
112 1693
112 390
112 152
113 114
113 190
114 119
114 2697
115 2312
115 191
115 5105
116 4279
116 120
116 2312
117 2703
117 5105
117 2702
118 1906
118 2702
118 2661
119 130
119 120
120 121
120 134
121 122
121 136
122 4695
122 139
123 124
123 2667
123 2665
124 2672
124 2686
124 2659
125 2686
125 5081
125 2680
126 2672
126 135
126 2676
126 5124
127 5216
127 139
127 241
128 240
128 2654
128 4244
129 2712
129 240
129 3709
130 133
130 131
131 5104
131 132
132 133
132 2717
133 134
134 136
134 140
135 259
135 257
135 261
136 4248
137 4247
137 4248
137 138
138 139
138 4243
140 2709
140 4171
141 2709
141 142
141 4973
141 1755
142 1756
142 3387
142 3416
143 145
143 2718
143 5108
144 147
144 146
144 2718
145 2818
145 5108
146 147
147 2732
148 5000
148 2818
148 2715
149 1671
149 150
149 3415
150 5084
151 5091
151 5092
152 1666
152 3391
153 605
153 4203
153 4685
153 4686
154 2371
154 1784
154 1794
155 2196
155 1618
155 3376
155 4455
155 3301
156 1622
156 3305
156 3311
157 3480
157 2151
157 395
157 1410
158 1610
158 402
158 176
158 1681
159 933
159 178
159 180
160 933
160 4074
160 891
161 163
161 3954
161 162
162 163
162 949
163 954
164 937
164 3825
164 934
164 938
165 2152
165 2161
165 939
165 952
165 2154
166 3025
166 2156
166 1608
167 941
167 940
167 3025
168 3459
168 3048
168 953
169 982
169 1764
169 2864
170 1764
170 889
170 175
171 4517
171 889
171 2893
172 997
172 4263
172 4517
173 174
173 897
173 4263
174 990
174 175
175 895
175 981
176 1682
176 394
177 179
177 180
177 1738
178 1681
178 179
179 180
181 3332
181 2506
182 3385
182 183
182 189
183 184
183 189
184 185
184 422
185 186
185 422
186 215
186 187
187 188
187 215
188 4199
188 2573
189 2573
191 2697
191 4468
192 195
192 197
192 2302
193 2308
193 2687
193 1906
194 196
194 197
194 5131
195 196
198 4242
198 4244
198 2707
199 3418
199 3419
199 4540
200 201
200 3419
200 238
201 222
201 2644
202 221
202 206
202 2644
202 205
203 204
203 2640
203 4170
204 4199
204 2643
205 2649
205 210
206 208
206 207
207 2644
207 2647
207 2650
209 213
209 211
209 212
210 213
210 2639
212 213
212 214
215 216
216 3706
216 1958
217 225
217 1958
217 432
218 4978
218 4979
218 4545
219 4065
219 3256
219 220
219 289
220 291
220 309
221 2638
221 249
221 2646
222 2646
222 231
223 224
223 2637
223 249
224 2636
224 225
225 248
226 227
226 3991
226 245
227 228
227 274
228 2655
228 418
229 4139
229 2655
229 243
229 242
230 4139
230 235
230 4538
230 231
231 238
232 233
232 245
232 248
233 234
233 249
234 235
234 244
235 244
236 237
236 4539
236 239
237 241
237 4242
238 2651
238 3418
239 4169
239 240
241 242
242 420
242 4539
243 245
243 244
245 417
245 2657
246 4180
246 417
246 4059
247 4180
247 414
247 4220
248 3225
250 4138
250 3395
250 251
251 255
251 3396
252 258
252 253
252 2653
253 2676
253 5216
254 255
255 2653
256 260
256 257
256 3396
257 258
258 260
259 267
259 3397
260 2323
261 267
261 269
261 3394
262 265
262 263
262 3394
263 264
263 273
264 3991
264 4221
265 266
265 2299
267 268
268 386
268 271
269 272
269 3395
270 3822
270 4289
270 4567
271 387
271 3822
271 5083
272 2296
272 2301
272 2300
273 2295
273 274
274 3395
275 4221
275 2287
276 4201
276 5191
276 4981
277 287
277 384
277 756
278 290
278 279
278 5191
279 280
279 288
279 543
280 281
280 291
281 285
281 282
282 2268
282 283
283 3481
283 756
284 3384
284 2268
284 3481
285 286
285 544
286 287
286 544
287 290
288 289
288 291
289 292
290 543
290 1986
292 415
292 4981
293 295
293 486
293 297
294 451
294 2530
295 4470
295 296
296 460
296 297
297 459
298 299
298 363
298 366
299 364
299 3664
300 4950
300 3364
300 3363
301 302
301 590
302 3994
302 3672
303 4955
303 1432
303 3280
304 4930
304 3097
304 1432
305 1463
305 306
305 5097
306 4877
306 5192
307 4099
307 308
307 3430
308 3431
308 3421
309 446
309 2270
310 1776
310 2270
310 2269
310 3384
311 312
311 832
311 774
311 842
312 655
312 829
313 1492
313 1564
313 2151
314 1586
314 349
314 1615
315 3710
315 350
315 1586
316 400
316 317
316 2201
317 1858
317 403
317 353
318 3302
318 406
318 1853
319 3464
319 5028
319 3465
319 392
320 321
320 5028
320 4697
321 2328
321 326
322 833
322 323
322 2329
323 2327
323 833
324 644
324 325
324 2327
325 326
325 644
326 4697
327 2198
327 1639
327 1636
328 329
328 1515
328 2198
329 1781
329 1510
330 2147
330 1540
330 4452
330 1631
331 1489
331 4451
331 1530
332 1399
332 1404
332 1489
333 1487
333 1414
333 1528
334 1415
334 1487
334 335
335 4983
335 1616
336 337
336 343
336 1616
337 338
337 351
338 342
338 658
339 352
339 341
339 1416
340 341
340 835
340 1475
341 342
341 4466
342 343
342 1484
343 347
343 1485
344 4983
344 345
344 1485
345 4982
345 762
346 347
346 1516
346 2136
346 4660
347 760
348 1614
348 349
348 657
348 1488
349 1614
350 351
350 1614
351 1481
352 1479
352 1477
353 354
353 1483
354 1481
354 658
355 4449
355 1663
355 1492
356 657
356 2142
356 4449
357 4912
357 4911
357 4793
357 4864
358 1438
359 3422
360 3322
360 361
361 3324
362 3328
363 4142
364 365
364 3661
365 571
365 366
366 2626
366 2625
367 2626
367 4205
368 3368
368 3361
369 370
369 3341
369 3371
370 372
370 371
372 3370
372 373
373 3338
374 3101
374 3334
374 3372
375 5120
375 706
375 4872
376 618
376 622
376 5023
377 614
377 627
377 617
378 5183
378 412
378 411
378 5184
379 380
379 554
379 2413
380 2461
380 2462
381 3384
381 382
381 1776
381 1852
382 1542
382 2173
382 3481
383 1509
383 701
383 2173
384 1005
384 1499
384 702
385 759
385 1499
385 4143
386 387
386 4300
387 5082
388 413
388 5078
388 5085
388 5082
389 615
389 616
389 612
390 4096
391 1818
391 5186
391 636
392 1818
392 648
392 2276
393 3466
393 2222
393 831
393 826
394 831
394 1682
394 2242
395 1608
395 3480
396 1636
396 3499
396 1775
396 2199
397 1905
397 1640
398 2197
398 2134
398 699
398 1905
399 2196
399 1618
399 2135
399 2134
400 1576
400 1557
401 1817
401 4435
401 1557
401 403
402 1680
402 1587
402 1595
402 4441
403 653
404 1822
404 1610
404 1821
405 1821
405 1816
405 1822
406 653
406 3467
406 652
406 834
407 1627
407 1010
407 408
407 838
408 758
408 409
408 2123
409 2123
409 1496
410 1807
410 701
410 1497
411 836
411 757
411 2262
412 609
412 5096
413 5128
413 5129
414 4978
414 415
415 416
416 4201
416 4220
417 4055
418 419
418 2655
419 420
419 421
419 4138
420 4138
422 430
423 2585
423 2583
423 426
424 2589
425 2566
425 2580
425 2590
426 2582
426 2571
426 2586
427 2561
427 2563
427 2564
428 2554
428 429
428 2553
429 2547
429 1959
430 445
430 2575
431 433
431 1960
431 434
432 1960
432 440
434 435
434 2580
435 436
435 437
436 3473
436 3470
437 5136
437 438
438 439
438 3474
439 3965
439 440
440 4545
441 442
442 3256
442 443
443 4979
443 4488
444 445
444 444
444 5016
445 2576
446 2187
446 2181
447 4065
447 5133
447 2271
448 2180
448 2269
448 3254
449 3254
449 694
449 3484
449 2269
450 2437
450 525
450 455
450 3463
451 2628
451 526
452 2628
453 455
453 2532
453 461
454 456
454 2532
454 525
455 463
456 457
456 526
457 461
457 464
458 475
458 467
458 2610
458 483
459 568
459 2618
459 476
460 4879
460 568
461 462
462 2602
462 474
463 2602
463 470
464 467
464 465
464 469
465 2315
465 2594
466 2315
466 467
468 471
468 2595
468 470
469 474
469 2595
470 473
471 2606
471 2607
472 2606
472 481
472 473
473 2443
474 2595
475 2607
475 482
476 2619
476 2615
477 480
477 478
477 481
478 2616
478 479
479 2487
479 569
479 2482
480 2609
480 2615
481 482
482 2608
483 485
483 2601
484 485
485 487
486 493
486 2658
487 488
487 490
488 489
488 491
489 2634
490 2633
491 5135
491 2658
491 493
492 3471
492 3474
492 3965
493 494
494 496
494 495
495 498
495 496
496 2610
497 498
498 2617
499 500
499 2487
499 2484
500 522
500 567
501 502
501 567
501 503
502 550
502 503
503 504
504 505
504 521
505 520
505 559
505 4843
506 556
506 507
506 4844
507 547
507 508
508 516
508 509
509 512
509 510
510 514
510 511
511 2443
511 527
512 513
512 514
513 515
513 519
513 517
514 5212
515 519
515 516
516 520
517 2459
517 522
518 5212
518 2472
518 2459
519 520
519 521
521 522
522 523
523 2474
523 2484
524 2629
525 2529
526 2528
527 2458
527 528
528 2446
528 529
529 532
529 530
530 534
530 531
531 2435
531 533
533 545
533 535
534 535
534 536
535 4840
536 537
536 538
537 4840
537 539
539 2441
539 2446
540 2440
540 2447
540 2439
541 4838
541 548
541 545
542 2447
542 2457
542 2455
543 544
545 546
545 2430
546 684
546 2427
547 2411
547 548
547 556
548 549
548 2412
549 675
550 2409
550 560
551 2461
551 552
551 2408
552 553
552 557
553 554
553 555
554 2411
555 557
555 556
557 558
558 559
558 2408
559 2409
561 3654
561 3337
562 2490
562 2496
562 2492
563 4163
563 566
563 2490
563 564
564 565
564 2508
565 566
565 2465
566 567
568 570
569 570
571 3656
571 572
572 2625
572 2621
572 2620
573 4955
573 4313
573 4314
573 578
574 4792
574 593
574 582
574 3503
575 576
575 577
576 608
577 579
577 580
578 580
578 579
579 664
580 4956
581 583
581 586
581 4481
582 585
582 584
583 584
583 585
584 4652
585 4937
587 592
587 591
588 589
588 4654
588 4657
589 4652
589 4633
589 4653
590 4313
590 4935
591 4935
593 4867
593 3698
594 4710
594 3737
594 3739
595 597
595 3442
595 596
596 1655
597 599
597 598
598 3739
598 599
599 4710
600 3723
600 3724
600 3725
601 3723
601 602
602 4704
602 4708
603 1679
603 3712
603 1575
604 2133
604 700
604 4293
605 1453
605 1801
606 4136
606 4150
606 674
606 1453
607 660
607 659
607 608
608 4020
609 611
609 610
610 5126
610 5080
611 614
611 613
612 3919
612 5126
613 5126
614 2724
615 3916
615 616
616 618
616 3915
617 622
617 3916
619 620
620 5023
620 5120
621 624
621 623
621 625
622 624
624 625
625 2727
626 636
626 628
626 627
627 5184
628 637
628 2358
629 2725
629 2356
629 630
630 643
630 709
631 643
631 5115
631 635
632 5117
632 4446
633 4446
633 634
633 642
634 635
634 640
635 638
636 639
638 2353
638 639
638 5122
639 2350
640 641
641 742
641 642
642 738
643 5111
644 645
645 646
645 753
646 647
646 2332
647 2333
647 651
648 2333
648 4697
648 649
649 650
649 2330
652 653
652 1816
654 826
654 2324
654 775
655 775
655 848
655 4568
656 3310
656 3305
656 3640
656 4507
657 1615
658 1416
659 659
660 661
660 3701
661 662
662 3701
663 5099
663 3850
663 3257
663 665
665 666
666 3741
666 3868
667 668
668 4910
668 4314
669 3257
669 4177
669 670
670 671
670 4713
671 4797
671 3257
672 4817
673 676
673 675
673 674
674 4833
675 2407
676 3270
676 2405
677 681
677 682
678 679
678 682
679 680
680 681
680 682
681 4833
683 2416
683 2418
683 5014
684 2178
684 2417
685 691
685 690
685 688
686 696
686 697
686 2195
687 2195
687 1808
688 693
688 697
688 1639
689 1638
689 695
689 694
689 1776
690 2421
690 2418
691 693
691 692
692 694
693 1638
694 1776
694 2179
695 2172
695 1852
696 1815
697 1815
698 1815
699 1643
699 2131
699 1641
700 2135
700 3500
701 1007
701 1507
702 756
702 1007
702 1542
703 2262
703 2263
703 704
704 2316
704 5078
705 2264
705 3713
705 2249
706 4229
706 707
707 2749
707 4228
708 713
708 709
708 2749
709 710
710 713
710 711
711 712
712 4092
713 714
715 4228
715 5106
715 716
716 723
716 717
717 718
717 5119
718 726
718 719
719 720
719 727
720 721
720 5101
721 3403
721 728
722 1753
722 732
722 3403
723 724
723 4878
725 2730
728 729
728 737
729 730
729 3402
730 731
730 737
731 3398
731 3400
732 3398
733 2715
733 734
733 736
734 735
734 2714
735 3401
735 2714
736 1753
736 3401
737 3178
738 739
738 4092
738 3178
739 740
739 741
742 745
742 743
743 744
743 793
743 784
744 745
744 806
745 755
746 747
746 770
746 806
747 748
747 4694
749 766
749 3997
749 753
749 2337
750 2345
750 2340
750 2334
751 2339
751 2341
751 752
753 3997
753 2348
754 2351
754 5100
754 2348
757 1627
757 1626
758 1624
758 1494
758 2253
759 4300
759 2260
760 761
760 1467
760 1009
761 2123
761 2136
762 4660
762 4459
763 764
763 5070
763 5071
764 1497
764 1505
765 2171
765 1775
765 2172
766 767
766 2337
767 768
767 2338
768 769
768 2338
769 2335
769 2336
770 2334
770 2336
771 813
771 819
771 1984
771 2335
772 818
772 1985
772 1984
773 832
773 774
773 1985
773 2347
774 779
775 831
775 829
776 777
776 779
777 778
778 2347
778 780
779 786
780 783
780 812
781 812
781 782
781 804
782 3506
782 5006
784 3404
784 3509
785 4004
785 5006
785 4678
786 787
786 4004
787 4350
787 789
788 4350
788 2773
788 789
789 790
790 791
790 792
791 2761
791 4005
792 2765
792 4005
793 794
793 803
793 5144
794 3176
794 3180
795 796
795 3176
795 3173
796 799
796 798
797 3180
798 3175
799 800
800 802
800 801
801 802
802 803
804 805
804 840
805 811
805 809
805 5142
806 5142
807 840
807 808
807 841
808 809
808 4658
809 810
811 813
811 812
813 814
815 823
815 816
815 2324
816 2325
816 817
816 830
817 820
817 819
817 2338
818 819
818 821
819 830
820 3997
820 822
821 832
821 830
822 823
822 2325
822 833
823 824
823 827
824 826
824 825
825 3468
825 3466
827 2329
827 2328
828 829
828 830
828 2324
829 832
831 1610
834 2243
834 2245
834 2285
835 2245
835 1474
835 3302
836 5147
836 837
836 2273
837 838
837 839
838 1474
840 841
841 2781
842 843
842 4568
843 847
843 2902
844 845
844 847
845 3436
845 852
846 2902
846 2878
846 2877
847 856
848 4073
848 2242
849 862
849 850
849 857
850 851
850 4225
851 852
851 864
852 878
853 1911
853 3436
853 5141
854 1911
854 855
854 3526
855 4295
855 3526
856 858
856 857
857 859
858 859
858 4624
859 898
860 903
860 861
860 863
861 906
861 920
861 862
862 4622
863 1016
863 4257
863 4256
864 902
864 865
865 866
865 4255
865 916
866 4253
866 915
867 4253
867 888
867 869
868 4526
868 1015
868 888
869 4523
869 1015
870 4251
870 879
870 1185
871 2917
871 4251
871 872
872 873
872 874
874 2916
874 3437
875 876
875 2917
875 912
876 877
876 913
877 884
877 887
878 886
878 884
879 4250
879 4529
879 1689
880 881
880 2916
880 910
881 909
881 882
882 907
882 883
883 884
883 907
884 886
885 887
885 916
885 886
886 887
888 4524
889 2892
890 4522
890 4255
890 4524
890 905
891 4002
891 892
891 3389
892 980
892 4075
893 984
893 2871
893 894
893 983
894 2870
894 986
894 985
895 981
895 984
896 3999
896 1232
896 1230
897 995
897 994
897 989
898 4622
898 4624
898 4623
899 927
899 4623
899 4624
900 4621
900 991
900 4259
901 4260
901 4259
901 1012
901 919
902 903
902 904
903 904
903 4227
904 4256
905 4256
905 1016
906 4225
906 4227
907 908
908 909
908 4156
909 910
910 3439
911 3434
911 3435
911 1910
912 913
912 914
913 915
915 2918
916 2919
917 4622
917 991
917 4623
918 920
918 4621
918 4258
919 4258
919 1022
920 4257
921 4257
921 1022
921 1016
922 1703
922 923
922 4998
923 4998
923 924
924 926
924 1703
924 925
925 4264
925 927
925 989
926 927
926 4998
927 995
928 986
928 930
928 5202
929 1739
929 5177
929 930
930 1739
931 5202
931 3955
932 1680
932 4003
932 933
933 3389
934 3954
934 3825
934 4003
935 1679
935 3823
935 937
935 3535
936 1678
936 2150
936 1568
937 938
937 3824
938 1846
939 3462
939 953
939 2154
940 2157
940 2158
941 942
941 959
942 950
942 951
943 950
943 947
943 946
944 951
944 945
944 948
945 946
945 950
946 969
947 2399
947 4690
947 958
948 949
948 954
949 954
951 2169
952 953
952 1198
953 3461
955 956
955 958
955 959
956 958
956 957
959 3992
960 2369
960 4824
960 1784
961 963
961 1092
961 964
962 963
962 3979
962 971
963 3985
964 2000
964 1394
964 2001
965 4067
965 966
965 2060
966 1717
966 1687
967 968
967 1717
968 1687
969 971
969 1323
970 1325
970 2849
970 971
972 2849
972 1326
972 973
973 1860
973 1315
974 3953
974 975
974 979
975 3955
975 1197
976 979
976 977
976 978
977 2865
977 978
978 982
979 2871
980 5201
980 2872
981 982
983 5201
983 986
984 985
985 990
987 4519
988 4519
988 4262
988 997
988 1012
989 990
991 992
992 993
992 4261
993 995
993 994
994 4262
995 4623
996 2900
996 2893
996 2889
997 4518
998 1094
998 1002
998 1020
998 1210
999 4133
999 4417
999 4421
1000 4511
1000 1950
1001 2946
1001 2945
1001 4511
1002 4594
1002 4283
1003 1004
1004 1672
1004 3937
1005 1006
1005 1498
1006 1500
1006 1007
1006 1497
1007 1542
1008 4456
1008 1520
1008 1519
1009 1011
1009 1010
1010 2247
1012 4261
1013 4522
1013 2923
1013 1121
1013 4040
1014 1018
1014 1088
1014 1120
1015 4527
1016 4521
1017 2904
1017 1225
1017 4521
1018 2904
1018 1214
1019 1024
1019 2915
1019 1034
1020 2915
1020 1213
1021 1032
1021 1222
1021 1030
1022 4520
1023 1222
1023 1033
1023 4520
1024 1033
1024 4260
1025 1029
1025 1026
1025 1031
1026 2913
1026 2906
1027 4850
1027 1210
1027 2913
1028 1120
1028 1118
1028 2906
1029 1221
1029 1030
1030 1217
1031 1032
1031 2909
1032 2910
1033 1034
1034 2910
1035 1144
1035 1132
1035 1107
1036 1163
1036 1050
1036 1100
1037 4102
1037 4105
1037 4109
1038 1042
1038 1039
1038 1041
1039 1114
1039 1080
1040 3485
1040 1043
1040 1045
1041 1081
1041 3382
1042 1108
1042 3382
1043 4988
1043 1044
1044 2961
1044 1045
1045 1046
1046 1047
1046 1074
1047 1048
1047 1101
1048 1049
1048 1077
1049 4997
1049 1077
1049 1099
1050 1052
1050 1053
1051 1053
1051 4990
1051 4267
1052 4997
1052 4267
1053 1146
1054 4112
1054 4790
1054 4111
1054 4106
1054 4110
1055 1063
1055 4857
1055 4103
1056 1060
1056 1057
1056 1071
1057 1064
1057 1058
1058 1097
1058 4269
1059 4269
1059 1161
1059 4858
1059 1150
1060 1065
1060 5095
1061 1067
1061 1062
1061 5095
1062 2983
1062 2960
1063 1065
1063 1064
1064 1065
1065 1066
1067 1069
1067 1068
1068 1076
1068 2959
1069 1070
1070 1071
1071 1072
1072 1179
1072 1073
1073 1098
1073 1077
1074 1075
1074 1179
1075 1076
1075 1179
1076 2962
1078 1097
1078 4268
1078 1098
1079 4409
1079 4268
1079 4410
1080 1081
1080 1082
1081 1112
1082 4044
1082 1113
1083 4042
1083 1084
1083 4044
1084 4040
1084 1085
1085 1089
1085 1119
1086 1087
1086 2952
1086 1119
1087 2956
1087 1113
1087 1115
1088 1121
1088 1091
1089 1091
1089 1090
1090 1091
1090 1121
1092 1326
1092 1318
1093 2957
1093 2965
1093 2964
1094 2958
1094 4856
1095 4423
1095 4236
1095 4233
1096 4239
1096 4234
1096 4238
1097 4859
1099 1101
1099 1100
1100 1144
1101 3485
1102 1133
1102 1167
1102 1163
1103 1135
1103 1104
1103 1170
1104 1171
1104 4663
1105 1106
1105 4663
1105 1141
1105 4662
1106 1126
1106 5022
1106 4662
1107 3008
1107 1109
1108 4885
1108 3009
1110 3003
1111 3001
1112 4041
1112 4542
1113 4045
1114 3485
1114 1115
1115 1116
1116 2953
1116 3485
1117 4848
1117 1118
1117 2952
1118 4850
1119 1120
1122 4887
1122 1123
1122 2922
1123 1124
1123 1134
1124 1141
1124 1129
1125 1181
1126 4541
1126 1127
1127 1128
1127 4541
1128 1129
1128 1130
1129 1130
1130 2920
1131 1143
1131 1132
1131 1133
1132 3001
1133 2926
1134 1138
1134 1139
1135 1137
1135 1136
1136 1138
1136 1137
1137 1139
1138 1139
1138 1141
1139 1140
1140 3002
1140 3001
1142 1143
1143 1144
1145 2936
1145 2930
1145 3213
1146 2931
1146 1147
1147 1154
1147 4408
1147 1156
1148 1156
1148 2939
1148 1149
1149 1150
1149 1226
1150 2940
1151 2951
1151 1152
1151 2940
1152 1153
1152 2944
1154 1159
1154 5188
1155 5188
1156 5188
1157 2939
1157 5188
1157 1158
1160 4100
1160 1161
1162 4153
1162 3218
1162 1165
1163 4152
1164 2933
1164 3218
1164 1175
1165 4152
1165 2924
1166 2925
1166 1169
1166 1167
1167 1170
1168 1169
1169 1170
1171 1173
1171 1172
1173 1174
1173 1175
1174 1175
1174 1176
1176 2934
1176 2933
1177 1178
1177 1205
1177 3443
1177 1204
1178 1208
1178 4791
1178 1258
1180 1182
1181 1184
1181 1182
1182 1183
1183 3382
1183 4887
1184 2922
1184 4516
1185 4516
1185 4523
1186 3638
1186 1261
1187 4495
1187 4494
1187 1251
1187 2119
1188 1283
1188 1233
1188 1231
1189 5149
1189 1275
1189 1278
1189 1283
1190 1991
1190 1191
1190 1275
1190 1194
1191 1296
1191 1294
1192 2875
1192 1294
1192 1195
1193 1290
1193 1293
1193 2876
1194 1315
1194 1291
1194 2863
1195 3023
1195 3049
1196 2865
1196 1198
1196 1197
1197 1296
1198 2865
1199 1200
1199 1311
1199 3047
1199 1278
1200 1298
1200 3046
1201 1277
1201 1300
1201 1297
1202 4861
1202 1259
1202 2105
1203 4863
1203 1259
1203 4861
1204 3056
1204 4863
1205 1258
1205 1206
1206 1207
1206 1257
1207 1257
1207 3146
1208 3056
1208 1263
1209 3829
1209 3546
1209 3833
1209 3832
1210 1211
1211 1212
1212 1213
1213 2909
1214 1215
1214 1221
1216 1218
1216 1220
1216 1217
1217 1225
1218 1219
1218 2905
1219 1220
1219 2905
1220 1221
1222 1223
1223 1224
1224 1225
1226 2949
1226 2947
1226 2939
1227 2947
1228 2949
1228 2942
1228 5187
1229 2943
1229 2945
1230 2890
1230 3017
1230 1759
1231 1235
1231 4889
1232 2896
1232 3011
1232 1236
1233 1281
1233 1234
1234 1235
1234 3014
1235 3020
1236 1237
1236 4414
1237 1238
1237 1242
1238 1239
1238 1241
1239 1287
1239 3027
1240 1241
1241 3022
1243 1248
1243 4271
1243 4115
1244 4490
1244 4124
1244 1247
1245 4271
1245 1246
1245 4490
1246 4491
1246 4270
1246 4271
1247 4491
1247 4113
1248 3026
1249 4116
1250 4493
1250 1254
1250 4115
1250 4231
1251 4986
1251 4493
1252 4116
1252 1253
1252 4232
1253 4117
1253 1270
1254 2120
1254 4117
1254 1255
1255 1270
1255 4820
1255 4128
1256 1310
1256 3146
1257 1258
1257 3146
1259 3056
1260 1955
1260 1261
1260 3635
1261 3637
1261 3636
1262 1265
1262 4788
1262 1268
1262 1270
1263 1264
1264 1267
1264 1266
1265 1267
1265 1266
1266 1267
1268 1269
1269 1957
1271 4127
1271 3034
1271 1279
1271 4128
1272 3043
1272 4127
1272 4969
1273 1274
1273 3045
1273 1280
1274 5149
1274 1282
1275 1988
1275 1291
1276 4497
1276 3031
1276 2119
1277 3224
1277 4821
1278 1291
1279 4130
1279 4129
1279 3046
1280 4969
1281 1282
1281 1287
1282 1283
1282 1288
1284 3040
1284 3029
1284 3036
1284 3038
1285 3035
1285 1287
1285 1286
1286 1288
1286 3040
1288 1289
1290 4889
1290 1292
1292 1988
1292 1293
1293 1991
1293 1294
1294 1295
1296 4822
1296 2863
1297 4129
1297 1298
1298 1299
1299 1301
1299 1300
1300 1301
1301 2118
1302 4501
1302 1307
1302 4095
1303 1304
1303 1307
1303 1309
1304 1305
1305 1306
1305 1308
1307 1309
1308 3443
1308 1309
1310 3140
1311 1314
1312 1318
1312 2854
1312 2861
1313 2860
1313 1314
1313 2854
1314 1320
1315 1321
1315 1316
1316 2856
1316 1318
1317 2859
1317 2861
1317 2856
1319 4503
1319 1320
1319 2859
1319 2857
1320 2860
1321 1322
1321 1860
1322 1323
1322 1324
1323 1324
1324 1325
1325 1860
1326 2850
1327 1963
1327 1997
1328 1872
1328 1330
1328 1354
1329 1354
1329 2516
1329 1330
1330 3051
1331 3051
1331 1332
1331 3055
1332 2074
1332 1997
1332 1874
1333 1335
1333 2066
1333 1904
1334 1335
1335 2071
1336 3644
1336 4920
1336 4715
1337 3645
1337 1342
1337 2099
1338 2092
1338 2091
1338 2099
1339 5215
1339 1342
1339 1956
1340 1356
1340 5214
1340 2090
1341 1361
1341 2523
1341 2518
1342 2088
1342 2103
1343 2100
1344 1351
1345 1347
1345 1350
1345 3752
1346 1879
1346 1356
1346 1350
1347 1351
1347 2087
1347 1348
1348 1350
1348 1349
1349 1352
1349 1879
1351 1352
1352 5075
1352 3409
1353 2086
1353 3409
1353 2067
1354 1861
1355 1869
1355 1360
1355 2084
1356 1869
1357 2523
1357 2080
1358 1867
1358 2080
1358 1861
1359 5214
1359 1364
1359 1360
1360 2081
1361 1956
1361 1363
1362 1363
1363 1364
1364 1956
1365 1366
1365 1373
1365 4407
1366 1367
1366 1392
1367 1393
1367 2013
1368 2005
1368 2010
1368 3501
1369 1380
1369 1382
1369 1381
1370 1378
1370 1376
1370 2029
1370 2002
1371 2027
1371 2018
1371 2025
1372 1393
1372 3700
1372 2021
1373 3699
1373 1392
1374 2012
1374 1375
1374 1377
1374 1397
1375 1379
1375 1380
1376 1377
1376 1383
1377 1378
1378 1397
1379 1397
1379 1381
1380 1381
1382 2010
1382 2016
1384 1385
1384 2047
1384 2002
1385 1388
1385 2042
1386 2057
1386 2054
1386 2052
1387 1390
1387 2048
1387 2043
1388 2033
1388 2025
1389 2033
1389 1391
1389 2000
1389 2038
1390 1783
1390 2037
1391 1993
1391 1394
1392 3700
1393 2012
1394 2853
1395 2022
1395 2031
1395 1396
1397 2061
1398 1850
1398 1466
1398 1467
1399 1403
1399 1533
1400 1518
1400 4460
1400 1527
1401 1404
1401 1518
1401 4462
1402 1534
1402 1779
1402 1523
1403 1525
1403 1524
1404 1526
1405 1556
1405 2124
1405 1493
1406 1907
1406 1407
1406 4448
1407 4454
1407 1408
1408 2148
1408 1907
1409 1411
1409 1491
1409 3312
1410 3312
1410 1623
1411 1412
1411 1562
1412 4535
1412 3313
1412 4465
1413 1529
1413 2124
1413 1414
1413 1488
1414 1415
1415 1488
1416 3392
1417 1483
1418 1419
1419 2832
1419 2833
1420 2833
1420 2824
1420 1423
1420 2820
1421 2828
1421 2820
1421 2831
1422 3743
1422 1464
1422 4712
1423 2832
1423 2834
1424 1426
1424 3742
1425 1438
1425 5025
1425 4971
1426 1428
1426 1427
1427 1435
1427 1428
1427 1683
1427 1437
1428 1429
1429 1431
1429 1430
1430 1434
1430 1431
1431 4971
1432 1434
1433 1683
1433 1435
1434 1683
1435 1436
1436 1437
1439 1440
1439 5192
1439 1441
1442 4819
1442 1443
1442 3424
1442 1447
1443 1444
1443 3424
1444 1445
1444 3427
1445 1447
1445 1446
1446 1462
1446 1447
1448 1455
1448 1457
1448 4825
1449 1455
1449 2372
1449 1456
1450 4832
1451 4136
1451 4830
1451 4831
1452 2361
1453 2365
1454 4823
1454 2368
1454 1455
1456 1457
1456 1458
1457 1461
1459 2163
1459 1460
1460 1791
1460 4147
1461 1462
1463 3097
1463 5200
1464 1701
1464 3911
1465 1466
1465 1470
1465 2247
1466 1467
1468 1471
1468 1474
1468 1473
1469 1470
1469 2246
1469 1471
1470 1472
1471 1472
1472 1473
1473 4466
1475 1476
1475 1479
1477 1480
1478 1479
1480 1483
1481 1482
1485 1486
1487 4982
1489 1556
1490 1842
1490 1844
1490 1537
1491 2146
1491 1492
1493 1529
1493 1844
1494 1496
1494 4144
1495 4145
1495 1498
1495 4143
1496 5071
1497 1804
1498 1499
1501 1505
1501 1522
1502 1503
1502 1504
1502 1778
1503 1505
1503 1506
1504 2147
1504 1635
1504 1779
1506 2140
1506 1634
1507 1633
1507 1541
1507 1508
1508 1509
1508 1544
1509 1543
1510 4579
1510 4576
1511 1512
1511 4579
1511 1631
1512 1513
1512 1908
1513 1632
1513 1806
1513 1514
1514 1515
1514 1629
1515 1632
1516 4456
1516 4659
1517 1519
1517 1518
1517 4458
1519 4461
1520 2138
1520 1521
1522 1778
1522 1665
1523 1524
1523 1533
1524 1664
1526 1528
1526 1527
1527 4459
1528 4459
1529 1842
1530 1819
1530 1820
1531 1532
1532 1533
1532 1534
1534 1535
1535 4451
1535 2147
1536 2144
1536 4447
1536 1833
1537 4447
1537 2144
1538 1539
1538 1540
1538 2148
1539 1620
1539 4465
1539 1848
1540 3482
1541 1908
1541 1806
1543 1548
1543 1546
1544 1545
1544 1554
1545 1546
1545 1550
1546 1549
1547 1549
1547 1548
1547 1550
1548 1774
1549 1550
1551 1628
1552 1628
1552 1629
1552 1554
1553 1629
1553 1806
1553 1555
1554 1555
1555 1806
1556 4873
1557 4436
1557 1593
1558 4442
1558 3405
1558 1559
1559 4441
1559 4443
1560 1603
1560 2200
1560 1561
1561 1611
1561 1603
1562 4510
1562 1563
1562 4535
1563 3311
1563 3310
1564 1567
1564 2219
1565 2209
1565 1566
1565 1607
1565 1567
1566 1571
1566 2216
1566 1570
1567 1570
1568 4509
1568 4072
1569 1570
1569 2216
1569 1584
1572 1573
1572 2203
1572 2206
1573 2204
1573 4509
1573 3712
1574 3460
1575 1588
1575 1595
1576 1579
1576 2200
1577 4440
1577 1589
1577 1593
1578 3460
1578 1592
1578 1590
1579 1590
1579 1593
1580 1588
1580 1589
1580 1592
1581 1582
1581 2212
1581 3539
1582 1584
1582 2215
1583 2215
1584 2214
1585 2214
1586 3539
1587 1594
1587 4442
1587 1589
1588 1594
1588 1596
1590 1602
1591 1599
1591 1600
1591 1597
1592 1599
1594 1595
1596 2202
1596 1598
1597 2203
1597 1598
1598 1599
1600 2205
1600 2206
1601 1602
1601 1611
1601 1612
1602 2212
1603 1613
1604 1605
1605 2205
1605 1607
1605 2208
1606 1607
1607 2211
1608 3025
1608 1609
1609 3304
1609 1618
1611 1613
1612 3539
1612 1613
1615 2219
1616 1617
1618 3301
1618 3993
1619 1621
1619 2121
1619 1840
1622 1623
1624 1626
1624 3722
1625 3722
1626 1627
1628 3499
1630 1908
1630 1635
1630 1633
1631 1782
1632 4576
1633 1634
1634 1635
1636 1637
1637 1638
1637 1639
1640 1641
1641 1644
1641 1905
1642 2128
1642 3819
1642 1645
1643 1650
1643 1651
1644 2128
1644 3817
1644 1650
1645 3819
1645 1653
1646 1647
1646 1649
1646 2128
1647 1648
1648 1649
1648 1651
1649 1652
1650 1652
1651 1652
1653 1654
1653 3818
1653 3817
1654 2129
1655 1657
1655 1656
1656 1657
1658 3834
1658 4276
1659 1660
1659 3544
1660 1661
1660 3543
1661 1662
1661 4204
1662 3383
1664 4464
1664 1665
1665 4463
1666 3203
1667 3309
1667 1743
1667 1702
1668 3923
1668 3766
1668 3933
1669 3931
1669 3929
1670 5088
1670 5089
1671 5084
1671 5088
1672 4173
1673 3569
1673 3936
1673 3561
1674 3458
1674 3575
1675 3641
1675 3642
1675 1676
1676 5026
1677 4162
1677 5206
1678 3639
1678 1679
1678 3480
1679 1680
1679 3823
1680 1681
1681 1682
1682 1738
1684 3377
1684 4182
1684 3576
1685 2811
1685 1748
1685 3607
1686 1747
1686 2808
1686 5204
1687 1717
1687 3501
1688 3390
1688 3319
1688 1691
1689 1690
1689 3319
1690 5022
1690 1691
1691 4532
1692 2204
1693 4537
1693 3977
1694 1695
1694 4537
1694 1696
1695 4241
1695 1696
1696 4149
1697 3203
1697 1698
1697 4149
1698 1699
1698 4730
1698 4776
1699 4775
1699 4730
1700 4774
1700 4735
1700 3498
1700 4721
1701 3910
1701 2825
1702 3613
1702 3922
1703 1704
1704 2868
1704 4264
1704 3188
1705 3190
1705 2867
1705 4265
1706 1745
1706 1746
1706 1718
1707 2793
1707 1708
1707 3489
1708 1709
1708 3493
1709 1710
1709 1735
1710 1711
1711 3488
1712 2729
1712 1720
1712 1719
1713 2359
1713 3206
1713 5059
1713 2728
1714 3513
1714 1745
1714 1724
1715 1750
1715 3234
1715 3253
1716 4069
1716 3429
1717 4069
1718 1724
1718 1725
1719 1720
1719 2728
1720 3492
1721 3493
1721 3491
1721 5065
1722 1723
1722 3524
1722 2787
1723 4445
1723 3513
1724 3501
1725 1728
1725 2794
1726 2797
1726 1727
1726 2794
1727 1734
1727 1746
1728 1751
1728 5061
1729 1730
1729 1736
1729 1735
1730 2787
1730 1732
1730 1731
1731 3921
1732 1733
1732 1736
1733 2788
1733 2789
1734 2789
1734 2791
1736 2792
1737 2792
1737 2793
1737 2791
1738 2867
1739 2868
1740 3170
1740 4487
1740 3161
1741 3540
1741 3678
1741 4204
1742 3617
1742 3690
1742 3308
1743 3691
1743 5145
1744 5145
1744 3611
1744 3309
1745 4553
1746 4553
1747 2810
1747 2807
1748 3490
1748 5204
1749 3523
1749 2816
1749 3238
1750 3243
1750 4192
1752 3183
1752 4011
1752 2783
1753 4098
1754 1755
1754 3260
1754 2709
1755 1756
1756 3195
1757 3198
1757 3593
1757 3565
1757 4760
1758 3591
1758 3458
1758 3444
1758 3386
1759 1761
1759 2892
1760 1762
1760 1830
1760 1761
1761 1828
1762 1770
1762 1829
1763 1828
1763 1829
1763 1764
1765 1766
1765 1772
1765 1769
1766 1829
1766 1770
1767 1768
1767 1771
1768 1769
1768 1772
1769 1770
1771 1772
1773 4265
1774 1775
1774 2199
1775 2199
1777 4075
1777 2872
1777 3953
1778 1779
1780 3984
1780 3980
1780 1783
1781 1782
1783 3979
1784 1785
1785 1785
1786 1790
1786 1788
1786 1789
1787 1792
1787 1793
1788 1789
1788 1792
1789 1794
1790 1793
1790 1792
1791 1792
1791 1794
1795 1799
1795 2130
1795 4679
1796 1799
1796 1797
1796 1803
1798 1799
1800 1803
1800 1802
1801 1803
1801 1802
1804 1805
1804 2140
1805 1807
1808 1809
1809 1814
1809 1813
1809 1811
1810 1812
1810 1811
1811 1812
1812 1814
1813 3406
1813 1814
1816 1826
1817 1821
1817 1825
1818 2273
1819 1820
1819 4452
1822 2236
1823 4571
1823 1824
1825 3303
1825 1831
1825 1827
1826 1827
1826 1831
1827 1832
1828 1830
1829 1830
1831 1832
1831 3303
1832 3303
1833 1847
1833 2142
1834 1835
1835 4454
1835 2145
1836 1839
1836 4455
1836 4515
1837 5013
1838 1839
1839 1841
1841 2197
1841 3483
1842 1843
1844 4873
1845 1846
1845 3538
1848 4454
1848 4465
1849 5013
1850 1851
1850 4466
1852 2175
1852 2171
1853 1854
1853 1858
1854 1857
1854 1855
1855 3302
1855 1856
1856 1859
1856 1857
1857 1859
1858 1859
1861 1862
1862 1866
1862 1863
1863 1865
1863 1864
1864 1872
1864 1865
1865 1883
1866 1867
1866 1880
1867 2081
1868 1870
1868 1871
1869 1870
1870 1871
1870 1886
1872 1874
1873 1873
1873 1875
1874 1875
1875 1899
1875 1876
1876 1877
1876 1901
1877 1878
1878 1902
1879 1889
1880 1883
1880 1882
1881 1882
1881 1885
1881 1883
1882 1884
1884 1885
1884 1886
1885 1886
1887 1890
1888 1889
1889 1893
1890 5019
1890 1891
1891 5020
1891 1892
1893 5020
1894 1895
1894 1899
1894 1900
1895 5018
1895 1897
1896 1900
1896 1898
1897 3749
1897 1898
1899 1901
1900 1901
1903 1904
1904 2073
1905 3483
1906 5130
1907 4453
1909 2237
1910 4297
1910 4156
1911 4512
1912 5153
1912 1914
1912 1915
1913 5154
1914 5164
1914 1915
1915 1944
1916 5156
1916 5160
1916 1945
1916 1919
1917 1919
1917 1945
1917 1918
1918 1948
1918 1919
1920 4284
1920 4427
1920 1925
1921 5169
1921 4046
1921 1922
1922 5168
1922 1923
1923 5154
1923 1926
1924 1928
1924 5150
1924 1925
1925 1927
1926 5150
1926 4046
1927 4047
1927 1928
1928 1929
1929 2888
1929 4411
1930 1946
1931 1933
1932 1933
1933 1934
1934 1944
1934 1937
1935 1936
1936 1939
1936 1938
1938 1941
1938 1944
1939 1940
1939 1942
1940 1942
1940 1946
1941 1945
1941 1943
1942 1943
1943 1947
1944 1945
1946 1948
1948 1949
1950 1953
1950 4119
1950 4111
1951 4471
1952 4472
1953 4472
1953 4473
1954 4472
1954 4473
1954 4471
1955 3634
1955 4240
1958 1959
1959 2549
1960 1961
1961 3762
1961 3764
1962 2579
1962 2593
1962 2592
1963 1967
1963 4407
1964 1965
1965 1966
1965 1973
1966 1969
1966 1967
1967 1968
1967 1970
1968 1969
1968 1971
1968 1972
1969 1973
1972 1976
1972 1973
1973 1974
1974 1975
1974 1976
1977 1978
1977 1980
1979 1983
1980 4698
1981 1983
1981 1982
1981 4698
1982 1985
1982 4698
1983 1984
1986 2289
1986 1987
1988 1989
1990 1991
1992 1993
1993 2034
1994 3055
1994 1995
1996 1997
1998 1999
1998 2853
2000 2001
2001 3988
2002 2029
2003 2016
2003 3643
2003 2006
2004 2006
2004 2005
2004 3643
2005 2007
2006 2008
2007 2008
2007 2009
2008 2009
2009 2010
2011 2012
2013 3643
2013 2014
2015 2016
2017 2019
2018 2020
2018 2031
2019 2029
2019 2026
2021 2024
2021 2022
2022 2023
2025 2028
2026 2027
2026 2028
2027 2028
2030 2031
2032 2033
2034 2035
2034 3699
2036 2037
2037 2040
2038 2039
2038 2040
2040 2041
2042 2044
2042 2043
2043 2045
2046 2048
2048 2054
2049 2051
2050 2053
2050 2061
2050 2051
2051 2053
2052 2053
2052 2054
2055 2060
2056 2057
2057 2059
2058 2059
2059 2060
2061 2064
2062 2064
2063 2064
2064 2065
2066 2068
2066 2067
2067 2722
2069 2070
2069 3409
2069 3606
2072 2079
2072 2073
2072 2075
2073 2078
2074 2075
2074 2076
2075 2077
2081 2082
2082 2083
2082 2085
2087 5021
2087 2100
2088 2093
2088 2089
2089 2094
2089 2090
2090 5215
2091 2102
2091 2096
2092 2100
2092 2098
2093 2102
2093 2094
2094 2095
2095 2096
2095 2097
2096 2098
2098 3751
2099 2100
2101 2102
2103 2520
2103 2104
2105 2113
2105 3224
2106 2111
2107 2109
2107 2114
2107 2108
2109 2110
2109 2111
2111 2112
2114 2117
2115 2118
2116 2117
2116 4095
2116 2118
2119 4496
2120 4496
2120 4495
2124 2125
2126 2127
2126 4680
2126 2267
2126 2133
2127 4426
2127 4202
2128 2130
2129 2130
2130 4426
2131 3500
2131 2132
2132 4426
2132 2133
2134 2135
2135 3500
2136 2137
2137 2138
2139 2140
2141 2142
2143 2144
2145 2146
2145 4449
2146 4970
2148 2149
2150 3480
2150 2151
2151 3312
2152 2153
2152 2155
2153 3639
2153 2155
2154 2156
2155 2156
2157 3461
2157 3462
2158 2169
2159 3535
2159 2160
2159 3639
2160 3536
2160 2161
2161 2162
2163 2164
2164 2165
2165 4293
2165 4292
2166 3640
2166 2168
2166 3376
2167 2168
2168 3301
2169 2170
2171 2172
2173 2177
2174 2177
2174 2176
2174 2175
2175 2176
2176 2177
2178 2179
2179 3484
2180 2182
2180 2181
2181 3410
2182 3410
2182 2183
2183 2184
2183 3412
2184 3411
2184 3413
2185 2186
2185 2187
2185 3410
2186 2188
2186 3412
2187 2533
2188 3413
2188 3411
2189 3413
2190 2193
2191 2192
2191 2194
2191 2193
2191 3463
2193 2193
2195 3406
2196 2197
2197 3483
2198 3499
2198 3482
2199 3499
2200 2201
2201 3710
2202 2203
2202 3712
2204 4072
2205 3460
2206 2207
2209 4509
2209 2210
2212 2213
2213 3460
2213 2215
2214 2216
2214 2215
2217 2219
2218 4072
2220 3465
2220 2238
2220 2221
2221 2228
2221 3464
2222 2236
2222 2223
2224 2227
2224 2230
2224 2225
2225 2226
2225 3466
2226 2230
2226 2234
2227 2228
2227 3468
2228 2229
2229 2237
2229 2230
2231 2232
2232 2233
2232 2234
2233 2236
2233 2235
2234 2235
2235 2239
2237 2238
2238 2239
2239 3467
2240 4073
2240 4266
2240 4701
2240 2241
2241 2242
2241 4073
2243 2278
2243 2281
2244 2245
2247 2248
2250 4301
2250 4307
2250 4300
2251 4302
2251 4305
2251 4307
2252 4305
2252 2259
2252 4308
2253 2255
2253 2254
2254 2256
2254 2259
2255 2257
2255 2256
2256 2258
2257 2258
2259 2260
2260 4306
2261 2262
2263 2264
2265 3713
2266 4147
2266 4203
2266 4687
2267 4681
2267 4682
2268 3481
2270 3384
2271 2533
2271 4065
2272 2398
2272 2370
2273 2274
2275 3465
2275 3467
2275 2276
2276 2278
2277 2278
2279 2281
2279 2280
2279 2283
2281 2282
2282 2284
2282 2283
2283 2285
2285 5147
2286 2287
2287 2292
2288 4543
2288 2294
2289 2290
2290 4543
2291 2294
2292 2294
2292 2293
2295 2296
2295 2298
2296 2297
2302 2303
2302 5079
2304 5131
2304 2308
2304 2305
2305 2306
2305 2307
2306 2310
2306 2311
2306 5131
2307 2310
2308 2314
2309 2311
2309 5205
2312 4279
2313 2314
2314 2687
2316 2318
2316 2320
2317 2318
2318 2319
2319 2321
2319 2322
2325 2326
2326 2326
2327 3997
2328 2329
2331 2333
2334 2337
2335 2336
2339 2342
2339 2340
2340 2343
2343 2345
2343 2344
2345 5122
2346 2347
2349 2350
2350 2351
2351 2352
2353 2354
2353 2356
2355 2356
2357 2358
2358 2725
2359 4192
2359 2360
2360 3226
2360 3206
2361 2362
2362 2363
2363 2365
2363 2364
2365 2366
2367 2368
2367 2367
2368 4150
2370 2371
2372 4826
2372 4827
2373 4953
2373 2374
2374 2381
2374 2388
2375 2376
2376 2378
2376 2377
2378 2381
2378 2380
2379 2380
2380 2382
2381 2388
2383 2386
2384 2385
2385 2386
2386 2395
2387 4953
2387 2389
2388 2389
2389 2392
2390 2393
2391 2394
2392 2393
2393 2394
2394 4355
2395 2396
2397 4508
2397 2399
2397 5179
2398 2400
2398 5180
2400 5181
2400 4508
2401 2403
2402 2403
2402 2405
2402 4136
2403 2404
2405 2406
2408 2409
2409 2464
2410 2411
2412 2414
2412 2413
2413 2415
2416 2426
2416 2422
2417 2425
2417 2421
2418 2419
2419 2420
2419 2423
2421 2424
2426 2427
2428 2430
2428 2431
2429 2433
2429 2431
2429 2430
2431 2432
2433 2433
2434 2437
2435 2436
2435 2437
2436 2436
2438 4841
2438 2439
2440 2441
2442 2443
2442 2442
2444 2455
2445 2455
2446 2449
2447 2448
2448 2450
2448 2451
2449 2450
2449 2452
2450 2453
2451 2456
2451 2453
2453 2454
2454 2456
2454 2458
2456 2457
2457 2458
2459 2460
2461 2462
2462 2463
2463 2506
2463 3320
2466 2468
2467 2469
2468 2469
2469 2471
2470 2471
2470 2470
2471 2480
2472 2473
2473 2474
2474 2475
2475 2478
2475 2483
2476 2477
2476 2478
2476 2480
2478 2479
2480 2482
2481 2483
2482 2485
2483 2484
2486 2487
2488 2495
2489 2490
2491 2493
2491 2492
2492 2494
2493 2494
2494 2496
2495 2498
2496 2497
2497 2501
2497 2498
2499 2505
2500 2502
2501 3106
2501 2505
2502 2503
2502 2505
2504 2505
2506 3320
2507 3320
2507 3646
2507 2512
2508 2509
2508 2510
2510 2511
2510 2512
2512 2513
2514 3324
2514 2515
2514 3101
2515 3652
2515 3322
2515 3990
2516 2521
2517 2520
2518 2519
2519 2520
2521 2523
2521 2522
2524 2525
2525 2526
2525 2529
2526 2528
2526 2527
2528 2529
2530 2544
2531 2532
2533 2534
2534 2535
2534 2537
2536 2537
2537 2541
2537 2538
2539 2541
2540 2541
2541 2542
2543 2544
2544 5133
2545 3755
2545 2546
2545 2551
2546 2548
2546 3941
2547 2557
2547 2553
2548 2549
2548 3940
2549 2554
2550 2551
2550 2552
2550 3943
2551 3764
2552 3942
2552 2554
2553 2558
2555 2556
2555 2557
2555 2559
2556 2562
2556 2560
2557 2558
2558 2559
2559 2560
2560 2561
2561 2562
2562 2563
2563 2572
2564 2572
2564 2565
2565 2574
2565 2567
2566 2588
2566 2586
2567 2575
2567 2568
2568 2576
2568 2570
2569 2570
2569 2577
2569 2571
2570 2578
2571 2579
2572 2574
2573 4199
2574 2575
2576 2578
2577 2579
2577 2578
2580 2581
2582 2591
2582 2583
2583 2584
2584 2593
2584 2591
2585 2588
2585 2586
2587 2589
2588 2590
2589 2590
2591 2592
2592 2593
2596 2597
2596 2600
2598 2599
2599 2600
2599 2601
2601 4566
2602 2604
2603 2604
2604 2605
2606 2607
2608 2613
2608 2609
2609 2612
2610 2611
2611 2613
2611 2614
2612 2613
2612 2614
2614 2615
2616 2619
2617 2618
2620 4879
2620 2622
2621 2623
2621 2627
2622 3961
2622 2623
2623 2624
2625 2626
2628 2629
2629 4566
2630 2631
2630 2632
2631 2633
2631 2635
2632 2635
2633 2634
2634 2635
2637 2638
2637 3706
2638 2640
2639 2641
2639 2640
2642 2643
2643 2649
2645 2646
2648 2649
2651 2652
2651 4538
2653 3396
2653 5216
2656 3227
2656 3230
2659 2662
2659 2660
2660 2661
2660 5132
2661 2663
2664 2665
2665 2666
2667 4695
2667 2668
2668 2669
2668 2671
2669 2671
2669 2670
2671 2675
2672 2673
2674 2676
2677 2679
2678 2680
2678 2679
2678 2689
2679 2682
2680 2682
2681 2684
2681 2682
2681 2683
2685 2686
2687 2688
2688 3914
2688 2689
2690 2700
2691 2692
2692 2695
2692 2694
2693 2694
2694 2697
2695 2696
2695 2698
2696 2699
2696 2700
2700 2701
2702 2704
2704 2705
2704 2706
2707 4245
2707 4243
2708 4245
2709 2710
2711 4247
2712 4972
2712 4973
2713 2714
2715 3261
2716 2717
2717 5107
2718 2720
2719 2720
2720 2721
2723 5104
2725 2726
2728 3605
2729 3204
2729 3488
2730 2731
2730 5119
2733 2736
2734 2736
2735 4871
2736 4872
2737 4871
2737 4872
2738 2740
2739 2740
2740 2743
2741 2742
2742 2743
2742 2745
2743 4228
2744 2745
2745 2746
2746 2748
2746 2750
2747 2750
2749 2750
2751 2776
2751 2762
2751 4337
2752 4337
2752 2774
2752 4339
2753 2767
2753 2754
2753 2760
2754 2769
2754 2756
2755 2756
2756 2769
2756 4004
2757 4005
2757 2759
2757 2758
2758 2765
2758 2763
2759 2761
2759 2760
2760 2768
2761 4348
2762 2777
2762 2763
2763 4876
2764 2772
2764 2771
2764 2766
2765 4876
2766 4876
2766 2777
2767 4349
2767 2769
2768 4348
2768 4349
2770 2780
2770 2771
2770 2773
2771 2772
2772 2780
2773 2779
2774 2775
2774 2776
2776 2777
2778 2779
2779 2780
2782 3518
2782 2783
2783 3518
2784 2785
2784 2784
2785 4011
2785 3520
2786 5064
2786 3519
2786 4013
2787 2788
2788 4553
2789 2790
2790 2792
2790 2791
2793 2795
2794 2799
2795 2796
2795 3486
2796 4554
2796 2809
2797 2803
2797 2800
2798 5139
2798 2807
2798 4554
2799 2800
2799 2802
2800 2802
2801 2802
2801 3520
2801 4554
2804 2806
2804 2805
2804 5092
2805 5092
2805 3407
2806 4097
2807 2809
2807 2813
2808 2809
2808 3486
2810 2814
2810 2812
2811 5067
2811 2812
2812 2815
2813 5139
2813 3237
2815 2816
2815 5203
2816 3243
2817 2818
2819 2830
2819 2822
2820 2830
2821 2822
2821 2824
2821 3746
2822 2827
2823 2833
2823 2824
2823 2837
2826 2828
2826 3911
2826 3912
2827 2829
2829 2831
2830 2831
2832 2836
2834 2835
2834 4711
2835 2836
2837 3747
2838 4487
2838 2839
2839 4656
2840 2841
2840 2843
2840 2845
2841 2844
2841 2842
2844 2844
2846 3956
2846 3677
2846 3621
2847 3957
2847 3973
2848 4062
2849 2851
2852 2853
2854 2855
2856 2858
2857 2858
2857 4502
2858 2859
2860 2861
2862 2863
2862 4822
2862 3024
2863 4822
2864 2865
2864 3023
2864 3048
2866 2869
2866 4264
2867 4266
2867 4074
2868 5177
2869 5170
2870 5170
2870 5177
2871 2872
2872 4075
2873 2875
2874 2876
2875 2876
2877 2878
2877 2901
2878 2879
2879 2882
2879 2884
2880 2881
2881 2883
2881 2885
2882 2883
2882 2886
2883 2886
2885 2886
2885 2887
2888 2896
2888 2899
2889 2890
2889 2899
2890 2896
2890 2891
2891 2893
2891 2892
2894 4417
2894 2895
2894 4414
2895 4411
2895 4131
2896 4125
2897 2900
2898 2899
2900 4518
2902 2903
2904 2905
2906 2907
2907 2913
2907 2908
2909 2912
2910 2911
2911 2912
2911 2914
2912 2914
2914 2915
2916 2917
2918 2919
2920 4541
2920 4529
2921 2922
2923 4527
2923 4526
2927 4586
2927 2928
2927 3433
2929 2930
2929 4153
2929 2931
2930 4586
2931 2936
2932 4661
2933 4661
2935 2936
2937 2940
2938 2944
2941 2948
2941 2942
2941 2943
2942 2943
2944 2945
2946 4105
2946 2951
2946 4119
2947 2948
2948 2949
2950 2951
2950 2950
2952 2956
2953 2956
2953 2954
2954 2955
2954 2957
2955 2963
2955 4988
2956 2957
2957 2958
2958 4848
2959 2960
2961 2962
2961 2976
2962 2975
2963 2964
2963 2976
2964 2971
2965 4856
2965 2967
2965 2978
2966 2977
2966 2982
2966 2968
2967 2970
2967 2968
2968 2978
2968 2980
2969 2974
2969 2972
2969 2977
2970 2971
2970 2977
2971 2972
2971 2976
2972 2975
2973 2974
2973 2975
2973 2988
2974 2985
2974 2990
2975 2976
2978 2981
2979 2982
2979 2981
2979 2990
2980 2981
2980 2982
2981 2993
2983 2987
2983 2988
2983 4319
2984 2986
2984 2985
2984 2987
2985 2988
2986 2989
2986 2991
2987 2988
2987 2989
2989 2996
2989 3000
2990 2991
2991 2992
2992 2993
2992 2999
2992 2996
2993 2998
2994 2996
2994 2995
2995 2997
2997 2999
2997 4423
2998 4617
2998 2999
3000 4319
3000 4318
3002 3003
3002 4883
3003 3005
3004 3009
3006 3008
3007 3010
3008 3010
3009 3010
3011 3012
3011 3014
3012 3013
3012 3999
3014 3015
3015 3019
3016 3017
3017 3018
3018 4120
3018 3019
3020 4120
3020 3021
3021 3021
3023 3049
3024 3459
3024 3461
3025 3462
3026 4425
3026 4419
3027 3028
3027 4494
3028 3035
3028 3030
3029 4497
3029 3030
3030 3036
3031 4498
3031 3034
3032 3042
3032 3033
3032 3037
3033 4498
3033 3038
3034 4499
3035 3036
3037 3038
3037 3042
3039 3044
3039 3040
3039 3041
3041 3043
3041 3045
3042 4499
3043 3045
3046 3047
3046 4129
3047 4130
3048 3049
3049 3459
3050 3051
3050 3050
3052 3053
3052 3055
3052 3054
3057 3061
3057 3058
3057 3072
3058 3059
3058 3067
3059 3068
3059 3066
3060 3064
3060 3061
3060 3071
3061 3073
3062 3094
3062 3091
3062 3063
3063 3064
3063 3069
3064 3070
3065 3777
3065 4877
3065 3066
3066 3068
3067 3072
3067 3068
3069 3070
3069 3094
3070 3071
3071 3073
3072 3073
3074 3781
3074 3780
3074 3076
3075 3783
3075 3781
3075 3076
3076 3080
3077 3081
3077 3078
3077 3100
3077 3773
3078 3079
3078 3772
3078 3080
3079 3783
3079 3080
3079 3771
3081 3784
3081 3083
3082 3083
3082 3776
3082 3779
3083 3085
3084 3085
3085 3086
3087 3088
3087 3099
3087 3098
3088 3089
3088 3095
3089 3090
3089 3096
3090 3091
3090 3092
3091 3093
3092 3096
3092 3093
3093 3094
3095 3099
3095 3096
3097 3098
3098 3099
3101 3375
3102 4071
3103 3104
3103 4164
3103 3122
3104 3122
3104 3116
3104 4165
3105 3107
3105 4165
3105 4164
3106 3335
3106 4161
3107 4167
3107 4161
3108 4168
3108 3121
3108 3118
3108 3109
3109 4168
3109 4161
3110 3128
3111 3126
3111 3125
3111 3113
3112 3114
3112 3133
3112 3120
3113 3115
3113 3120
3114 3119
3114 3121
3115 3117
3115 3119
3116 4167
3116 3123
3116 3117
3117 4168
3117 3118
3118 3119
3118 3121
3119 3120
3120 3126
3122 3123
3123 3125
3123 3124
3124 4474
3125 4166
3126 3133
3126 3127
3127 4166
3127 3132
3127 3134
3128 3130
3128 3129
3128 3137
3130 3131
3130 3138
3130 3136
3132 3133
3132 3134
3134 4166
3135 3136
3135 3353
3136 3353
3136 3352
3139 3141
3139 3140
3139 3638
3140 3142
3143 3158
3144 3159
3145 3157
3146 3147
3147 3159
3147 3148
3148 3149
3148 3150
3150 3151
3150 3153
3152 3153
3153 3154
3155 3160
3155 3156
3155 3157
3157 3158
3158 3159
3161 3162
3162 3163
3162 3164
3163 3165
3163 3168
3165 3171
3165 3166
3166 3172
3166 3167
3169 3170
3170 3678
3174 3176
3177 3178
3179 3180
3181 3182
3181 3381
3183 4012
3184 4533
3185 3663
3185 3343
3185 3186
3186 3347
3186 3361
3186 3668
3187 3190
3188 3190
3188 3192
3188 3189
3190 3191
3193 4721
3193 4736
3193 3194
3193 4775
3194 4776
3195 4135
3195 4766
3196 4773
3196 4741
3196 4743
3197 3494
3197 4746
3197 4135
3198 4759
3198 3564
3199 3579
3199 3578
3199 3937
3200 3201
3201 3203
3202 4311
3204 3205
3206 4182
3207 3211
3207 3208
3207 3212
3209 3210
3210 3211
3210 3212
3211 4154
3212 4155
3213 3214
3213 4155
3215 4155
3216 3221
3217 3219
3218 3219
3219 3222
3219 3221
3220 3221
3223 3224
3226 5068
3226 3227
3227 3231
3228 5069
3228 3231
3228 3229
3229 3231
3229 3234
3229 5069
3230 3233
3231 3233
3232 3233
3232 3236
3232 3379
3234 3235
3235 3236
3236 3380
3237 3238
3237 3239
3238 3248
3239 3241
3239 3240
3240 3241
3240 3242
3241 3242
3242 3246
3243 3244
3244 5140
3244 3523
3245 3251
3245 5140
3245 3253
3246 3247
3246 3249
3247 3248
3247 3250
3248 3523
3249 3250
3249 3251
3250 5140
3251 3252
3253 3996
3254 3255
3254 3484
3255 3484
3256 4065
3258 3261
3259 3262
3260 4098
3260 3264
3261 3262
3262 3263
3263 3264
3265 3267
3265 4200
3266 3267
3266 3271
3267 3268
3268 3269
3268 3271
3270 3271
3272 3274
3273 3275
3273 3278
3273 3276
3274 3279
3274 3275
3275 3279
3276 3277
3276 3287
3277 3288
3277 3278
3278 3279
3280 3294
3280 4280
3281 3283
3281 3282
3281 3292
3282 3293
3282 3284
3283 3285
3283 3284
3284 3286
3285 3286
3285 3287
3286 3288
3287 3288
3289 3294
3289 3295
3289 3291
3290 3292
3290 3291
3290 3294
3291 3293
3292 3293
3294 3299
3295 3300
3295 3297
3296 3299
3297 3298
3297 3299
3304 4507
3304 3306
3305 3307
3306 3307
3308 3614
3308 3684
3308 4196
3309 3609
3310 4505
3310 3311
3311 3312
3313 4455
3313 5013
3314 5077
3314 3707
3314 5076
3315 5073
3315 3318
3316 3317
3316 3601
3316 5073
3317 5076
3318 4445
3318 5077
3319 5172
3320 3321
3321 3325
3321 3332
3322 3324
3322 3325
3323 3331
3324 3331
3325 3990
3326 3329
3326 3328
3326 3428
3327 3328
3327 4392
3328 4385
3329 3426
3329 3330
3330 3332
3330 3422
3331 3375
3333 3653
3333 3335
3333 3651
3334 3375
3334 3373
3335 3654
3335 3336
3336 3655
3336 3340
3337 3338
3337 3655
3338 3339
3338 3372
3339 3373
3339 3370
3340 3658
3340 3359
3341 3370
3341 3369
3342 3657
3342 3349
3343 3344
3343 3348
3344 3345
3344 3351
3345 3350
3345 3346
3345 3349
3346 3349
3347 3366
3347 3672
3348 3351
3348 3362
3349 3660
3350 3351
3352 3362
3352 3354
3353 4845
3354 3355
3354 3666
3354 3359
3355 3356
3355 3358
3356 3357
3356 3371
3356 3671
3357 3369
3357 3673
3358 3665
3359 3665
3359 3360
3362 3666
3363 3364
3363 3667
3364 3365
3364 3669
3365 3672
3366 3673
3366 3674
3366 3368
3367 3674
3368 3671
3369 3371
3369 4021
3370 4019
3372 3373
3373 3374
3375 4071
3376 4505
3377 3576
3377 4181
3378 3380
3379 3381
3380 3381
3383 4160
3385 3388
3385 3474
3386 3553
3386 3552
3386 3566
3387 3414
3387 3388
3388 3415
3389 4001
3390 4249
3393 3394
3395 3396
3398 3399
3401 3403
3407 3708
3407 4972
3408 3709
3408 4540
3408 3708
3410 3412
3411 3413
3411 3412
3415 4230
3416 3417
3416 5090
3418 3419
3420 3428
3420 3423
3420 4385
3421 3431
3421 3423
3422 3426
3423 4099
3424 3432
3425 3429
3425 3430
3426 3432
3427 3429
3427 4069
3428 3432
3430 3431
3434 3439
3434 3438
3435 4295
3437 4250
3437 4158
3438 3938
3438 4158
3438 3939
3439 4158
3440 3442
3440 4183
3441 4186
3441 4189
3441 4187
3442 4866
3443 3913
3444 3594
3444 3565
3445 3592
3445 3446
3445 3594
3446 4278
3446 3495
3447 3599
3447 3496
3447 3600
3447 3495
3448 3552
3448 3458
3448 3551
3449 3564
3449 3450
3449 3584
3450 3451
3450 3582
3451 3574
3451 3452
3452 3567
3452 3453
3453 3454
3453 3581
3454 3559
3454 3455
3455 3563
3455 3555
3456 3556
3456 3555
3456 4752
3457 3567
3457 3548
3457 3559
3457 3589
3458 3590
3459 4822
3461 3462
3464 3468
3469 3476
3470 3472
3470 5136
3471 3478
3471 5135
3472 3477
3472 3475
3476 5135
3476 3478
3478 3965
3479 3482
3479 3483
3486 5204
3487 3493
3487 3488
3487 3492
3489 3490
3489 5065
3490 5065
3490 3491
3491 3607
3492 3607
3494 3592
3494 4278
3495 4278
3496 4744
3496 3497
3496 4771
3496 4772
3497 4787
3497 4770
3498 4778
3501 3606
3502 3503
3503 3505
3503 3504
3506 3509
3506 3508
3507 3509
3510 3950
3510 3947
3511 5056
3511 3951
3512 3514
3512 3513
3512 3515
3514 3707
3514 3577
3516 3750
3516 3522
3516 3521
3517 3522
3519 3750
3519 3521
3520 5061
3520 5064
3520 3522
3521 3750
3524 3525
3526 3603
3527 3535
3527 3537
3527 3532
3528 3533
3528 3534
3528 3537
3529 3537
3529 3538
3529 3533
3530 3531
3530 3534
3530 3533
3531 3536
3531 3532
3532 3534
3536 3538
3540 3542
3540 3541
3541 4198
3541 3682
3542 3543
3542 4197
3543 3544
3544 3545
3544 4196
3545 3614
3546 3547
3547 4195
3547 4309
3548 3568
3548 3549
3549 3569
3549 3550
3550 3571
3550 3551
3551 3575
3552 3571
3553 3554
3553 3572
3554 3584
3554 3566
3555 3557
3555 4753
3556 3562
3556 3557
3557 3558
3558 3560
3558 3559
3560 3586
3560 3589
3561 3562
3561 3586
3562 3578
3563 4749
3563 4750
3563 4767
3564 3583
3565 3583
3566 3573
3567 3568
3568 3585
3569 3575
3570 3571
3570 3585
3570 3573
3573 3574
3574 3585
3578 4727
3579 3580
3579 4752
3580 4749
3580 4753
3581 4767
3581 3582
3582 4747
3583 3584
3586 3587
3587 3588
3588 3589
3590 3591
3590 3596
3591 3595
3592 3593
3593 3594
3595 3597
3595 3596
3596 3598
3597 3599
3597 3598
3598 4010
3598 3600
3599 3600
3601 5074
3601 3606
3601 5075
3602 3603
3602 3604
3608 3611
3608 3610
3608 3618
3608 3947
3609 3610
3610 3951
3611 3612
3613 4514
3613 3620
3614 3618
3615 3616
3615 3619
3615 3633
3617 3618
3617 5145
3619 3620
3619 3944
3621 3623
3622 3625
3622 5206
3622 3623
3623 3626
3624 3627
3625 3626
3625 3627
3626 3945
3627 3945
3627 3628
3628 3946
3628 3629
3629 5211
3629 3630
3629 3632
3630 3631
3630 3945
3632 5210
3632 3633
3634 4473
3634 4240
3634 3636
3635 3637
3635 4240
3637 3638
3640 4505
3640 4507
3641 3642
3642 3969
3644 4714
3644 4716
3645 4715
3645 4716
3647 3649
3648 3649
3649 3650
3650 3651
3650 3990
3651 3990
3651 3652
3651 3653
3653 3654
3654 3655
3656 3659
3657 3659
3657 3660
3658 3665
3659 3661
3661 3664
3662 3663
3663 3668
3664 3667
3665 3666
3667 3669
3668 3670
3669 3670
3670 3672
3671 3673
3673 3674
3675 4207
3675 3676
3675 3994
3676 4205
3677 3679
3678 3679
3679 3680
3680 3682
3680 3681
3682 3686
3683 3684
3683 4198
3683 3688
3684 3689
3685 3686
3686 3687
3689 3690
3689 3691
3690 3691
3692 3693
3693 3695
3693 4048
3694 3695
3695 3697
3696 3697
3697 4053
3698 4191
3699 3700
3701 4006
3702 5110
3703 5107
3703 3704
3703 5110
3705 3706
3707 5077
3708 5086
3709 4540
3710 3711
3713 3714
3714 3717
3714 3716
3715 3720
3716 3718
3716 3719
3717 3718
3717 3720
3718 3719
3719 3721
3720 3721
3721 3722
3723 4704
3724 3725
3724 3726
3725 3727
3726 3727
3726 3729
3727 3728
3727 3730
3729 3730
3729 3732
3730 3731
3730 3734
3732 3734
3732 3735
3733 3734
3734 3737
3735 3737
3735 3738
3736 3737
3738 4709
3738 4710
3739 3740
3740 3748
3741 3742
3742 3743
3743 3744
3744 4712
3744 3745
3745 3746
3745 3912
3746 3747
3747 3748
3749 4123
3749 5019
3751 3752
3751 3753
3752 3754
3755 3757
3755 3756
3756 3758
3756 3757
3757 3759
3758 3760
3758 3759
3759 3761
3760 3762
3760 3761
3761 3763
3762 3763
3763 3764
3765 3827
3765 3826
3766 3924
3766 3922
3766 4556
3767 3768
3767 3778
3767 3777
3768 3769
3768 3780
3769 3770
3769 3781
3770 3771
3770 3783
3771 3772
3772 3773
3773 3774
3774 3775
3774 3784
3775 3776
3775 3782
3776 3779
3777 3778
3778 3780
3779 3782
3782 3784
3785 3786
3785 4640
3785 4653
3786 4641
3786 3787
3787 3788
3787 4642
3788 4643
3788 3789
3789 3790
3789 4644
3790 4645
3790 3792
3791 4640
3791 3793
3791 4656
3792 3795
3792 4646
3793 4641
3793 3796
3794 4639
3794 4625
3794 4632
3795 4639
3795 4647
3796 4642
3796 3797
3797 4643
3797 3798
3798 4644
3798 3799
3799 4645
3799 3800
3800 4646
3800 3801
3801 4647
3801 4649
3802 3803
3802 3804
3802 4635
3804 3805
3804 3806
3805 3806
3805 3807
3806 4626
3806 3808
3807 3808
3807 3809
3808 4627
3808 3810
3809 3810
3809 3811
3810 4628
3810 3812
3811 3812
3811 3813
3812 4629
3812 3814
3813 3814
3813 3815
3814 4630
3814 3816
3815 3816
3816 4631
3817 3818
3818 3819
3820 3821
3820 3822
3820 4289
3823 3824
3824 3825
3826 3827
3828 3829
3828 3832
3829 3926
3829 3830
3830 4275
3830 4276
3830 3834
3831 3833
3832 4309
3833 3834
3835 5099
3835 4977
3835 3836
3836 3838
3836 3837
3836 3839
3837 5009
3837 3838
3838 3839
3838 5010
3839 5011
3840 3843
3840 3841
3840 5009
3841 3842
3841 3844
3841 5010
3842 5011
3842 3845
3843 3846
3843 3844
3844 3845
3844 3847
3845 3848
3846 3847
3846 3849
3847 3848
3847 3849
3848 3851
3849 3851
3850 3883
3850 3851
3852 3868
3852 3886
3852 3863
3853 3855
3853 3854
3854 3856
3855 3857
3855 3856
3856 3858
3857 3859
3857 3858
3858 3860
3859 3861
3859 3860
3860 3862
3861 3862
3862 3863
3864 4707
3864 3865
3864 4708
3865 3867
3865 3870
3866 3867
3866 3868
3866 3871
3867 3869
3869 3870
3869 3871
3869 3873
3870 3872
3871 3874
3872 3873
3872 3876
3873 3874
3873 3875
3874 3875
3875 3876
3877 3879
3877 3878
3878 3880
3879 3880
3879 3881
3880 3882
3881 4956
3881 4957
3882 4957
3882 4977
3883 3884
3884 3886
3885 3888
3885 3887
3886 3887
3887 3888
3889 3890
3889 3891
3890 3891
3890 3892
3891 3893
3892 3893
3892 3898
3893 3895
3894 3897
3894 3895
3894 3896
3895 3898
3896 3901
3896 3900
3897 3905
3897 3901
3897 3898
3898 3906
3899 3902
3899 4910
3899 3900
3900 3903
3901 3908
3901 3903
3902 4918
3902 3903
3903 3907
3904 3906
3905 3906
3905 3908
3907 3909
3907 3908
3909 4911
3909 4919
3910 4282
3910 3911
3911 3912
3912 4712
3914 3915
3915 5079
3916 3917
3917 5125
3918 3919
3918 5125
3920 4041
3920 4040
3920 4042
3922 4273
3923 4272
3923 3935
3923 3924
3924 3925
3925 3930
3925 4272
3926 4312
3926 3927
3927 4275
3927 3935
3928 3935
3928 3934
3928 4277
3928 4272
3929 4137
3929 3931
3930 4432
3931 3934
3932 4137
3933 4557
3933 3935
3934 4272
3936 4719
3937 4758
3940 3942
3940 3941
3941 3943
3942 3943
3946 5211
3947 3948
3949 4467
3950 4467
3952 3954
3952 3955
3952 4002
3953 3955
3956 3957
3956 3958
3957 4079
3958 4141
3959 4469
3960 3961
3961 3964
3962 3973
3962 3964
3962 3972
3963 3964
3966 3967
3966 3969
3966 3968
3967 3971
3967 3968
3968 3971
3969 5207
3970 3971
3974 3975
3975 3976
3976 3977
3976 3978
3979 3980
3980 3981
3981 3982
3981 3984
3982 3983
3982 3986
3983 3985
3983 3987
3984 3986
3986 3987
3988 3989
3991 4048
3992 3993
3995 3996
3998 3999
4000 5097
4001 4003
4001 4002
4007 4008
4007 4007
4008 4070
4009 4278
4011 4176
4012 4013
4012 4175
4013 5063
4014 4016
4015 4022
4015 4018
4015 4016
4016 4025
4016 4017
4017 4024
4017 4193
4018 4023
4018 4021
4019 4020
4019 4193
4020 4194
4021 4033
4022 4026
4022 4025
4023 4026
4023 4027
4024 4025
4024 4194
4026 4028
4027 4028
4029 4035
4029 4034
4029 4032
4030 4037
4030 4031
4030 4033
4031 4036
4031 4032
4032 4035
4033 4038
4035 4036
4036 4037
4037 4038
4038 4039
4041 4043
4042 4043
4043 4044
4046 5155
4047 4411
4047 4619
4047 4131
4048 4049
4049 4051
4049 4054
4050 4052
4052 4054
4052 4056
4053 4055
4053 4059
4054 4057
4054 4222
4055 4059
4056 4057
4056 4058
4057 4058
4057 4060
4058 4060
4058 4061
4059 4222
4060 4222
4061 4209
4061 4211
4062 4430
4062 5029
4063 4430
4063 4064
4063 4558
4064 4558
4064 4431
4066 4068
4066 4868
4066 4067
4067 4069
4068 4868
4068 4870
4070 4071
4076 4534
4077 4085
4078 4083
4079 4081
4079 4141
4080 4083
4081 4086
4081 4089
4082 4159
4083 4089
4083 4088
4084 4088
4085 4159
4085 4086
4086 4089
4087 4088
4090 4159
4091 4159
4092 5101
4093 4149
4094 4095
4096 4097
4098 4241
4099 5031
4100 4101
4100 4102
4100 4105
4101 4269
4101 4103
4102 4104
4103 4118
4103 4104
4104 4107
4105 4108
4106 4107
4106 4118
4106 4239
4107 4110
4108 4119
4108 4111
4109 4111
4109 4112
4110 4112
4113 4492
4113 4986
4114 4238
4114 4232
4114 4231
4114 4239
4114 4425
4115 4585
4116 4231
4116 4117
4118 4237
4119 4511
4120 4121
4121 4122
4121 5189
4124 4421
4124 4420
4125 4414
4125 4411
4126 4412
4126 4619
4126 4428
4126 4427
4127 4130
4127 4499
4128 4496
4128 4129
4130 4969
4131 4412
4132 4413
4132 4133
4132 4415
4133 4419
4134 4135
4135 4760
4139 4140
4141 4142
4143 4144
4144 4145
4145 4146
4146 4354
4146 4353
4147 4148
4150 4151
4152 4153
4156 4157
4162 4552
4164 4165
4165 4167
4167 4168
4172 5190
4172 4728
4173 4728
4174 4175
4175 4176
4176 5063
4177 4177
4178 5026
4179 4488
4179 4489
4180 4217
4181 4182
4183 4184
4184 4186
4184 4975
4185 4975
4186 4188
4187 4188
4187 4190
4188 4190
4190 4191
4192 5068
4193 4194
4196 4197
4197 4198
4200 4828
4200 4829
4201 4219
4202 4679
4202 4684
4202 4681
4203 4688
4206 4207
4207 4796
4208 4633
4208 4481
4208 4483
4210 4213
4211 4212
4211 4223
4212 4216
4212 4215
4213 4214
4213 4222
4218 4220
4219 4223
4219 5191
4221 4223
4224 4226
4225 4226
4226 4227
4230 5090
4231 4232
4233 4318
4233 4234
4234 4235
4235 4237
4235 5094
4236 4238
4236 4425
4237 4239
4240 4789
4241 4537
4242 4243
4243 4246
4244 4245
4245 4246
4246 4247
4247 4248
4249 4531
4250 4251
4250 4530
4251 4252
4252 4253
4252 4523
4253 4254
4254 4255
4254 4524
4255 4256
4257 4258
4258 4620
4259 4261
4259 4620
4260 4520
4260 4519
4261 4262
4262 4263
4265 4266
4267 4991
4268 4991
4268 4859
4269 4859
4270 4581
4270 4492
4273 4432
4273 4274
4275 4277
4276 4277
4279 5105
4280 4282
4280 4281
4281 4282
4283 4609
4283 4610
4284 4594
4284 4285
4285 4286
4285 4287
4286 4608
4286 4609
4288 4291
4288 4289
4288 4290
4292 4293
4294 4295
4296 4512
4296 4298
4296 4299
4296 4297
4297 4298
4297 4299
4298 4299
4302 4303
4302 4304
4305 4306
4306 4307
4310 4312
4310 4311
4311 4556
4312 4557
4313 4314
4315 4317
4315 5094
4315 4857
4316 4336
4316 4318
4316 4320
4317 4321
4317 4322
4319 4320
4320 4335
4321 4323
4321 4322
4322 4324
4323 4325
4323 4324
4324 4326
4325 4327
4325 4326
4325 4480
4326 4328
4327 4329
4327 4328
4328 5094
4328 4330
4329 4331
4329 4330
4330 4332
4331 4333
4331 4332
4332 4334
4333 4335
4333 4334
4334 4336
4335 4336
4337 4338
4338 4339
4338 4340
4339 4341
4340 4341
4340 4342
4341 4343
4342 4343
4342 4344
4343 4345
4344 4345
4344 4346
4345 4347
4346 4347
4348 4349
4350 4351
4351 4352
4351 4874
4351 4875
4355 4356
4355 4358
4356 4362
4357 4367
4357 4380
4357 4359
4358 4360
4358 4359
4359 4361
4360 4365
4360 4361
4361 4366
4363 4364
4364 4368
4364 4365
4365 4366
4366 4370
4367 4381
4367 4369
4368 4370
4368 4382
4369 4372
4369 4371
4370 4383
4371 4372
4371 4373
4372 4374
4373 4374
4373 4375
4374 4376
4375 4376
4375 4377
4376 4378
4377 4378
4377 4379
4378 4379
4379 4380
4380 4381
4381 4386
4382 4383
4384 4402
4385 4386
4386 4388
4386 4387
4387 4394
4387 4392
4388 4389
4388 4401
4388 4395
4389 4390
4389 4400
4390 4391
4390 4399
4391 4394
4391 4398
4392 4393
4393 4397
4393 4394
4395 4396
4395 4401
4396 4397
4396 4402
4397 4398
4398 4399
4399 4400
4400 4401
4402 4403
4403 5054
4403 4877
4404 4406
4404 4405
4405 4407
4408 4410
4408 4409
4409 4858
4410 4990
4412 4413
4413 4428
4414 4418
4415 4416
4415 4618
4415 4617
4416 4424
4416 4419
4417 4420
4418 4420
4418 4494
4419 4422
4420 4421
4421 4422
4422 4490
4423 4424
4424 4425
4427 4619
4427 4428
4427 4618
4428 4618
4429 4430
4433 5171
4433 5172
4434 5171
4435 4437
4435 4436
4436 4438
4437 4443
4437 4438
4438 4439
4441 4442
4443 4444
4447 4448
4448 4450
4450 4873
4450 4453
4451 4452
4452 4453
4455 4534
4456 4457
4457 4458
4457 4659
4458 4460
4459 4460
4461 4462
4461 4463
4462 4464
4463 4464
4469 4881
4469 4470
4470 4881
4471 4472
4474 4846
4474 4475
4475 4478
4475 4479
4476 4477
4477 4478
4477 4479
4478 4479
4481 4638
4482 4483
4483 4486
4484 4487
4485 4657
4485 4633
4485 4638
4490 4491
4491 4492
4492 4985
4493 4985
4493 4495
4494 4497
4495 4496
4497 4498
4498 4499
4500 4501
4501 4504
4505 4547
4506 4536
4508 5179
4510 4534
4510 4536
4510 4546
4512 4513
4516 4529
4516 4528
4517 4518
4518 4519
4520 4521
4521 4522
4522 4525
4523 4528
4524 4525
4525 4526
4526 4527
4527 4528
4529 5022
4530 5172
4531 5172
4531 5171
4532 4533
4532 5022
4534 4536
4535 4536
4538 4539
4544 4545
4548 4551
4548 4549
4548 4552
4549 5209
4549 5206
4550 4551
4550 5208
4550 5209
4551 5207
4552 5207
4555 4556
4556 4557
4558 4559
4560 4562
4560 4561
4560 4563
4561 4564
4561 4565
4562 4564
4564 4565
4565 4566
4567 4567
4568 4703
4569 4570
4569 4571
4570 4574
4571 4573
4572 4574
4572 4575
4573 4575
4573 4574
4575 4664
4576 4577
4577 4578
4578 4579
4580 4581
4581 4583
4582 4583
4583 4585
4584 4585
4586 5175
4587 5173
4587 4591
4587 4590
4588 5173
4589 5173
4592 4607
4593 4594
4594 4609
4595 4607
4595 4601
4595 4603
4595 4596
4596 4611
4596 4604
4596 4606
4597 4613
4598 4599
4599 4600
4599 4601
4599 4602
4601 4610
4601 4611
4603 4608
4603 4609
4603 4610
4604 4605
4604 4613
4604 4612
4605 4614
4605 4606
4606 4607
4607 4608
4611 4612
4612 4613
4613 4614
4614 4615
4615 4617
4615 4616
4620 4621
4621 4622
4625 4634
4625 4632
4625 4636
4626 4632
4626 4627
4627 4628
4628 4629
4629 4630
4630 4631
4632 4635
4635 4649
4637 4652
4638 4651
4639 4648
4640 4641
4641 4642
4642 4643
4643 4644
4644 4645
4645 4646
4646 4647
4647 4648
4648 4649
4650 4651
4651 4654
4651 4657
4653 4654
4653 4655
4654 4655
4655 4656
4659 4660
4661 4662
4662 4663
4664 4670
4664 4665
4665 4666
4665 4668
4665 4667
4666 4667
4668 4669
4668 4670
4670 5012
4671 4675
4671 4672
4671 4673
4672 4676
4672 4674
4673 4674
4673 4675
4675 4676
4676 4677
4677 5012
4677 4678
4678 5012
4679 4684
4680 4682
4680 4687
4681 4682
4682 4683
4683 4684
4683 4686
4683 4685
4684 4686
4685 4688
4685 4686
4687 4688
4689 4690
4690 4691
4691 4693
4691 4692
4695 4696
4699 4702
4699 4703
4699 4700
4700 4989
4700 4701
4701 4702
4702 4703
4704 4705
4705 4706
4706 4707
4708 4912
4713 4713
4714 4717
4714 5178
4715 4716
4716 4717
4718 4748
4718 4747
4718 4767
4718 4763
4719 4724
4719 4727
4720 4774
4720 4722
4720 4721
4722 4777
4722 4723
4724 5190
4724 4725
4725 4726
4725 4728
4725 4727
4729 4732
4729 4734
4729 4733
4730 4733
4730 4732
4731 4733
4732 4773
4735 4779
4735 4736
4736 4738
4737 4782
4737 4779
4737 4738
4738 4741
4739 4785
4739 4782
4739 4740
4740 4743
4740 4741
4742 4786
4742 4785
4742 4743
4744 4786
4744 4772
4745 4746
4746 4773
4747 4759
4748 4750
4748 4751
4749 4750
4750 4764
4751 4763
4751 4756
4752 4753
4754 4768
4755 4757
4756 4764
4756 4757
4757 4768
4757 4758
4758 4769
4759 4762
4760 4761
4761 4762
4761 4766
4762 4763
4763 4768
4764 4765
4766 4769
4768 4769
4772 4773
4775 4776
4778 4779
4778 4781
4780 4781
4781 4782
4781 4784
4783 4784
4784 4785
4784 4787
4786 4787
4788 4791
4788 4790
4789 4790
4789 4791
4792 4793
4794 4795
4794 4796
4796 4945
4797 4817
4797 4814
4798 4804
4799 4800
4799 4814
4799 4806
4800 4801
4800 4805
4800 4806
4801 4802
4801 4807
4801 4808
4802 4803
4802 4809
4802 4810
4803 4804
4803 4812
4803 4811
4804 4816
4804 4812
4805 4814
4805 4808
4806 4807
4807 4809
4808 4810
4809 4812
4810 4811
4811 4815
4813 4816
4815 4816
4815 4817
4818 4818
4818 4819
4820 4821
4823 4825
4823 4824
4824 4825
4826 4832
4826 4827
4827 4828
4828 4829
4829 4830
4830 4831
4831 4832
4833 4834
4834 4905
4834 4894
4834 4904
4835 4839
4835 4836
4835 4840
4836 4837
4836 4838
4837 4838
4837 4839
4839 4841
4841 4842
4843 4844
4845 4846
4847 4848
4849 4850
4851 4855
4852 4853
4852 4854
4852 4855
4853 4855
4853 4854
4854 4856
4857 5095
4858 4859
4860 4861
4862 4863
4864 4865
4866 4867
4868 4869
4879 4880
4880 4880
4881 4882
4883 4885
4883 4884
4885 4886
4887 4888
4889 4890
4891 4899
4892 4893
4892 4897
4892 4901
4893 4896
4894 4895
4894 4896
4897 4902
4897 4900
4898 4900
4898 4899
4898 4901
4899 4905
4900 4901
4902 4904
4902 4906
4903 4904
4903 4905
4903 4908
4906 4907
4906 4908
4908 4909
4910 4911
4912 4913
4913 4916
4913 4915
4914 4916
4915 4916
4915 4917
4918 4919
4920 5178
4921 4926
4922 4924
4922 5178
4922 4923
4924 4928
4924 4929
4925 4926
4925 4928
4925 4927
4926 4929
4928 4929
4930 5025
4930 4931
4931 4933
4931 4932
4933 4971
4933 4934
4935 4936
4936 4936
4937 4941
4938 4939
4938 4943
4938 4940
4941 4942
4941 4943
4943 4944
4945 4950
4945 4946
4946 4948
4946 4947
4948 4949
4948 4951
4950 4951
4951 4952
4953 4954
4955 4967
4956 4960
4957 4959
4958 4959
4959 4960
4960 4961
4961 4963
4961 4962
4963 4965
4963 4964
4965 4967
4965 4966
4967 4968
4972 4973
4974 4975
4976 4977
4978 4979
4980 4981
4982 4983
4984 4985
4985 4986
4987 4988
4990 4991
4991 4992
4992 4993
4992 4994
4992 4995
4993 4996
4993 4995
4995 4997
4999 5000
5001 5002
5002 5005
5002 5004
5003 5005
5004 5006
5004 5005
5007 5011
5008 5009
5009 5010
5010 5011
5014 5015
5017 5153
5019 5020
5023 5024
5027 5028
5029 5200
5029 5030
5031 5041
5031 5033
5032 5033
5033 5034
5035 5041
5035 5054
5035 5039
5036 5037
5036 5040
5036 5051
5037 5038
5037 5042
5038 5039
5038 5041
5039 5053
5040 5053
5040 5052
5042 5043
5043 5044
5043 5045
5044 5046
5044 5048
5044 5045
5045 5047
5046 5047
5046 5048
5047 5049
5048 5051
5049 5050
5049 5052
5051 5052
5052 5053
5054 5055
5056 5057
5058 5059
5059 5067
5060 5061
5062 5064
5063 5064
5066 5067
5068 5069
5070 5072
5071 5072
5073 5074
5074 5075
5078 5128
5078 5082
5080 5081
5080 5127
5080 5085
5081 5124
5082 5083
5083 5124
5084 5093
5084 5087
5085 5129
5086 5092
5086 5093
5087 5088
5087 5091
5088 5089
5089 5090
5091 5092
5092 5093
5096 5127
5096 5128
5097 5194
5098 5099
5101 5102
5103 5104
5107 5108
5109 5110
5112 5113
5112 5114
5112 5115
5115 5117
5116 5117
5118 5119
5120 5121
5122 5123
5127 5129
5127 5128
5133 5134
5136 5137
5138 5139
5142 5143
5146 5147
5148 5149
5150 5155
5150 5154
5151 5153
5152 5156
5153 5162
5154 5166
5155 5156
5155 5167
5156 5157
5157 5163
5157 5160
5158 5160
5158 5161
5158 5159
5160 5165
5162 5166
5162 5164
5163 5167
5163 5165
5164 5168
5164 5165
5165 5169
5166 5168
5167 5169
5168 5169
5170 5177
5173 5175
5174 5175
5175 5176
5179 5181
5180 5182
5181 5182
5183 5186
5183 5185
5184 5185
5185 5186
5192 5193
5195 5196
5196 5199
5196 5198
5197 5198
5198 5199
5199 5200
5201 5202
5210 5211
5212 5213
5214 5215
