0 712
0 5
0 709
1 2
1 3
1 1327
2 792
2 709
3 904
3 903
4 903
4 5
5 711
6 10
6 11
6 1771
7 708
7 9
7 145
8 9
8 10
8 1389
9 145
10 1773
11 54
11 1108
12 15
12 1111
12 1751
13 1442
13 1111
13 1110
14 1110
14 1387
14 15
15 1734
16 17
16 2358
16 2392
17 18
17 1152
18 1269
18 1271
19 1112
19 1748
19 1269
20 24
20 25
20 1152
21 312
21 23
21 1313
22 23
22 24
22 151
23 927
24 2337
25 1141
25 1736
26 3817
26 27
26 1146
27 1145
27 28
28 1747
28 3823
29 1747
29 30
29 927
30 928
30 1746
31 3609
31 1085
31 34
32 1358
32 1084
32 33
33 1085
33 1364
34 1084
34 1360
35 39
35 1068
35 1788
36 1068
36 1067
36 1789
37 1066
37 58
37 38
38 1065
38 1143
39 40
39 57
40 1065
40 57
41 44
41 45
41 132
42 46
42 43
42 2356
43 47
43 935
44 935
44 76
45 132
45 1214
46 1214
46 936
47 51
47 1119
48 52
48 1215
48 931
49 50
49 51
49 157
50 931
51 157
52 1119
52 1215
53 1506
53 704
53 1946
53 1935
54 1771
55 1356
55 3716
55 56
56 57
56 1364
58 320
58 1066
59 3988
59 551
59 3536
59 1426
60 2388
60 552
60 1057
61 560
61 744
61 1058
61 3540
62 1848
62 3563
62 2056
63 2302
63 1792
63 66
64 72
64 1150
64 71
65 66
65 3979
65 67
66 2279
67 78
67 1792
68 70
68 74
68 1151
69 1194
69 1189
70 71
70 935
71 76
72 73
72 1150
73 75
73 1881
74 1151
74 75
75 1881
76 2313
77 3575
77 80
78 2289
78 3575
79 2291
79 2289
79 2288
80 2293
80 2292
81 1731
81 1729
81 1303
82 3225
82 776
82 3217
83 3924
83 215
83 3925
84 85
84 3146
84 3924
85 86
85 713
86 218
86 442
87 220
87 394
87 442
88 89
88 440
88 394
89 90
89 221
90 3215
90 472
90 473
91 477
91 3218
91 1255
91 1354
92 770
92 780
92 1777
92 766
93 3070
93 1676
93 1680
93 3064
94 3064
94 296
94 3065
95 2269
95 3080
95 2268
96 1724
96 2372
96 2393
96 2887
97 2266
97 295
97 2268
98 2805
98 3721
98 1368
98 3723
99 100
99 2808
99 1363
100 817
100 284
100 3712
101 102
101 277
101 2883
101 2884
102 929
102 103
103 523
103 760
103 3813
103 808
103 1061
104 3814
104 521
104 3813
105 1215
105 724
105 3675
105 2053
106 107
106 1556
106 3216
107 108
107 3221
108 787
108 785
109 3935
109 1902
109 785
109 1349
110 480
110 111
110 479
111 485
111 112
112 1849
112 483
113 406
113 1827
113 1856
113 397
114 884
114 412
114 388
115 417
115 413
115 2754
116 4164
116 3249
116 2303
116 1489
117 4036
117 535
117 528
117 3789
118 1035
118 122
118 1018
119 120
119 1021
119 1035
120 1020
120 1021
121 122
121 1019
121 1020
122 1018
123 3087
123 1418
123 508
123 532
124 1418
124 760
124 761
124 757
125 663
125 3512
125 1498
125 1495
126 1721
126 1149
126 1360
126 385
127 1357
127 1217
127 1358
128 1823
128 2322
128 2800
128 2314
129 901
129 333
129 327
130 901
130 282
130 281
131 1651
131 1650
131 2811
132 1158
133 2433
133 1158
133 2445
134 2417
134 1075
134 330
134 1077
135 1737
135 2370
135 3865
136 3921
136 228
136 230
137 233
137 3230
137 3913
137 138
138 1584
138 805
138 775
138 1713
139 800
139 799
139 801
140 794
140 793
140 268
141 793
141 798
141 792
142 2367
142 2366
142 2368
143 2399
143 2369
143 2370
144 1717
144 1253
144 781
145 3021
146 190
146 171
146 187
147 1324
147 150
147 1292
148 149
148 152
148 1322
149 1323
149 152
150 1292
150 1325
151 253
151 2337
152 297
153 2889
153 2878
153 244
154 310
154 2898
154 238
154 2896
155 2866
155 242
155 237
156 2387
156 1238
156 3537
157 1216
157 1177
158 1191
158 1238
158 1890
159 3450
159 3451
159 3454
160 565
160 570
160 2456
160 1086
161 578
161 580
161 1099
162 3464
162 3467
162 954
162 1017
163 957
163 618
163 3441
164 617
164 1147
164 618
165 654
165 660
165 649
166 3880
166 174
166 176
166 3052
167 178
167 3055
167 3052
167 168
168 172
168 169
169 202
169 1696
169 171
170 180
170 178
170 181
170 1696
171 186
171 193
172 182
172 186
173 3055
175 1321
175 3015
175 3012
176 1321
176 2179
177 2179
178 2923
178 1696
179 3885
180 2922
180 3020
181 2926
181 3022
182 185
182 2163
183 3888
183 2851
183 3051
184 186
184 188
184 3890
184 187
185 3886
185 3883
187 189
189 2852
189 2925
189 814
190 2928
190 191
191 814
191 2931
192 2959
192 2950
192 2957
193 2944
193 2933
193 194
194 197
194 202
195 196
195 3900
195 197
196 200
196 199
197 791
198 1394
198 3909
198 265
199 1394
199 201
200 202
200 201
201 3898
203 714
203 3149
203 204
203 3965
204 457
204 460
205 3872
205 454
205 1560
205 3966
206 1679
206 1680
206 3866
206 3871
207 3867
207 3872
207 3866
208 3965
208 3964
208 3871
209 3063
209 3065
209 210
209 234
210 236
210 211
211 723
211 212
211 296
211 722
212 721
212 723
212 722
213 3079
213 3078
213 3077
214 215
214 216
214 3078
215 3075
215 3076
216 432
216 714
217 3076
217 1616
217 3923
218 229
218 235
218 520
219 228
219 520
219 220
220 227
220 221
221 222
222 223
222 3223
223 3215
223 225
224 225
224 3230
224 768
224 3062
225 1417
226 1590
226 231
226 3223
227 228
227 231
228 229
229 230
229 234
230 1737
230 2919
231 1592
232 3041
232 1587
232 1588
233 272
233 263
233 3041
234 236
235 3923
235 1617
236 2370
237 238
237 2362
238 1278
238 2365
239 243
240 2891
240 2889
240 309
241 244
242 243
242 310
243 244
243 309
244 245
245 3855
245 939
246 1485
246 2871
246 1480
246 3856
247 3844
247 1277
247 3879
247 2894
248 2856
248 3877
248 1274
249 2906
249 2902
249 1464
250 1273
250 2852
250 1741
251 2027
251 1460
251 2899
252 1458
252 1727
252 1726
253 1726
253 2260
254 306
254 3852
254 3841
254 307
254 1318
255 3861
255 3860
255 258
256 261
256 939
256 3852
257 2865
257 3861
257 259
258 3859
258 305
258 260
259 3859
259 261
260 306
260 3858
260 305
261 3858
262 3913
262 788
262 790
263 271
263 3921
264 938
264 2955
264 788
265 3900
265 3905
266 267
266 3909
266 3905
267 269
267 803
268 803
268 794
269 1400
269 1407
270 3910
271 272
271 3910
271 810
272 2959
272 273
274 1735
274 2393
274 2426
275 3715
275 277
275 372
276 2883
276 277
276 376
278 1070
278 374
278 378
278 1069
279 280
279 1070
280 283
281 282
281 339
282 1744
283 818
283 348
284 818
284 380
285 338
285 3140
285 286
286 3710
286 287
287 3705
287 2787
288 1743
288 1744
288 3710
289 1061
289 3758
289 757
289 3759
290 807
290 3759
290 3761
291 3754
291 755
291 292
291 807
292 1059
292 3756
292 456
292 1567
293 1563
293 455
293 1560
294 719
294 1724
294 1654
295 3919
295 1652
296 1670
297 298
297 2261
298 299
298 300
299 1573
299 2027
300 301
301 2849
302 2849
302 1573
302 1727
303 1483
303 2856
303 2870
303 1593
304 3860
304 305
304 2321
304 308
306 3854
306 307
307 2320
308 2811
308 3846
309 310
311 3876
311 1604
311 2862
312 1736
312 1729
313 320
313 2780
313 3613
314 1075
314 315
314 2438
315 316
315 735
316 317
316 4178
316 2406
317 318
317 737
318 735
318 324
319 322
319 327
319 2794
320 2782
320 2784
321 2786
321 324
321 325
322 2407
322 323
323 325
323 326
324 326
325 326
327 334
328 331
328 4178
328 329
329 2407
329 334
330 335
330 331
331 332
332 334
332 333
333 900
335 335
336 3700
336 3703
336 2780
337 3719
337 3612
337 3700
338 1064
338 1366
339 348
339 340
340 1276
340 902
340 2810
341 900
341 899
341 902
342 350
342 3647
342 344
343 344
343 1069
343 353
344 351
345 3647
345 346
345 355
346 347
346 3646
347 350
347 899
348 817
348 352
349 1071
349 350
349 816
351 1071
352 816
354 3643
354 1435
354 1434
355 365
355 3661
355 360
355 364
356 3643
356 357
356 3661
357 358
357 1286
358 3960
358 3961
359 3960
360 361
360 362
361 1081
361 363
362 2417
362 363
363 1078
364 1286
364 2467
364 365
365 368
366 1423
366 1286
366 369
367 1369
367 1370
367 2832
368 2832
368 1117
369 1115
369 1754
370 1754
371 2847
371 3623
371 1114
372 373
372 3727
373 374
373 3724
374 3715
375 3715
375 377
375 3714
376 3714
376 379
377 378
377 3714
378 379
378 1072
379 380
380 381
382 2819
382 2421
382 2814
383 1686
383 3834
383 3830
384 385
384 1718
384 4023
385 1148
385 1720
386 392
386 465
386 443
386 3160
387 4166
387 832
387 465
387 897
388 407
388 4166
389 1853
389 390
389 483
390 403
390 405
390 482
391 896
391 2752
391 403
391 898
392 2701
392 4173
392 466
393 3143
393 394
393 436
393 440
395 1822
395 2701
395 396
395 1819
396 4032
396 480
397 401
397 405
397 398
398 399
398 404
399 1219
399 400
399 1250
400 411
400 414
401 402
401 404
401 410
402 409
402 405
402 403
404 411
405 406
406 1853
407 408
407 410
408 409
408 898
409 410
411 412
412 3962
413 414
413 3962
413 4165
413 2754
414 415
415 2754
415 2755
416 2755
417 2304
417 3248
417 2309
418 467
418 2396
418 419
419 468
419 3792
419 3788
420 3779
420 464
420 3058
420 450
421 3765
421 460
421 447
422 1259
422 1541
422 715
422 1544
423 3243
423 470
423 3187
424 3773
424 429
424 426
424 1487
425 460
425 446
425 1541
426 446
426 3768
426 427
427 428
427 501
428 430
428 1620
428 1618
429 831
429 3166
429 3171
430 434
430 431
430 501
431 1545
431 3926
431 1546
432 3925
432 1545
433 1257
433 1348
433 3146
433 1452
434 443
434 1254
434 1257
435 1256
435 3928
435 1254
436 437
436 3928
436 4173
437 3932
437 440
438 3993
438 3211
438 439
438 3932
439 472
439 440
441 3144
441 3145
441 1256
442 520
442 1444
442 1445
443 1618
444 1621
444 3161
444 3166
445 450
445 446
445 3765
447 453
447 3763
448 451
448 3056
448 449
448 502
449 3769
449 3767
449 463
450 463
450 3773
451 3873
451 755
451 2633
452 3057
452 515
452 755
452 3056
453 2633
453 459
453 461
454 461
454 455
455 456
456 3873
457 3966
457 458
458 461
458 459
459 460
460 1544
462 506
462 3775
462 463
462 464
464 505
465 3172
465 3240
466 3240
466 896
467 3584
467 468
468 470
469 3584
469 1421
469 3795
470 3244
471 1422
471 2296
471 3249
471 2294
472 1248
473 1261
473 475
473 3215
474 2030
474 3930
474 1549
474 815
475 3218
475 1255
476 478
476 1775
476 2030
477 770
477 1775
477 941
478 2029
478 1777
479 486
479 1821
480 484
481 3945
481 1816
481 486
482 484
482 4032
482 2735
483 485
483 1849
484 485
486 1343
487 1344
487 1343
487 3950
487 1341
488 3204
488 489
488 1345
488 1905
489 490
489 3205
489 498
490 497
490 494
490 499
491 494
491 495
491 493
492 3214
492 1857
492 3956
493 3214
493 3206
494 1854
495 3955
495 496
496 497
496 1824
498 1251
498 499
499 3408
499 500
501 1259
502 503
502 2633
504 3794
504 2395
504 2396
505 513
505 3780
506 3057
506 3769
506 3770
507 3776
507 510
507 513
508 509
508 518
509 2645
509 510
510 511
510 512
511 3770
511 3771
512 515
512 1555
513 519
514 1555
514 1641
514 1639
515 516
516 1628
516 755
517 518
518 519
519 2759
521 3808
521 3806
522 523
522 827
522 546
522 826
523 760
524 543
524 821
524 546
525 4171
525 1041
525 3447
525 540
526 3446
526 539
526 1027
527 538
527 3446
527 4169
528 529
528 1895
528 1896
529 530
529 3595
530 3593
530 537
530 531
531 533
531 3088
532 3088
532 533
533 538
533 4169
534 535
534 3095
534 3107
535 3596
535 3789
536 4163
536 1019
536 537
536 3116
537 4169
538 3084
539 542
539 3592
540 2709
540 2706
541 1433
541 2632
541 2706
541 2650
542 2709
542 2704
543 2630
543 2632
543 2658
544 2630
544 3591
544 3587
545 3589
545 3587
545 3588
546 828
547 2469
547 1047
547 1428
548 3631
548 3630
548 2650
549 3630
549 1428
549 3625
550 3625
550 3555
550 3557
551 2388
551 3623
552 560
552 2383
553 1540
553 1382
553 2374
553 1381
554 557
554 555
554 2476
555 3598
555 3086
556 3569
556 3570
556 558
557 3641
557 3569
558 559
558 1049
559 2391
559 561
559 1051
560 2391
561 1054
561 3565
562 2469
562 1054
562 1766
562 1432
563 2491
563 1099
563 2484
564 565
564 3418
564 569
565 566
566 570
566 569
567 568
567 1002
567 2484
568 568
569 3420
570 3421
570 1088
571 943
571 605
572 587
572 605
572 573
573 1098
573 574
574 3425
574 599
575 1101
575 576
575 1107
576 579
576 616
577 1100
577 3412
577 578
578 1016
578 2490
579 581
579 3413
580 2494
580 2456
580 3423
581 1101
581 3423
582 932
582 585
582 2462
582 1106
583 1090
583 2460
583 1091
584 1088
584 1087
584 1090
585 3151
585 595
586 590
586 592
586 1098
587 588
588 3155
589 597
590 3155
590 1095
591 1095
591 592
591 596
592 593
593 595
593 594
595 932
595 596
596 597
596 1096
597 932
597 1093
598 1093
598 2460
598 2462
599 2496
599 1107
600 601
600 3415
600 2496
600 1102
601 1103
601 603
601 602
602 612
602 606
602 609
603 604
603 3415
604 605
604 606
606 607
607 944
607 608
608 1104
608 1105
609 610
609 1104
611 613
611 612
611 1169
612 615
613 616
613 615
614 615
617 1986
617 619
618 1986
619 1983
619 1980
620 1974
620 1968
620 621
621 1976
621 3434
622 3467
622 3434
622 3439
622 3433
623 1983
623 624
623 1984
624 1979
624 625
625 1984
625 1973
626 1966
626 1969
626 627
627 1965
627 952
628 1973
628 1970
628 1977
629 1974
629 1978
629 1980
630 965
630 639
630 3967
631 968
631 635
631 2577
632 2533
632 2541
632 2530
633 2589
633 2563
633 2587
633 634
634 2571
634 975
634 2497
635 2554
635 2562
635 2580
636 955
636 2545
636 3435
636 1835
637 651
637 647
637 646
638 2582
638 2580
638 2585
639 933
639 646
640 933
640 642
640 641
641 2601
641 644
641 1842
642 643
642 934
643 645
643 969
643 2606
644 965
644 933
645 651
645 934
646 934
647 652
647 1763
648 974
648 655
648 650
649 653
649 1763
650 653
650 969
651 652
652 969
652 653
653 654
654 661
654 655
655 662
656 3476
656 974
656 657
656 2515
657 973
657 3480
658 974
658 973
658 659
659 662
659 971
659 970
660 1947
660 678
660 970
661 662
661 970
663 2594
663 983
663 3999
664 1916
664 1914
664 1500
665 1919
665 672
665 666
665 671
666 667
666 677
667 3502
667 676
668 675
668 3504
668 1934
668 1945
669 670
669 3507
669 1043
670 1044
670 3508
671 1506
671 694
671 3515
672 681
672 3496
672 1844
673 1932
673 1933
673 1937
673 3504
674 675
674 1929
674 1927
675 3502
676 1927
676 1924
677 1924
677 1844
678 3272
678 3500
679 3500
680 2591
680 987
680 2500
681 682
681 2595
682 3491
682 3494
683 2357
683 2498
683 2500
684 2510
684 701
684 686
684 1494
685 2080
685 4059
685 2078
686 1499
686 991
687 699
687 2598
687 697
688 689
688 695
688 702
689 693
689 690
689 703
690 993
690 996
691 993
691 2614
691 2611
692 2614
692 2110
692 2616
694 703
694 695
695 696
695 3528
697 3527
697 3528
698 3527
698 702
698 700
699 1499
699 700
700 701
701 4058
702 992
703 1506
703 996
704 995
704 707
704 2612
705 707
705 706
705 2617
706 1171
706 3516
707 1083
708 1108
708 1109
709 796
710 711
710 906
710 907
711 712
712 1410
712 1411
713 1452
713 3141
714 3148
715 1544
715 1260
716 2266
716 717
716 718
717 2267
717 718
718 2371
719 2267
719 2269
720 2368
720 721
720 2399
721 2368
722 2399
723 3919
724 726
724 3693
725 726
725 727
725 3686
726 727
727 1786
728 3692
728 2402
728 2048
729 2402
730 3686
730 2039
730 2041
731 2983
731 732
731 1457
732 2353
732 2975
733 1787
734 2450
734 1797
734 2448
735 736
736 2406
738 1562
738 1566
738 1059
739 1177
739 1191
739 740
740 1195
741 1540
741 1371
741 2843
741 1372
742 1120
742 1116
742 1140
742 746
743 744
744 2386
744 745
745 1123
745 746
746 1765
747 1243
747 3642
747 3660
748 1243
748 754
748 749
749 1239
749 750
750 753
750 752
751 3648
751 3658
751 1234
752 2054
752 1535
753 3656
753 1538
756 1628
756 1555
756 759
757 1624
758 3761
758 1622
758 759
759 1635
759 1625
761 3133
761 2671
762 1351
762 1543
762 765
762 768
763 764
763 798
763 799
764 2022
764 2023
765 3236
765 769
765 772
766 771
766 774
766 3934
767 3934
767 2024
768 769
769 1716
770 940
771 772
771 940
772 773
773 783
773 775
773 805
774 783
774 2022
775 805
775 3228
776 1326
776 1327
777 1556
777 3225
777 1330
778 1328
778 779
778 912
779 912
779 904
780 781
780 3986
780 784
781 784
781 3985
782 3934
782 3219
782 3220
783 3034
784 786
785 786
785 787
786 1776
787 1902
788 937
789 937
790 1584
790 791
791 1579
792 796
792 3916
793 795
794 801
795 796
795 797
796 1411
797 803
797 3031
798 3033
799 3034
800 3034
800 805
801 802
802 3915
802 805
803 3030
804 1579
804 3030
804 1582
806 2965
806 2919
806 1615
806 2966
807 1062
808 1878
808 1062
809 812
809 810
809 1606
810 811
812 813
812 1600
813 1595
813 814
815 1547
815 3993
817 818
819 3799
819 825
819 824
820 2646
820 823
820 822
821 822
821 828
822 823
823 824
824 825
825 826
826 827
827 828
829 1487
829 1507
829 1488
830 831
830 836
830 1507
831 852
831 838
832 874
832 875
833 885
833 3192
833 4165
834 3186
834 3194
834 863
834 4164
835 843
835 839
835 836
836 837
837 3178
837 3179
838 3178
838 866
839 840
839 3179
840 841
840 842
841 3180
841 849
841 866
842 3180
842 844
843 844
843 845
844 846
845 3186
845 846
846 847
846 863
847 848
847 3185
848 849
848 3180
849 850
850 851
850 867
851 3184
851 3182
851 3185
852 854
852 853
853 854
853 857
854 875
855 856
855 868
855 867
856 857
856 890
857 878
858 861
858 3246
858 859
859 3190
859 3193
860 861
860 3190
860 3189
861 887
862 4019
862 887
862 3189
862 886
863 3188
864 3188
864 865
864 3185
865 3190
865 895
866 867
868 3182
868 3181
869 3183
869 889
869 3182
870 888
870 894
870 3183
871 872
871 876
871 873
872 874
872 883
873 874
873 875
876 877
876 882
877 880
877 878
878 879
879 893
879 880
879 890
880 881
881 882
881 891
882 883
882 891
883 884
884 4166
884 4165
885 887
885 3192
886 3191
886 4020
888 889
888 4019
888 892
889 893
889 3181
890 3181
891 3191
892 893
892 4020
894 3189
894 895
895 3184
896 897
897 898
899 1276
900 3646
901 902
904 905
905 911
905 906
906 909
907 926
907 1399
908 909
908 1783
908 926
909 1785
910 911
910 1329
910 1785
911 912
913 1717
913 914
914 1252
914 1717
915 916
915 3199
915 917
916 3408
916 917
917 918
918 1251
918 919
919 920
919 921
920 3195
920 922
920 1223
921 3198
921 3197
922 923
923 924
924 1246
925 1782
925 1246
925 1901
926 1901
927 3819
928 1309
928 3816
930 3432
930 2280
930 2282
933 934
936 1789
936 1882
937 3907
938 2958
938 3907
939 1296
940 941
941 1543
942 3967
942 964
942 1147
943 1169
943 944
944 1105
945 1745
945 1796
945 3816
945 3815
946 947
946 2523
946 976
947 2551
947 3482
948 1042
948 2524
948 3482
949 3456
949 2524
949 1831
950 3456
950 1896
950 951
951 952
951 1829
952 954
953 1964
954 1964
955 3456
955 3462
956 2537
956 2540
956 2529
957 958
957 2581
958 959
958 1841
959 3472
959 967
959 3470
960 3474
960 1420
960 961
961 962
961 967
962 963
962 1843
963 964
963 966
964 965
964 1842
966 1841
966 1843
967 1843
968 2511
968 2586
971 1920
971 972
973 3492
975 2499
975 2498
976 977
976 982
977 978
977 982
978 979
978 980
981 982
983 986
983 987
984 986
984 990
984 989
985 988
986 988
987 988
993 3531
994 3531
995 3532
995 996
997 3525
997 2014
997 2623
998 2071
998 2087
998 1000
998 999
999 2083
999 2074
1000 2111
1000 2085
1001 2016
1001 2095
1002 1005
1002 1006
1003 1006
1003 3449
1003 1004
1006 3131
1006 1010
1007 1008
1007 1014
1007 1015
1008 3443
1008 1013
1008 1015
1009 3443
1009 1010
1009 1011
1012 3451
1012 3429
1012 2276
1013 2276
1013 1014
1014 1015
1016 1245
1016 1025
1017 1025
1017 1897
1018 4129
1019 1020
1021 4130
1022 4130
1022 1244
1022 1023
1023 1024
1023 1025
1023 1245
1024 1025
1024 1897
1024 1244
1026 4171
1027 4170
1027 3447
1028 3112
1029 4163
1029 1030
1029 1031
1031 1032
1031 1034
1032 3102
1032 1712
1032 4172
1033 4172
1033 1041
1033 3124
1035 4131
1036 2887
1036 1037
1036 1870
1036 3867
1037 1669
1037 1675
1038 1040
1039 1040
1040 1041
1041 1707
1045 2743
1046 1047
1047 3988
1048 3570
1049 3567
1049 1050
1052 1053
1053 1054
1053 1055
1054 3566
1056 2843
1056 2842
1056 2831
1059 3867
1059 3756
1060 3755
1060 1062
1060 1878
1061 1062
1063 1064
1064 3721
1065 1364
1066 1067
1067 1214
1068 1788
1069 1070
1073 2448
1073 4052
1073 4051
1074 1077
1074 1076
1074 1075
1076 1080
1076 1803
1077 1079
1078 1079
1078 1081
1079 1080
1080 1081
1082 4167
1082 2191
1082 4051
1084 1361
1085 3606
1086 1087
1086 1091
1087 1091
1087 1090
1088 1089
1092 1093
1094 1095
1097 3156
1098 3156
1099 2493
1101 2463
1104 1105
1106 2463
1106 3428
1107 3428
1108 2991
1109 1110
1109 3012
1111 1112
1112 2392
1113 1379
1113 1115
1113 2847
1114 1380
1114 1379
1115 1369
1116 1373
1116 1383
1117 2826
1117 2836
1118 2842
1118 2846
1118 2840
1119 1213
1120 1121
1120 1124
1121 1122
1121 1125
1122 1123
1122 1130
1123 1130
1124 1125
1124 1243
1125 1126
1126 1134
1126 1127
1127 1128
1127 1132
1128 1131
1128 1129
1129 1131
1129 1130
1131 1884
1132 1884
1132 1134
1133 1134
1133 1883
1133 1884
1134 1242
1134 1135
1134 1883
1135 3665
1135 1241
1136 3665
1136 3663
1136 3664
1137 2824
1137 1806
1137 2821
1138 2054
1138 1139
1138 1140
1139 4078
1139 1140
1139 1537
1141 1247
1141 2262
1142 3613
1142 1143
1142 1144
1142 3602
1143 1144
1144 3606
1145 1718
1145 3823
1146 1148
1146 3818
1147 1420
1147 1991
1148 2234
1148 1149
1149 2238
1149 1359
1150 4027
1151 1212
1152 3045
1153 2455
1153 1155
1153 2442
1154 3449
1154 3450
1154 2441
1155 2455
1155 2444
1156 1511
1156 1508
1156 1510
1157 1511
1158 1509
1159 2107
1159 1161
1159 1164
1160 2101
1160 1161
1160 2103
1161 2106
1162 1232
1163 2099
1163 2101
1164 2108
1165 1168
1165 2099
1166 1167
1166 1264
1167 1168
1170 1952
1170 1951
1171 3535
1171 1172
1172 1952
1172 1938
1173 2464
1173 2465
1173 1181
1174 1210
1174 1201
1174 1192
1175 1196
1175 1198
1175 1206
1176 1209
1176 1199
1176 1204
1177 4033
1178 1179
1178 1208
1178 1206
1179 1193
1179 1180
1180 1190
1180 1206
1180 1198
1181 2062
1181 1203
1182 1188
1183 4082
1184 3573
1185 4107
1185 4103
1185 1207
1186 1199
1187 3573
1187 2061
1188 1209
1188 1199
1189 1202
1190 1193
1190 1210
1190 1201
1191 1195
1192 3974
1192 2480
1193 1204
1194 2272
1194 1794
1196 1208
1197 4126
1197 4120
1197 4118
1197 4127
1198 1210
1200 1212
1200 2272
1200 1793
1201 1204
1201 1209
1202 2061
1202 1880
1203 2464
1203 3979
1205 1208
1207 4056
1211 2062
1211 2068
1211 2066
1212 1880
1213 2356
1213 2354
1218 1338
1218 1345
1218 1335
1219 1250
1219 3258
1220 2323
1220 3265
1220 1695
1220 2324
1221 1250
1221 1827
1221 1228
1222 1223
1222 1251
1222 1225
1223 1224
1224 1782
1225 1251
1225 1227
1226 1909
1226 1229
1227 3205
1227 1851
1228 1542
1228 1229
1229 1230
1230 1857
1230 1851
1231 2108
1232 1262
1232 1907
1232 1266
1233 1457
1233 4167
1233 2351
1235 1236
1235 1242
1235 1241
1236 1241
1236 1237
1237 1384
1237 1535
1238 1894
1240 3656
1240 3660
1240 3659
1242 1883
1244 1897
1245 4163
1247 1271
1247 1272
1248 1645
1248 1261
1249 1312
1249 1307
1252 3199
1253 3195
1253 3196
1254 1258
1255 1261
1255 1645
1256 1258
1257 1258
1259 1541
1259 1260
1260 1544
1260 3149
1262 1265
1263 1265
1263 1825
1263 1824
1264 1266
1265 1825
1267 1268
1268 2124
1268 1269
1270 1271
1270 1272
1272 1312
1273 2900
1273 2905
1274 3876
1274 1597
1274 1277
1275 1276
1277 3878
1277 3849
1278 1280
1278 3850
1279 1282
1279 3850
1279 1280
1280 1281
1281 1285
1281 1284
1282 1283
1282 3851
1283 3849
1283 1739
1284 3851
1284 3865
1285 2367
1285 2365
1286 1754
1287 1288
1287 2265
1287 1324
1288 1290
1288 1289
1289 1291
1289 1294
1290 1293
1290 1295
1291 1294
1291 1293
1292 1463
1293 1297
1293 1295
1294 1296
1295 1299
1296 1297
1297 1298
1298 1299
1298 1301
1299 1301
1300 1480
1300 1476
1300 1301
1302 1795
1302 2184
1303 1305
1304 3818
1304 3815
1305 1307
1305 1308
1305 1697
1306 1796
1306 2211
1306 1309
1307 1310
1308 1699
1308 1697
1308 1310
1309 1313
1310 1311
1311 1314
1311 1700
1312 1314
1313 2216
1314 1315
1315 1700
1315 2262
1316 1686
1316 3823
1316 3822
1317 3824
1317 3827
1317 3825
1318 2265
1318 3838
1318 3839
1319 1321
1320 4176
1320 3838
1320 2265
1322 1324
1322 4176
1323 1325
1323 2027
1325 1459
1326 3916
1326 1327
1328 1330
1328 1331
1329 1557
1329 1331
1330 1332
1331 1333
1332 3224
1332 1333
1333 1557
1334 3224
1334 1557
1334 1335
1335 1784
1336 1337
1336 1550
1336 1902
1337 1338
1337 1550
1338 1904
1339 1343
1340 1341
1341 3946
1342 1344
1342 3948
1342 3946
1344 3203
1345 1826
1346 3071
1346 3070
1346 3074
1347 3077
1347 3071
1347 3074
1348 1456
1348 1454
1349 1779
1349 1350
1350 1903
1350 3935
1351 1353
1351 1352
1352 1354
1352 3218
1353 1354
1353 1543
1355 1725
1355 1355
1356 1358
1357 2238
1357 2195
1359 1361
1360 3731
1362 3747
1362 1823
1362 2314
1363 3747
1363 3723
1365 3742
1365 3739
1365 1366
1366 2319
1367 1368
1368 1823
1369 1374
1369 1754
1370 1375
1370 1371
1371 1376
1372 1377
1372 1373
1373 1378
1374 1379
1374 1375
1375 1380
1375 1376
1376 1381
1376 1540
1377 1382
1377 1540
1377 1378
1378 1383
1379 2847
1380 2373
1381 2373
1382 1383
1384 1515
1384 1516
1384 1517
1385 1732
1386 4077
1386 4073
1387 2178
1387 2172
1388 3035
1388 1390
1388 3037
1389 1390
1389 1393
1390 1391
1391 1392
1391 3037
1392 3038
1392 1393
1393 1398
1394 1395
1395 3897
1395 3902
1396 3037
1396 1401
1396 3023
1397 1398
1397 3038
1397 3025
1398 1399
1398 1404
1399 1900
1399 1773
1400 1401
1400 3902
1401 3026
1402 1403
1402 3026
1402 1405
1403 3025
1403 1404
1404 1410
1405 1412
1405 1410
1406 1409
1406 1412
1407 1408
1407 3031
1408 1409
1408 3032
1409 1413
1409 1415
1411 3032
1412 1413
1413 1414
1414 1415
1416 3062
1416 3061
1416 3069
1417 3223
1417 3069
1418 3133
1419 1420
1421 3249
1421 1422
1422 2521
1423 2847
1423 1425
1423 1755
1424 1762
1424 1426
1424 1759
1425 1427
1425 1762
1426 3669
1427 3560
1427 3536
1428 1429
1429 1770
1429 1767
1430 1433
1431 1770
1431 3639
1431 1769
1432 3641
1432 3639
1433 3598
1434 1435
1434 3727
1435 3668
1436 1437
1437 1441
1437 1439
1438 3668
1438 1439
1438 3670
1439 1440
1442 3880
1442 1443
1443 1443
1444 3141
1444 1446
1445 1448
1445 1449
1446 1448
1446 1447
1447 3141
1447 1451
1448 1450
1449 1450
1449 3144
1450 1453
1451 1452
1451 1454
1453 3145
1453 1455
1454 1455
1455 1456
1456 3145
1456 3158
1457 1882
1458 3047
1458 3045
1459 1462
1459 2899
1460 1742
1460 1461
1461 1462
1461 2899
1462 1465
1462 1463
1463 1467
1464 1742
1464 1466
1465 1470
1465 1469
1465 1466
1466 1470
1467 1476
1467 1468
1468 1475
1468 1469
1469 1472
1469 1471
1470 1473
1470 1474
1471 1472
1471 1475
1472 1473
1473 1478
1474 2903
1474 1481
1475 1477
1475 1478
1476 1477
1477 1479
1478 1482
1479 1484
1479 1480
1481 1483
1481 1482
1482 1486
1482 1484
1483 2906
1484 1485
1485 2869
1486 2870
1486 2869
1487 1507
1488 1507
1488 3243
1489 2309
1489 1490
1491 2296
1491 1493
1491 1492
1492 3250
1492 3256
1493 3512
1493 1494
1494 4162
1494 3250
1495 2509
1495 2593
1496 2510
1496 2593
1496 2509
1497 2596
1497 2594
1497 1498
1498 2599
1498 1500
1499 2599
1500 1501
1501 2598
1501 3515
1502 1992
1502 1996
1502 3526
1503 2621
1504 1958
1504 1962
1504 1505
1508 1509
1508 1510
1509 1510
1511 1512
1513 1514
1514 4071
1514 1515
1515 2447
1518 1522
1519 1523
1520 1522
1521 1525
1522 1523
1523 1526
1524 1525
1525 1526
1526 1529
1527 1529
1528 1536
1528 1530
1528 1534
1529 1532
1530 1533
1530 4072
1531 1532
1532 1534
1533 4072
1534 1536
1535 1538
1536 1537
1537 2054
1538 3648
1539 3872
1539 1558
1539 1559
1542 1908
1542 2394
1545 1546
1546 3150
1547 3209
1547 1549
1548 1551
1548 3209
1548 3200
1549 1816
1550 1904
1550 1552
1551 1554
1551 3210
1552 1905
1552 1903
1553 3211
1553 1819
1553 1554
1554 3201
1556 3224
1556 3226
1558 1561
1558 1560
1559 1561
1559 1562
1561 1564
1561 1563
1562 1564
1563 1565
1564 1566
1564 1565
1565 1567
1566 1567
1568 3049
1568 1572
1568 3881
1569 1577
1569 1570
1569 1571
1570 1578
1570 1572
1571 1576
1571 1574
1572 1578
1573 1574
1574 1575
1575 1576
1576 1577
1577 1578
1579 1580
1580 1581
1580 1585
1581 1586
1581 1583
1582 1583
1582 3915
1583 1586
1584 1585
1585 1586
1587 1589
1587 1588
1588 1590
1589 1592
1589 1591
1590 1591
1591 1592
1593 1597
1593 2917
1594 1595
1594 2939
1595 1600
1596 1599
1597 1598
1597 2918
1598 1599
1598 1601
1599 1601
1599 2939
1600 1603
1600 2939
1601 1604
1602 2939
1602 2951
1602 1603
1603 1606
1604 2859
1604 1605
1605 2860
1605 2951
1606 2951
1606 2956
1607 1608
1607 2861
1607 2859
1608 1609
1608 2864
1609 1612
1609 1610
1610 2861
1610 2961
1611 2956
1611 2962
1611 2963
1612 1613
1612 1615
1613 1615
1613 2867
1614 2264
1614 2965
1614 2263
1616 1617
1618 1619
1619 1621
1619 1620
1620 1621
1622 1623
1622 1628
1622 3760
1624 1625
1624 1626
1625 1629
1626 2682
1626 1627
1627 1630
1627 1629
1629 2684
1630 1632
1630 1633
1631 1636
1631 2682
1631 2683
1632 2683
1632 1633
1633 2692
1634 2693
1634 2684
1634 1635
1635 1639
1636 3135
1636 1637
1637 1638
1637 2693
1638 1640
1638 1639
1640 1642
1640 1641
1641 1644
1642 1643
1642 2707
1643 1644
1643 2707
1644 2645
1645 3930
1646 2322
1646 1647
1646 2315
1647 2321
1647 1650
1648 3091
1648 3087
1648 3093
1649 3107
1649 3099
1649 3593
1650 1651
1651 2315
1652 1653
1652 1660
1653 1661
1653 1663
1654 1659
1654 1655
1655 1657
1655 1656
1656 1664
1656 1657
1657 1658
1658 1659
1658 1665
1659 1666
1660 1661
1660 1670
1661 1662
1662 1671
1662 1663
1663 3080
1663 1672
1664 1665
1664 1667
1665 1668
1665 1666
1666 1669
1667 1673
1667 1668
1667 3080
1668 1669
1668 1674
1670 1671
1671 1672
1672 1676
1673 1677
1673 1674
1674 1675
1674 1678
1675 1679
1676 3080
1676 1677
1677 1678
1677 1680
1678 1679
1681 3262
1681 3263
1681 1693
1682 3262
1682 1694
1682 1683
1683 2323
1683 3260
1684 2968
1684 2172
1685 3827
1685 3832
1685 1687
1686 1687
1687 3833
1688 1689
1688 1690
1689 1692
1690 1692
1690 1691
1691 1695
1691 1693
1692 1694
1692 4079
1693 1694
1695 2756
1695 2298
1696 2927
1697 1698
1698 1699
1698 1701
1699 1700
1699 1701
1701 2262
1702 1703
1702 1704
1702 1706
1703 1706
1703 3601
1704 1705
1705 2478
1705 2476
1706 3090
1707 1709
1707 1708
1708 1710
1708 1711
1709 1710
1710 1711
1711 1712
1712 3114
1713 1714
1713 1716
1714 3227
1714 3237
1715 3231
1715 3239
1715 1716
1718 1719
1719 3826
1719 4022
1720 1721
1720 2316
1721 3749
1722 1732
1722 1723
1723 2122
1723 1733
1724 3922
1724 2393
1725 2427
1725 3821
1726 1727
1728 1753
1728 2147
1728 2163
1729 1736
1730 2026
1731 2204
1731 2026
1732 1733
1733 4077
1734 4073
1735 2421
1735 2360
1737 1739
1738 1738
1738 1739
1740 1742
1741 1741
1743 2805
1743 3711
1744 3991
1744 2803
1745 3044
1746 3816
1746 3817
1747 3822
1748 1750
1748 2134
1749 2130
1749 1751
1749 1750
1750 1751
1752 1753
1753 2174
1755 1756
1755 1757
1756 3619
1756 3620
1757 3615
1757 1759
1758 1761
1758 3621
1758 3617
1759 3617
1760 1761
1760 3621
1760 3618
1761 1762
1764 2831
1764 2821
1764 2823
1766 2473
1766 2470
1767 1768
1767 1770
1768 2471
1768 2470
1771 1772
1772 1899
1772 1774
1773 1774
1774 1900
1775 1777
1778 1779
1778 2029
1778 1781
1779 1780
1780 1781
1780 1903
1781 2031
1783 1784
1783 1785
1784 1899
1786 2350
1786 2352
1787 2239
1787 4005
1788 2241
1788 2253
1789 4168
1790 1791
1790 2256
1790 2247
1791 2253
1791 2256
1792 2302
1793 1794
1795 3043
1796 2211
1797 2438
1797 2437
1798 1800
1798 3000
1798 1801
1799 3001
1799 1800
1799 1801
1800 1801
1802 3004
1802 3001
1803 1811
1803 1804
1803 3004
1803 3003
1804 1809
1804 1808
1805 1806
1805 1810
1805 1807
1806 4078
1807 1814
1807 2440
1808 1809
1808 3008
1809 1810
1810 1815
1811 3007
1811 1813
1812 1813
1812 3006
1812 3008
1813 3008
1814 1815
1816 1817
1817 3200
1817 1821
1818 1822
1819 1820
1821 1822
1823 2763
1825 1906
1826 1827
1826 3940
1828 2371
1829 3459
1829 3458
1830 3462
1830 3459
1830 3463
1832 1835
1833 1833
1833 1834
1834 1835
1834 3433
1836 2588
1836 2584
1836 2587
1836 2583
1837 1838
1837 2501
1837 2590
1838 2515
1838 2505
1839 2511
1839 1840
1840 2601
1841 1842
1844 1922
1845 1846
1846 1933
1846 3272
1847 4017
1848 3537
1848 4017
1849 3954
1850 1852
1850 3205
1850 1851
1852 1857
1852 1854
1853 1855
1854 3206
1855 1856
1858 3726
1858 2882
1858 2426
1859 1860
1859 1863
1859 1861
1860 1864
1860 2882
1861 1862
1861 1865
1862 1863
1862 1866
1863 1864
1863 1867
1864 1873
1864 2886
1865 1868
1865 1866
1866 1869
1866 1867
1867 1871
1868 1869
1868 1870
1869 1871
1870 1872
1871 1872
1872 1873
1873 1875
1874 1875
1875 1877
1875 2888
1876 2888
1877 1878
1877 2886
1879 1880
1882 4168
1883 1892
1885 1888
1886 1888
1887 1888
1888 1890
1889 1892
1889 3994
1889 1891
1890 1891
1890 1894
1891 1892
1891 1893
1892 1893
1893 1894
1895 4129
1895 1896
1898 1899
1900 1901
1904 1905
1906 1907
1906 2394
1907 2394
1908 1909
1908 1911
1909 1910
1911 4035
1912 4035
1913 1914
1914 2603
1915 1916
1916 1919
1917 1920
1918 1919
1920 1921
1921 3496
1921 1923
1923 1924
1923 3499
1925 1926
1925 2609
1925 2607
1926 1927
1926 1928
1928 1929
1928 1931
1929 1932
1930 2609
1930 1931
1930 2610
1931 1932
1931 1933
1934 1936
1934 1935
1935 1946
1936 1938
1936 1940
1937 1939
1938 1940
1939 1941
1940 1943
1941 1944
1942 1943
1943 1949
1944 1945
1945 3507
1946 3535
1947 1953
1947 1954
1948 1949
1949 1951
1950 1951
1953 1954
1955 1996
1955 1958
1955 1956
1956 1957
1956 1959
1958 1959
1959 1960
1961 1962
1962 2090
1963 2090
1963 1997
1964 3468
1965 1968
1965 1966
1966 1967
1967 1971
1967 1969
1968 1971
1969 1970
1970 1972
1971 1972
1972 1975
1973 1979
1974 1975
1975 1978
1977 1978
1977 1979
1978 1983
1980 1981
1982 1986
1983 1985
1984 1985
1985 2597
1987 1989
1988 1989
1989 1990
1990 1991
1992 3516
1992 1993
1994 1995
1995 1996
1997 1999
1997 1998
1999 2757
1999 2000
2001 2004
2001 2002
2002 2757
2002 2003
2003 2007
2003 2005
2004 2005
2005 2006
2007 2008
2008 2009
2009 2011
2010 2011
2010 2012
2011 3518
2012 2013
2013 3518
2013 3519
2014 2016
2014 2015
2016 2017
2017 2021
2017 2018
2018 2020
2018 3521
2019 2020
2022 2023
2023 2024
2025 3221
2028 2196
2028 2209
2028 2192
2029 3936
2030 3937
2031 3941
2031 3944
2032 3942
2033 2035
2034 2040
2034 2045
2035 2038
2035 2036
2037 2038
2038 2040
2039 3687
2039 2046
2040 2044
2040 2042
2041 2043
2041 2046
2043 2045
2043 2047
2044 2049
2045 2048
2046 2047
2047 2048
2050 2051
2050 2052
2051 2052
2052 2053
2053 3684
2055 2056
2056 4018
2057 4018
2057 2058
2057 2060
2058 2059
2062 2063
2063 2066
2063 2064
2064 2067
2064 2065
2065 2067
2066 2067
2068 2492
2068 2069
2070 3137
2070 3751
2070 2316
2071 2081
2071 2072
2072 2083
2072 2078
2073 2075
2074 2075
2074 2076
2075 2076
2076 2093
2077 4138
2077 4146
2077 4144
2078 2335
2079 2080
2080 2081
2081 2082
2083 2084
2085 2086
2085 2088
2089 2091
2090 2091
2091 2092
2093 4140
2093 4158
2094 2095
2095 2096
2097 2098
2097 4142
2097 4140
2099 2100
2101 2102
2103 2105
2104 2105
2108 2109
2110 2111
2112 2113
2113 2114
2113 2118
2114 2118
2114 2115
2115 2116
2115 2118
2116 2117
2116 4074
2117 2119
2117 2142
2118 2119
2118 2121
2119 2120
2122 2130
2122 2128
2123 2125
2125 2127
2125 2131
2126 2136
2126 2129
2126 2128
2127 2132
2127 2130
2128 2135
2129 2139
2129 2141
2131 2132
2131 2134
2132 2133
2132 2134
2134 2137
2135 2143
2135 2136
2136 2138
2138 2144
2138 2139
2139 2140
2140 2145
2140 2141
2141 2142
2142 2146
2147 2358
2147 2150
2148 2149
2148 2152
2148 2155
2149 2151
2149 2150
2150 2154
2151 2153
2151 2152
2152 2153
2153 2154
2154 2159
2155 2156
2155 2157
2156 2157
2156 2160
2157 2158
2158 2168
2158 2162
2159 2161
2159 2160
2160 2162
2161 2167
2161 2166
2162 2164
2162 2165
2163 2166
2164 2169
2164 2167
2165 2168
2165 2169
2166 2169
2166 2167
2168 2170
2168 2171
2172 2173
2173 2177
2173 2175
2175 2180
2175 2177
2176 2179
2177 2181
2178 2991
2178 2180
2180 2181
2181 2182
2183 2191
2184 3957
2185 3716
2185 2190
2186 2197
2186 2203
2187 2188
2188 2189
2188 2210
2188 3957
2192 2193
2192 2196
2193 2194
2193 2198
2194 2201
2194 2204
2196 2198
2196 2209
2197 2203
2198 2201
2198 2213
2199 2202
2200 2202
2201 2204
2201 2215
2202 2205
2202 2207
2203 2212
2206 2207
2207 2208
2207 2214
2209 2213
2210 4011
2210 2211
2212 2216
2212 2215
2213 2215
2214 2216
2214 4011
2217 2221
2217 2219
2217 2220
2218 2219
2219 2221
2220 2223
2220 2225
2221 2222
2222 2225
2222 2226
2223 2226
2223 2227
2224 2232
2225 2226
2226 2227
2227 2228
2228 2229
2228 2230
2229 4002
2230 4004
2230 3605
2231 2232
2232 2236
2233 2236
2234 3821
2234 2237
2235 4005
2236 2237
2237 2238
2239 2240
2239 2243
2240 2242
2241 3605
2241 4014
2242 2247
2243 2251
2243 2250
2244 2248
2244 2246
2244 2256
2245 4013
2245 2247
2245 4012
2246 2248
2246 2249
2247 2251
2248 2252
2249 2252
2249 2254
2250 2255
2250 2257
2251 2255
2252 2254
2253 2254
2255 2257
2257 2259
2258 2259
2259 4015
2260 2261
2263 2264
2266 2268
2267 2269
2270 4060
2270 2300
2270 2345
2271 2335
2271 2334
2272 2273
2273 2275
2273 2274
2274 2275
2276 2278
2277 2278
2278 2280
2279 3978
2279 2281
2280 2517
2282 2302
2282 2283
2283 2286
2283 2287
2284 2285
2284 2289
2285 2288
2286 2290
2286 2287
2287 2288
2290 2291
2290 2293
2291 2292
2292 2293
2294 2295
2294 3252
2295 2756
2295 2297
2296 2297
2297 3254
2297 3253
2298 3253
2298 3982
2299 3250
2299 2300
2299 3982
2300 2348
2300 2301
2301 2349
2301 2338
2303 2304
2303 2305
2304 3251
2305 3251
2305 2306
2306 2308
2306 3251
2307 2308
2308 2309
2310 2311
2310 2480
2310 3563
2311 2312
2311 3564
2312 3998
2312 2313
2313 3997
2314 2315
2316 2317
2317 3751
2317 2773
2318 3739
2318 3732
2318 2319
2319 2762
2320 2321
2320 3842
2321 2322
2322 2799
2323 2325
2324 2346
2324 2325
2325 2347
2326 2327
2326 2340
2326 2339
2327 2328
2327 2341
2328 2329
2328 2342
2329 2343
2329 2344
2330 2331
2330 2340
2330 2339
2331 2341
2331 2332
2332 2333
2332 2345
2332 2342
2333 2343
2333 2334
2334 2344
2336 2337
2338 2345
2338 2339
2339 2340
2340 2341
2341 2342
2342 2343
2343 2344
2346 2348
2346 2347
2347 2349
2348 2349
2350 2352
2350 2351
2351 2353
2352 2973
2352 3696
2353 3674
2353 2973
2354 2980
2354 3683
2354 3696
2355 2983
2355 3674
2355 2984
2355 2356
2357 3489
2357 2499
2358 2392
2359 2364
2359 2361
2359 2363
2360 3846
2360 2361
2361 2371
2362 2366
2362 2363
2363 2364
2364 2371
2365 2366
2367 2369
2369 2370
2373 2376
2374 2375
2374 2381
2375 2375
2376 2376
2377 2382
2378 2382
2379 2380
2380 2384
2380 2383
2381 2383
2381 2382
2385 2387
2386 2387
2386 2390
2388 2389
2391 3562
2394 3955
2395 4037
2395 2397
2396 2398
2397 2398
2400 2404
2401 2404
2401 2402
2401 2403
2404 2405
2405 3695
2405 3694
2407 4178
2408 2411
2408 2409
2408 2410
2409 2416
2409 2411
2410 2411
2410 2412
2411 2413
2412 2413
2412 2420
2413 2414
2414 2420
2414 2415
2415 2419
2415 2416
2416 2418
2417 2418
2418 2419
2419 2420
2421 2422
2422 2423
2422 2425
2424 2425
2425 2426
2427 2428
2429 3028
2429 2430
2430 3028
2431 2450
2432 2450
2433 4052
2433 2445
2434 2452
2434 2436
2434 2435
2434 2454
2435 4069
2435 2436
2436 2454
2437 3000
2437 2438
2437 2449
2439 2440
2439 2453
2439 3002
2440 3006
2441 2442
2441 2443
2442 2443
2443 2455
2445 2447
2446 2449
2446 2447
2446 4071
2448 2449
2448 3028
2449 2993
2451 2454
2453 2454
2453 2997
2456 2457
2457 2458
2457 2463
2458 2461
2458 2459
2459 2461
2459 2460
2461 2462
2464 2465
2465 2466
2466 4027
2466 4028
2468 2469
2470 2472
2471 2472
2471 3638
2472 2473
2472 2474
2473 2474
2474 3638
2475 2477
2475 3572
2476 2477
2478 2479
2478 3122
2478 3125
2480 2481
2482 2494
2483 2485
2484 2491
2485 2486
2485 2488
2487 2490
2488 2489
2488 2493
2490 2491
2492 2495
2493 2494
2496 2516
2497 3480
2497 2499
2497 2589
2498 2575
2499 3487
2500 2576
2501 2585
2501 2505
2502 2505
2502 2503
2502 2588
2504 2506
2506 3476
2506 2589
2507 2514
2508 2515
2509 2593
2510 2599
2511 2512
2512 2513
2513 2514
2514 2590
2517 3429
2517 2518
2519 3432
2519 3421
2519 2520
2521 2522
2521 2527
2522 2523
2522 2526
2523 2525
2524 2529
2527 2528
2527 2532
2529 2531
2530 2535
2531 2533
2531 2539
2532 2534
2532 2538
2533 2536
2533 3484
2535 2549
2536 2542
2536 2546
2537 3485
2537 2548
2540 2543
2540 2582
2541 2544
2541 2563
2542 2546
2542 2544
2543 2548
2543 2547
2544 2570
2545 2555
2545 2562
2546 2560
2547 2554
2547 2580
2548 2554
2549 2565
2549 2551
2550 2556
2551 2571
2552 2566
2553 2568
2555 2562
2555 2561
2556 2569
2556 2572
2557 2584
2558 2573
2558 2561
2558 2579
2559 2572
2560 2583
2560 2574
2561 2577
2563 2564
2564 2567
2564 2565
2565 2566
2566 2567
2567 2568
2568 2571
2569 2572
2569 2575
2570 2587
2570 2574
2573 2577
2573 2579
2574 2583
2575 2578
2579 2586
2581 3435
2581 2586
2582 2584
2585 2588
2588 2589
2590 2592
2591 2595
2591 2594
2592 2605
2595 2596
2596 2603
2597 2597
2598 2599
2600 2602
2601 2602
2602 2606
2603 2604
2605 2606
2608 2609
2611 2613
2611 2612
2612 2613
2613 2614
2615 2616
2616 3523
2618 3523
2618 2619
2618 3525
2620 2622
2621 2622
2621 2625
2622 2623
2623 2626
2624 2625
2625 2628
2626 2627
2626 2629
2630 2700
2631 2671
2631 2640
2631 2677
2632 2669
2634 2678
2634 2672
2634 2635
2635 2690
2635 2636
2636 2689
2636 2637
2637 2688
2637 2638
2638 2687
2638 2639
2639 2686
2639 2640
2640 2685
2641 2709
2641 2642
2641 2702
2643 2644
2644 2708
2644 2645
2646 3802
2646 2648
2647 2648
2647 2649
2648 2653
2649 2653
2650 2652
2650 2651
2651 2657
2651 2669
2653 2658
2654 2655
2654 2665
2654 2663
2655 2656
2655 4016
2656 2666
2656 2660
2658 2662
2659 2662
2660 2661
2660 2667
2661 2664
2661 2668
2662 2669
2663 2665
2663 2674
2664 2670
2664 2671
2665 4016
2665 2673
2666 4016
2666 2667
2666 2675
2667 2668
2667 2675
2668 2670
2668 2676
2670 2671
2670 2677
2672 2673
2672 4016
2673 2674
2673 2679
2674 2681
2675 2676
2676 2677
2678 2679
2678 2698
2679 2680
2680 2699
2680 2681
2681 2699
2682 2683
2684 2692
2685 2686
2685 2694
2686 2694
2686 2687
2687 2695
2687 2688
2688 2696
2688 2689
2689 2690
2690 2697
2690 2691
2692 2693
2694 2695
2695 2696
2696 2697
2697 2698
2698 2699
2701 4175
2702 2706
2702 2704
2703 3136
2703 2705
2703 2708
2704 3591
2705 2707
2705 2708
2710 2711
2710 2713
2710 2712
2711 2714
2711 2715
2712 2716
2712 2713
2712 4032
2713 2714
2713 2717
2714 2719
2714 2715
2715 2721
2716 2718
2716 2717
2717 2719
2717 2720
2718 2724
2718 2720
2719 2721
2720 2722
2720 2726
2721 2723
2722 2728
2722 2723
2723 2727
2723 2725
2724 2730
2724 2726
2726 2728
2726 2732
2727 2729
2727 2731
2728 2734
2728 2729
2729 2736
2729 2731
2730 2732
2730 2733
2731 2736
2732 2734
2733 2735
2733 2739
2734 2736
2735 2737
2735 2741
2737 2744
2737 2738
2738 2740
2738 2746
2739 2741
2739 2743
2740 2742
2740 2747
2741 2745
2742 2748
2742 2745
2743 2752
2744 2746
2744 2750
2745 2749
2746 2750
2746 2747
2747 2751
2747 2748
2748 2753
2748 2749
2749 2753
2749 2752
2750 2751
2751 2753
2755 2756
2757 2758
2759 3789
2759 2760
2761 2797
2762 2800
2762 2763
2763 2764
2765 2786
2766 2803
2766 3707
2766 2767
2768 2799
2769 2774
2769 2771
2769 2770
2770 2777
2770 2771
2771 2773
2772 2778
2773 3732
2774 2776
2774 2779
2775 2776
2776 2777
2776 2779
2777 2778
2778 2779
2779 2799
2780 2781
2782 2783
2782 2791
2783 2785
2783 2793
2784 2788
2784 2794
2785 2786
2785 2795
2787 3703
2787 2790
2788 2794
2788 2789
2789 2792
2792 2796
2794 2796
2796 2798
2797 3707
2797 3705
2798 2798
2799 2800
2801 2802
2802 2804
2803 2804
2805 2806
2807 2809
2808 2814
2808 2809
2809 2813
2811 2812
2812 2816
2812 2813
2813 2817
2814 2815
2818 2818
2818 2819
2819 2820
2820 2820
2821 2822
2823 2828
2823 3652
2824 2834
2824 2838
2825 2829
2825 3652
2825 2826
2826 2829
2827 2841
2829 2830
2830 2831
2830 2840
2832 2833
2834 2839
2834 2838
2835 2842
2836 2840
2836 2837
2838 2841
2839 2843
2839 2844
2841 2844
2844 2845
2848 2849
2848 2848
2850 2853
2851 2852
2851 2853
2853 2868
2854 2855
2855 3875
2855 2876
2856 3875
2857 2866
2858 2865
2859 2860
2860 2861
2862 2864
2862 2863
2864 2867
2865 2866
2867 3878
2869 2872
2870 2876
2871 2878
2871 2873
2872 2873
2872 2874
2873 2875
2874 2875
2874 2877
2875 2879
2876 2877
2877 2880
2878 2879
2879 2880
2880 2881
2882 2886
2883 2884
2884 3726
2885 2887
2888 2888
2889 2890
2891 2893
2891 2892
2893 2896
2893 2895
2894 3877
2894 2897
2896 2897
2897 2898
2898 3844
2900 2902
2900 2905
2901 2903
2902 2904
2903 2906
2904 2910
2904 2907
2905 2908
2907 2911
2907 2910
2908 2916
2908 2909
2909 2912
2909 2910
2910 2912
2912 2913
2913 2914
2913 2916
2914 2915
2915 2917
2916 2918
2917 2918
2919 2920
2921 2922
2922 3015
2923 3885
2923 2924
2926 3892
2926 3968
2928 2932
2928 2929
2929 2930
2929 2934
2930 2933
2931 2935
2931 2932
2932 2934
2932 2938
2934 2937
2935 2940
2935 2936
2936 2938
2936 2941
2938 2942
2940 2945
2940 2941
2941 2942
2942 2946
2943 2944
2944 2949
2945 2950
2945 2946
2946 2947
2947 2952
2947 2953
2948 2949
2949 2955
2950 2952
2952 2954
2952 2957
2953 2955
2953 2954
2954 2958
2956 2962
2957 2958
2959 2960
2961 2962
2961 2963
2963 2964
2964 2966
2965 2967
2968 2969
2970 4038
2971 4042
2971 4040
2971 2973
2972 4044
2973 2976
2974 2976
2975 2975
2976 2977
2978 2991
2979 2985
2980 2982
2981 2989
2982 2984
2983 2985
2984 2988
2985 2992
2986 2988
2987 2989
2988 2990
2989 2990
2990 3702
2993 2994
2993 2995
2994 4070
2994 2995
2995 2996
2996 2997
2996 2998
2997 4070
2999 3000
3002 3005
3002 3003
3003 3004
3003 3005
3005 3006
3009 3010
3010 3011
3010 3018
3011 3019
3011 3013
3012 3014
3015 3016
3017 3018
3018 3021
3020 3021
3020 3022
3022 3035
3023 3039
3023 3024
3024 3025
3024 3040
3026 3027
3029 3030
3031 3032
3035 3036
3037 3039
3038 3039
3041 3042
3043 3044
3045 3048
3046 3050
3047 3049
3050 3051
3050 3887
3050 3881
3051 3881
3052 3053
3054 3055
3056 3057
3058 3059
3058 3060
3062 3069
3063 3073
3063 3066
3064 3068
3065 3068
3067 3068
3068 3071
3070 3964
3072 3076
3073 3075
3074 3079
3077 3078
3079 3964
3081 3082
3082 3085
3082 3083
3083 3084
3086 3601
3086 3600
3087 3088
3089 3600
3090 3123
3090 3122
3091 3095
3091 3092
3092 3094
3092 3093
3093 3099
3094 3098
3094 3097
3095 3097
3096 3102
3096 3100
3096 3132
3097 3101
3098 3099
3098 3101
3100 3104
3100 3130
3101 3107
3102 3103
3103 3105
3103 3104
3104 3106
3105 3108
3105 3106
3106 3109
3108 3110
3108 3109
3109 3111
3110 3111
3112 4170
3112 3113
3114 3115
3114 3117
3115 3116
3116 3117
3117 3118
3118 3120
3118 3119
3121 3131
3122 3123
3122 3125
3123 3127
3123 3126
3124 3126
3124 3132
3124 4172
3125 3128
3126 3127
3126 3132
3127 3128
3128 3129
3128 3130
3129 3131
3129 3130
3133 3134
3135 3136
3137 3749
3137 3138
3139 3140
3140 3719
3142 3143
3143 3927
3144 3927
3146 3926
3147 3149
3151 3152
3151 3425
3153 3155
3154 3156
3157 3158
3158 3159
3160 3163
3160 3161
3161 3162
3162 3163
3162 3164
3163 3165
3164 3165
3164 3167
3165 3168
3166 3167
3167 3168
3168 3169
3170 3171
3171 3172
3172 3173
3173 3177
3173 3176
3174 3177
3175 3176
3176 3177
3178 3179
3183 3184
3186 3187
3187 3939
3188 3193
3191 3192
3193 3194
3194 3246
3195 3197
3196 3198
3196 3199
3197 3198
3200 3201
3201 3202
3203 3204
3206 3207
3207 3213
3207 3214
3208 3209
3208 3210
3208 3992
3210 3992
3211 3212
3216 3221
3216 3226
3216 3983
3217 3983
3217 3219
3219 3222
3220 3222
3220 3987
3221 3984
3222 3987
3225 3226
3225 3983
3227 3234
3227 3228
3228 3235
3229 3230
3231 3237
3231 3232
3232 3233
3232 3238
3233 3238
3233 3234
3234 3239
3234 3235
3235 3236
3236 3239
3237 3238
3240 3241
3242 3243
3244 3795
3244 3245
3246 3247
3247 3248
3247 4164
3248 4165
3249 3939
3253 3980
3254 3981
3254 3255
3256 3257
3256 3981
3258 3259
3258 3260
3259 3261
3260 3261
3262 3264
3263 3265
3263 3264
3264 3265
3266 3267
3266 3274
3266 3279
3267 3268
3267 3276
3268 3269
3268 3276
3269 3270
3269 3299
3270 3271
3270 3299
3271 3273
3271 3301
3272 3297
3273 3301
3273 3275
3274 3296
3274 3279
3275 3300
3275 3277
3276 3298
3277 3303
3277 3278
3278 3305
3278 3297
3279 3298
3280 3368
3280 3282
3281 3284
3281 3368
3281 3384
3282 3283
3283 3285
3283 3366
3284 3381
3284 3286
3285 3366
3285 3286
3286 3287
3286 3371
3287 3289
3287 3371
3288 3289
3288 3290
3288 3369
3289 3380
3290 3291
3290 3302
3290 3386
3291 3292
3291 3387
3291 3370
3292 3372
3292 3388
3292 3293
3293 3390
3293 3373
3293 3294
3294 3374
3294 3392
3294 3295
3295 3393
3295 3375
3295 3378
3296 3368
3296 3298
3297 3307
3298 3308
3299 3308
3300 3370
3300 3302
3300 3303
3301 3304
3302 3304
3303 3372
3303 3305
3304 3367
3305 3373
3305 3306
3306 3374
3306 3307
3307 3375
3307 3377
3308 3366
3308 3367
3309 3394
3309 3328
3309 4029
3310 3320
3310 3312
3310 3395
3311 3330
3311 3313
3311 3341
3312 3395
3312 3315
3313 3314
3313 3331
3314 3316
3314 3332
3315 3396
3315 3317
3316 3320
3316 3333
3317 3326
3317 3396
3318 3334
3318 3397
3318 3319
3319 3398
3319 3335
3319 3321
3320 3322
3320 3343
3321 3337
3321 3399
3321 3323
3322 3342
3322 3325
3323 3400
3323 3338
3323 3327
3324 3336
3325 3329
3325 3326
3326 3329
3327 3339
3327 4029
3327 3328
3328 3340
3329 3336
3330 3331
3330 3344
3331 3344
3331 3332
3332 3333
3332 3344
3333 3351
3334 3345
3334 3335
3335 3346
3335 3337
3336 3342
3337 3347
3337 3338
3338 3348
3338 3339
3339 4031
3339 3340
3340 3349
3340 3341
3341 3350
3342 3343
3343 3352
3345 3354
3345 3346
3346 3355
3346 3347
3347 3356
3347 3348
3348 3357
3348 4031
3349 3359
3349 3350
3349 4031
3350 3360
3350 3351
3351 3407
3351 3352
3352 3407
3353 3362
3353 3363
3353 3361
3354 3355
3355 3356
3356 3357
3357 3358
3358 3401
3358 4031
3358 3359
3359 3360
3359 3402
3360 3361
3360 3403
3361 3362
3361 3404
3362 3363
3362 3405
3363 3364
3363 3406
3365 3376
3367 3369
3369 3371
3370 3372
3372 3373
3373 3374
3374 3375
3375 3376
3376 3378
3376 3377
3377 3379
3378 3379
3379 3394
3380 3382
3380 3386
3381 3383
3381 3382
3382 3385
3383 3385
3383 3384
3384 3391
3385 3389
3385 3391
3386 3387
3386 3389
3387 3397
3387 3388
3388 3398
3388 3390
3389 3391
3390 3399
3390 3392
3392 3400
3392 3393
3393 4029
3393 3394
3395 3396
3397 3398
3398 3399
3399 3400
3400 4029
3401 3402
3402 3403
3403 3404
3404 3405
3405 3406
3406 3407
3408 3409
3410 3412
3411 3413
3412 3413
3414 3415
3416 3418
3416 3455
3416 3417
3418 3419
3421 3422
3423 3424
3425 3426
3427 3428
3429 3430
3431 3432
3433 3435
3434 3469
3436 3440
3437 3438
3438 3441
3438 3439
3439 3440
3440 3441
3442 3443
3444 3446
3445 3447
3448 3449
3450 3454
3451 3453
3452 3453
3453 3455
3454 3455
3457 3458
3458 3462
3459 3460
3460 3463
3460 3461
3463 3464
3464 3467
3465 3468
3466 3468
3470 3470
3471 3472
3472 3474
3473 3474
3475 3477
3476 3477
3477 3481
3477 3480
3478 3486
3479 3486
3482 3483
3486 3487
3487 3492
3488 3489
3489 3491
3490 3491
3492 3493
3495 3496
3497 3500
3498 3499
3499 3501
3502 3503
3504 3505
3506 3507
3508 3509
3509 3511
3509 3510
3512 3513
3514 3515
3516 3517
3518 3519
3519 3521
3520 3521
3522 3523
3524 3525
3527 3530
3528 3529
3531 3533
3534 3535
3536 3538
3537 3549
3538 3546
3538 3550
3539 3561
3541 3560
3542 3554
3543 3553
3544 3559
3545 3555
3547 3558
3548 3556
3551 3563
3552 3557
3553 3556
3553 3558
3554 3556
3554 3555
3557 3559
3558 3805
3559 3560
3561 3807
3561 3805
3562 3562
3568 3569
3570 3571
3573 3574
3575 3576
3577 3578
3577 3597
3577 3579
3578 3580
3578 3596
3579 3580
3579 3597
3580 3581
3582 3583
3583 4037
3583 4036
3584 3585
3586 3587
3589 3592
3589 3590
3591 3592
3593 3594
3595 3597
3595 3596
3598 3599
3600 3601
3602 3606
3602 3607
3603 4001
3603 3604
3604 3605
3607 3611
3607 3608
3608 3613
3608 3611
3609 3610
3609 3611
3610 3612
3610 4024
3612 4025
3614 3619
3614 3616
3614 3620
3615 3620
3615 3617
3616 3618
3616 3621
3618 3619
3622 3623
3624 3625
3626 3630
3627 3631
3628 3633
3629 3635
3631 3632
3632 3633
3632 3636
3633 3634
3634 3635
3634 3637
3635 3801
3638 3639
3640 3641
3642 3664
3642 3644
3643 3666
3645 3646
3647 3655
3648 3650
3649 3652
3650 3653
3650 3651
3651 3653
3651 3656
3653 3657
3654 3661
3657 3658
3657 3659
3658 3665
3659 3663
3660 3662
3662 3663
3662 3664
3667 3668
3670 3804
3670 3671
3672 3676
3673 3684
3674 3696
3675 3676
3675 3697
3676 3677
3677 3679
3677 3701
3678 3680
3678 3678
3679 3680
3679 3681
3680 3681
3681 3682
3682 3683
3682 4046
3683 3699
3685 3686
3688 3691
3689 3690
3690 3691
3690 3692
3691 3693
3692 3693
3698 3700
3703 3704
3705 3706
3707 3708
3709 3710
3712 3991
3712 3713
3716 3717
3718 3719
3720 3721
3722 3723
3725 3727
3726 3728
3729 3730
3730 3731
3730 3734
3731 3743
3732 3733
3735 3737
3736 3737
3737 3742
3738 3743
3739 3740
3740 3741
3740 3744
3741 3746
3741 3745
3742 3743
3747 3748
3749 3750
3751 3752
3753 3755
3754 3755
3754 3756
3757 3759
3761 3762
3763 3767
3763 3765
3764 3767
3766 3769
3770 3772
3773 3774
3775 3776
3775 3778
3776 3777
3779 3782
3779 3783
3780 3781
3780 3786
3782 3788
3782 3784
3785 3786
3786 3791
3787 3788
3790 3791
3791 3792
3792 3794
3793 3794
3795 3796
3797 3799
3797 3811
3797 3800
3798 3813
3799 3812
3800 3802
3800 3801
3801 3802
3803 3806
3804 3806
3804 3807
3805 3809
3807 3808
3808 3812
3810 3811
3811 3812
3815 3817
3819 3820
3819 3824
3822 3824
3826 3828
3826 4023
3827 3829
3828 3830
3828 3831
3830 3834
3832 3835
3832 3833
3833 3836
3834 3842
3835 3836
3835 3837
3836 3837
3837 3838
3838 3839
3839 3841
3840 3841
3842 3843
3844 3848
3845 3860
3846 3847
3849 3850
3851 3865
3852 3854
3853 3855
3854 3858
3855 3856
3856 3857
3857 3857
3858 3859
3861 3862
3862 3863
3862 3864
3863 3863
3866 3868
3868 3870
3868 3869
3871 3872
3873 3874
3875 3877
3876 3878
3880 3882
3883 3888
3883 3887
3884 3885
3886 3890
3886 3889
3887 3888
3890 3891
3892 3894
3892 3893
3894 3895
3894 3898
3896 3897
3897 3970
3898 3899
3900 3901
3902 3903
3904 3905
3906 3907
3908 3909
3910 3911
3912 3913
3914 3915
3916 3917
3918 3921
3919 3920
3923 3924
3925 3926
3927 3928
3929 3930
3931 3932
3933 3987
3935 3943
3936 3937
3936 3941
3937 3942
3938 3956
3939 4164
3941 3942
3944 3945
3946 3947
3949 3950
3950 3952
3951 3952
3952 3954
3953 3954
3955 3956
3957 3958
3959 3960
3962 3963
3965 3966
3968 3970
3968 3969
3970 3971
3972 4030
3972 3973
3973 4030
3973 3976
3974 3978
3974 3975
3975 3979
3975 3976
3976 4030
3977 3978
3980 3981
3980 3982
3983 3984
3984 3985
3985 3986
3986 3987
3988 3989
3990 3991
3992 3993
3995 3998
3996 3997
3997 3998
4000 4001
4000 4000
4001 4002
4003 4004
4004 4005
4006 4007
4007 4010
4007 4009
4008 4009
4009 4011
4012 4014
4012 4013
4013 4014
4017 4018
4019 4020
4021 4023
4021 4022
4026 4027
4033 4056
4033 4034
4036 4037
4038 4040
4038 4039
4040 4041
4042 4044
4042 4043
4044 4045
4046 4047
4046 4049
4048 4049
4049 4050
4051 4053
4052 4054
4053 4054
4055 4056
4057 4068
4058 4066
4058 4061
4059 4062
4059 4063
4060 4064
4060 4065
4061 4066
4061 4067
4062 4067
4062 4063
4063 4064
4064 4065
4065 4066
4067 4068
4068 4080
4069 4070
4069 4071
4071 4078
4073 4075
4074 4075
4074 4076
4075 4076
4076 4077
4081 4082
4082 4085
4082 4083
4084 4085
4085 4090
4085 4086
4087 4088
4088 4092
4088 4095
4088 4089
4090 4092
4090 4091
4092 4093
4094 4095
4095 4097
4096 4097
4097 4099
4097 4098
4099 4101
4099 4100
4101 4105
4101 4102
4103 4105
4103 4104
4105 4106
4107 4109
4107 4108
4109 4111
4109 4110
4111 4113
4111 4112
4113 4123
4113 4114
4115 4121
4115 4123
4115 4116
4117 4126
4119 4120
4120 4121
4121 4122
4123 4124
4125 4126
4126 4128
4129 4131
4130 4131
4132 4141
4133 4141
4134 4135
4135 4149
4135 4151
4135 4136
4137 4138
4138 4147
4138 4139
4140 4141
4142 4144
4142 4143
4144 4145
4147 4149
4147 4148
4149 4150
4151 4153
4151 4152
4153 4154
4153 4156
4155 4156
4156 4157
4156 4160
4158 4160
4158 4159
4160 4161
4167 4168
4169 4170
4170 4171
4171 4172
4173 4174
4176 4177
