0 2226
0 3181
0 226
0 2220
1 3192
1 1054
1 1049
2 28
2 243
2 237
2 56
3 247
3 195
3 1239
4 2219
4 2220
4 3182
5 2145
5 2842
5 2147
5 3475
6 2147
6 73
6 7
6 1206
7 72
7 65
7 81
8 1664
8 477
8 88
8 65
9 1664
9 10
9 3138
10 2988
10 103
10 1662
11 1546
11 736
11 1645
11 1511
12 3402
12 3283
12 729
13 738
13 841
13 840
14 1099
14 329
14 327
14 315
15 1213
15 139
15 1098
15 326
16 401
16 98
16 1213
16 403
17 1202
17 1200
17 1196
17 63
17 1296
18 1713
18 1712
18 1714
18 479
19 1090
19 663
20 827
20 496
20 21
20 486
21 828
21 491
22 830
22 500
22 828
23 2146
23 50
23 2145
24 73
24 70
24 3107
25 3424
25 2842
25 26
26 27
26 29
26 3493
27 43
27 39
28 3424
28 3493
29 30
29 31
29 32
31 39
31 36
33 3474
34 3474
34 3475
34 35
34 1206
35 3473
35 37
36 49
36 3473
37 1760
37 87
38 1761
38 3472
38 3471
39 47
39 1181
40 1179
40 41
40 1181
41 45
41 1178
42 3471
42 1760
42 1714
43 45
43 44
44 44
45 46
46 1141
46 1642
47 48
47 1510
48 1510
48 3420
49 1761
49 3420
50 51
50 69
50 70
51 232
51 237
52 229
52 230
52 53
54 74
54 3039
55 1222
55 1221
55 3037
56 91
56 3349
57 1901
57 2458
57 1902
58 59
58 571
58 2640
59 524
59 60
60 2168
60 567
61 1204
61 62
61 2982
62 1197
62 76
63 1198
63 76
64 3447
64 425
64 1231
65 66
66 79
66 1664
67 77
67 1964
67 68
68 1965
68 1966
69 1964
69 1965
70 1196
70 71
71 72
71 2815
72 73
74 75
74 3037
75 229
75 212
76 1203
77 78
77 3038
78 3421
78 1203
80 1206
80 87
80 81
81 82
82 83
82 87
82 89
83 473
83 90
83 84
84 85
84 834
84 1712
85 1711
85 832
85 86
86 1710
86 831
87 473
88 89
88 145
89 90
90 145
91 2391
91 92
92 96
92 93
93 94
93 95
97 1641
97 497
97 1178
97 1174
98 100
98 101
99 471
99 100
99 1198
100 325
100 323
101 1217
101 138
102 423
102 462
102 1230
103 436
103 435
104 435
104 425
104 423
105 469
105 462
105 107
106 417
106 400
106 408
107 3423
107 646
108 110
108 109
108 3423
109 1231
109 471
110 397
110 3449
110 3450
111 646
111 112
111 420
112 113
112 3450
113 400
113 404
114 3333
114 115
114 1071
115 116
115 1327
116 685
116 1088
116 1327
117 1233
117 670
117 3239
117 675
118 880
118 2697
118 783
119 702
119 699
119 306
119 688
120 2016
120 1814
120 1216
120 1125
121 1093
121 1061
121 143
121 3314
122 1524
122 3314
122 1019
122 2505
122 3315
123 317
123 330
123 319
123 840
124 1813
124 2962
124 839
125 842
125 1287
125 844
125 132
126 719
126 1094
126 718
126 720
127 346
127 847
127 345
128 1547
128 338
128 351
129 409
129 1826
129 645
130 405
130 132
130 842
131 328
131 405
131 1229
132 1287
132 399
133 175
133 1199
133 134
133 1093
134 323
134 137
134 324
135 155
135 177
135 2973
136 1215
136 324
136 1217
137 177
137 1126
138 1096
138 1211
139 1211
139 140
140 1100
140 1097
140 1096
141 142
141 353
141 1809
142 408
142 415
143 3315
143 2928
144 178
144 154
144 3316
145 834
146 602
146 930
146 1018
147 148
147 1135
147 2803
147 636
148 2821
148 2809
149 2294
149 2293
149 2125
149 2103
150 1419
150 3287
150 1421
151 909
151 630
152 1423
152 1422
152 1424
153 870
153 851
154 183
154 3316
155 2974
155 1125
156 168
156 3210
156 2971
156 2967
157 174
157 3223
157 2970
157 2969
158 2968
158 3223
158 1524
158 2963
159 948
159 946
159 207
160 173
160 1032
160 179
160 955
160 1461
161 163
161 2505
161 2331
161 169
162 3383
162 163
162 165
163 1675
163 2505
163 166
164 166
164 3215
164 3226
165 167
165 166
165 3214
167 1580
167 3211
168 292
168 2972
169 2332
169 170
169 171
170 172
170 2007
171 172
171 1062
172 1961
173 1461
173 1036
174 3210
174 2966
175 182
175 1061
175 176
176 2977
176 2975
177 2014
177 1093
178 2929
178 3317
179 1962
179 2929
180 181
180 2973
180 3213
182 184
182 211
183 946
183 184
184 185
186 3199
186 1779
186 1898
187 1801
187 673
187 682
188 1873
188 1157
188 3305
189 2448
189 1497
189 1084
190 2218
190 3188
190 226
191 1984
191 285
191 2793
192 1984
192 267
192 1986
193 194
193 267
193 271
194 199
194 3285
195 2559
195 220
195 218
196 2261
196 2794
196 2260
197 265
197 2244
197 2261
198 2244
198 2252
198 266
198 199
199 276
200 504
200 3336
200 2190
201 210
201 943
201 2598
202 231
202 210
202 287
203 3118
203 246
203 242
204 247
204 218
204 3118
205 206
205 213
205 231
206 940
206 2598
207 208
207 945
208 209
208 210
209 228
209 211
211 212
211 1228
212 1221
213 217
213 214
215 216
215 3180
215 3414
216 939
216 940
217 3180
217 234
218 3413
219 3409
219 222
219 227
220 222
220 224
221 3412
221 2702
221 238
222 225
223 225
224 225
224 3182
226 2219
227 3412
227 3413
228 287
228 229
230 232
230 236
231 2593
231 233
232 235
233 234
233 236
234 235
235 239
235 236
237 244
238 3414
238 239
238 3180
239 240
240 241
240 2700
242 245
242 2702
243 246
243 245
244 2700
244 2701
245 2701
246 2150
247 251
248 287
249 3197
249 1734
249 2149
250 2151
250 2801
250 252
251 2150
251 1240
252 1239
252 272
252 1525
253 1450
253 254
253 2914
254 255
254 2806
255 256
255 258
257 277
257 259
257 260
259 262
259 260
260 2521
261 3144
261 264
261 3145
263 1790
263 1793
263 1791
263 3144
264 2257
264 2521
264 280
265 266
265 2793
266 267
268 271
268 2783
268 269
269 270
269 2789
271 1986
272 277
272 2699
273 2559
273 2259
273 1738
274 3277
274 1971
274 1782
274 1976
275 2251
276 281
276 2251
277 2259
278 279
278 2260
278 2246
279 2245
279 3304
280 2258
280 2256
281 3275
281 3149
282 285
282 2217
282 286
282 2216
283 2217
283 1056
283 3190
284 2216
284 1056
284 3152
285 2218
288 663
288 1706
289 731
289 730
290 3294
290 1522
290 1521
291 877
291 878
291 3443
292 838
292 2965
293 2440
293 1074
293 1072
294 3263
294 3247
294 1066
294 3461
295 3270
295 3268
295 3256
296 3251
297 298
297 666
297 1328
298 1540
298 1330
299 3398
299 2023
299 300
299 637
300 642
300 3396
301 303
301 3300
302 2860
302 3355
302 2858
302 2920
303 2021
303 3295
303 2319
304 1027
304 2862
304 305
305 602
305 1023
306 689
306 699
306 2992
307 308
307 739
307 988
307 3398
309 1004
310 321
310 1813
310 312
311 1004
311 2015
311 1813
312 2896
312 313
313 314
313 318
314 316
314 1304
314 315
315 1304
316 1214
316 1099
317 1304
317 320
317 318
318 319
319 839
320 331
320 332
321 1214
321 322
323 1197
323 324
325 471
325 403
326 2594
326 327
326 328
327 1098
328 329
329 843
329 337
330 331
330 345
331 1003
332 336
332 1812
332 1002
333 334
333 336
333 845
334 335
334 1810
335 846
335 845
337 1304
337 1811
338 339
338 346
340 844
340 343
340 341
341 1808
341 1287
341 352
342 1808
342 353
342 398
343 349
343 350
344 1289
344 2948
344 2934
345 2934
346 347
347 354
347 348
347 351
348 356
348 349
349 352
350 1547
350 351
352 357
353 357
354 1840
354 355
355 363
355 361
356 361
356 357
358 362
358 364
358 361
358 1809
359 365
359 360
359 375
359 1001
360 1532
360 363
362 363
362 387
364 1809
364 421
364 385
365 2304
365 375
365 381
366 367
366 466
366 418
366 368
366 377
367 369
367 374
367 370
368 422
368 369
369 371
372 2303
372 722
372 702
373 376
373 377
373 2303
374 375
374 376
375 376
377 458
377 2302
377 689
378 927
378 380
378 1838
379 381
379 1838
379 1837
380 391
380 1837
381 1532
382 995
382 928
382 927
383 995
384 1839
384 389
384 388
385 386
385 422
386 999
386 387
387 1000
388 2919
388 390
390 2632
390 393
391 1534
391 3205
392 2632
392 703
392 692
392 395
393 394
393 1534
394 929
394 998
395 2631
395 721
396 2631
397 401
397 1563
398 408
398 406
399 406
399 3453
400 3453
401 402
402 403
404 2590
404 3449
405 2590
406 407
407 1287
407 1808
408 3454
409 410
409 413
410 1528
410 414
411 416
411 412
411 414
412 417
412 416
413 415
413 414
415 416
417 420
418 421
418 645
419 449
419 1826
419 1306
420 1306
421 422
423 424
425 1230
426 441
426 1645
426 480
427 431
427 432
427 441
427 1646
428 431
428 443
428 455
429 444
429 456
429 455
430 620
430 1644
430 735
430 1546
431 457
432 433
432 439
433 434
433 443
434 463
434 438
435 1822
436 438
436 437
437 440
437 439
438 1822
439 440
440 441
441 442
443 445
444 451
444 644
445 450
445 644
446 1825
446 1829
446 450
447 1827
447 1825
447 1828
448 1824
448 1827
448 449
449 1826
450 644
451 453
451 645
452 1830
452 453
454 464
454 457
454 466
455 3131
457 1644
459 1305
459 460
459 1824
460 461
460 469
461 462
461 463
463 1822
464 3131
464 465
465 467
465 466
468 646
468 469
468 470
468 1305
471 1200
472 1576
472 1907
472 1571
473 1713
474 1570
474 1578
474 3401
475 1511
475 734
475 1578
475 2816
476 1570
476 1568
476 1907
477 1572
477 1661
478 1574
478 1661
478 2985
479 1207
479 1711
480 481
480 484
482 483
482 484
482 2986
484 1575
485 487
485 1435
485 1708
486 2078
486 2638
486 1136
488 490
488 489
488 1435
491 492
491 2395
492 1177
492 2405
493 494
493 2401
493 2404
494 2402
494 1609
495 2398
495 1175
495 500
496 1177
496 3477
497 917
497 918
498 2153
498 2463
498 918
499 1151
499 1149
500 1174
501 2175
501 2174
501 502
502 2174
503 2234
503 2235
503 855
504 2191
504 530
505 2166
506 2177
507 531
508 519
508 532
508 530
509 520
509 517
509 519
510 3112
510 562
510 511
511 527
511 543
512 513
512 520
512 525
513 2166
513 2167
514 516
514 536
514 525
515 519
516 2775
516 3046
517 518
517 522
517 523
518 2194
518 529
518 2198
520 522
521 522
524 540
524 1903
525 526
526 539
528 529
530 2194
531 532
531 2191
532 534
533 534
534 3046
535 2773
535 550
535 551
536 2773
536 2775
536 924
537 2771
537 923
537 919
538 922
538 923
538 1904
539 552
540 541
540 544
542 1902
542 553
543 546
543 545
544 545
544 2775
545 3013
546 547
547 3013
548 3112
548 3116
548 1183
549 562
550 2207
551 2771
551 2210
552 921
552 922
553 3013
554 591
554 556
554 555
555 2017
555 572
556 578
556 557
557 560
557 558
558 559
558 1924
559 560
561 867
561 582
561 583
562 3116
563 564
563 566
563 1431
564 2018
564 565
566 869
566 592
567 586
567 1803
568 599
568 590
568 569
569 2017
569 585
570 571
571 586
572 573
572 582
573 577
573 575
574 576
574 575
574 578
575 578
576 867
576 868
579 3459
579 600
579 1495
580 1131
580 1139
580 3178
581 1439
581 583
581 1917
582 1659
583 592
584 2766
584 585
585 3022
586 589
587 588
587 594
587 1440
589 1440
589 593
590 594
590 3287
590 861
591 1460
591 1526
592 1133
594 595
595 595
596 1160
596 1159
596 1458
596 1286
596 1173
597 2756
598 3029
598 1162
598 1163
598 1161
599 599
600 1140
600 2756
601 2448
602 1022
603 1023
603 622
603 1022
604 3041
604 3318
604 3313
605 1679
605 615
605 3318
606 1754
606 613
606 3312
607 3312
607 612
607 613
608 1752
608 1754
608 1753
609 617
609 611
609 752
610 611
610 616
610 1679
611 744
612 1045
612 613
612 1029
614 745
614 751
614 2515
615 616
615 1991
616 1992
617 2002
617 2511
618 2003
618 2511
618 746
619 2660
619 2661
619 3137
620 733
620 2802
621 3137
621 3135
621 2654
621 2650
622 1028
622 1031
622 624
623 2054
623 627
623 1031
623 3415
624 1030
624 3041
625 1030
625 626
625 627
626 2548
626 627
628 1064
628 3333
628 661
629 1909
630 641
630 643
631 1312
631 635
631 634
632 1561
632 633
632 639
633 641
634 687
634 2849
635 3457
635 637
636 2116
636 640
637 1561
638 836
638 2662
638 639
638 640
639 835
640 936
642 2857
642 1288
642 3398
643 902
643 1319
647 2836
647 765
647 2479
648 2905
648 2012
648 891
649 1264
649 1272
649 651
650 2836
650 655
650 1270
651 1272
651 658
652 890
652 657
652 2803
653 765
653 767
653 1292
653 1750
653 2664
654 2481
654 656
655 1264
655 2835
656 1275
656 1272
657 960
657 2808
657 2821
658 1258
658 1275
659 804
660 2545
660 769
660 2547
662 1705
662 663
662 1330
664 1799
664 1445
664 1798
665 1509
665 1905
665 3105
666 1536
666 1090
667 671
667 680
667 1643
668 1302
668 678
668 683
669 1331
669 3307
669 1301
670 681
670 675
671 684
671 672
672 825
672 684
673 1593
673 682
674 680
674 681
674 1797
675 685
676 1706
676 1643
676 734
677 2114
677 1328
677 1536
678 1301
678 683
679 1435
679 3105
679 1705
680 3307
681 1869
682 1331
683 1332
684 1918
685 825
686 1795
686 1797
686 1799
687 3457
687 1561
688 702
688 2302
688 3079
689 3079
690 692
690 703
690 3296
691 1127
691 733
691 2991
692 2919
692 3297
693 725
693 3205
693 2939
694 726
694 2942
694 717
695 714
695 707
695 2301
696 697
696 700
696 1515
697 707
697 708
698 699
698 701
698 1747
699 701
700 706
700 1515
700 3347
701 1514
703 704
703 717
704 1515
704 728
705 711
705 708
705 715
706 710
706 2904
707 1683
708 715
709 710
709 3347
709 1806
710 3347
711 2088
711 716
712 2918
712 1889
712 1921
713 2098
713 716
713 2088
714 715
714 2653
715 716
716 3135
717 728
718 2941
718 723
718 2938
719 1747
719 723
719 726
720 2940
720 722
721 1094
721 1095
722 2304
723 724
723 2940
724 2305
724 2940
725 2938
725 2937
726 2942
726 1094
727 728
727 1747
727 2337
729 2300
729 732
730 3299
731 3301
731 732
731 3402
732 3321
733 735
733 2989
734 1512
735 1530
736 1128
736 1512
736 737
737 1546
737 1530
738 2956
738 3387
738 2935
739 2024
739 1923
740 1990
740 2906
740 1996
741 2313
741 891
741 892
742 743
742 2002
742 1992
743 1993
743 1990
744 753
744 1673
745 2004
745 2003
746 1994
746 2004
747 748
747 2510
747 754
748 2508
748 752
749 2508
749 753
749 750
750 2509
750 1673
751 2509
751 756
752 753
754 756
754 2518
755 2510
756 2512
757 762
758 2335
758 763
758 1294
759 1883
760 971
760 1284
760 1300
761 763
762 3173
762 3169
763 1292
764 1293
764 768
764 1295
765 768
766 1995
766 2335
766 767
767 1996
768 1997
769 2668
769 805
770 2663
770 2833
770 1245
770 1750
771 775
772 1262
772 776
772 775
773 776
774 776
774 2696
774 775
777 784
777 787
777 1671
778 2566
778 785
778 784
779 786
779 782
779 781
780 781
780 783
780 788
781 784
782 789
782 786
783 788
785 787
785 2566
786 2839
787 2810
788 789
790 808
790 2887
790 798
791 1313
791 797
791 2880
792 2839
792 800
793 802
793 2293
793 795
794 796
794 2883
794 2884
795 1318
795 797
796 818
796 824
797 901
798 2880
798 2881
799 815
799 2886
799 803
800 2840
800 2839
801 2838
801 801
803 821
803 807
804 884
804 2671
804 807
805 1278
805 808
806 2886
806 2887
806 2883
807 2878
808 2878
809 817
810 815
810 813
810 816
811 820
812 814
814 1559
814 1560
815 2471
817 818
817 819
818 1318
820 823
820 1559
820 821
821 2890
822 1559
824 2884
824 2885
825 1327
826 1557
826 928
826 1839
826 1840
827 2078
827 829
827 1709
828 1709
829 831
829 1709
830 1207
830 1710
831 832
832 833
833 834
833 2078
835 1759
835 2863
836 2807
836 2863
837 993
837 2468
837 1323
838 1583
838 2900
838 2964
839 2893
839 3385
840 2935
840 2934
841 1957
841 2957
841 1956
842 845
842 1229
843 1229
843 846
844 845
844 1547
846 1811
847 1520
847 1841
847 2945
848 857
848 1868
848 1854
849 1849
849 850
850 1601
850 3127
851 1859
851 1860
851 1857
852 1848
852 2851
852 1849
853 3427
853 1047
853 1635
854 1635
854 1632
854 1636
855 2188
856 3176
856 3177
856 1109
857 1853
857 1426
858 1417
858 3129
859 2241
859 2243
859 1171
860 861
860 2388
860 862
861 872
863 3122
863 2119
863 2121
864 865
864 1412
864 3122
865 1411
865 2998
866 868
866 867
866 869
868 869
871 2239
871 3288
871 1418
871 1425
872 3006
872 3126
873 2243
873 3129
873 3281
873 3124
874 2241
874 3128
874 2388
875 1428
875 1743
876 2411
876 2137
878 912
879 1831
879 915
880 1672
880 2698
881 882
881 1668
881 2688
882 2580
882 883
883 2698
884 2669
884 1475
885 1475
885 2685
885 2669
886 1311
886 912
887 2294
887 3468
887 3486
888 1430
888 2037
888 2040
889 2032
889 889
890 2012
890 894
891 893
893 895
893 1937
894 2132
894 903
894 960
895 896
895 1937
896 1936
896 2313
897 898
897 1936
897 1935
898 900
898 2132
899 904
900 1317
900 1314
901 2880
901 2881
902 3442
902 2010
903 904
903 1317
904 905
905 1688
905 906
907 908
908 912
908 2812
909 914
909 1832
910 913
910 2467
910 1845
911 2812
914 915
914 1311
915 1311
916 918
920 922
920 923
920 921
921 2768
925 2173
925 1789
925 2776
925 2172
926 2170
927 998
928 929
929 998
929 1839
930 1019
930 3310
931 3310
931 933
931 1025
932 1025
932 3319
932 1026
933 1026
933 2862
934 2116
934 2853
934 935
935 936
935 2856
936 2662
937 973
937 980
937 1241
938 941
938 3035
938 969
939 3035
939 942
940 952
941 951
941 942
942 944
943 947
943 945
945 947
946 950
947 956
948 949
948 950
949 955
949 953
950 953
951 985
951 984
952 954
952 956
952 957
953 955
954 957
954 985
956 958
957 1011
957 1885
958 1005
958 1032
959 1886
959 1016
959 1013
960 961
961 2135
961 2868
962 2135
963 2224
963 1057
963 2605
964 966
965 2600
965 970
965 2223
966 967
966 2561
967 968
967 980
967 978
968 972
968 2223
969 970
969 2600
970 972
971 971
972 973
973 983
974 976
975 976
975 2226
976 977
977 978
977 981
978 979
979 982
979 980
983 984
985 987
986 987
987 1012
988 989
988 2853
989 990
990 991
992 993
992 994
992 1844
993 1844
995 1840
995 1838
996 1520
996 1557
996 1841
997 2945
997 1516
997 1520
998 1534
999 1000
999 1001
1000 1001
1002 1003
1004 1214
1004 1100
1005 1886
1005 1034
1006 1008
1006 1007
1006 1036
1007 2506
1007 1010
1008 2502
1008 1010
1009 2007
1009 1959
1009 1958
1009 2504
1010 2332
1011 1012
1011 1885
1012 1013
1013 1015
1014 1015
1014 1674
1014 1016
1015 1307
1016 1059
1016 1674
1017 2814
1017 1307
1017 1037
1017 1039
1018 1019
1018 1020
1018 1062
1019 1021
1020 1022
1020 1028
1021 1040
1021 1025
1021 3310
1022 1023
1023 1024
1024 1027
1024 1031
1025 1026
1026 3309
1027 2861
1027 3309
1028 2814
1028 3040
1029 3313
1029 3318
1029 1673
1030 1031
1030 3318
1032 1035
1033 1035
1034 1035
1034 2506
1035 1036
1038 1476
1039 1040
1039 1476
1041 1043
1041 1674
1042 1045
1043 1044
1044 1059
1044 1752
1045 2335
1046 1047
1047 3153
1048 2231
1048 1049
1048 1507
1049 2230
1050 3153
1050 1051
1050 2231
1051 1052
1051 1055
1052 2230
1052 3150
1053 1055
1054 1968
1054 2229
1055 2227
1056 2227
1057 2225
1057 3181
1058 2225
1059 1060
1061 3316
1062 3315
1063 1065
1063 1068
1063 3070
1064 1071
1064 1068
1065 1066
1065 1067
1066 3341
1066 1726
1068 1070
1068 1069
1069 1070
1069 1073
1070 1071
1070 1076
1072 3341
1072 1073
1073 1074
1074 2439
1075 1120
1075 2273
1075 2291
1076 2062
1076 2287
1077 2273
1077 1079
1077 1078
1078 2285
1078 1080
1079 3230
1079 1081
1080 1085
1080 1081
1081 2267
1082 2030
1082 2272
1082 2289
1083 3302
1083 2030
1083 1167
1084 1491
1084 1492
1085 1087
1086 1493
1086 1494
1086 1496
1087 1088
1088 2441
1089 1733
1089 2073
1089 3235
1090 1538
1091 3038
1091 1205
1091 2981
1092 1201
1092 2592
1092 1204
1092 1223
1092 2976
1093 3314
1094 2941
1095 2941
1095 2630
1096 1212
1097 1098
1097 1102
1099 1103
1099 1102
1100 1212
1100 1103
1101 2803
1101 1923
1101 2906
1102 1103
1103 1214
1104 1716
1104 3176
1104 1170
1104 3018
1105 1106
1105 1164
1105 1165
1106 1107
1106 1164
1107 2912
1108 3479
1108 1109
1108 1110
1109 3175
1109 2499
1110 2497
1110 2499
1110 3002
1111 1112
1111 3010
1111 1462
1111 1487
1112 1370
1112 1487
1113 2355
1113 1488
1113 1114
1114 1488
1114 1489
1115 1118
1115 1115
1116 1116
1116 1617
1117 1119
1117 1489
1117 2646
1117 1490
1118 1730
1118 1123
1119 2350
1119 2996
1120 2439
1120 1730
1121 1758
1121 1756
1121 3002
1122 1756
1122 1415
1122 1416
1123 2061
1123 2278
1124 1518
1124 1291
1124 2946
1125 1126
1126 1215
1127 3132
1127 2650
1127 2989
1128 1438
1128 1577
1128 1529
1129 1707
1129 2092
1129 1535
1130 1659
1131 1477
1131 3435
1131 3433
1132 2342
1132 2338
1132 1622
1133 1917
1133 1629
1134 1629
1134 2931
1134 1169
1134 2318
1135 1991
1135 2861
1136 1137
1136 1697
1138 1771
1138 1434
1138 1772
1139 2344
1139 2438
1140 2344
1140 2437
1141 1452
1141 1321
1142 1155
1142 1321
1142 1156
1143 1156
1144 3125
1144 2485
1144 2121
1145 2912
1145 1146
1145 1147
1146 1616
1146 1147
1147 1616
1148 3371
1148 2180
1148 3369
1149 1154
1149 1152
1150 1153
1150 1152
1150 1151
1151 2138
1152 2141
1153 1454
1153 2141
1154 3284
1154 2138
1155 1156
1155 3284
1157 3103
1157 1285
1158 1159
1158 3103
1158 1458
1159 1285
1160 1161
1160 1458
1161 1162
1162 3011
1164 1165
1165 3479
1166 2327
1166 2646
1166 2355
1167 1168
1167 2646
1169 1434
1169 1433
1170 1618
1170 3174
1170 3005
1171 3126
1171 2240
1171 1425
1172 1173
1173 1796
1174 1178
1175 1175
1176 1177
1176 2405
1176 2406
1180 1181
1182 1185
1182 2623
1182 2618
1183 3201
1183 1741
1183 1900
1184 1898
1184 2106
1184 2627
1185 2111
1185 2611
1185 2610
1186 2607
1186 2532
1186 3195
1186 1193
1187 3099
1187 3090
1187 2606
1187 1764
1188 2608
1188 2617
1188 3092
1188 1768
1189 1790
1189 1740
1189 3201
1190 2613
1190 2108
1190 2106
1190 3198
1191 1926
1191 2607
1191 2621
1192 2460
1192 3096
1192 3198
1192 2457
1193 2914
1193 3091
1193 3195
1193 3097
1194 1767
1194 2612
1194 3086
1194 2109
1195 3138
1195 3139
1195 2980
1196 1202
1196 2815
1197 1198
1197 2592
1198 1200
1199 2976
1199 1218
1200 2980
1201 1205
1201 2981
1201 1204
1202 1966
1202 1203
1203 2982
1205 1219
1205 1224
1205 1223
1207 2393
1208 1209
1209 1210
1209 2393
1211 1213
1212 2016
1215 1216
1216 1217
1218 1223
1218 2975
1218 2976
1219 2975
1219 1223
1219 1227
1220 2978
1220 1227
1220 2317
1220 1224
1221 1225
1222 2317
1222 2316
1224 2316
1225 1226
1225 2979
1226 1228
1226 2978
1227 2977
1227 2315
1228 2315
1230 1231
1232 1233
1232 1236
1232 1237
1233 3239
1233 2143
1233 1234
1234 1235
1234 1237
1235 2117
1236 2071
1236 2143
1237 2117
1238 1874
1238 2144
1238 3238
1239 1240
1240 2151
1241 1473
1242 1284
1243 1252
1243 1260
1243 1271
1244 1269
1244 2826
1244 1256
1245 2831
1245 2823
1246 1253
1246 1248
1246 1258
1247 1252
1247 1262
1247 1274
1248 1256
1248 2824
1249 1267
1249 2472
1249 1265
1250 2832
1250 1274
1250 2567
1251 1252
1251 1266
1251 1271
1252 2693
1253 1263
1253 1258
1254 1261
1254 2481
1255 1256
1255 1273
1255 1681
1257 1264
1257 2472
1259 1267
1260 1262
1260 1271
1265 2473
1265 2479
1265 1914
1266 1274
1266 2694
1267 2478
1268 2831
1268 2822
1270 1270
1273 2830
1273 2694
1275 1681
1276 1281
1276 1279
1276 2567
1277 3418
1277 2676
1277 2569
1278 1281
1278 1279
1279 2668
1280 2573
1280 2577
1280 1915
1281 3418
1282 1283
1283 2811
1284 1473
1285 1286
1286 1795
1288 2008
1289 1290
1289 1957
1290 2953
1290 2952
1291 1517
1291 2947
1292 1295
1293 2540
1293 1995
1294 1295
1294 2542
1294 3173
1295 2335
1296 2815
1296 1736
1296 3139
1297 1299
1297 3162
1297 1298
1298 3158
1298 1881
1299 1881
1299 3169
1301 1303
1302 2114
1302 1303
1303 1537
1305 1306
1307 1308
1309 1310
1310 3308
1310 1521
1310 3283
1312 1595
1312 2009
1314 1427
1314 2311
1315 1316
1316 1318
1316 2882
1317 3440
1319 3442
1319 1320
1321 2461
1322 1323
1324 2763
1324 1598
1324 1456
1324 1457
1325 1598
1325 2763
1325 1552
1325 1554
1326 3063
1326 3054
1327 1909
1328 1539
1328 1536
1329 2636
1329 1541
1329 1540
1330 1541
1331 1333
1332 1593
1332 1925
1333 1335
1333 2324
1334 1335
1334 1337
1334 1336
1335 1336
1338 2323
1338 1340
1338 1341
1339 2326
1339 1341
1339 1340
1340 1341
1342 1603
1342 1346
1342 1344
1343 1757
1343 1344
1343 1345
1344 1371
1345 1346
1345 2714
1346 1602
1347 2708
1347 2737
1347 2736
1347 3243
1348 1353
1348 1365
1348 1366
1349 2741
1349 2709
1349 3259
1350 1351
1350 1631
1350 1359
1351 1360
1351 1367
1351 1399
1352 1397
1352 1657
1352 1406
1354 1355
1354 2745
1354 2746
1355 1358
1355 1360
1355 1403
1356 1357
1357 1358
1357 2746
1357 1362
1358 1363
1358 1401
1359 1360
1359 2745
1360 1400
1361 1362
1362 1363
1362 1365
1363 1366
1363 1402
1364 1365
1365 1366
1367 2740
1367 1396
1367 2738
1368 1558
1368 2715
1369 2327
1369 2440
1369 1374
1370 1485
1370 1486
1371 1381
1371 1372
1372 1373
1372 1376
1373 1376
1373 1377
1374 1388
1374 1375
1375 1391
1375 1392
1376 1378
1377 1378
1377 1380
1378 1379
1379 1383
1379 1380
1380 1382
1380 1381
1381 1720
1382 1383
1382 1384
1383 1385
1384 1385
1384 1387
1385 1386
1386 1390
1386 1387
1387 1389
1387 1388
1388 1723
1389 1391
1389 1390
1390 1392
1391 1392
1393 2743
1393 1406
1393 1866
1394 1545
1394 1398
1394 1406
1395 1865
1395 2706
1395 1402
1396 1399
1396 1398
1397 2740
1397 1398
1399 1400
1399 2707
1400 1405
1401 1402
1401 1405
1404 1405
1407 1409
1407 1408
1407 1411
1408 1412
1408 1410
1409 3436
1409 1410
1410 1414
1411 1412
1413 3436
1413 1687
1413 1414
1414 1687
1415 2120
1415 1416
1416 2119
1417 2240
1418 1422
1418 1420
1419 1420
1419 3287
1420 3288
1421 1422
1421 1424
1423 2163
1425 2851
1425 3288
1426 1601
1426 1600
1428 2874
1428 2892
1429 1689
1429 2297
1429 1688
1430 1689
1430 1805
1431 1775
1431 2390
1431 2450
1431 1774
1432 2435
1432 1769
1432 2549
1433 1930
1433 1931
1434 1930
1436 2095
1436 1438
1436 2097
1437 1438
1437 2092
1437 2094
1440 1498
1441 2323
1441 1442
1441 2321
1441 2324
1442 1800
1442 1801
1443 1446
1443 3481
1443 1692
1444 1696
1444 1695
1444 3481
1445 1695
1445 1508
1446 1448
1446 1701
1447 1702
1447 1701
1447 1697
1448 3477
1448 1702
1449 1450
1449 1525
1451 2020
1451 1525
1451 1735
1452 2020
1452 1735
1453 1454
1454 2554
1455 2767
1455 1928
1455 1933
1456 3056
1456 3052
1456 1457
1459 3009
1459 3008
1459 2121
1460 1460
1461 2501
1462 1700
1462 3345
1463 1700
1463 1464
1463 1465
1465 2483
1465 1699
1466 2329
1466 3345
1466 1467
1467 3343
1467 1596
1468 1620
1468 1484
1468 1471
1469 1479
1469 1480
1469 3077
1470 3343
1470 1483
1470 1484
1471 1484
1471 1472
1472 1478
1472 1479
1473 1474
1474 2564
1474 2563
1475 1670
1476 2060
1477 1686
1478 3003
1478 3004
1478 1479
1480 3078
1480 2369
1481 2366
1481 1482
1481 1483
1482 2369
1482 1483
1485 1486
1485 1699
1486 1490
1487 1488
1489 1490
1491 2345
1491 1492
1492 1494
1493 1494
1493 3302
1495 1496
1495 1497
1496 1497
1498 1526
1499 1500
1499 2211
1499 1501
1500 2233
1500 1634
1500 2234
1501 1542
1501 2234
1502 1666
1502 2188
1502 3334
1503 1542
1503 2236
1503 1781
1503 1783
1504 1783
1504 3279
1504 1506
1504 1542
1505 2232
1505 3337
1505 1507
1505 2231
1506 2212
1506 2213
1507 3338
1508 1925
1508 1696
1509 2816
1509 3307
1510 2394
1511 1512
1511 1579
1512 1577
1513 2817
1514 2301
1514 2991
1516 1517
1516 2948
1517 2950
1518 1519
1518 1842
1519 2949
1519 1557
1521 3416
1522 3293
1522 3443
1523 3294
1523 3291
1523 3293
1524 3225
1524 3226
1525 1734
1527 2212
1527 3338
1527 2211
1527 3337
1529 1530
1529 1820
1529 2989
1531 3405
1531 2924
1532 1533
1534 2937
1536 1537
1537 1538
1538 1643
1539 1540
1539 2926
1540 1541
1541 1704
1542 2235
1543 3251
1543 3255
1543 3253
1544 3240
1544 1545
1546 1646
1548 1610
1548 1549
1548 3003
1549 1551
1549 3399
1550 3018
1551 1932
1551 1554
1552 1554
1552 3018
1553 1612
1553 3177
1553 2122
1554 3399
1555 1622
1555 3028
1555 1627
1556 3483
1556 1807
1556 3484
1558 2362
1558 1757
1562 2597
1562 2588
1562 1565
1563 2588
1563 1566
1564 1567
1565 1566
1565 1567
1566 1567
1568 2407
1568 1575
1569 1570
1569 3329
1569 2407
1571 1572
1571 1573
1572 1574
1573 1574
1573 1575
1577 1707
1578 1579
1578 3401
1579 2817
1579 1645
1580 2972
1580 3212
1580 3211
1581 2965
1581 2898
1581 3219
1581 1814
1582 2964
1582 1583
1582 1584
1583 2958
1584 2962
1584 1585
1585 2936
1585 3389
1586 2959
1586 2901
1586 2958
1587 2961
1587 2932
1587 2960
1588 1689
1589 2892
1589 2045
1589 2051
1590 2331
1591 3395
1592 1593
1594 2115
1594 2023
1594 2085
1594 1595
1595 2300
1597 1599
1597 2767
1598 1933
1599 2763
1601 2019
1602 2717
1603 3246
1603 3245
1604 2735
1605 1606
1605 3463
1605 2716
1607 2716
1607 3245
1607 3244
1608 2716
1610 1611
1610 2765
1611 1612
1613 1647
1614 1647
1614 2910
1614 2908
1614 2909
1615 2908
1616 3125
1617 1618
1617 3175
1618 1619
1620 3339
1620 1621
1621 2910
1621 3462
1622 1654
1622 1623
1623 1624
1623 1626
1624 1630
1625 1630
1625 1659
1625 1626
1626 1628
1627 3011
1627 2466
1627 1628
1628 2465
1629 1916
1629 1931
1631 2736
1631 2735
1632 1636
1633 2213
1633 3338
1633 3192
1634 1636
1634 2232
1635 3371
1637 3014
1637 3366
1637 3285
1638 3193
1638 3277
1638 3358
1639 3357
1639 2789
1639 3194
1639 3184
1640 1641
1641 1642
1642 3284
1644 2802
1644 1646
1645 1646
1647 3177
1648 2123
1648 3021
1648 1650
1649 3430
1649 1660
1649 3429
1650 3429
1650 1655
1651 3431
1651 1653
1651 1652
1652 3431
1652 1656
1652 1660
1652 1654
1653 3432
1653 1656
1654 3428
1654 3012
1655 3021
1655 3428
1656 3012
1657 2739
1657 1866
1658 2739
1658 1867
1658 2737
1660 3431
1660 3432
1661 1662
1662 2985
1662 2983
1663 2988
1663 2986
1663 2985
1665 3440
1666 3322
1666 2174
1667 2238
1667 3043
1667 2200
1668 2683
1668 2670
1669 2580
1669 2684
1670 3066
1670 2680
1671 2810
1671 2811
1676 1677
1677 1678
1677 1679
1677 1680
1682 2835
1683 1684
1683 2336
1685 1917
1686 2342
1687 1755
1688 3440
1690 1691
1690 3407
1690 1939
1691 2925
1691 1938
1692 1798
1692 3482
1693 1913
1693 1694
1693 2845
1694 2780
1695 1696
1695 3482
1696 2926
1697 1698
1699 1700
1701 1702
1701 3481
1702 1703
1704 1708
1704 1705
1705 1706
1706 1707
1708 2636
1708 2078
1709 1710
1710 1711
1711 1712
1712 1713
1713 1714
1714 3471
1715 2019
1715 1716
1717 1720
1717 1724
1717 1729
1718 1719
1718 1723
1718 1729
1719 1722
1719 1727
1720 1723
1721 1728
1721 1726
1721 1724
1724 1728
1725 1727
1725 1728
1725 1729
1726 1727
1730 1731
1732 2262
1732 2026
1732 2028
1733 2263
1733 3234
1734 1735
1735 2020
1737 1954
1737 2944
1737 2946
1737 2952
1738 2796
1738 2259
1739 2167
1740 3200
1740 1779
1740 1793
1741 3199
1741 3200
1742 1746
1742 1743
1742 2411
1743 1744
1744 1746
1744 1745
1745 2647
1745 1746
1747 2942
1748 2165
1748 1803
1749 2579
1749 2691
1749 2692
1750 2000
1751 1752
1751 1753
1751 3040
1753 1754
1753 3311
1755 3130
1755 3128
1756 3007
1756 3008
1757 2713
1757 2712
1758 3174
1758 2499
1759 1844
1759 2137
1760 3472
1761 3420
1762 2621
1762 2619
1762 2615
1762 3400
1763 3087
1763 2611
1763 2619
1763 2623
1764 3093
1764 3094
1764 3100
1765 3100
1765 2620
1765 2616
1765 2625
1766 2627
1766 2612
1766 2620
1766 1767
1767 3095
1767 3088
1768 2625
1768 2519
1769 1770
1769 2155
1769 1776
1770 1773
1770 1771
1770 1772
1771 1774
1772 2417
1773 1776
1773 1778
1773 1774
1773 1775
1773 1926
1775 1777
1776 2549
1776 1926
1777 1778
1777 3080
1778 1892
1779 3143
1779 1780
1780 2531
1780 2519
1780 1793
1781 3335
1781 2192
1782 1786
1782 1785
1783 1784
1783 1786
1784 1787
1784 1785
1785 3276
1785 1786
1786 3279
1787 1788
1787 3275
1787 2527
1788 3336
1788 2192
1788 2779
1789 2528
1789 2527
1790 1792
1791 3145
1791 1792
1791 2526
1792 2172
1794 1795
1794 3305
1794 1797
1794 1869
1795 1796
1796 1798
1796 2819
1797 1800
1798 2159
1799 1800
1801 3325
1802 2374
1802 2380
1803 1804
1804 3289
1805 2297
1805 3439
1806 1891
1806 2629
1807 1891
1807 2918
1810 1812
1810 1811
1814 2897
1814 2974
1815 1816
1815 2099
1815 2087
1816 1818
1816 1817
1817 2658
1817 2656
1818 1820
1818 1819
1819 2661
1819 2659
1820 1821
1821 2655
1821 2660
1823 2089
1824 1825
1826 1828
1827 1828
1831 1832
1833 1834
1833 2305
1833 2940
1833 2304
1834 2939
1834 3206
1835 3206
1836 1837
1837 1838
1839 3492
1840 1841
1842 2949
1842 2860
1842 2943
1843 2539
1843 2482
1845 1846
1847 2386
1847 1848
1847 2162
1848 1849
1850 1859
1850 1851
1850 3027
1851 3020
1851 3025
1851 3027
1852 3024
1852 3020
1852 1863
1853 1854
1853 1855
1854 1856
1855 1856
1855 1857
1856 1858
1857 1858
1858 1859
1860 1861
1860 1862
1861 3027
1861 3024
1862 1863
1864 3129
1864 2243
1864 2240
1866 1867
1869 1870
1870 1871
1870 1912
1871 2074
1872 2081
1872 2077
1872 2079
1873 2758
1873 2077
1874 3239
1874 1912
1875 1876
1876 1877
1876 2384
1878 1880
1878 2371
1878 2372
1879 2372
1880 2373
1880 2374
1881 1883
1882 1883
1884 3158
1885 1886
1887 3292
1887 1913
1887 1910
1888 3292
1888 3291
1889 1890
1889 2101
1890 2916
1890 2124
1891 2124
1892 1895
1892 3080
1893 2428
1893 3080
1894 2426
1894 2432
1894 2112
1895 2431
1895 2112
1896 1897
1896 3330
1896 2458
1896 3332
1897 2451
1897 2458
1898 1899
1899 2454
1899 3199
1899 2105
1900 2454
1900 3331
1901 1902
1901 1924
1903 1904
1905 1906
1905 3401
1907 1908
1909 2083
1911 2628
1911 2102
1913 3484
1914 2476
1914 2475
1915 2568
1915 2574
1915 2573
1916 2318
1916 1917
1918 1919
1918 2780
1919 2781
1919 2780
1920 1921
1921 1922
1923 2116
1924 2643
1925 3323
1927 1928
1928 1934
1929 2306
1929 2426
1929 2310
1930 1931
1932 3053
1933 2767
1935 2804
1935 2013
1936 2130
1937 2013
1938 2101
1938 1939
1939 2102
1940 1941
1940 3107
1940 1944
1941 1950
1941 1951
1942 1952
1942 1943
1942 1948
1943 3110
1943 2146
1944 1949
1944 3110
1945 1946
1945 1952
1945 3109
1946 1950
1946 1951
1947 3109
1947 1951
1947 2147
1948 3109
1948 2145
1949 1952
1949 1950
1953 2932
1954 2954
1954 2952
1955 2956
1955 3391
1955 2008
1956 2956
1956 2954
1957 2954
1958 2007
1958 2332
1959 1960
1959 2007
1960 1961
1960 2006
1961 2005
1962 3317
1962 2006
1962 2929
1963 2435
1963 2153
1963 2142
1964 1965
1965 1966
1967 3186
1967 1970
1967 2215
1968 2215
1968 3152
1969 1973
1969 2215
1969 1970
1970 1981
1971 1975
1971 1972
1972 1973
1972 3184
1972 1975
1973 1974
1974 1981
1974 1975
1976 3278
1976 3279
1977 3185
1977 3278
1977 1980
1978 1979
1978 3185
1978 3186
1981 3185
1982 3185
1982 3280
1982 2214
1983 2789
1983 3184
1983 2790
1983 1987
1984 1985
1985 1987
1985 2790
1986 2790
1987 1988
1988 2791
1988 1989
1990 1994
1991 1993
1992 1993
1994 2517
1995 2513
1996 1997
1997 2473
1998 1999
1998 3167
1998 3168
1999 2543
1999 2540
2000 2664
2000 3445
2001 2002
2003 2004
2005 2006
2005 2928
2010 2849
2010 3485
2011 2649
2012 2013
2014 3225
2014 2973
2015 2897
2015 2016
2017 2422
2018 2018
2019 3048
2021 2921
2021 2920
2022 3355
2022 3354
2022 3352
2023 2024
2024 2115
2025 2075
2025 2079
2025 2076
2026 2027
2026 2262
2027 3234
2027 2029
2028 2029
2028 3235
2029 2262
2030 2031
2031 2351
2031 2352
2032 2046
2032 2409
2032 2647
2032 2035
2033 2037
2033 2034
2033 2035
2034 2036
2035 2036
2037 2039
2038 2044
2038 2043
2039 2041
2039 2040
2040 2042
2041 2043
2041 2042
2042 2044
2043 2044
2046 2049
2046 3438
2047 2050
2047 2852
2048 2852
2048 2050
2048 2049
2049 3438
2051 2891
2052 2053
2053 2891
2055 2056
2056 2058
2056 3320
2057 2058
2058 2060
2059 2060
2061 2287
2061 2445
2062 2063
2062 2441
2063 2446
2064 2065
2064 2067
2064 2072
2066 2069
2067 2069
2067 2068
2069 2070
2071 2073
2071 3237
2072 3237
2072 3236
2073 3236
2074 2075
2075 2076
2076 2152
2077 2081
2079 2082
2080 2082
2081 2144
2082 2144
2083 2845
2083 2089
2084 2085
2084 3407
2084 2115
2085 3406
2086 2088
2086 2087
2086 2097
2089 2090
2089 2093
2090 2092
2090 2091
2093 2096
2093 2094
2094 2095
2095 2096
2096 2097
2098 2657
2098 2099
2098 3136
2099 2100
2101 2102
2103 2293
2103 2127
2104 3335
2104 3322
2104 3336
2105 2613
2105 2106
2106 2107
2107 2108
2107 2627
2108 2612
2108 3102
2109 3102
2109 3084
2109 3096
2110 2111
2110 2623
2110 3083
2111 2455
2111 2610
2112 3081
2112 3080
2113 2926
2114 2926
2118 3030
2119 3008
2119 3123
2120 3124
2120 3005
2120 3130
2121 2995
2122 3399
2122 3176
2122 3077
2123 3432
2123 3430
2124 2628
2125 2126
2125 2890
2127 2311
2127 2128
2129 2130
2130 2131
2132 2133
2134 2868
2135 2867
2136 2867
2137 3441
2138 2463
2139 2922
2140 2558
2141 2558
2143 3238
2145 3108
2146 3111
2148 3197
2148 2391
2148 3196
2149 3196
2149 2800
2150 2151
2153 2154
2155 2159
2155 2156
2156 2160
2157 2160
2157 2158
2158 2159
2161 2162
2164 3289
2166 2167
2168 2169
2170 2171
2171 3202
2172 2173
2173 3202
2175 2178
2175 2177
2176 2178
2176 2177
2176 2188
2178 2179
2180 3372
2180 3370
2181 2182
2182 2186
2183 2184
2184 3370
2184 2185
2186 3372
2186 2187
2189 2190
2190 2191
2192 2193
2193 2195
2193 2197
2194 2195
2195 2196
2198 2204
2198 2203
2199 2200
2199 2202
2199 2205
2200 2201
2201 2203
2201 2202
2202 2204
2203 2204
2206 2207
2208 2209
2208 2210
2211 2233
2211 2212
2212 2213
2213 2214
2214 3186
2215 2216
2216 2217
2217 2218
2218 2219
2219 2220
2220 3187
2221 2222
2221 2601
2221 3187
2222 2604
2222 2223
2224 2561
2224 2225
2225 2226
2226 2227
2227 3151
2228 3151
2228 2229
2228 3150
2229 2230
2229 3150
2230 2231
2232 2233
2232 3337
2234 2235
2235 2236
2236 3335
2236 3334
2237 3043
2237 3322
2237 2238
2238 3043
2239 2851
2239 3290
2240 2851
2241 2242
2241 3006
2242 3281
2242 2243
2244 2245
2245 2249
2246 2524
2246 2247
2247 2248
2247 2784
2250 2251
2250 2254
2250 2252
2252 2253
2253 2254
2255 2257
2256 2257
2256 2787
2258 2523
2258 2784
2260 2261
2263 2443
2263 3233
2264 3233
2265 3232
2265 2267
2265 2443
2266 3231
2266 2268
2266 2272
2267 3231
2268 3232
2268 2270
2269 2270
2270 2271
2272 3230
2273 2276
2274 2275
2274 2276
2274 2277
2276 2277
2277 2286
2278 2279
2278 2283
2279 2285
2279 2284
2280 2281
2281 2282
2281 2283
2282 2283
2282 2284
2284 2286
2285 2286
2287 2288
2289 2291
2289 2290
2291 2292
2294 2299
2295 2296
2295 3439
2295 3486
2296 2298
2296 2299
2297 2298
2298 2299
2300 3321
2301 2993
2301 2633
2302 2633
2302 3079
2303 2304
2303 2633
2305 2939
2306 2309
2306 2307
2307 2308
2307 2310
2308 2429
2308 2309
2309 2310
2311 2312
2312 2313
2312 2314
2315 2978
2315 2977
2316 2317
2317 2979
2318 2465
2319 2921
2319 3403
2319 2844
2320 2321
2321 2322
2321 2324
2322 2323
2322 2325
2327 2328
2329 3339
2329 2330
2331 2334
2332 2334
2333 2334
2336 2337
2338 2339
2338 3021
2340 2341
2341 2342
2341 2343
2344 3465
2345 2347
2345 2346
2347 2752
2347 2348
2348 2349
2349 2350
2350 2754
2352 2353
2352 2354
2355 2356
2357 2363
2357 2362
2357 2360
2358 2360
2359 2361
2360 2361
2361 2362
2362 2749
2363 2364
2363 2366
2364 2365
2364 2367
2365 2366
2365 2368
2368 2370
2368 2369
2371 3073
2371 2703
2372 2373
2373 2382
2373 2381
2374 2376
2375 2376
2376 2377
2377 2379
2377 3071
2378 2379
2379 2380
2382 2384
2382 2383
2384 2385
2386 2387
2388 2389
2391 2392
2393 2394
2394 3476
2395 2396
2395 2398
2396 2397
2396 2399
2397 2398
2397 2403
2400 2402
2400 2406
2400 2403
2402 2403
2405 2406
2407 3327
2408 2409
2408 3068
2410 3068
2411 2413
2412 2413
2413 2647
2413 2805
2414 2416
2414 2415
2414 2819
2416 2417
2416 2418
2417 2418
2418 2420
2419 2420
2420 2421
2422 2424
2422 2766
2423 2424
2424 2425
2426 2428
2427 2428
2430 2433
2431 3081
2431 2434
2432 2433
2432 3081
2433 3286
2434 2618
2434 3286
2435 2436
2439 2440
2441 2442
2443 2444
2444 2761
2444 2762
2445 2446
2445 2447
2448 2449
2451 2452
2451 2460
2452 2453
2452 2454
2454 3332
2455 2457
2455 3082
2456 2459
2457 2459
2459 2460
2461 3495
2461 2462
2463 2464
2465 2466
2466 2782
2467 2468
2467 2469
2468 2469
2469 2470
2474 2475
2475 2476
2476 2477
2477 2478
2479 2480
2482 3162
2482 2565
2482 3159
2483 2485
2483 2484
2484 3010
2484 2486
2485 3010
2487 2492
2488 2489
2488 2492
2488 2494
2489 3002
2489 2490
2490 3001
2491 2492
2493 2494
2494 2495
2495 2496
2495 2497
2497 2498
2500 2501
2501 2847
2502 2504
2502 2503
2503 2503
2503 2504
2506 2507
2508 2509
2510 2511
2513 2517
2513 2515
2514 2515
2516 2517
2519 3142
2519 2626
2520 3142
2521 2522
2522 2523
2522 3045
2523 2524
2524 2799
2525 2526
2525 3147
2525 2528
2526 3146
2527 3149
2528 3148
2529 3149
2530 3148
2531 3142
2531 3144
2532 2615
2532 2533
2532 3091
2533 2621
2533 2607
2534 2607
2534 2923
2534 3195
2535 3164
2535 3168
2535 2537
2536 2543
2536 2540
2536 2542
2537 3166
2537 2543
2537 3165
2538 3165
2538 2544
2538 3163
2539 3164
2539 3163
2541 3167
2541 2542
2541 3172
2541 3171
2542 2543
2544 3166
2544 3170
2545 2905
2545 2546
2546 2547
2549 2550
2549 2927
2551 2552
2551 2922
2551 2556
2552 2554
2552 2927
2553 2554
2553 2556
2553 2555
2553 2558
2556 2557
2559 2560
2561 2562
2563 2563
2567 2569
2568 2569
2568 2570
2569 2570
2570 2571
2571 2571
2572 2572
2572 2573
2574 2587
2574 2578
2575 2576
2576 2578
2576 2577
2577 2579
2578 2586
2579 2692
2580 2581
2581 2582
2583 2585
2584 2585
2585 2587
2586 2692
2586 2587
2588 2589
2590 2591
2592 2976
2594 2597
2594 2595
2596 2597
2598 2599
2600 2601
2601 2603
2602 2603
2602 3409
2604 2605
2606 3091
2606 3098
2606 3097
2608 2617
2608 3097
2608 2624
2609 2610
2610 3286
2611 3085
2613 3198
2614 3195
2615 3090
2616 3092
2616 3099
2617 3142
2618 2622
2619 3089
2619 2622
2620 3101
2620 2626
2621 2622
2622 2623
2624 3092
2624 3098
2625 2626
2625 3092
2626 2627
2628 2629
2629 2902
2630 2631
2630 2937
2631 2632
2634 2635
2634 2802
2635 2992
2636 2637
2636 2638
2637 2638
2637 2639
2640 2643
2640 2641
2641 2642
2641 2645
2642 2643
2642 2645
2644 2645
2648 3067
2649 3067
2650 2652
2651 2989
2651 2655
2651 2652
2652 2654
2654 2655
2656 2657
2658 2659
2660 2661
2662 2856
2663 2668
2663 3445
2664 2666
2665 2666
2666 2667
2669 2674
2670 2685
2670 2674
2671 2673
2671 2676
2672 2679
2672 2673
2673 2674
2675 2676
2675 2678
2675 2679
2677 2678
2678 2679
2680 2681
2680 2682
2681 2684
2681 2682
2682 3065
2683 2686
2683 2687
2684 3065
2685 3066
2686 3065
2686 3066
2688 2689
2689 2691
2690 2691
2694 2695
2696 2697
2700 3179
2701 2702
2703 2705
2703 2704
2708 3464
2708 2711
2709 3248
2709 3258
2710 3463
2710 2726
2710 2734
2710 3464
2711 3244
2711 3463
2714 2719
2714 2715
2714 2717
2717 2718
2718 2719
2718 2720
2718 2748
2719 2721
2720 2729
2720 2721
2721 2723
2722 2723
2722 2731
2722 2729
2723 2725
2724 2725
2724 2726
2724 2731
2725 2727
2726 2727
2727 2734
2728 2732
2729 2732
2730 2733
2731 2733
2732 2733
2734 2735
2735 3464
2736 2738
2737 2738
2739 2740
2741 3257
2741 3268
2742 2744
2742 3242
2743 3241
2743 2744
2745 2746
2747 3247
2747 3260
2747 3248
2749 2750
2749 2751
2752 2754
2752 2753
2753 2754
2753 2755
2756 2757
2758 2759
2758 3459
2759 2760
2759 3019
2763 2764
2765 3462
2765 3004
2767 3053
2768 2770
2768 2769
2771 2772
2773 2774
2776 2779
2776 3203
2777 3203
2777 2778
2778 3204
2779 3204
2782 2931
2782 3034
2784 2785
2786 2787
2786 2788
2791 3184
2791 2792
2793 3183
2794 2795
2794 2798
2796 2798
2796 2797
2797 2798
2797 2799
2799 3044
2800 2801
2807 2809
2807 2808
2808 2809
2808 2821
2812 2813
2814 3470
2816 3401
2817 2818
2819 2820
2822 2832
2822 2825
2823 2825
2823 2824
2824 2833
2825 2827
2826 2829
2826 2827
2827 2828
2828 2829
2828 2830
2829 2830
2831 2832
2833 2834
2835 2836
2837 2840
2837 2838
2840 2841
2842 2843
2844 2921
2844 3350
2845 2846
2847 2848
2849 2850
2852 3438
2853 2854
2855 2856
2857 3320
2857 3319
2858 2860
2858 2859
2859 3396
2859 2860
2861 3309
2862 3309
2863 2864
2864 2865
2864 2866
2867 2868
2869 2869
2869 3442
2870 2873
2871 3068
2871 3069
2872 3068
2873 3069
2874 2875
2874 3468
2876 2879
2877 2889
2877 2888
2877 2879
2878 2879
2881 2882
2881 2885
2882 2885
2883 2884
2886 2889
2887 2888
2888 2889
2890 3067
2891 2892
2893 2896
2893 2894
2894 2895
2895 2896
2897 2898
2898 2899
2899 2964
2899 2962
2900 3212
2900 2958
2900 2972
2901 3227
2901 3373
2901 3212
2902 2903
2903 2904
2904 2924
2905 2906
2907 2908
2910 2911
2912 2913
2914 2915
2917 2918
2919 2920
2922 2923
2923 2927
2924 2925
2925 3402
2928 3317
2929 2930
2931 3032
2932 3390
2932 2933
2932 3395
2933 3391
2934 2945
2935 3394
2936 3388
2936 2962
2936 3385
2937 2938
2938 2939
2943 2946
2943 2955
2944 2947
2944 2946
2945 2948
2947 2950
2947 2953
2948 2950
2949 3492
2950 2951
2951 2953
2952 2953
2959 2960
2959 3373
2960 3395
2961 3390
2961 3389
2963 3222
2963 3225
2964 2965
2965 2967
2966 3213
2966 3222
2966 3218
2967 3218
2967 3219
2968 3226
2968 3224
2969 2970
2969 3215
2969 3224
2970 3214
2970 3229
2971 3211
2971 2972
2971 3229
2973 2974
2974 3219
2975 2977
2978 2979
2980 3447
2981 2982
2982 3421
2984 2986
2985 2986
2987 2988
2990 2992
2991 2993
2991 2992
2993 3132
2994 2997
2995 2996
2995 3122
2996 2997
2997 2998
2997 2999
2998 2999
2999 3000
3001 3009
3003 3004
3004 3462
3005 3129
3005 3007
3006 3126
3007 3174
3009 3125
3010 3125
3011 3028
3012 3028
3014 3359
3014 3015
3015 3017
3015 3016
3018 3399
3020 3025
3020 3024
3022 3433
3022 3023
3025 3026
3029 3031
3029 3030
3030 3031
3031 3034
3032 3033
3032 3034
3035 3036
3037 3038
3040 3042
3040 3041
3044 3045
3046 3047
3048 3050
3048 3049
3049 3051
3052 3058
3052 3053
3054 3055
3054 3064
3056 3063
3056 3057
3057 3058
3057 3062
3057 3060
3058 3059
3061 3062
3062 3064
3063 3064
3065 3066
3072 3075
3072 3076
3072 3074
3073 3075
3073 3074
3074 3075
3076 3077
3076 3078
3077 3078
3081 3286
3082 3083
3082 3084
3083 3084
3083 3085
3084 3086
3085 3086
3085 3087
3086 3088
3087 3088
3087 3089
3088 3095
3089 3094
3089 3400
3090 3400
3090 3091
3093 3400
3093 3094
3094 3095
3095 3101
3096 3102
3097 3098
3098 3099
3099 3100
3100 3101
3101 3102
3103 3104
3105 3106
3107 3111
3110 3111
3112 3113
3113 3113
3114 3121
3115 3120
3116 3117
3118 3411
3119 3411
3119 3120
3119 3121
3120 3121
3122 3123
3123 3130
3124 3282
3126 3288
3128 3281
3130 3282
3132 3133
3133 3135
3133 3134
3135 3136
3136 3137
3138 3141
3139 3140
3140 3141
3143 3200
3143 3199
3144 3145
3145 3146
3146 3147
3147 3148
3148 3149
3151 3152
3153 3154
3155 3159
3156 3157
3157 3158
3157 3160
3158 3159
3161 3162
3162 3163
3164 3165
3165 3166
3166 3171
3167 3168
3169 3170
3170 3172
3170 3171
3172 3173
3174 3175
3175 3176
3181 3187
3182 3187
3186 3192
3188 3190
3188 3189
3189 3191
3189 3190
3193 3194
3196 3197
3200 3201
3201 3202
3202 3203
3203 3204
3204 3336
3205 3206
3206 3207
3207 3209
3208 3209
3210 3229
3210 3218
3211 3217
3213 3220
3213 3216
3214 3215
3214 3217
3215 3221
3216 3218
3216 3219
3217 3229
3220 3222
3220 3225
3221 3224
3221 3226
3222 3223
3223 3224
3227 3228
3227 3383
3230 3231
3231 3232
3232 3233
3233 3234
3234 3235
3235 3236
3236 3237
3237 3238
3238 3239
3240 3253
3240 3241
3241 3256
3241 3242
3242 3257
3242 3243
3243 3244
3243 3259
3244 3258
3245 3260
3245 3246
3246 3263
3247 3261
3247 3265
3248 3274
3248 3273
3249 3251
3249 3253
3250 3251
3250 3272
3250 3254
3252 3253
3252 3255
3252 3256
3254 3255
3254 3271
3255 3270
3256 3267
3257 3259
3257 3267
3258 3259
3258 3274
3260 3261
3260 3274
3261 3263
3262 3263
3264 3265
3265 3273
3266 3268
3266 3273
3266 3271
3267 3268
3269 3271
3270 3271
3275 3285
3275 3276
3276 3277
3278 3280
3279 3280
3281 3282
3283 3308
3291 3292
3293 3294
3295 3299
3295 3301
3295 3300
3296 3298
3296 3299
3297 3299
3297 3300
3298 3299
3298 3402
3299 3300
3301 3348
3301 3321
3302 3303
3305 3306
3308 3416
3311 3312
3311 3313
3319 3320
3323 3324
3323 3325
3324 3326
3324 3325
3326 3455
3327 3328
3327 3329
3328 3408
3329 3408
3330 3331
3331 3332
3334 3335
3337 3338
3339 3340
3341 3342
3343 3344
3345 3346
3347 3483
3348 3406
3348 3404
3350 3352
3350 3351
3351 3352
3351 3353
3355 3356
3357 3359
3357 3360
3358 3360
3358 3361
3359 3360
3361 3362
3361 3368
3362 3363
3362 3364
3365 3366
3366 3368
3367 3368
3369 3370
3369 3427
3371 3372
3373 3384
3373 3374
3373 3395
3374 3375
3374 3380
3375 3378
3375 3379
3376 3377
3376 3383
3376 3378
3377 3378
3377 3379
3379 3380
3379 3381
3380 3381
3381 3382
3385 3394
3386 3387
3386 3392
3387 3393
3388 3390
3388 3389
3388 3393
3390 3392
3391 3392
3392 3393
3393 3394
3396 3397
3403 3405
3403 3404
3404 3405
3406 3407
3409 3410
3410 3414
3410 3412
3411 3412
3411 3413
3415 3415
3416 3417
3418 3419
3421 3422
3423 3451
3424 3425
3426 3427
3428 3429
3429 3430
3433 3434
3434 3435
3434 3437
3435 3436
3439 3488
3443 3444
3445 3446
3447 3448
3449 3450
3452 3453
3455 3456
3457 3458
3459 3460
3463 3464
3465 3466
3465 3467
3468 3469
3471 3472
3472 3473
3473 3474
3474 3475
3477 3478
3479 3480
3481 3482
3483 3484
3486 3487
3489 3491
3490 3491
3491 3492
3493 3494
