0 1366
1 3477
1 1366
1 3099
2 3
3 4
3 3104
4 3105
5 4062
5 6
6 3116
6 2550
7 2664
7 3323
7 2614
8 9
8 2642
8 1795
9 1760
9 2641
10 2948
10 4056
10 2945
10 2947
10 3391
11 2618
11 730
11 2619
12 13
12 921
12 3946
13 530
13 406
14 15
14 407
14 534
15 542
15 540
15 536
16 542
16 2282
16 3321
17 3968
17 3967
17 2093
18 19
18 948
18 2995
19 405
19 152
20 59
20 2282
21 22
22 3951
23 25
23 2829
23 87
24 273
24 66
24 975
25 68
25 280
26 3494
26 1538
27 2451
27 3473
27 1751
28 1529
28 3304
28 4199
29 2062
29 1803
29 1804
30 1804
30 2451
30 1803
31 2123
31 3277
31 488
32 3580
32 2126
32 2136
33 2143
33 1425
33 1334
34 2168
34 2178
34 2181
35 497
35 2181
35 493
36 562
36 494
36 37
37 3237
37 3238
38 2514
38 869
38 871
39 901
39 2081
39 1807
40 41
40 62
40 2839
41 51
41 208
42 209
42 970
42 2892
42 51
43 64
43 263
43 3364
44 3364
44 262
44 105
45 260
45 105
45 280
46 3806
46 2760
46 3807
47 4188
47 2667
47 528
48 49
48 4175
48 1969
49 3990
49 2089
50 94
50 3990
50 1838
51 3656
51 208
52 67
52 2837
52 68
53 545
53 553
53 1874
54 3174
54 2989
54 2279
55 721
55 231
55 2085
56 2082
56 232
56 231
56 1806
57 3563
57 4147
57 3570
58 2250
58 3566
58 3559
58 3567
59 2912
59 1897
60 1897
61 2839
61 2837
61 2834
61 2838
62 208
62 63
62 261
63 415
63 263
63 970
64 779
64 967
64 3365
64 285
65 66
65 287
65 3365
66 978
67 2836
67 69
68 279
69 2832
69 2830
70 2892
70 71
70 2855
70 1737
71 72
71 3656
72 73
72 3305
73 2265
73 3305
74 788
74 787
74 2854
75 1870
75 831
75 76
76 1870
76 838
77 186
77 151
77 78
78 2359
78 1868
79 747
79 586
79 583
80 3614
80 580
81 848
81 582
81 589
81 591
81 2970
82 849
82 2103
82 2105
83 3731
83 578
83 3733
84 3086
84 2016
84 2104
85 392
85 2814
85 86
85 785
86 2821
86 1720
86 1018
87 343
87 273
88 2229
88 92
88 2227
89 2229
89 462
89 90
90 2231
90 376
91 2231
91 376
91 417
91 450
92 2230
92 449
93 1736
93 2840
93 996
94 1838
94 1735
95 164
95 3139
95 3140
96 1734
96 3252
96 1733
97 2806
97 104
97 2807
98 1486
98 1504
98 1618
99 793
99 2034
99 2572
100 101
100 2806
100 2808
101 102
101 1965
102 103
102 963
102 964
103 952
103 153
104 952
104 3297
105 261
105 2829
106 107
106 272
106 287
107 2872
107 409
108 2829
108 976
108 978
109 908
109 113
109 3244
110 2202
110 908
110 4040
111 2080
111 2199
111 2202
112 113
112 2080
112 4023
113 912
114 3388
114 3251
115 118
115 370
115 368
116 1951
116 470
116 468
117 1861
117 468
117 369
118 2662
118 1859
119 2662
119 377
119 455
119 2668
120 501
120 4147
120 2123
121 122
121 2236
121 1352
122 1457
122 123
123 1437
123 124
124 1388
124 125
125 126
125 2241
126 2242
126 127
127 128
127 2244
128 2241
128 2247
129 3717
129 130
129 131
130 607
130 131
131 1432
132 133
132 406
132 407
133 403
133 2025
134 2026
134 716
134 2267
135 2909
135 193
135 188
136 2286
136 194
136 2909
137 2258
137 2257
138 1362
138 2245
138 2280
139 4057
139 4063
140 146
140 141
140 142
141 2614
141 2615
141 2076
142 2614
142 145
143 144
143 147
143 2790
144 2619
144 145
145 2618
146 2615
146 147
147 2617
148 2632
148 2264
148 2617
149 2363
149 2367
149 195
150 195
150 632
150 151
151 186
152 921
152 2091
153 4149
153 662
154 714
154 157
154 2094
155 219
155 704
155 706
156 159
156 704
156 157
157 158
158 159
158 707
159 174
160 1974
160 1976
160 229
161 1830
161 414
161 163
161 3306
161 221
162 1832
162 522
162 1830
163 3306
163 389
164 2266
164 525
165 2822
165 3584
165 212
166 3367
166 3065
166 3366
167 168
167 770
167 2033
168 2277
168 3939
169 2278
169 170
169 2277
170 1889
170 951
171 1739
171 1890
171 2994
172 705
172 174
172 173
173 949
173 397
174 397
175 2352
175 2363
175 2365
176 828
176 2360
176 2352
177 4032
177 584
177 4035
178 179
178 1867
178 3319
179 2973
179 2481
180 3066
180 181
180 3068
181 679
181 2480
182 624
182 183
182 1980
183 184
183 1979
184 623
184 613
185 826
185 259
185 631
185 627
186 826
186 746
187 3412
187 717
187 2908
188 3207
188 3412
189 255
189 3208
189 3207
190 1897
190 2912
190 2910
190 2283
191 2911
191 2914
191 2283
191 192
192 193
192 2287
193 2915
193 2286
194 2285
195 196
196 2742
196 632
197 1887
197 3683
197 4210
197 387
198 1872
198 4211
198 527
199 1872
199 1961
199 3809
200 4086
200 3607
200 1961
201 3623
201 561
201 560
202 3527
202 3619
202 3617
203 840
203 1089
203 842
204 3599
204 944
204 3601
205 206
205 403
205 2883
206 399
206 207
207 400
207 405
208 970
209 415
209 970
210 3522
210 212
210 211
211 2535
211 3584
212 784
213 2535
213 2537
213 2538
214 2534
214 1886
214 2536
215 2534
215 3135
215 3136
216 2017
216 2480
216 2276
217 1738
217 2276
217 218
217 2984
217 3556
218 3188
218 679
219 2094
220 527
220 221
220 3306
220 3307
221 544
222 3670
222 3264
222 223
223 1367
223 1794
224 2543
224 225
224 1367
225 663
225 2548
225 1793
225 2664
226 787
226 2215
226 2219
227 2843
227 410
227 1737
228 229
228 2345
229 230
230 2700
231 723
232 1807
232 1659
233 234
233 596
233 926
234 235
234 927
235 595
235 599
235 932
236 924
236 584
236 1986
237 1022
237 239
238 2111
238 2589
238 1054
238 1789
238 2112
239 2805
239 1020
240 702
241 242
241 702
241 695
241 694
242 3724
242 697
242 701
243 3296
243 3298
243 952
244 245
244 3018
244 3017
245 3007
245 814
246 1854
246 247
246 1717
247 1717
247 745
247 2498
248 642
248 1717
248 1719
248 658
249 3019
249 1880
249 3020
250 1868
250 2357
250 2360
251 706
251 252
252 3586
252 715
253 2883
253 2027
253 2028
254 719
254 2902
254 2905
254 255
255 2893
256 593
256 3588
256 1883
257 1766
257 701
257 1761
258 1879
258 818
258 817
259 3491
259 1846
259 617
260 279
260 2838
260 261
261 262
262 263
263 264
265 409
265 266
265 2872
266 267
266 275
267 268
267 305
268 295
268 269
269 314
269 310
269 306
270 989
270 379
270 342
271 378
271 3062
271 2844
271 3547
272 273
272 303
274 276
274 275
274 344
275 304
275 305
276 278
276 344
277 3000
277 343
277 3352
278 3352
278 343
279 280
281 2070
281 1991
281 3374
282 321
282 3375
282 3374
283 408
283 1882
283 3919
284 786
284 967
284 777
285 3109
285 286
286 345
286 288
286 3360
287 288
288 293
289 345
289 298
289 290
290 291
290 3359
291 292
291 302
292 327
292 294
292 296
293 3360
293 294
294 2872
295 2681
295 3379
296 308
296 2681
297 311
297 308
297 319
298 3377
298 299
298 776
299 300
300 302
300 301
301 3378
301 321
302 331
303 304
303 344
304 409
305 3768
306 3768
306 3114
307 308
307 3379
307 309
309 313
309 310
310 315
311 991
311 313
312 990
312 315
312 316
313 990
314 342
314 3769
315 3769
316 411
316 3362
317 3362
317 323
317 320
318 991
318 319
318 3362
319 320
320 325
321 336
321 335
321 338
322 2858
322 3361
322 336
323 324
323 3774
324 3587
324 3773
325 2858
325 2071
325 2857
326 2857
326 340
326 327
327 329
328 2859
328 329
328 337
328 3490
329 330
330 3490
330 331
331 339
332 2262
332 782
332 3367
333 1740
333 1962
333 412
334 3376
334 335
334 1962
335 3378
336 337
337 338
337 3361
338 339
339 3490
341 1834
341 342
341 379
342 3765
345 778
346 1078
346 1087
347 1814
347 1658
348 740
348 922
348 3920
349 2676
349 362
349 4217
350 519
350 4226
350 2676
351 2672
351 362
351 354
351 2673
352 354
353 354
353 362
353 363
354 357
355 357
356 357
357 358
358 2673
358 3807
359 1827
359 3213
359 3776
360 361
360 1827
360 2679
361 4183
361 2672
363 4217
363 1960
364 1202
364 4143
364 365
365 2678
365 508
366 564
366 1264
366 566
367 1464
367 3341
367 3342
368 371
368 2808
369 416
369 371
369 466
370 1861
370 371
371 372
373 1665
373 437
373 1721
374 1665
374 2833
374 1736
375 2834
375 2833
375 2836
376 458
376 452
376 2231
377 458
377 447
378 379
378 1834
380 2698
380 2540
380 3609
381 3809
381 724
381 549
381 1871
382 546
382 551
382 554
383 384
383 2702
383 556
384 2540
384 385
385 551
385 386
386 3607
386 3609
386 552
387 3309
387 388
388 389
388 3131
389 414
389 526
390 3252
390 526
390 3132
391 1715
391 396
391 973
392 784
392 3001
392 3128
393 396
393 3879
393 3859
394 3008
394 3859
394 2842
395 783
395 3064
395 1716
396 968
397 2969
398 2996
398 2011
398 2995
399 400
399 2883
400 402
401 3943
401 2966
401 947
402 2931
402 3943
403 404
404 2028
404 2025
405 920
406 920
407 531
408 1740
408 2534
410 3010
410 3011
411 3774
411 989
412 780
412 2262
413 757
413 1036
413 756
413 2461
414 525
415 2841
416 480
416 468
417 451
417 2232
418 444
418 2235
418 419
419 441
419 420
420 438
420 436
421 3032
421 3729
421 3771
421 2675
422 428
422 3593
422 1944
423 429
423 431
423 436
423 424
424 727
424 425
425 1942
425 427
426 3112
426 431
426 434
427 727
427 3927
428 3927
428 3112
429 430
429 2768
430 4200
430 431
431 726
432 4200
432 4197
432 2692
433 2692
433 472
433 471
434 3222
434 435
435 1944
435 3220
436 965
437 2851
437 965
438 448
438 965
439 443
439 452
439 445
440 1860
440 443
440 447
440 441
441 2670
442 2670
443 2235
444 448
444 2234
445 1856
445 446
447 3204
448 450
449 996
449 2003
450 451
451 2234
452 2232
453 2852
453 2851
453 1942
454 1721
454 1665
454 2832
455 456
455 457
456 3864
456 464
457 458
457 462
459 1532
459 1530
459 460
460 3864
460 461
462 463
464 1863
464 1481
465 466
466 467
469 480
469 1951
469 479
469 1967
470 3432
470 473
471 3206
471 1860
472 473
472 1950
473 475
474 3998
474 475
474 4001
475 476
476 3899
476 1952
477 2695
477 4196
477 2691
478 479
479 1951
480 481
482 4011
482 483
482 4220
483 500
483 484
484 488
484 3270
484 3268
485 2129
485 2127
485 1392
486 1459
486 1371
486 1703
487 1421
487 2527
487 3554
488 3675
489 995
489 1946
489 1948
490 3884
490 491
490 4000
491 993
491 995
492 3276
492 2320
492 496
492 2152
493 563
493 494
494 495
495 3722
495 496
496 497
497 2153
498 2150
498 1664
498 2143
498 2129
499 1948
499 1947
499 505
501 502
501 2240
502 2932
502 503
502 4091
503 1445
503 602
504 4092
504 4094
505 506
505 3276
506 3856
506 2323
507 3856
507 2677
507 2297
508 2687
508 512
509 2687
509 4219
509 511
510 511
510 2183
510 2318
511 512
512 2677
513 2686
513 514
513 3218
514 3704
514 2939
515 517
515 518
515 3667
516 517
517 4226
518 521
518 520
519 1202
519 520
520 4143
522 523
522 524
523 524
523 1940
524 3428
525 526
527 1871
528 2760
528 3802
529 3946
529 3976
529 2012
529 3948
530 3978
530 531
531 533
532 533
533 535
534 535
534 539
535 3960
536 537
537 1661
538 539
538 2281
538 3952
538 1661
539 3965
540 2025
540 541
541 541
542 543
544 3991
544 1831
545 547
545 1831
545 1874
546 547
546 549
547 548
548 549
548 550
551 552
552 724
553 1826
553 554
554 2702
555 556
555 3615
555 3603
556 2539
557 558
557 2083
557 3615
558 2539
558 721
559 722
560 3354
560 561
561 3622
562 563
562 564
563 565
564 567
565 566
565 2316
566 2009
567 568
567 4219
568 1185
568 573
569 4222
569 1210
569 573
570 2185
570 1210
570 1237
571 1321
571 3840
571 1242
572 3842
572 3824
572 1171
573 1280
573 574
574 574
575 576
575 583
575 3923
576 586
576 579
577 589
577 850
577 578
578 579
579 827
580 582
580 4036
581 587
582 827
583 2359
584 832
585 3614
585 4037
585 747
586 588
587 4036
587 588
588 4037
589 4069
590 591
590 4069
590 4070
591 827
592 2822
592 3087
592 593
593 3584
594 2079
594 3861
594 2484
594 598
595 3861
595 596
596 924
596 925
597 2975
597 3066
597 2976
597 3070
598 2483
598 2488
598 2975
599 771
599 2079
600 2932
600 601
600 602
601 3578
601 3543
602 603
603 604
603 605
606 607
606 1704
606 2532
607 1705
608 2497
608 1719
608 2873
609 824
609 851
609 746
610 2102
610 622
610 1842
611 630
611 620
611 612
612 619
612 614
613 619
613 615
613 1983
614 618
614 3326
614 628
615 618
615 1847
616 628
616 617
616 631
617 1847
618 619
619 620
620 623
620 621
621 624
621 630
621 622
622 625
622 1657
623 624
624 625
625 1996
626 627
626 745
626 1846
627 824
628 629
629 633
629 631
630 1842
630 4212
632 4078
632 635
633 4078
633 4212
634 835
634 2735
634 2742
635 2735
635 2729
636 2751
636 1644
636 2729
637 1644
637 1643
637 641
638 835
638 837
638 2748
639 837
639 1651
639 640
640 1643
640 641
641 2748
642 659
642 643
643 644
643 1717
644 645
645 647
645 655
646 659
646 652
646 647
647 648
648 656
648 649
649 650
649 657
650 3743
650 651
651 2569
651 653
652 2569
652 2870
653 2551
653 2553
654 1026
654 3873
654 3734
655 656
655 2495
656 1609
658 1018
658 659
658 2078
660 2870
661 797
661 2568
661 2555
662 2807
662 1486
663 1841
663 1794
664 673
664 3123
664 3122
665 670
665 669
665 3127
666 667
666 2645
666 3126
666 2368
667 671
667 668
668 4095
668 669
669 671
671 672
672 4096
672 2372
673 676
673 1899
674 675
675 2650
675 2646
676 731
676 2649
677 1520
677 3193
677 3300
678 2002
678 1862
678 1613
679 2983
679 2478
680 2995
680 705
680 3967
681 1565
681 1621
682 1835
682 3424
682 3422
683 3694
683 3693
683 3696
684 3697
684 708
684 3695
685 3090
685 2018
685 3843
686 690
686 950
686 691
687 2998
687 693
687 688
687 3930
688 693
688 2997
689 692
689 690
689 2997
690 949
691 2011
691 692
692 2998
693 2968
696 2868
696 699
696 3724
696 697
697 1769
697 698
699 2644
699 1768
700 701
700 2868
700 3724
702 703
704 705
706 3968
707 3525
707 3529
708 2018
708 710
708 711
709 1139
709 3822
709 1141
710 711
710 2086
711 2086
712 1837
712 3422
712 3427
713 3698
713 3583
713 3428
714 720
715 3975
715 2072
716 2908
716 3208
717 4191
717 718
717 2908
718 2268
718 2027
719 3208
719 2904
720 3357
721 722
722 723
724 725
726 727
726 3112
728 732
728 2376
728 729
729 2613
729 730
730 731
731 732
732 2377
733 2982
733 2979
733 2977
734 736
734 2628
734 1762
735 2629
735 738
735 2628
736 3325
736 2629
737 1071
737 1068
737 738
738 739
741 910
742 907
742 2207
743 2016
744 1738
744 1732
744 3588
745 2873
746 747
748 2613
748 749
748 1912
749 2402
749 1912
750 2373
750 4097
750 3196
750 1912
751 1931
751 1913
751 1925
752 1928
752 1932
752 4208
753 1597
753 754
753 757
754 4161
754 755
755 756
755 1928
756 758
757 1498
758 759
758 760
759 760
759 3447
760 1036
761 2627
761 2626
761 764
762 2620
762 3757
762 2627
763 3754
763 3755
763 2625
764 765
764 2625
765 1918
765 2403
766 2404
766 2405
766 2429
766 2428
767 2403
767 2429
767 768
768 2406
768 2391
769 1515
769 1600
769 2802
770 771
770 773
771 772
772 775
772 773
773 1895
774 3941
774 3936
774 3935
775 932
775 931
775 930
776 3376
776 778
777 2295
777 2294
777 779
778 3109
779 3110
780 3986
780 1962
781 3108
781 3366
781 2295
782 3367
782 3668
782 3108
783 969
783 3407
784 785
785 2824
785 2817
786 1715
786 2813
787 997
787 2228
788 807
788 1737
789 790
789 1547
789 3302
790 3302
790 796
790 799
791 2866
791 795
791 809
792 2862
792 1577
792 805
793 1618
793 804
794 808
794 3681
794 795
795 2862
796 1864
796 797
797 1588
798 2554
798 2572
798 799
799 2572
800 2555
800 2554
800 2556
801 2556
801 2871
801 802
802 804
802 803
803 815
803 2034
804 3681
805 809
805 2865
805 807
806 807
806 810
806 814
808 810
808 809
810 812
811 813
811 1865
811 812
812 4072
813 821
813 814
815 2035
815 4072
816 2077
816 817
816 820
817 818
818 819
819 820
819 822
820 822
822 2078
823 2816
823 2819
823 1726
824 825
824 844
825 826
828 2354
828 2355
829 2363
830 2354
830 4170
830 1985
831 2365
831 2367
832 1869
832 1986
833 841
833 834
833 1870
834 835
834 2743
836 2743
836 837
836 2728
838 2366
838 839
839 841
839 942
839 2096
840 2095
840 2100
841 842
842 2728
843 3315
843 2098
843 945
843 3312
844 2874
844 851
845 2499
845 846
845 847
846 2874
846 848
847 1018
847 1722
848 850
849 1731
849 850
851 2970
852 1136
852 1148
852 2753
853 1167
853 956
853 957
854 1148
854 855
854 1160
855 919
855 856
856 1130
856 879
857 860
857 1876
857 916
858 1855
858 859
858 860
859 862
859 904
860 862
861 2803
861 1712
861 1144
862 2803
863 2753
863 880
863 864
864 865
864 2891
865 868
866 1127
866 867
866 1165
867 868
867 882
867 872
869 878
869 871
870 870
870 872
871 2515
872 873
873 888
873 874
873 1820
874 875
874 891
875 877
875 1822
876 2515
876 1822
876 878
877 890
877 1808
878 1808
879 880
879 1138
880 884
881 3706
881 886
881 883
882 884
882 1113
883 3089
883 3088
884 3089
885 1122
885 3706
885 2958
886 1819
886 893
887 1140
887 1131
887 1113
887 1006
888 1131
888 889
889 889
890 1164
890 1811
892 1008
892 1161
892 894
893 1008
893 1007
894 1810
894 1813
895 904
895 1156
895 1141
896 1134
896 897
896 1159
897 1116
897 1161
898 899
898 902
898 903
899 2869
899 900
900 2081
900 901
901 903
902 1812
904 3821
905 3243
905 1014
905 2201
906 2212
906 2207
906 3243
907 909
907 911
908 3387
909 2203
909 911
910 911
912 914
912 1821
913 1821
913 3234
913 915
914 1127
914 1825
915 1825
915 3488
916 1001
916 2956
917 1108
917 1147
917 1128
918 3093
918 2350
918 1155
919 1000
919 984
920 921
920 3492
922 1106
922 3921
923 4074
923 1106
923 1123
924 925
925 1986
925 928
926 927
926 928
927 4173
928 2917
928 2876
929 2875
929 940
929 942
930 4172
930 2917
931 2879
931 1714
932 4171
933 934
933 2890
933 2929
934 937
934 2931
935 2879
935 2929
935 1714
936 2923
936 937
936 2884
937 938
938 2490
938 939
939 2882
939 2344
941 3601
941 2725
941 2740
942 2923
943 2725
943 4108
943 2097
944 2736
944 945
945 946
945 2100
946 1103
946 2099
947 948
947 3948
947 2996
948 3943
949 950
950 2011
951 2987
951 2988
953 2343
953 1453
953 2273
954 1066
954 3431
954 3846
955 1065
955 1066
955 957
956 1065
956 2200
957 1128
958 3914
959 3883
959 3680
959 3909
960 1903
960 2861
960 3298
961 964
961 963
961 1964
962 963
962 4148
962 2809
963 964
963 4047
966 967
968 1716
968 969
969 3001
971 972
972 973
972 2843
973 974
975 976
975 977
976 977
977 978
979 3786
979 3797
979 980
980 3785
980 1010
981 4185
981 986
981 3793
981 3798
982 983
982 1005
982 1708
983 1002
983 2951
984 4185
984 4186
985 3097
985 2956
985 1000
986 987
986 1994
987 3798
987 3797
988 2351
988 2350
988 2348
989 3547
990 991
992 1741
992 1569
994 995
996 998
997 2223
997 2265
998 3305
998 2223
999 3489
1000 3095
1001 2950
1001 1002
1002 2953
1002 3793
1003 1015
1003 1012
1003 1005
1004 1007
1004 1006
1004 1013
1005 3786
1006 1164
1007 1008
1009 1062
1009 3242
1010 3431
1010 2348
1011 3990
1011 4181
1011 2090
1012 3344
1012 4181
1014 3242
1014 3844
1015 1016
1016 1017
1019 2122
1019 1026
1019 1021
1020 1024
1020 1023
1021 1545
1021 2718
1022 1027
1023 1802
1023 2599
1024 2941
1024 1054
1025 2122
1025 1041
1025 3868
1027 1802
1028 1030
1028 1038
1028 1034
1029 2607
1029 1934
1029 1938
1030 2112
1030 2113
1031 2122
1031 1044
1031 1043
1032 2589
1032 4081
1032 1033
1034 1047
1034 2114
1035 1052
1035 4085
1035 2588
1036 2462
1037 4085
1037 1051
1037 2120
1038 2581
1038 3590
1039 1052
1039 3557
1040 2600
1040 1052
1040 2607
1041 1050
1041 3848
1042 1051
1042 1053
1043 1047
1043 1050
1044 1047
1044 1045
1045 1054
1045 2116
1046 1046
1046 1049
1048 1053
1049 1051
1050 1797
1055 3386
1055 1061
1055 1063
1056 2192
1056 1056
1057 1061
1057 1060
1057 1064
1058 1060
1058 2199
1058 2198
1059 1064
1059 1065
1059 1060
1061 1067
1062 3846
1062 3844
1063 1067
1063 2200
1064 1067
1066 2190
1068 1764
1068 1765
1069 1764
1070 1766
1070 1765
1070 1072
1073 1096
1073 4192
1073 1083
1073 4215
1074 1104
1074 1105
1074 1093
1075 1104
1075 1088
1075 1093
1075 1076
1077 4192
1078 1101
1078 1805
1079 1099
1079 1653
1079 1091
1080 1092
1080 4076
1080 1097
1081 1081
1081 1083
1082 2741
1082 2730
1082 1085
1083 2291
1084 1100
1084 2293
1084 1650
1085 1095
1085 1086
1086 1095
1086 2746
1087 1101
1087 2293
1088 1096
1088 1098
1089 2746
1089 1094
1090 1097
1091 1095
1091 1097
1092 1093
1092 1102
1093 1100
1094 2099
1094 1102
1096 1098
1098 1100
1099 1650
1099 4076
1099 2292
1101 2291
1102 1105
1103 1666
1103 2019
1103 4216
1104 1666
1105 1666
1106 1145
1107 1162
1108 1136
1108 1158
1109 1158
1109 1153
1109 1136
1110 1147
1110 1153
1110 4187
1111 1118
1111 1817
1111 1142
1112 1119
1112 1878
1113 1115
1114 2755
1115 1126
1116 1134
1116 2869
1117 1158
1117 1153
1117 1147
1119 1135
1119 1123
1120 1127
1120 4021
1120 4019
1121 1126
1122 1156
1122 1152
1123 1135
1124 1129
1125 1137
1125 1151
1125 1161
1128 1150
1129 1162
1129 1138
1131 1154
1132 1162
1133 2803
1133 3822
1133 1144
1134 1146
1135 1149
1136 1150
1137 1142
1137 1139
1138 3088
1139 1159
1141 1157
1143 1159
1144 3486
1145 3234
1148 1153
1150 2755
1155 4185
1155 4186
1156 2965
1157 3823
1163 1164
1165 3380
1165 4019
1165 3385
1166 2891
1166 1168
1166 1167
1167 2891
1169 1207
1170 1214
1171 1294
1171 1257
1172 1216
1172 1228
1173 1317
1173 3240
1173 1209
1174 1186
1175 1308
1175 1231
1175 1226
1176 1200
1176 2188
1176 1315
1177 1195
1177 1326
1177 1267
1178 1318
1179 1327
1180 1233
1180 1268
1180 1231
1181 1294
1182 1271
1182 1295
1182 1236
1183 4225
1183 1242
1183 1321
1184 1255
1184 1249
1184 1192
1185 1215
1185 1210
1186 1265
1186 3713
1186 1267
1187 1303
1187 1264
1187 4224
1188 1318
1188 1289
1188 1189
1189 1270
1189 1248
1190 1293
1191 1259
1191 1251
1191 1297
1192 1311
1193 1258
1194 1312
1194 1239
1194 1273
1195 1241
1195 1252
1196 1208
1196 1282
1196 1266
1197 1208
1197 1246
1197 1226
1198 1326
1198 1217
1198 2684
1199 1239
1199 3241
1199 4146
1200 1248
1200 1283
1201 1319
1201 1307
1201 1250
1201 1218
1202 1956
1203 1247
1203 3842
1203 3832
1204 1296
1205 1272
1205 1258
1205 1263
1206 3238
1207 1260
1207 1319
1208 1281
1209 1269
1209 1290
1211 3833
1211 3838
1212 1254
1213 1327
1214 1257
1214 1296
1215 1215
1216 1262
1217 1267
1217 1287
1218 1320
1218 1396
1219 1289
1219 1318
1219 1306
1220 2009
1220 2684
1220 1391
1221 1232
1222 2186
1222 3236
1222 2184
1223 1254
1223 1297
1223 1256
1224 1279
1224 1325
1224 3836
1225 1230
1226 1243
1227 3828
1227 1282
1227 1325
1228 1262
1228 1229
1229 1290
1229 1305
1230 1319
1230 1256
1231 1295
1231 1321
1232 1286
1232 1391
1233 1292
1233 1291
1233 1288
1234 1258
1235 1322
1236 1298
1237 2186
1237 2187
1238 1302
1238 2188
1238 3239
1239 1247
1240 1277
1241 3714
1241 1259
1242 4223
1243 1246
1243 1316
1244 1253
1245 1323
1245 2013
1245 1955
1246 1281
1247 1253
1248 1305
1248 3241
1249 1291
1249 1298
1251 1263
1251 1326
1253 1285
1254 1263
1255 1288
1255 1311
1256 1286
1257 1294
1257 1296
1259 1268
1260 1322
1260 1313
1261 1324
1261 1301
1262 1305
1264 1284
1266 1281
1266 1301
1268 1297
1269 1317
1269 1955
1270 1289
1270 1306
1271 1309
1274 1300
1275 1299
1275 1300
1275 1322
1276 1315
1276 3845
1276 1302
1277 3237
1277 2185
1278 1331
1278 1300
1278 1333
1279 1304
1279 1325
1282 3840
1283 4223
1283 2187
1286 1320
1288 1291
1289 1306
1290 2189
1291 1309
1293 1307
1293 1310
1295 1327
1301 1316
1302 1956
1307 1320
1308 1308
1314 2678
1314 3403
1314 3236
1315 2014
1316 1324
1317 1323
1323 3240
1328 2108
1328 3482
1328 3554
1329 2239
1329 1420
1329 2339
1329 2240
1330 1356
1330 1452
1330 1438
1330 1447
1331 1444
1331 3548
1332 1408
1332 1400
1332 1365
1333 1374
1333 1396
1334 1455
1334 2134
1335 1354
1335 1456
1335 1385
1336 1438
1336 1452
1336 1357
1337 1405
1337 1400
1337 1408
1337 1449
1338 2158
1338 2151
1338 3533
1339 2271
1339 3106
1339 2274
1340 3536
1340 3534
1340 3532
1341 1454
1341 1357
1341 1458
1342 1418
1343 1437
1344 1356
1344 1365
1344 1447
1344 1408
1345 2160
1345 1384
1345 3322
1346 1451
1347 1360
1347 1428
1348 1365
1348 1447
1348 2007
1348 1377
1349 1369
1349 1368
1349 1405
1350 1372
1350 1352
1350 1373
1351 2162
1351 2166
1351 2160
1352 1406
1353 4104
1353 3287
1353 3652
1354 1384
1354 1399
1355 1372
1356 1369
1356 1454
1357 1438
1358 2272
1358 2271
1358 3550
1359 1386
1359 2179
1359 2167
1360 1383
1361 1418
1361 1375
1361 1381
1363 3878
1363 1396
1363 1418
1364 4030
1364 2330
1364 2328
1366 3098
1367 4047
1368 1441
1368 1458
1369 1408
1369 1441
1370 1440
1370 1457
1371 1436
1371 1435
1372 1373
1373 1410
1374 4167
1374 3877
1375 1411
1375 1387
1376 1445
1377 1452
1377 1447
1378 1449
1378 1433
1378 1424
1379 2179
1379 2177
1379 2163
1380 3337
1380 3330
1380 3635
1382 3103
1382 1668
1382 4145
1384 1385
1385 1436
1386 1386
1388 1419
1388 1442
1389 1414
1389 1389
1390 4102
1390 3285
1390 3293
1390 3295
1391 1439
1392 3253
1392 3395
1393 3540
1393 1421
1393 3541
1394 3893
1394 3916
1394 4004
1394 3680
1395 2775
1395 2776
1395 3337
1397 3258
1397 1404
1397 3392
1397 4055
1397 4052
1398 2665
1398 4098
1399 1455
1399 2145
1400 1424
1401 2332
1401 1409
1401 2177
1402 3530
1402 3541
1402 3542
1403 2531
1404 1410
1404 1448
1405 1433
1407 1456
1407 1706
1407 1707
1409 1417
1409 3653
1410 2238
1411 1431
1411 1450
1412 2165
1412 2163
1412 2158
1413 2330
1413 2332
1413 4029
1414 3530
1414 1432
1415 1437
1416 4103
1416 3642
1416 4100
1417 2316
1417 3654
1419 1442
1420 2236
1420 2339
1421 3539
1422 1437
1423 3482
1423 2325
1423 2326
1424 1449
1425 2145
1425 2153
1426 3107
1426 3103
1426 3104
1427 3543
1427 2125
1427 3574
1428 3717
1428 4090
1429 3481
1429 3637
1429 3290
1430 1439
1430 1450
1432 2531
1432 3480
1433 1449
1434 2157
1434 2167
1434 2168
1436 1459
1438 1454
1439 4152
1440 1457
1441 1458
1441 1454
1442 2237
1443 3539
1443 3536
1443 3482
1445 4094
1446 1456
1450 1451
1451 3855
1453 3101
1453 3549
1455 2140
1459 2528
1460 1467
1460 1680
1460 1474
1461 1467
1461 1463
1462 1469
1462 1473
1462 1478
1463 1471
1463 2261
1464 3629
1464 1668
1465 1477
1465 3627
1465 2505
1465 1475
1466 2507
1466 2501
1466 3631
1468 1473
1469 1478
1469 3145
1470 4150
1470 4153
1470 2511
1470 3285
1471 1474
1471 3716
1472 2504
1472 3341
1472 3627
1473 2260
1474 2006
1475 3626
1475 2273
1476 2507
1476 3158
1476 1478
1477 1479
1477 2503
1478 2504
1480 1617
1480 1584
1480 1543
1481 1530
1481 3194
1481 1504
1482 1525
1482 1562
1482 1559
1483 1626
1483 2456
1483 1523
1484 1487
1485 1586
1485 2459
1485 1936
1486 1504
1487 1521
1487 1506
1488 1543
1488 3753
1488 1548
1489 3499
1489 1595
1489 1758
1490 1495
1490 4083
1490 3516
1491 1527
1491 3740
1491 3736
1492 2041
1492 1751
1492 3473
1493 1600
1493 3756
1493 3751
1494 1583
1495 1511
1495 1574
1496 1597
1497 2037
1497 1747
1497 2441
1498 1537
1498 3310
1499 1623
1499 1561
1500 1631
1500 2469
1500 1611
1500 1622
1501 1595
1502 2460
1502 1578
1502 1601
1502 1935
1503 3453
1503 3457
1503 3468
1505 1515
1506 3512
1506 3446
1507 3513
1507 1746
1507 2443
1507 3515
1508 1542
1509 3754
1510 1564
1511 2457
1511 1620
1512 3459
1512 3509
1512 3511
1513 1554
1513 3849
1513 1934
1514 2494
1514 2714
1514 1544
1515 4164
1516 1555
1516 1549
1516 1567
1517 1622
1517 1531
1517 1634
1518 1771
1518 2388
1518 1772
1519 1584
1519 4139
1519 4131
1522 1751
1522 1745
1522 3506
1523 1534
1523 2460
1524 2464
1524 1585
1524 1631
1525 1562
1525 4139
1526 1547
1526 1589
1526 1862
1527 2723
1528 2494
1528 1560
1528 1599
1529 2810
1529 1602
1530 1572
1531 1603
1531 2467
1532 2216
1532 1542
1533 1533
1533 3505
1534 1534
1535 1629
1536 1630
1536 1785
1536 1568
1537 1556
1537 1610
1538 1569
1538 3507
1539 3474
1539 1598
1539 2038
1540 1618
1540 1613
1540 1635
1541 1578
1541 1571
1541 1550
1542 1573
1543 1617
1544 3742
1544 1625
1545 2941
1546 2722
1546 2724
1547 1613
1548 1624
1548 3745
1549 1580
1549 1636
1550 2462
1550 1582
1551 1630
1551 4116
1551 1583
1552 1617
1552 1584
1552 1562
1553 1849
1553 1594
1553 2716
1553 2496
1556 2461
1556 1601
1557 2722
1557 3741
1558 1563
1558 3515
1558 3514
1558 1574
1559 4140
1560 2493
1560 1591
1561 1623
1562 1584
1563 3512
1563 3513
1564 1600
1564 1614
1565 2724
1566 1620
1566 1626
1566 2457
1567 2493
1568 1593
1568 1616
1569 1576
1570 1608
1573 1573
1574 2452
1574 3516
1575 1998
1575 1980
1575 1982
1577 1619
1577 2228
1578 2459
1579 3518
1579 1623
1579 1785
1581 1626
1581 1604
1581 1581
1582 3458
1582 2462
1583 1593
1585 2467
1585 4157
1587 2215
1589 2705
1589 2002
1590 1596
1592 2040
1592 2038
1592 1598
1593 1630
1594 1608
1594 1605
1595 2800
1596 1633
1597 2473
1598 2037
1601 1939
1601 2810
1602 1602
1604 1638
1604 2454
1605 2714
1605 1625
1606 1637
1606 2567
1606 1640
1607 3847
1607 2705
1607 2001
1608 3743
1609 2496
1609 1640
1609 2495
1611 3311
1611 2472
1612 3192
1612 3303
1612 1863
1614 4164
1614 2799
1615 2452
1615 1638
1615 1620
1616 3517
1618 1635
1621 1997
1622 2472
1624 2445
1625 2716
1627 1628
1627 3192
1627 2030
1629 2553
1629 2551
1631 2465
1632 1798
1632 2045
1632 4129
1632 2042
1633 2559
1634 2473
1634 2472
1635 2000
1638 2453
1639 1984
1639 1983
1639 1981
1640 2557
1640 2712
1641 2749
1641 1651
1641 1655
1642 2749
1642 1646
1642 1655
1642 1645
1643 1648
1644 1648
1646 1649
1646 1656
1647 1655
1647 1648
1647 2731
1649 2101
1649 1654
1651 2730
1652 1805
1652 2288
1653 2741
1653 1656
1654 2751
1656 2101
1657 3519
1658 1659
1659 2082
1660 3950
1660 1662
1661 1663
1664 1947
1664 3274
1667 1676
1668 1670
1669 1670
1670 1671
1671 1677
1671 1684
1672 1674
1672 1673
1672 2669
1673 1675
1673 1680
1674 1679
1674 1676
1676 1678
1677 1686
1678 1679
1678 1682
1679 1683
1680 1681
1680 1685
1681 1688
1681 1683
1682 1689
1682 1683
1684 1685
1684 1692
1685 1687
1687 1688
1687 1698
1688 1689
1689 1694
1690 1697
1691 1698
1693 1694
1694 1695
1695 1697
1695 1696
1696 1699
1696 1700
1697 1699
1698 1700
1699 1701
1700 1701
1701 1702
1703 1707
1703 1704
1704 1705
1705 4092
1706 2125
1706 1707
1708 3484
1708 2950
1709 1710
1710 2110
1710 1711
1711 2109
1711 3485
1712 3485
1712 3484
1713 2926
1714 2887
1715 1716
1718 3008
1718 3009
1718 3006
1718 3010
1719 2499
1720 3129
1720 3012
1721 2850
1721 2852
1722 4044
1722 1731
1723 1725
1723 1728
1723 1833
1724 2831
1724 1829
1724 3000
1724 3113
1725 1728
1725 1829
1726 1727
1727 1730
1728 3771
1729 1731
1729 1730
1729 4043
1730 2817
1732 3075
1732 1886
1733 3134
1733 3135
1734 3076
1734 3252
1735 1940
1735 2266
1735 1990
1736 2003
1738 2276
1739 1941
1739 3937
1740 2538
1741 1741
1742 1749
1742 1746
1742 1747
1743 4116
1743 1744
1743 1745
1744 1757
1744 1749
1745 1749
1746 1748
1747 1750
1748 3880
1748 1750
1750 2039
1751 3510
1752 2795
1752 3762
1752 2792
1753 2410
1753 2413
1753 1778
1754 2437
1754 2428
1754 1755
1754 2438
1755 2439
1755 2436
1755 1756
1756 2445
1756 3503
1758 1759
1758 3498
1759 3499
1759 3501
1760 2639
1761 3493
1761 2639
1762 3325
1762 2632
1763 2641
1763 1767
1763 2644
1764 1765
1766 3493
1767 2644
1767 3325
1770 1774
1770 1800
1770 1799
1771 1778
1771 1775
1772 1773
1772 1774
1773 1774
1773 2388
1775 2388
1775 1776
1776 1780
1776 1778
1777 2427
1777 1779
1777 1780
1779 1780
1779 2385
1781 4138
1781 2049
1781 3657
1781 3662
1782 1784
1782 1798
1782 1783
1783 2046
1783 1798
1784 4132
1784 2048
1784 2049
1785 2443
1786 2596
1786 1787
1786 1790
1787 2595
1787 2594
1788 2599
1788 2598
1788 1789
1789 2595
1790 1791
1790 2597
1791 2598
1791 2597
1792 1794
1792 4060
1793 2550
1793 2549
1793 2548
1793 3118
1793 3323
1795 3496
1796 1797
1797 3557
1799 3196
1799 1801
1800 1801
1800 2382
1801 3195
1803 2059
1804 3454
1806 2082
1807 1814
1809 1812
1809 1810
1810 1813
1811 1813
1814 1815
1816 1819
1818 1819
1820 1823
1820 1824
1821 3248
1822 1823
1823 1824
1824 3489
1825 3489
1826 3696
1826 3603
1827 1978
1828 3347
1828 3346
1828 2766
1829 2853
1829 3023
1830 1832
1831 1836
1832 3698
1832 1837
1833 2853
1833 1943
1833 2850
1834 3114
1835 1836
1835 1873
1835 1837
1836 1874
1836 1875
1838 3428
1839 1841
1840 2788
1840 1841
1840 2787
1842 2750
1843 2750
1843 2102
1843 2745
1844 1847
1844 1981
1844 3491
1845 1848
1845 1849
1845 1854
1846 1848
1848 3491
1849 1850
1850 1851
1851 1852
1852 1853
1853 1854
1857 1859
1857 1861
1857 1860
1858 1859
1858 3204
1858 1860
1862 2002
1863 3582
1866 4032
1866 4034
1866 3985
1867 3319
1867 2477
1867 3983
1868 2358
1869 4170
1871 3991
1872 1961
1875 3424
1875 3696
1877 1878
1879 2871
1879 1880
1880 2078
1881 2868
1883 1884
1884 1885
1884 1886
1888 3940
1888 1893
1889 1890
1889 2277
1890 2988
1890 2993
1891 1896
1892 3072
1892 3185
1892 2479
1893 1896
1894 3940
1894 3936
1894 3944
1895 1896
1895 2878
1898 3411
1898 2533
1898 1898
1899 3125
1899 3126
1900 2650
1900 3120
1900 3123
1901 2000
1901 1902
1901 2861
1902 2860
1902 2376
1903 4156
1903 2668
1904 4148
1904 2375
1904 3523
1905 2373
1906 3199
1906 3197
1906 3200
1907 3199
1907 4159
1907 1909
1908 4161
1908 4155
1908 1909
1909 4160
1910 1913
1910 4120
1910 3661
1911 4121
1911 2385
1911 4119
1913 2382
1914 1921
1914 1919
1914 1918
1915 1919
1915 1924
1916 1921
1916 1924
1916 1919
1917 1920
1917 1918
1917 1923
1917 1921
1920 2626
1920 3760
1922 2404
1923 3760
1923 3758
1925 4159
1925 1930
1926 1929
1927 1928
1929 4208
1929 1931
1930 4207
1930 1931
1933 3661
1933 3662
1933 2069
1934 1939
1935 1939
1935 2609
1937 1938
1938 2609
1940 2266
1941 2988
1941 3170
1942 1943
1943 2852
1944 1945
1945 3593
1945 2675
1946 1949
1946 1947
1946 1948
1949 3271
1949 3270
1950 3655
1950 2693
1952 1953
1952 3904
1954 4178
1954 4176
1954 3429
1954 2087
1955 2013
1956 4218
1957 2087
1958 2013
1958 1959
1958 4218
1959 1960
1959 3429
1960 3429
1963 4047
1963 1964
1963 1968
1964 1965
1965 1967
1966 3520
1966 1968
1966 1967
1968 2334
1969 3804
1969 3801
1970 1971
1970 1972
1970 3763
1971 3119
1972 3763
1972 3764
1973 3117
1973 3115
1973 3116
1974 3355
1974 1976
1975 1976
1977 2761
1977 3351
1977 3775
1978 1978
1979 1982
1979 1984
1980 1995
1981 1983
1982 3738
1983 1984
1986 2916
1987 2817
1987 1988
1987 2015
1989 1993
1989 4205
1989 1990
1990 1992
1991 4205
1991 4206
1992 3919
1992 3375
1994 2350
1994 2351
1995 1996
1995 1997
1995 1998
1996 1997
1997 1998
1999 2225
1999 2218
1999 2220
2000 3582
2002 3193
2003 2230
2004 2261
2004 2006
2005 2006
2007 2008
2007 2341
2009 2010
2012 3946
2012 2091
2013 2014
2014 3844
2015 3086
2015 3087
2016 3067
2017 3588
2017 3067
2018 2110
2019 3317
2019 3313
2020 2380
2020 2022
2020 4097
2021 2402
2021 2022
2021 4097
2022 2378
2023 2041
2023 2442
2023 2039
2024 2521
2024 2520
2024 3633
2025 2026
2026 2268
2027 2029
2028 2029
2029 2268
2030 3303
2030 3304
2031 2031
2031 3177
2032 2033
2032 2034
2032 2278
2033 2278
2036 3173
2037 2441
2037 2442
2038 2042
2039 3880
2040 2041
2040 2043
2040 2442
2041 3664
2042 2043
2042 4134
2043 2045
2044 3508
2044 3880
2044 3464
2045 3664
2045 2046
2046 2047
2046 2048
2047 2448
2047 3662
2047 3664
2048 3662
2049 4124
2050 2448
2050 2054
2050 2055
2051 2053
2051 2060
2051 2052
2053 2056
2053 2060
2054 2058
2054 2446
2055 2058
2055 2056
2056 2063
2057 2061
2057 2446
2057 2059
2058 2065
2058 2061
2059 2064
2059 2062
2060 2063
2061 2067
2061 2064
2062 2066
2063 2065
2064 2068
2064 2066
2065 2067
2066 2069
2067 2068
2068 2069
2070 2071
2070 3347
2071 3044
2072 3974
2072 3972
2073 2074
2073 2579
2073 2580
2074 2585
2074 2575
2075 2665
2075 2076
2075 4098
2076 2549
2079 2489
2080 3382
2081 2085
2083 2084
2083 3616
2084 2085
2084 2869
2086 3810
2087 4180
2088 4178
2088 3803
2088 2089
2089 3348
2091 2092
2092 3966
2092 2093
2093 3966
2095 2096
2095 3599
2096 3599
2097 3312
2098 3866
2098 2736
2099 2100
2101 2292
2103 3733
2103 2105
2104 2106
2104 2972
2105 2106
2106 3731
2107 4059
2107 4062
2108 2523
2108 3633
2109 2110
2109 3408
2111 2573
2111 2574
2112 2573
2112 2113
2113 2114
2113 2573
2114 2574
2115 2117
2117 2119
2117 2118
2119 2120
2119 2586
2120 2121
2123 2124
2125 3574
2126 3574
2126 3579
2127 3581
2127 3579
2128 2129
2130 2132
2130 2138
2130 2131
2133 2139
2134 2143
2134 3581
2135 2137
2136 2137
2136 2140
2137 2140
2138 2139
2138 2142
2139 2141
2141 2146
2141 2144
2144 2146
2144 2156
2144 2151
2145 2157
2146 2147
2148 2159
2149 2156
2149 2151
2149 2158
2150 2152
2150 2155
2152 2159
2153 2154
2156 2162
2156 3322
2157 2166
2159 2161
2160 3322
2162 2164
2162 3322
2163 2172
2164 2169
2164 2170
2165 2169
2165 2171
2166 2173
2166 2170
2167 2178
2168 2178
2169 2175
2170 2175
2171 2172
2171 2176
2172 2176
2174 2177
2175 2176
2177 2180
2179 2180
2180 2182
2181 3396
2184 2185
2184 4101
2186 3239
2187 3239
2187 2188
2189 2189
2190 2192
2190 2191
2191 2196
2191 2193
2192 2194
2193 2194
2193 2196
2194 2195
2195 2197
2195 2198
2196 2197
2197 2198
2199 3845
2200 3385
2201 2202
2201 4169
2203 2204
2203 4169
2203 3387
2204 2205
2204 2206
2207 2208
2208 2209
2208 2211
2209 2210
2210 2211
2212 2214
2212 3388
2213 2214
2215 2221
2216 2218
2216 2217
2218 2219
2219 2220
2220 2223
2222 2225
2224 2228
2225 2227
2226 2227
2229 2230
2232 2233
2233 2235
2233 2234
2236 2238
2238 2339
2238 2239
2239 2240
2240 4147
2241 2243
2242 2244
2242 2246
2243 2245
2243 2248
2244 2245
2246 4090
2246 2255
2249 2251
2250 2254
2250 2253
2251 2280
2251 2259
2252 3266
2252 4018
2252 3673
2252 3567
2252 3568
2253 2254
2253 4048
2254 4050
2256 3674
2257 2280
2257 2258
2259 2260
2262 2263
2264 2631
2264 2630
2264 2616
2265 2854
2268 4046
2269 4195
2270 4191
2270 4195
2270 4216
2271 2274
2272 2273
2272 2343
2274 3550
2275 3251
2279 2479
2279 2983
2281 3953
2281 2771
2282 3320
2282 2912
2283 2913
2284 2911
2285 2287
2286 2909
2286 2287
2288 4190
2289 3131
2289 3077
2289 3074
2290 2291
2294 2295
2294 3668
2296 3439
2296 3699
2296 3701
2297 2311
2297 2689
2298 2299
2298 2310
2298 2301
2298 2300
2299 2300
2299 2302
2300 2305
2301 2302
2301 2304
2302 2303
2305 2313
2305 2306
2306 2307
2306 2308
2309 2310
2309 2311
2309 3719
2310 3719
2311 2312
2313 2315
2313 2314
2314 2315
2316 2324
2317 2318
2317 2319
2317 2322
2318 2320
2319 2322
2319 2323
2320 2321
2321 2322
2321 2323
2325 2326
2325 2328
2326 4024
2327 2328
2329 2330
2331 2332
2333 2334
2333 3565
2333 4048
2334 4050
2335 2773
2335 2948
2335 3391
2336 2337
2336 2773
2336 2774
2337 2942
2337 2776
2338 4058
2338 2943
2338 4060
2340 2341
2341 3342
2341 2342
2343 3550
2345 2346
2346 2347
2348 2349
2349 2351
2349 3785
2352 2353
2352 2362
2353 2354
2353 2366
2354 2355
2355 2356
2355 4035
2356 2357
2356 2360
2357 2358
2357 3922
2358 3923
2358 2359
2360 2361
2363 2364
2364 2367
2364 2365
2365 2366
2368 2369
2368 4096
2369 2370
2369 2371
2370 2371
2370 2372
2371 4096
2372 3127
2373 2374
2374 2375
2374 2613
2375 2376
2376 2377
2377 4149
2378 2399
2378 2379
2379 2397
2379 2413
2379 2420
2381 2382
2382 2383
2383 2389
2383 2387
2384 2386
2385 2386
2386 2387
2387 2389
2388 2389
2390 2401
2391 2393
2391 2392
2392 2392
2393 2397
2393 2395
2394 2395
2395 2396
2397 2398
2400 2406
2400 2402
2400 2401
2401 3665
2402 2407
2403 2404
2403 2407
2404 2405
2405 2428
2406 2407
2407 2408
2408 3111
2408 2409
2408 3324
2410 4117
2410 2411
2412 4117
2413 2414
2415 2418
2415 2416
2415 2419
2416 2417
2416 2436
2416 2435
2418 2422
2418 2437
2419 2431
2419 2423
2420 2422
2420 2421
2420 4118
2421 2423
2421 4118
2421 3752
2422 2423
2423 2611
2424 2612
2424 2431
2424 2425
2426 3657
2426 3752
2426 2427
2427 3752
2429 2430
2431 2435
2432 2433
2432 2434
2432 2435
2436 2437
2440 3474
2440 2441
2440 3753
2443 2444
2444 2444
2446 2447
2448 3471
2449 3471
2449 2450
2450 2451
2452 2453
2453 2454
2454 2455
2457 2458
2459 2460
2461 2462
2463 3311
2463 2466
2463 4199
2464 2465
2464 2466
2465 2466
2467 2468
2468 2471
2468 2470
2469 2470
2469 2471
2470 2471
2473 2474
2474 2475
2475 2476
2477 2482
2477 2481
2478 2479
2478 3071
2480 3068
2481 2482
2481 2972
2482 3981
2483 2484
2483 2485
2484 2487
2485 2487
2485 2486
2487 3319
2489 2976
2489 2974
2490 3420
2490 2491
2492 2493
2492 2494
2495 2496
2497 2498
2499 2500
2501 2509
2501 2502
2502 2505
2502 2503
2503 4150
2504 2506
2505 2506
2506 2507
2507 3156
2508 3152
2508 3631
2508 3632
2509 2666
2509 3162
2510 2511
2511 3146
2512 4106
2512 3295
2512 3288
2512 3287
2513 2514
2514 3488
2515 2516
2517 3292
2517 2518
2517 3293
2517 3294
2518 2519
2518 3278
2519 3288
2519 3637
2520 2525
2520 2527
2521 2522
2521 3553
2522 4100
2522 3555
2523 4151
2523 4100
2524 2525
2525 3478
2526 2527
2528 3542
2528 2529
2530 2531
2533 3410
2533 3916
2535 2536
2536 2537
2537 2538
2539 2541
2540 2542
2541 2542
2543 2544
2544 2545
2546 2787
2546 2788
2546 2547
2548 2550
2549 3119
2551 2552
2552 2570
2553 3734
2554 2555
2555 2556
2557 2559
2557 2558
2559 2560
2561 2567
2561 2562
2561 2563
2562 2565
2562 2566
2563 2566
2563 2564
2564 2565
2564 2566
2565 2567
2568 2711
2568 2706
2569 2706
2570 2571
2570 2710
2572 3302
2573 2574
2576 3590
2576 2577
2576 2578
2577 2578
2577 2579
2578 2580
2579 2580
2581 2586
2581 2582
2582 2585
2582 2584
2583 2584
2584 2585
2584 3604
2586 2587
2589 2590
2591 4081
2591 2592
2591 2720
2592 4079
2592 2593
2595 2596
2596 2597
2598 2599
2600 2604
2600 3988
2601 2605
2601 2606
2601 2602
2602 2603
2602 2606
2602 2605
2604 2606
2604 2605
2607 2608
2609 2610
2611 2612
2611 3657
2612 4138
2614 2618
2615 2982
2615 2616
2616 2617
2617 2790
2618 2619
2619 2790
2620 3755
2620 2625
2621 2624
2621 3755
2621 4162
2622 2624
2622 2623
2622 2636
2624 2636
2626 2627
2628 2629
2628 2633
2630 2631
2630 3762
2631 2633
2631 2632
2633 2634
2634 2635
2635 2637
2636 2637
2638 2639
2639 2640
2640 2641
2640 2644
2641 2642
2642 2643
2642 2790
2643 3495
2643 2799
2646 2648
2646 3523
2647 2648
2648 2649
2649 3523
2650 2661
2651 2652
2652 2655
2652 2654
2653 2655
2653 2656
2653 2654
2654 2655
2656 2661
2656 2657
2657 2658
2657 2661
2658 2659
2658 2660
2662 2663
2664 3323
2665 3763
2666 3163
2666 4154
2667 3801
2667 4188
2668 4157
2670 2671
2672 2673
2674 2676
2675 3730
2677 4143
2678 3235
2679 2679
2680 2682
2680 3379
2681 2682
2683 2684
2685 2686
2686 4158
2687 3235
2688 2691
2688 2692
2688 2695
2689 2690
2689 3902
2691 4198
2691 2694
2692 3206
2694 2694
2695 4197
2696 2701
2697 2700
2697 2701
2697 2698
2698 2701
2699 2700
2702 2703
2704 2705
2706 2709
2707 2711
2708 2710
2710 2711
2713 2716
2714 2715
2717 2719
2717 4080
2717 2720
2719 2720
2721 4080
2722 2723
2723 2724
2725 2726
2727 2739
2728 2733
2729 2744
2730 2746
2732 2742
2734 2739
2735 2738
2736 2740
2737 2749
2739 2748
2740 3866
2741 3602
2743 2752
2745 2747
2747 2750
2747 2751
2753 2754
2755 2756
2756 2758
2756 2757
2759 3056
2759 2760
2759 3055
2761 3039
2761 3592
2762 2763
2762 3039
2762 4189
2763 2764
2763 2767
2764 2765
2764 3054
2765 3925
2765 2767
2766 3045
2766 3057
2766 3053
2767 3049
2768 2770
2768 4202
2769 2770
2770 4204
2772 3969
2773 2774
2773 2944
2774 2775
2775 3635
2776 2777
2777 2778
2777 2779
2779 2781
2779 2784
2780 2781
2781 2782
2782 2784
2782 2783
2784 2785
2786 2787
2787 2788
2788 2789
2791 2792
2792 2793
2794 2795
2795 2796
2796 2797
2798 4164
2798 4162
2798 2799
2800 3503
2800 2801
2801 4163
2801 2802
2802 3503
2804 2805
2806 2808
2807 2808
2810 2811
2812 2813
2813 3130
2815 2816
2816 2817
2818 2819
2819 2821
2820 2821
2822 2824
2823 2827
2824 2825
2825 2827
2825 2826
2827 2828
2830 2848
2830 2831
2831 2853
2832 2833
2834 2840
2835 2840
2835 2839
2835 3656
2836 2837
2837 2838
2838 2839
2841 2892
2841 2842
2842 2843
2844 2847
2844 3544
2845 2846
2845 3544
2845 3587
2846 2847
2848 2849
2849 2850
2851 2852
2854 2856
2855 2856
2857 2859
2858 3361
2859 3361
2860 3297
2860 2861
2861 3296
2862 2863
2863 2864
2863 2866
2864 2866
2864 2865
2865 2867
2870 2871
2873 2874
2875 2876
2875 2920
2876 2877
2878 3931
2878 3942
2878 3941
2879 2880
2880 2881
2880 2930
2882 3420
2882 2883
2883 4195
2884 2885
2884 2923
2885 2886
2886 2921
2887 2926
2887 2888
2888 2927
2888 2889
2889 2927
2889 2890
2890 2925
2892 3656
2893 2900
2893 2902
2894 2899
2894 2901
2894 2897
2894 2898
2895 2897
2895 2898
2895 2896
2896 2899
2896 2897
2897 2898
2899 2900
2900 2901
2901 2902
2902 2903
2904 2905
2904 2906
2905 2907
2906 2907
2910 4107
2911 4107
2912 2913
2913 2914
2914 2915
2915 3207
2917 2918
2918 2924
2918 2919
2920 2921
2920 2922
2921 2922
2922 2924
2922 2925
2924 2926
2924 2925
2927 2928
2929 2930
2930 2931
2932 2933
2934 2936
2934 2939
2934 4226
2935 2936
2936 2937
2937 2938
2937 2939
2940 2941
2942 2947
2942 2946
2942 2944
2943 4056
2943 3254
2943 3255
2944 2948
2945 4058
2945 2946
2946 2947
2946 3389
2947 2948
2949 3521
2949 4168
2950 2952
2951 2952
2953 2954
2953 2955
2953 3097
2956 2957
2958 2963
2958 2959
2959 2960
2959 2964
2960 2961
2960 2964
2961 2962
2961 2965
2962 2963
2962 2964
2963 2965
2966 3935
2966 3945
2966 3928
2967 2968
2968 3928
2968 3187
2970 2971
2972 2973
2972 3731
2973 3066
2975 2976
2977 2979
2977 2978
2978 2979
2978 2981
2980 2981
2981 2982
2984 3174
2984 3188
2985 3171
2985 3178
2985 2986
2986 3186
2986 2987
2986 2988
2986 3170
2987 3171
2989 3185
2989 3175
2990 2991
2991 3169
2991 3168
2992 2999
2992 3172
2992 3167
2993 3939
2993 2994
2994 3944
2996 3930
2997 2998
2999 2999
3000 3113
3001 3879
3001 3002
3002 3006
3002 3128
3003 3128
3003 3004
3003 3007
3004 3007
3004 3005
3005 3006
3005 3010
3008 3009
3009 3011
3010 3011
3012 3129
3012 3013
3013 3014
3013 3019
3014 3020
3014 3015
3015 3016
3015 3018
3016 3017
3016 3129
3017 3018
3019 3020
3021 3061
3021 3023
3021 3028
3022 3042
3022 3587
3022 3777
3023 3026
3024 3040
3024 3032
3024 3780
3025 3780
3025 4189
3025 3040
3026 3771
3026 3032
3026 3027
3027 3030
3027 3028
3028 3029
3029 3059
3029 3061
3030 3784
3030 3031
3030 3781
3031 3037
3031 3032
3033 3035
3033 3779
3033 3038
3034 3779
3034 3780
3034 3035
3035 3036
3036 3037
3036 3038
3037 3784
3038 3783
3039 3040
3039 3351
3041 3042
3041 4189
3041 3778
3042 3043
3043 3051
3043 3049
3044 3046
3044 3048
3045 3046
3045 3926
3046 3047
3047 3048
3047 3052
3048 3051
3049 3050
3050 3052
3050 3051
3052 3053
3053 3925
3054 3055
3054 3351
3055 3056
3056 3924
3056 3057
3057 3058
3059 3782
3059 3060
3060 3770
3061 3770
3062 3782
3062 3777
3063 3522
3063 3065
3063 3406
3064 3406
3064 3130
3065 3130
3067 3068
3069 3070
3070 3071
3071 3072
3072 3073
3074 3077
3074 3075
3075 3076
3076 3077
3078 3727
3079 3080
3079 3727
3079 3726
3080 3082
3080 3725
3081 3082
3082 3726
3083 3726
3083 3727
3083 3084
3084 3726
3084 3352
3085 3727
3086 3087
3088 3089
3090 3810
3091 4187
3091 3092
3091 4186
3093 4187
3093 3094
3096 3097
3098 3549
3098 3099
3099 3548
3100 3548
3100 3549
3100 3101
3100 3102
3101 3102
3102 3284
3103 3104
3105 3106
3105 3107
3106 3107
3108 3668
3108 3366
3109 3110
3110 3986
3113 3114
3115 3116
3116 3117
3117 3118
3118 3119
3120 3124
3120 3121
3120 3123
3121 3122
3121 3125
3122 3123
3124 3125
3124 3126
3126 3127
3131 3683
3132 3140
3132 3137
3133 3136
3133 3137
3133 3134
3134 3135
3136 3138
3137 3138
3138 3139
3139 3140
3141 3156
3141 3144
3141 3143
3142 3155
3142 3143
3142 3144
3143 3632
3144 3145
3145 3154
3146 3153
3146 3152
3147 3163
3147 3630
3147 3165
3148 3149
3148 3150
3148 3630
3151 3153
3151 3154
3151 3155
3152 3153
3154 3155
3155 3632
3156 3157
3156 3159
3157 3158
3159 3632
3159 3631
3160 3630
3160 3631
3160 3162
3161 3630
3162 3163
3163 3164
3164 3165
3164 4154
3165 3166
3167 3168
3167 3169
3168 3187
3169 3173
3170 3187
3171 3184
3172 3172
3173 3421
3174 3556
3174 3176
3174 3188
3175 3178
3175 3176
3176 3177
3176 3186
3177 3721
3178 3179
3179 3184
3179 3183
3179 3185
3180 3182
3180 3183
3181 3183
3181 3184
3181 3182
3186 3728
3186 3721
3187 3721
3189 3190
3189 3194
3189 3582
3190 3191
3190 3192
3191 3301
3191 3194
3195 3196
3195 3202
3198 3199
3200 3201
3200 3203
3201 3201
3202 3203
3204 3205
3206 4204
3209 3210
3209 3213
3209 3775
3210 3211
3210 4182
3210 3730
3210 4184
3211 3213
3211 4182
3212 3230
3212 4184
3212 3229
3214 3222
3214 3219
3214 3705
3215 3216
3215 3228
3215 3222
3216 3232
3216 3217
3217 3218
3217 3231
3218 3219
3219 3233
3220 3229
3220 3228
3221 3228
3221 3231
3221 3704
3223 3909
3223 3898
3223 4221
3223 4002
3224 3902
3224 3227
3224 3901
3225 3899
3225 3999
3225 3900
3225 3908
3226 4013
3226 3908
3226 3906
3227 3996
3227 3994
3228 3232
3229 3230
3230 3704
3231 3232
3233 3702
3233 4006
3234 4074
3235 3236
3237 3238
3240 3241
3242 3243
3244 3245
3244 3248
3246 3247
3246 3249
3246 3248
3250 3251
3253 3395
3253 3576
3254 3256
3254 3255
3255 4064
3256 4064
3256 4065
3257 4055
3257 3257
3258 4052
3258 4055
3259 3264
3259 4054
3260 3263
3260 3670
3260 3261
3261 3671
3261 3263
3262 4051
3263 4051
3264 3265
3266 3671
3266 3267
3266 4051
3267 3672
3267 3673
3268 3269
3268 3395
3269 3272
3269 3270
3269 3273
3271 3272
3271 3274
3272 3273
3273 3274
3275 3276
3277 3577
3277 3578
3278 3483
3278 3292
3279 3286
3279 3280
3279 3283
3280 3282
3280 3281
3281 3283
3281 3284
3283 3339
3284 4102
3284 4106
3285 4105
3288 3289
3290 3479
3290 3291
3292 3293
3293 3294
3294 3295
3296 3298
3296 3297
3299 4155
3300 3301
3303 3304
3306 3308
3307 3308
3307 3309
3308 3309
3310 4199
3310 3311
3312 3314
3313 3316
3313 3318
3314 3317
3314 3315
3315 3318
3317 3318
3319 4032
3320 3321
3327 3327
3327 3328
3328 3331
3328 3330
3329 3330
3331 3335
3331 3336
3332 3335
3332 3333
3334 3335
3337 3338
3339 3340
3340 4105
3341 3343
3342 3343
3343 3625
3345 3990
3345 3346
3345 3347
3346 4188
3348 3349
3348 3350
3353 3357
3354 3356
3354 3355
3356 3525
3356 3357
3358 3359
3359 3360
3363 3373
3363 3368
3363 4206
3364 3365
3368 3370
3368 3369
3369 3371
3369 3370
3370 3372
3371 3375
3371 3372
3372 3373
3373 3374
3376 3378
3377 3378
3380 3385
3380 4020
3381 4022
3381 3386
3381 3383
3381 3384
3382 3384
3382 4023
3383 4023
3383 4021
3384 3386
3387 4040
3387 4041
3390 3391
3390 3393
3390 3392
3392 4056
3392 4065
3394 3913
3397 4101
3397 3398
3397 3399
3399 3400
3399 3722
3401 3404
3401 3403
3402 3403
3404 3405
3406 3407
3407 3522
3408 3810
3408 3486
3409 3410
3409 3411
3409 3915
3410 3411
3412 3418
3413 3418
3413 3414
3413 3415
3414 3415
3414 3416
3415 3416
3416 3417
3418 3419
3420 4108
3422 3423
3423 3425
3423 3427
3424 3425
3425 3693
3426 3693
3427 3698
3430 3431
3432 3885
3432 3881
3433 3995
3433 3434
3433 3996
3434 3435
3434 4158
3435 4198
3435 3439
3436 3438
3437 3438
3437 4006
3437 3993
3438 3439
3440 3441
3441 3442
3441 3443
3443 3444
3443 3445
3445 3446
3445 3458
3446 3458
3447 3448
3447 3452
3449 3457
3449 3476
3449 3456
3450 3451
3450 3453
3451 3461
3452 3476
3452 3453
3453 3465
3454 3456
3454 3455
3456 3457
3459 3470
3459 3468
3460 3663
3461 3462
3461 3466
3462 3463
3462 3468
3463 4112
3463 3663
3464 4115
3464 4111
3467 3663
3469 3470
3470 3663
3471 3472
3472 3664
3472 3473
3474 4128
3474 3753
3475 3476
3478 3481
3478 3480
3479 3480
3479 3481
3484 3485
3485 3486
3487 3488
3488 3489
3494 3495
3495 3496
3495 3497
3496 3497
3499 3500
3501 3502
3502 3754
3504 4163
3505 3506
3505 3507
3506 3507
3508 3510
3508 3511
3509 3510
3509 3511
3512 3513
3512 4111
3513 3880
3515 3516
3520 4009
3520 3521
3524 3525
3526 3527
3527 3529
3527 3619
3528 3529
3530 3531
3532 3540
3532 3537
3533 3534
3533 3535
3534 3535
3535 3536
3536 3537
3537 3538
3538 3540
3538 3539
3541 3542
3543 3575
3543 3578
3544 3545
3545 3546
3545 3547
3551 4103
3551 3878
3551 3855
3552 3553
3553 3633
3554 3633
3556 3684
3558 3573
3558 3561
3558 3559
3559 4018
3559 3563
3560 4008
3560 3561
3560 3566
3560 4009
3561 4016
3561 3562
3562 3571
3562 4007
3563 3568
3564 3891
3564 3915
3564 3887
3564 4004
3565 4009
3565 4049
3565 3566
3566 4049
3567 4018
3568 4018
3569 3674
3569 4010
3569 4017
3569 3572
3570 3573
3570 4010
3571 3572
3571 3573
3572 4017
3573 4017
3575 3576
3575 3577
3575 3579
3576 3577
3579 3580
3580 3581
3585 3975
3585 3586
3585 3954
3586 3966
3589 3590
3589 3604
3589 3591
3592 3729
3592 3775
3593 3594
3594 3595
3594 3927
3595 3596
3596 3598
3596 3597
3600 3601
3603 3694
3604 3605
3606 3607
3608 3609
3610 3610
3610 3611
3611 4086
3611 3613
3612 3613
3613 3622
3615 3697
3617 3618
3617 3623
3618 3619
3618 3620
3620 3623
3620 3691
3621 3690
3622 3690
3624 3625
3625 3626
3626 3627
3628 3629
3629 3862
3634 3635
3634 3634
3636 3637
3638 3639
3639 3643
3639 3651
3639 3644
3640 3643
3641 3643
3641 3652
3641 3651
3642 3652
3642 3643
3644 3645
3644 3650
3644 3647
3645 3646
3645 3647
3646 3650
3646 3649
3647 3648
3650 3651
3658 3659
3659 3660
3659 3661
3666 3667
3667 4158
3669 3670
3670 4051
3671 3672
3672 3673
3674 3678
3675 3678
3675 3677
3676 3677
3677 3678
3679 3917
3680 3917
3680 3895
3681 3682
3683 3688
3684 3686
3684 3685
3686 3688
3686 3687
3688 3689
3690 3692
3690 4086
3691 3692
3694 3695
3695 3697
3699 3993
3699 3703
3700 3994
3700 3701
3700 3703
3701 3995
3702 3993
3702 3703
3705 4196
3705 4006
3706 3707
3707 3712
3707 3707
3708 3710
3708 3712
3709 3710
3710 3711
3714 4224
3714 3715
3717 3718
3719 3720
3722 3723
3729 3730
3732 3733
3734 3735
3735 3743
3736 3740
3736 3741
3737 3742
3737 3739
3737 3738
3738 3740
3739 3741
3739 3742
3744 3745
3745 3751
3746 3750
3747 3749
3748 3749
3749 3750
3750 3751
3753 4128
3759 3760
3761 3762
3765 3766
3765 3769
3767 3768
3772 3774
3775 3776
3776 3806
3777 3778
3778 3779
3781 3783
3781 3782
3783 3784
3785 3802
3786 3790
3787 3790
3788 3789
3788 3794
3788 3791
3788 3797
3789 3795
3789 3792
3790 3794
3791 3798
3791 3792
3792 3793
3794 3799
3795 3799
3795 3796
3799 3800
3801 3805
3802 3803
3803 3805
3804 3805
3804 4174
3806 3807
3808 3809
3808 3808
3810 3818
3811 3817
3811 3818
3811 3819
3812 3813
3812 3817
3812 3819
3813 3814
3813 3820
3814 3815
3814 3818
3814 3817
3815 3843
3815 3816
3816 3820
3816 3843
3819 3820
3822 3823
3824 3828
3824 3826
3825 3827
3825 3833
3825 3826
3826 3827
3827 3836
3828 3831
3829 3830
3830 3831
3832 3838
3832 3842
3833 3841
3834 3835
3835 3836
3835 3837
3839 3840
3845 3846
3847 4144
3848 3849
3848 3869
3849 3851
3850 3869
3850 3872
3850 3851
3851 3871
3852 3854
3853 3854
3854 3855
3856 3857
3858 3878
3859 3879
3860 3861
3863 3864
3865 3866
3867 4165
3868 3875
3868 4165
3869 4165
3870 3872
3870 4144
3870 3871
3871 3872
3873 3875
3873 3874
3875 3876
3881 3882
3881 4003
3882 4015
3882 3886
3883 3896
3883 3898
3883 3895
3884 3886
3884 3885
3885 4001
3886 4002
3887 3888
3887 3910
3888 3889
3888 3891
3888 4016
3889 3913
3889 3890
3889 3911
3890 3891
3890 4005
3891 4012
3892 4168
3892 3893
3892 4005
3893 3895
3893 4012
3894 3896
3894 3895
3894 4168
3896 3914
3896 3897
3897 3898
3897 3912
3898 4015
3899 3900
3899 3997
3899 3907
3899 3998
3900 4014
3901 3996
3901 3904
3902 3906
3903 3904
3903 3905
3903 3907
3905 4013
3905 3906
3907 4013
3907 3997
3908 4014
3909 3917
3910 4007
3910 3915
3911 3913
3911 4008
3912 4003
3912 3914
3913 3914
3915 3916
3916 3917
3918 3919
3922 3982
3922 4034
3923 3982
3924 3925
3928 3929
3928 3930
3929 3935
3929 3933
3929 3937
3932 3938
3934 3937
3935 3942
3936 3938
3936 3937
3938 3941
3938 3940
3939 3940
3939 3944
3941 3942
3942 3945
3943 3945
3946 3947
3947 3977
3947 3976
3947 3960
3948 3954
3949 3969
3949 3956
3949 3955
3950 3952
3950 3963
3950 3951
3951 3953
3952 3953
3952 3962
3954 3956
3955 3958
3955 3964
3956 3957
3957 3959
3957 3976
3958 3961
3958 3959
3959 3960
3961 3965
3961 3964
3962 3963
3962 3965
3963 3964
3966 3968
3967 3968
3969 3973
3970 3971
3971 3972
3971 3973
3973 3974
3974 3975
3977 3980
3977 3979
3978 3980
3978 3979
3979 3980
3981 3984
3981 3983
3982 4033
3983 3985
3984 4033
3984 3985
3986 3987
3988 3989
3991 3992
3994 3995
3997 4014
3998 3999
3999 4000
4000 4001
4002 4015
4003 4015
4004 4012
4005 4012
4007 4016
4008 4016
4010 4017
4013 4014
4019 4020
4020 4022
4021 4022
4024 4152
4024 4031
4025 4026
4026 4028
4026 4029
4027 4028
4028 4031
4029 4030
4030 4031
4033 4034
4034 4035
4036 4039
4037 4039
4038 4039
4040 4042
4040 4169
4043 4045
4043 4044
4044 4045
4047 4050
4048 4049
4048 4050
4052 4053
4052 4055
4053 4054
4057 4061
4057 4058
4059 4060
4059 4062
4059 4061
4061 4063
4064 4065
4066 4068
4067 4068
4068 4069
4071 4072
4073 4074
4075 4076
4077 4078
4080 4081
4082 4082
4082 4083
4084 4085
4087 4089
4087 4090
4088 4089
4093 4094
4098 4099
4101 4219
4102 4105
4102 4106
4103 4104
4103 4151
4104 4167
4104 4106
4105 4150
4108 4109
4110 4142
4111 4112
4112 4115
4113 4114
4114 4116
4114 4115
4117 4118
4120 4121
4122 4139
4123 4142
4123 4124
4123 4126
4124 4132
4125 4126
4126 4132
4127 4133
4128 4135
4129 4133
4129 4132
4130 4131
4131 4136
4133 4134
4134 4135
4135 4136
4136 4137
4138 4140
4141 4142
4145 4146
4148 4149
4150 4153
4151 4152
4153 4154
4155 4156
4156 4157
4159 4160
4160 4161
4162 4163
4166 4166
4166 4167
4171 4173
4171 4172
4172 4173
4176 4177
4176 4178
4179 4181
4182 4184
4190 4213
4190 4192
4190 4193
4191 4214
4193 4194
4193 4213
4196 4197
4196 4198
4200 4201
4201 4202
4201 4204
4202 4203
4205 4206
4208 4209
4210 4211
4213 4215
4214 4216
4214 4215
4217 4218
4220 4221
4222 4225
4222 4223
4224 4225
