0 2891
0 813
0 1032
1 813
1 2
2 3587
3 3580
3 4
3 2102
4 2103
4 5
5 1159
5 948
6 948
6 2552
6 640
6 2966
7 2622
7 42
7 520
7 531
8 946
8 143
8 3499
9 70
9 1448
9 151
9 71
10 2461
10 2393
10 240
11 2225
11 2227
11 1364
12 1364
12 1363
12 1355
13 923
13 156
13 1335
14 514
14 523
14 1446
14 2583
15 2583
15 2924
15 2568
15 1341
16 1807
16 1831
16 231
17 157
17 236
18 2007
18 2039
18 2964
18 4139
19 2867
19 2965
19 2964
20 4238
20 232
20 3800
21 899
21 2416
21 1239
21 2759
22 2422
22 1244
22 616
22 160
23 2422
23 2447
24 1306
24 1322
24 1307
24 1193
25 4248
25 4132
25 4135
26 3901
26 425
26 4135
27 28
27 1341
27 36
28 526
28 1447
28 523
29 535
29 525
29 528
29 1447
30 3785
30 1809
30 535
30 532
31 3785
31 534
31 3211
32 3772
32 33
32 4209
32 1010
33 334
33 3768
34 3541
34 2891
34 4286
35 1599
35 1011
35 144
35 3029
36 922
36 2409
37 38
37 2408
37 2429
37 1106
38 39
38 2920
39 40
39 41
40 2625
40 2920
41 2625
41 42
42 2409
43 1740
43 183
43 1234
44 2401
44 3233
44 3235
45 2576
45 2876
45 2580
45 2208
46 2209
46 2205
46 4190
47 48
47 3881
47 51
48 52
48 49
49 50
49 865
50 51
50 2208
51 3880
52 1310
52 1862
53 54
53 3887
53 55
54 1061
54 1864
55 1310
55 1061
56 2333
56 3894
56 3895
57 865
57 2074
57 3900
57 2564
57 2569
58 2585
58 60
58 2074
59 2748
59 1808
59 2585
60 2565
60 62
61 2575
61 3236
61 3235
62 2748
62 3233
63 1808
63 1809
64 518
64 1811
64 525
65 1107
65 1109
65 521
66 529
66 520
66 537
66 539
67 2332
67 1865
67 1866
68 1865
69 663
69 2876
69 2145
70 3128
70 71
70 1448
70 3130
71 2461
72 2449
72 303
72 1833
73 433
73 2762
73 1308
73 2372
74 336
74 1191
74 1821
74 1820
75 4248
75 1306
75 996
76 2878
76 237
76 2418
77 239
77 78
77 1664
78 242
78 3737
79 402
79 405
79 2041
80 2378
80 2089
80 2726
81 447
81 354
81 2726
82 1919
82 1920
82 108
83 2160
83 1129
83 368
84 2153
84 2171
84 2165
84 2172
85 371
85 269
85 93
86 2828
86 87
86 1466
87 2162
87 3207
87 2185
88 2148
88 2150
88 2157
88 89
89 984
89 450
89 90
90 982
90 292
91 983
91 448
91 361
92 447
92 435
92 357
93 507
93 142
93 383
94 3144
94 989
94 2043
95 1579
95 3528
95 1575
95 3529
95 3526
95 1723
95 1585
96 4173
96 102
97 4173
97 3526
98 4285
98 742
99 259
99 100
99 1456
100 2350
100 750
101 4048
103 2365
103 2398
103 2227
103 3240
104 2174
104 2827
104 2772
105 2046
105 2047
105 1743
105 2595
106 107
106 111
107 108
109 1919
110 285
110 4145
111 1292
112 2060
112 1582
113 1733
113 1185
113 950
114 725
114 1950
114 955
115 3625
115 148
115 1374
115 2650
116 243
116 1141
116 3625
116 904
117 243
117 2430
117 2718
118 2411
118 2499
118 246
118 2482
119 120
119 2499
119 3196
120 3502
120 4086
120 1018
121 122
121 1221
121 3498
121 3500
122 3499
122 1220
122 3497
123 251
123 205
123 591
124 1575
124 1883
124 1580
125 2440
125 2724
125 1936
126 1939
126 553
126 127
126 147
127 146
127 717
128 710
128 129
128 3660
129 130
129 1940
129 3505
130 3505
130 131
131 3504
131 3506
131 670
132 3506
132 133
132 2757
133 3667
133 664
134 666
134 4169
134 4371
135 869
135 3511
136 3214
136 2382
136 137
137 3220
137 138
138 2752
138 139
139 3788
139 2382
140 1010
140 3771
140 3772
140 2382
141 3793
141 234
141 3794
142 3292
142 508
142 4292
143 593
143 947
144 1488
144 3546
144 801
145 599
145 799
145 1598
146 2640
146 2643
147 1937
147 2641
148 3629
148 3628
148 1374
148 2500
149 1143
149 1141
149 3629
150 2903
150 2373
150 1336
151 2363
151 944
152 2044
152 2040
152 2042
153 1106
153 2685
153 154
153 187
153 2818
154 2815
154 2698
155 2744
155 1835
155 2815
156 924
156 1375
156 183
157 1375
157 158
157 216
158 3082
158 229
158 1804
159 189
159 229
159 1503
160 1245
160 2417
160 2446
161 898
161 1806
161 236
161 235
162 898
162 1234
162 1832
163 2330
163 199
163 189
163 217
164 2331
164 190
164 192
164 197
165 177
165 171
165 178
165 221
166 181
166 178
166 167
167 176
167 1708
168 177
168 4236
168 221
169 170
169 220
169 175
169 3830
170 202
170 196
171 172
171 173
173 3830
173 2928
174 2928
175 202
175 3828
176 201
176 204
177 179
178 3824
179 1174
179 181
180 1174
180 1712
180 3825
180 1819
181 3824
182 622
182 1712
182 2821
183 1223
183 4176
184 1224
184 1572
184 2410
184 2950
185 3759
185 3518
185 1199
186 349
186 3759
186 2699
186 350
187 2685
187 3834
188 193
188 195
188 1101
189 1101
190 191
190 2415
191 222
191 1245
192 222
192 194
193 217
193 1710
194 1197
194 196
195 622
195 1100
195 1710
196 224
196 1198
197 199
197 1197
198 218
198 199
198 2453
198 1197
200 2453
200 621
200 203
200 218
201 3827
201 203
202 2453
203 204
204 209
205 1044
205 1382
205 252
206 775
206 2860
206 779
206 781
207 1921
207 4154
207 4151
208 4105
208 4151
208 258
209 1711
209 2821
210 1012
210 3500
210 799
211 521
211 522
211 2626
212 952
212 213
212 1248
213 953
213 738
213 633
214 2354
214 3515
214 3514
215 235
215 1831
216 4139
217 218
218 1710
219 1175
219 1707
219 4236
220 2930
220 224
221 1322
221 2929
222 224
223 429
223 430
223 224
225 2700
225 3054
225 1637
226 1099
226 3082
226 2873
226 2700
227 2837
227 2838
227 229
228 3803
228 1100
228 2011
228 1715
229 230
230 2979
230 231
230 1805
231 2415
232 537
232 233
232 3789
233 538
233 2250
234 2867
234 3803
234 2250
237 2474
237 2426
237 238
238 2426
238 3270
239 2472
239 2572
239 2458
240 2393
240 2572
240 927
241 1153
241 2393
241 1046
242 3243
242 1132
243 904
243 1142
244 2302
244 2909
244 2410
245 1736
245 2428
245 2584
245 2896
246 2411
246 1339
246 247
247 4062
247 248
248 3197
248 1784
249 1344
249 944
249 4180
249 1791
250 1597
250 3192
250 1220
250 3191
251 1267
251 1757
252 253
252 1930
253 1768
253 3203
254 255
254 3528
254 2064
255 3630
255 4277
256 774
256 257
256 770
256 3971
257 2883
257 783
257 1775
258 772
259 2351
259 260
260 2253
260 752
261 1289
261 1290
261 893
262 1583
262 751
262 1289
263 472
263 3609
263 478
264 265
264 437
264 1670
265 3633
265 362
265 910
266 2138
266 310
266 440
267 4019
267 268
267 2128
267 914
268 375
268 3941
269 1055
269 1053
270 1171
270 272
270 2317
270 273
271 4344
271 4347
271 4345
272 4343
272 277
273 2316
273 4343
274 275
274 283
274 289
275 288
275 959
275 1658
276 961
276 1125
276 1657
277 1125
277 4369
277 1658
278 281
278 279
278 285
279 280
279 4211
280 1451
280 281
281 1656
282 283
282 1656
283 1455
284 1659
285 1659
286 2477
286 2478
286 287
286 960
287 288
289 290
289 1662
290 1662
290 4252
291 4099
291 3634
291 450
291 449
292 985
292 397
293 358
293 983
293 363
294 1500
294 295
294 394
295 361
295 3032
296 302
296 297
296 1236
296 1237
297 545
297 1824
298 548
298 299
298 547
298 1238
299 300
299 1825
300 301
300 1237
300 1825
301 1236
301 661
302 1824
302 303
303 543
304 305
304 543
304 544
305 966
305 1130
306 932
306 1829
306 1509
307 1829
307 931
307 4093
308 940
308 1529
308 1533
309 3644
309 1203
309 4234
310 978
310 434
311 1168
311 438
311 978
312 1349
312 1566
312 493
313 3943
313 3942
314 3944
314 1054
314 1055
315 1051
315 1054
315 316
315 1050
316 3941
316 914
316 1056
317 480
317 913
317 481
317 1457
318 1501
318 319
318 399
318 398
319 320
319 3531
319 3616
320 981
320 438
320 393
321 464
321 472
321 467
322 1952
322 2504
322 2505
322 2049
322 2764
323 2558
323 2504
323 908
323 2506
324 325
324 2475
324 906
325 326
325 2733
326 906
326 2527
327 4293
327 2412
327 2337
328 2605
328 2345
328 4194
329 2612
329 557
329 2670
330 334
330 331
330 333
331 347
331 332
332 333
332 3788
333 1010
334 3769
334 2852
335 2300
335 2755
335 2296
336 3317
336 2280
336 2281
336 2279
337 1070
337 2762
337 338
337 1067
338 339
338 4237
339 1067
339 1083
340 3030
340 387
340 341
341 387
341 342
342 388
342 1079
343 4237
343 1049
343 344
344 390
344 391
345 1047
345 390
345 1073
346 2322
346 2372
346 2356
346 3299
347 2852
348 2698
348 2817
348 3084
349 1648
349 1647
350 3083
350 1570
351 1480
351 945
351 1790
352 3191
352 1267
352 353
353 1218
353 594
353 592
354 3981
354 1655
354 757
355 1920
355 1655
355 4055
356 358
356 357
356 2089
357 436
357 359
358 359
359 360
360 362
360 983
361 362
363 2019
363 4099
363 2027
364 365
364 2027
364 2016
365 982
365 983
366 3634
366 368
366 367
367 450
367 915
368 915
369 370
369 376
369 2174
370 3145
370 1017
371 1013
371 2828
372 1050
372 375
372 3210
373 1462
373 1053
373 1050
374 1462
375 3209
376 377
376 1017
377 378
377 1016
378 380
378 1014
379 381
379 401
379 1014
380 382
380 1015
381 383
381 1015
382 2828
382 1013
383 1013
384 4063
384 2914
384 2355
384 1390
385 943
385 1780
385 2252
386 419
386 416
386 939
387 1083
388 389
389 4237
390 391
391 392
392 1048
392 1049
393 2324
393 910
393 1499
394 1499
394 909
395 3937
395 451
395 454
396 1501
397 2387
397 2384
397 1501
398 2387
398 2132
400 4312
400 866
401 3144
401 404
402 407
402 2364
402 404
403 404
403 405
403 3146
404 2972
405 3152
406 408
406 1133
406 1135
407 1133
407 408
408 411
409 1724
409 3988
409 1717
410 3102
410 1726
410 3091
411 415
411 412
412 488
412 2113
413 485
413 414
413 484
414 1135
414 1137
415 507
415 487
416 417
416 1815
417 4113
417 931
418 4113
418 4110
418 3045
419 1334
419 1651
419 3035
420 1333
420 1114
420 1651
421 422
421 658
421 4294
422 1651
422 1111
423 4143
423 2796
424 3904
424 3901
424 1918
425 1077
425 1421
426 4182
426 427
426 1421
427 3321
427 428
429 617
429 1242
430 1241
430 1239
431 1242
431 618
431 546
431 1394
432 620
432 2110
432 2760
433 1823
433 1308
433 2110
434 437
434 436
435 2138
435 436
437 438
438 4228
439 442
439 3640
439 444
439 441
440 442
440 441
441 1168
442 443
443 971
443 477
444 477
444 967
445 1497
445 447
445 2139
446 3651
446 2264
446 3653
448 982
448 2383
451 1594
451 452
452 3735
452 453
453 2933
453 454
454 456
455 4303
455 3735
455 2014
456 2933
456 2307
456 1086
457 615
457 1369
458 460
458 4258
458 1836
459 974
459 460
459 461
460 4045
461 972
461 1060
461 4265
462 4271
462 3926
462 4266
463 2335
463 4265
463 467
464 2334
464 763
465 469
465 766
465 3922
466 3609
466 967
466 972
467 468
469 4125
469 3931
470 3931
470 472
470 4131
471 1271
471 4131
471 3928
473 3654
473 1271
473 474
473 1270
474 971
474 968
475 3928
475 968
475 3642
476 3642
476 478
476 969
476 967
477 970
478 3928
479 1395
479 1090
479 1524
479 513
481 482
481 914
483 501
483 1477
483 488
484 492
484 2354
485 2113
485 2111
485 2112
486 492
486 1372
486 1461
487 1476
487 488
487 1477
489 1021
489 966
489 491
490 2211
490 491
490 3514
491 1130
492 498
493 3622
493 1059
494 496
494 3814
494 3812
495 3619
495 3282
495 496
496 497
497 1021
497 3812
498 1059
498 503
499 3296
499 1058
499 3287
500 3285
500 502
500 3286
501 3286
501 1371
502 503
502 505
503 505
504 1372
504 1371
504 505
506 3659
506 2456
506 1138
506 2458
507 1476
508 1671
508 1476
509 2952
509 1178
510 1178
510 4302
511 512
511 2014
511 3681
512 3680
512 1594
513 3681
513 3680
514 2401
514 516
515 517
515 519
515 1810
516 3231
516 519
517 3224
517 3223
518 1810
518 1446
519 1446
520 2360
520 530
521 522
522 2622
523 524
524 1447
524 525
524 1446
526 1121
526 527
527 530
527 528
527 1447
528 529
529 530
530 531
531 1121
532 533
532 2976
533 3768
533 1063
533 1062
534 2808
534 1782
534 3773
535 536
536 920
536 537
537 538
538 4164
539 2689
539 2680
540 2007
540 541
540 4168
540 1375
541 1642
541 2696
541 2745
541 2742
542 1831
542 2395
542 898
542 1140
543 549
543 2543
544 2460
544 2825
545 546
545 1238
545 1824
546 547
547 1394
547 1238
548 1825
548 1871
549 662
549 2098
550 1407
550 551
550 2098
551 1419
551 1405
552 1397
552 1415
552 1410
553 2724
553 1699
554 2647
554 2704
554 2648
555 2653
555 559
555 556
556 569
556 568
557 4191
557 2617
558 2614
558 560
558 559
559 2705
560 2611
560 908
561 2614
561 2475
561 2615
562 2344
562 642
562 2342
563 1275
563 642
563 1286
564 2795
564 2519
564 2734
565 2734
565 4097
565 4096
566 2525
566 2527
566 2732
566 2340
567 574
567 2438
567 4184
568 574
568 1148
569 4191
569 2671
570 2345
570 2601
570 2673
571 2451
571 2673
571 572
572 2603
572 2604
573 1029
573 2451
573 2450
574 2672
575 3064
575 1284
575 3060
576 1202
576 4250
576 581
576 1601
577 579
577 4011
577 1490
577 1606
578 2892
578 800
578 1488
579 800
579 580
580 1024
580 2850
581 2271
581 2850
581 1600
582 4086
582 2850
582 1023
583 1023
584 4006
584 4249
584 4250
585 2392
585 3766
585 1119
585 3767
586 588
586 587
586 3513
589 3354
589 1360
589 3513
589 2396
590 3529
590 1044
590 1721
590 4314
591 1218
591 1267
591 4080
592 1597
592 3193
592 1482
593 599
593 1219
594 1482
594 1225
594 794
595 2073
595 1482
595 2072
596 1482
596 597
596 794
597 4155
597 4156
598 2376
598 600
598 3678
599 1230
599 602
600 601
600 1230
601 605
601 2375
602 1598
602 3545
602 1231
603 2375
603 604
604 3949
604 3954
605 1231
605 3674
606 2374
606 3679
606 741
607 609
607 2893
607 2895
607 1023
608 1232
608 1598
608 3546
609 4081
609 1200
610 3503
610 4081
610 1201
610 3548
611 2893
611 1232
611 612
613 614
613 2308
613 4041
614 615
614 1954
615 2307
616 618
616 2327
616 2325
617 1243
617 1244
618 1243
619 1195
620 899
620 1196
621 2821
621 1710
621 622
623 3250
623 1156
623 3659
624 1648
624 3818
624 1649
625 3818
625 926
625 3819
625 897
626 628
626 2329
626 629
627 628
628 630
630 2327
630 631
632 633
632 2804
632 2729
632 953
633 2728
633 634
634 1246
634 738
634 2727
635 655
635 1246
635 949
635 4253
636 637
636 3669
636 2071
637 638
637 2129
637 3669
638 639
638 651
639 648
639 649
640 1491
640 2967
640 646
641 1279
641 1313
641 2066
642 643
643 645
643 4185
644 646
644 1491
644 2432
644 4185
645 1277
645 1608
645 2271
646 2553
647 1631
647 1247
647 2552
648 657
648 810
648 739
649 650
649 1912
651 652
651 654
651 1182
652 1629
653 738
653 4253
653 1629
653 1246
654 3671
654 4253
655 3669
655 3670
656 657
656 2071
657 1247
658 659
658 1771
659 1878
659 660
660 1874
660 661
661 1778
661 662
661 1771
662 1236
663 2141
663 2209
664 1204
664 2757
665 666
665 668
665 672
665 3551
666 1204
667 668
667 2532
667 682
667 676
668 3550
668 675
669 3553
669 686
669 3552
669 683
670 2757
670 2888
670 674
671 4371
671 1204
671 3667
672 675
672 1204
672 2756
673 3554
673 2886
673 686
673 674
674 2756
674 2887
675 3554
676 677
676 2531
677 678
677 680
678 3550
678 679
679 737
679 731
679 3551
680 681
681 3664
681 3665
681 731
682 3554
682 686
682 3553
683 2532
683 685
683 2533
684 2536
684 687
684 2537
685 2531
685 2533
686 2885
687 689
687 2529
688 689
688 695
688 691
688 699
689 2885
689 690
690 692
690 691
690 697
691 697
692 2886
692 693
693 698
693 694
693 2887
694 1700
694 1701
694 703
695 2529
695 1185
696 703
696 698
696 701
697 698
699 700
700 701
701 702
702 704
702 727
703 706
704 3547
704 714
705 724
705 1952
705 4216
706 713
706 707
707 714
707 719
708 709
708 719
708 722
709 710
709 717
710 712
711 3660
711 713
711 712
712 713
714 4213
715 716
715 2637
715 720
716 717
716 4224
718 4214
718 4213
718 3662
719 3662
720 722
720 721
722 723
724 3547
724 4221
725 727
725 2764
726 727
728 734
728 3556
728 869
728 3557
729 3557
729 730
729 870
729 735
731 732
731 735
733 3556
733 3664
733 734
734 3665
734 735
735 870
736 870
736 3509
736 737
737 4169
738 956
740 1184
740 1914
740 2099
741 1032
742 2820
742 2819
742 744
743 745
743 744
743 4285
744 2820
745 2253
745 2352
746 747
746 2253
747 748
747 892
749 4046
750 756
750 752
750 751
751 753
752 893
753 754
753 757
754 1574
754 3026
755 3026
755 894
755 3025
756 894
756 4047
757 758
758 1291
758 3981
759 4306
759 762
759 987
760 761
760 2334
760 4306
761 3925
762 3925
763 764
763 766
764 765
765 987
766 3921
767 769
767 770
767 771
768 774
768 769
768 4154
769 1921
770 3961
771 1039
771 1921
772 1921
772 1039
773 2883
773 4153
773 774
775 1738
775 2946
776 2941
776 3965
776 2944
777 4108
777 3974
777 2949
778 779
778 798
778 2946
779 780
780 789
780 2858
781 1228
781 782
781 1738
782 3971
782 783
783 1228
784 788
784 1225
784 1260
785 4161
785 3968
785 786
786 788
786 787
787 790
787 1227
788 790
789 2862
789 2853
790 2853
791 2915
792 796
792 797
792 793
793 795
793 4155
794 795
795 1226
796 2862
796 1226
797 2375
797 798
798 2858
799 1229
800 1627
801 1627
801 818
802 1603
802 1604
802 1491
802 4146
803 1915
803 2434
803 1177
804 1177
804 812
804 805
805 1914
805 1915
806 807
806 811
806 808
807 809
807 808
808 1161
809 3570
809 2434
810 3570
810 3568
811 1159
811 2435
812 812
814 1030
815 1031
815 3581
815 1635
816 3585
817 1635
817 2966
817 818
817 1011
818 1490
818 2967
819 3598
819 2276
819 856
819 826
820 843
820 822
820 838
821 823
821 838
821 835
822 1299
822 1801
823 996
823 1296
824 2981
824 825
824 833
824 3298
825 3863
825 2361
826 3111
826 2380
826 3855
827 3590
827 3591
827 828
828 829
828 3594
829 831
829 830
830 3872
830 3870
831 1302
831 2353
831 832
832 1783
832 2839
833 2093
833 3306
833 840
834 2093
834 846
834 3310
835 1820
835 1191
835 836
836 837
836 839
836 842
837 2096
837 842
838 1820
840 3345
840 3304
841 3345
841 1821
841 3333
841 3341
842 3331
843 3860
843 1820
844 3336
844 3038
844 3323
845 3314
845 878
845 3340
846 3315
846 3308
847 848
847 3310
847 852
848 3316
848 3315
849 855
849 3316
850 3311
850 3320
850 3319
851 852
851 3319
851 853
852 854
852 3311
853 853
854 854
856 2291
856 2277
857 1440
857 858
858 4117
859 4119
859 4117
859 2238
860 4172
860 3788
860 3786
861 1095
861 918
861 864
862 1860
862 863
862 1095
863 864
863 1859
864 3887
865 2560
866 4311
866 867
866 2403
867 4339
867 4333
868 4339
868 4333
868 4334
871 1374
871 2407
871 1936
872 873
872 3346
872 877
873 874
873 3346
874 875
874 3463
875 876
876 1483
876 877
877 3360
878 3336
878 879
879 880
879 1190
880 883
880 881
881 3346
881 1190
882 3388
882 3427
882 3433
883 884
883 3473
883 2097
884 885
884 3478
885 886
885 2092
886 2095
886 3466
887 3466
888 3458
888 3463
888 3456
889 3458
890 1308
890 891
890 1871
891 2110
891 1194
892 1667
892 2819
893 1667
894 2054
895 1116
895 3748
895 2554
895 1222
896 1740
896 1234
896 1222
897 2410
897 2911
898 1375
899 1240
900 4180
900 944
900 2046
901 1489
901 2041
901 4180
902 2046
902 2596
902 1387
903 3199
903 2201
903 2355
903 4028
904 2716
904 2430
904 2109
905 2715
905 1029
905 2713
906 907
907 2507
907 2508
908 2507
909 3633
909 910
911 1457
912 985
912 1475
912 1457
913 1475
913 2128
914 1484
915 3205
916 1464
916 4322
917 3559
917 1837
917 1839
918 1096
918 2676
919 920
919 3792
919 921
920 3789
921 2359
921 4238
923 924
923 1571
924 1571
925 2413
925 2302
925 2303
926 2596
926 1336
926 3628
927 2135
927 2136
927 2397
928 1045
928 929
928 1391
929 1154
929 2843
930 1386
931 1510
932 4094
932 933
933 937
934 1429
934 937
934 1428
935 3039
935 3075
936 3052
936 3075
937 3074
938 939
939 3036
940 1506
940 1530
940 941
941 942
941 1538
942 2056
942 1507
943 2056
943 1774
944 945
945 3738
945 1448
946 947
946 1595
946 3493
947 1219
947 3194
948 2433
948 2803
949 1631
949 1246
949 1247
950 1249
950 1733
951 1249
951 3673
952 953
952 4284
952 1248
953 4282
954 955
954 1623
954 4284
955 2763
956 1629
956 3672
957 4340
957 4341
957 958
958 1657
958 959
959 4341
960 963
960 1661
961 1452
961 2272
961 3086
961 2978
962 2846
962 2864
962 2847
963 2863
963 1317
963 2864
964 1454
964 965
965 4355
966 3284
968 3643
969 970
969 3643
970 971
972 973
973 1957
973 4040
973 1987
974 2000
974 1996
975 4045
975 2000
975 2001
976 2002
976 1994
976 1990
977 1165
978 1167
979 4230
980 981
980 1162
981 3939
984 985
984 2809
986 3614
986 3611
986 3613
987 988
988 1269
988 3923
989 2771
989 2318
990 1346
990 3267
990 2210
991 4183
991 1869
992 1909
992 4183
992 4239
992 1911
993 1909
993 994
993 1908
994 997
994 2405
995 996
995 997
995 2283
997 4243
998 1007
998 4243
998 1005
999 1005
999 1000
999 1007
1000 2286
1000 1005
1001 2096
1001 2284
1001 1002
1002 1003
1002 1296
1003 2284
1003 2285
1003 1004
1004 2286
1004 1332
1004 1005
1005 1006
1007 1008
1008 1009
1008 4144
1009 1434
1009 3038
1011 4286
1012 1200
1012 3494
1012 1229
1013 1015
1014 1015
1014 1016
1016 1017
1016 3142
1017 3143
1018 1020
1018 4249
1019 4006
1019 1025
1019 1020
1020 2349
1021 1022
1023 1024
1024 2892
1025 4293
1025 2481
1026 1278
1026 2481
1026 1280
1027 1314
1027 3058
1027 1028
1028 2430
1028 1315
1029 2591
1030 3073
1030 1031
1031 3069
1032 1033
1033 1034
1034 2891
1035 1596
1036 1596
1036 3029
1036 3545
1037 3948
1038 1041
1039 1041
1040 1041
1042 1775
1042 1043
1042 3975
1043 4314
1043 1044
1045 3766
1045 1046
1045 1153
1046 1085
1047 2357
1047 1048
1048 1049
1051 1056
1051 1052
1051 3945
1053 1054
1055 4292
1056 1485
1057 4226
1057 1347
1057 3943
1058 3285
1058 1671
1059 3814
1061 1862
1062 3769
1062 1864
1063 3774
1063 1064
1065 2004
1065 1485
1065 1409
1065 1395
1066 1868
1066 1235
1066 1506
1066 1776
1067 1328
1068 1071
1068 1069
1069 1070
1070 1872
1071 1330
1071 1328
1072 1330
1073 1074
1073 2399
1074 4241
1074 1075
1075 1077
1075 1078
1076 4181
1077 4239
1079 1319
1079 2255
1079 1325
1080 1319
1080 1751
1080 1321
1081 1321
1081 1082
1081 1083
1081 2797
1082 1327
1082 3033
1083 1772
1084 1119
1084 1085
1086 1087
1086 1588
1087 1594
1087 1650
1088 1592
1088 1650
1088 1090
1089 2005
1089 2004
1089 1590
1090 2005
1091 1268
1091 1583
1091 1269
1091 1293
1092 1636
1092 1863
1092 1633
1093 1632
1094 1095
1094 2676
1094 2677
1094 2679
1096 2678
1096 2676
1097 2677
1097 1312
1098 1717
1098 1716
1098 4075
1099 2965
1099 2874
1099 2873
1100 1102
1101 1102
1102 2830
1103 1105
1104 1105
1104 2279
1106 2708
1107 1108
1107 2707
1108 2692
1108 2691
1109 2680
1109 1383
1110 2745
1110 2695
1110 2744
1111 2988
1111 1814
1111 1114
1112 1113
1112 1813
1112 2988
1113 1812
1113 1326
1114 1814
1115 1814
1115 1333
1116 2554
1116 3747
1116 1233
1117 2221
1117 1222
1117 1353
1118 3522
1118 1573
1118 3765
1119 1120
1119 1350
1120 1572
1120 1233
1121 1122
1123 1350
1123 1124
1123 1360
1125 1658
1126 4179
1126 1129
1126 1127
1127 1128
1127 1668
1128 1129
1128 1669
1130 3268
1131 1134
1131 1133
1131 3501
1132 1139
1132 1136
1134 3020
1134 1135
1136 3020
1136 1137
1137 3243
1138 3249
1138 3737
1139 3245
1139 3247
1139 3266
1140 2420
1140 1832
1141 1142
1141 2712
1142 2720
1143 1336
1143 3623
1144 3623
1145 2632
1145 1338
1145 4123
1146 2304
1146 1147
1146 2633
1147 2427
1147 4122
1147 2400
1148 1149
1148 2715
1149 2650
1149 2655
1150 3067
1150 2594
1150 2047
1151 2594
1151 3059
1151 2912
1152 2905
1152 2664
1152 2900
1153 3821
1154 2461
1154 1157
1154 3120
1155 3742
1155 1158
1155 1157
1156 1158
1156 2303
1157 3741
1158 3741
1159 1160
1160 1161
1161 2433
1162 4231
1163 2774
1163 2379
1163 1164
1165 1167
1165 1166
1167 1168
1169 4203
1169 1493
1169 1445
1170 1173
1170 2480
1171 4347
1171 1172
1172 1172
1174 3825
1175 1818
1175 1176
1176 1420
1176 1803
1177 2435
1179 3761
1179 1180
1179 1181
1180 3084
1180 1181
1181 1571
1183 1184
1183 2100
1185 1733
1185 1950
1186 2996
1186 3019
1186 2995
1187 3018
1187 2248
1187 2999
1188 3015
1188 3598
1188 2293
1188 3595
1189 3044
1189 3041
1189 3042
1189 1815
1190 3433
1191 1821
1192 2085
1192 1193
1192 2416
1193 3843
1194 1195
1195 1196
1196 1240
1197 1198
1198 2453
1200 1492
1200 1201
1201 3195
1201 1221
1202 2476
1202 2481
1203 1867
1203 1235
1203 1407
1205 4355
1205 1393
1205 1206
1207 1214
1207 1217
1207 1260
1208 1211
1208 1209
1208 1210
1209 1210
1209 1213
1210 3968
1211 1212
1211 1213
1212 1256
1212 1257
1213 1467
1214 1215
1214 1377
1215 1257
1215 1253
1216 1217
1216 1257
1216 1262
1217 1261
1218 1253
1219 2073
1219 1230
1220 3493
1220 3495
1221 3496
1221 3494
1222 1740
1223 2228
1223 2501
1224 1570
1224 4177
1224 2410
1225 1226
1227 2880
1227 3969
1227 1228
1229 1492
1229 1232
1230 1231
1231 3543
1232 3544
1233 3533
1235 2252
1236 1237
1237 1238
1239 1240
1240 1241
1241 3833
1241 1478
1242 1478
1242 1243
1243 1244
1244 1245
1245 2414
1247 2431
1248 1249
1248 1733
1249 3672
1250 1251
1251 1252
1251 1255
1253 1255
1254 1255
1258 1259
1259 1260
1259 1261
1259 1376
1261 1264
1261 1265
1263 1264
1264 1378
1266 4080
1268 1270
1268 1269
1268 1271
1269 1587
1270 2378
1271 4130
1272 2411
1272 2337
1272 2491
1272 2482
1273 2347
1273 2452
1273 1285
1274 2476
1274 2066
1274 1278
1275 1313
1275 1276
1276 1277
1276 1605
1277 1601
1278 1279
1279 1287
1280 1281
1280 1282
1281 1283
1281 1287
1282 1283
1282 1625
1283 1626
1283 2765
1284 1285
1284 1625
1284 3060
1285 1626
1286 2338
1286 2487
1287 1487
1288 2783
1288 1734
1288 2490
1289 1290
1290 1583
1291 1292
1291 2061
1292 2054
1293 2378
1293 2089
1294 1800
1294 1818
1294 1295
1295 2980
1295 2320
1296 1298
1296 1299
1297 1298
1297 2249
1297 1304
1298 2980
1299 2980
1300 3859
1300 3863
1300 3857
1301 3859
1301 2353
1302 2301
1302 3870
1303 2754
1303 2839
1303 1783
1304 1305
1304 1307
1306 1822
1306 1307
1306 4150
1306 1309
1307 1323
1309 1822
1309 3300
1310 1311
1311 1312
1311 2679
1312 2678
1313 1487
1313 3081
1314 2592
1314 2610
1315 2108
1315 2593
1316 2488
1316 2610
1316 2590
1316 2592
1317 2863
1317 1658
1318 1320
1319 1325
1320 1321
1320 2255
1322 1323
1323 2249
1324 1325
1324 1911
1324 1870
1326 1327
1326 4171
1327 4170
1328 1329
1330 1331
1333 1334
1334 1815
1335 2696
1335 2695
1336 2304
1337 2570
1337 1338
1337 2720
1337 2719
1338 2721
1338 2712
1339 2493
1339 1734
1339 2265
1340 2667
1340 2665
1340 1736
1341 2583
1342 1925
1342 3127
1342 1725
1343 1923
1343 1928
1343 1725
1343 1730
1344 1489
1344 4067
1345 4030
1345 4034
1345 1727
1345 1922
1347 1348
1347 1566
1350 1351
1351 3534
1351 1366
1352 1357
1352 1354
1352 1366
1353 2220
1353 2218
1354 2223
1354 2222
1354 2220
1355 2223
1355 1356
1356 2222
1356 2221
1357 1358
1357 1362
1358 1359
1358 1365
1358 2224
1359 1361
1359 2225
1359 2224
1360 2555
1361 2555
1361 2224
1362 1363
1362 1365
1363 1365
1364 1365
1366 2555
1366 2554
1367 1580
1368 3979
1368 3978
1368 1581
1369 4045
1369 4043
1370 2937
1370 3958
1370 2936
1371 3273
1372 1373
1374 2444
1379 1380
1380 1463
1380 1382
1381 1382
1383 2682
1383 1640
1384 3565
1384 3891
1384 4290
1385 1387
1385 2841
1385 1386
1386 2843
1387 1388
1389 1489
1389 1390
1389 4066
1390 4300
1390 2044
1391 3767
1391 2258
1391 2391
1392 4349
1392 1454
1392 4364
1393 4351
1393 4349
1394 1478
1394 3833
1395 2088
1396 1410
1396 2256
1396 1397
1396 2088
1397 1411
1397 1398
1398 1472
1398 1474
1399 1418
1399 1414
1399 1400
1399 1474
1400 1401
1401 1402
1402 1419
1402 1403
1402 2254
1403 1404
1404 1405
1405 1406
1405 1539
1406 3053
1407 3053
1407 1408
1408 2098
1408 2824
1409 2088
1409 1410
1411 1472
1411 2810
1411 2811
1412 1413
1412 2810
1412 4054
1412 1416
1413 1472
1413 1473
1414 1417
1414 1473
1415 1474
1415 1418
1416 1473
1416 1536
1416 1539
1418 1419
1420 2975
1420 2969
1420 2321
1422 3911
1422 3913
1422 2229
1423 2229
1423 1424
1424 1425
1425 1426
1426 1427
1428 1816
1428 3045
1429 3051
1429 1817
1430 3044
1430 2822
1430 3046
1431 1432
1431 1434
1431 1744
1432 1433
1432 1744
1433 1745
1433 1750
1434 4144
1435 1750
1435 1746
1435 1749
1436 1437
1436 2404
1438 4363
1438 4343
1438 3086
1439 2849
1439 4356
1439 1458
1441 1465
1441 2932
1441 1451
1442 1494
1442 2845
1442 2932
1442 2802
1443 1444
1443 2845
1443 1493
1444 1445
1444 2844
1445 2864
1448 3129
1449 3783
1449 1782
1449 3213
1450 1465
1450 4325
1450 4326
1451 1452
1451 4210
1452 2801
1453 3645
1453 1459
1453 3080
1454 1458
1455 2272
1455 4210
1456 1468
1456 3645
1457 1501
1458 4367
1458 1652
1459 3080
1459 1464
1460 1469
1460 4202
1460 4332
1461 3280
1461 2111
1462 1466
1463 1467
1465 4323
1466 3210
1468 4211
1468 4145
1469 4312
1469 2403
1470 1775
1471 1472
1471 1474
1471 1473
1475 2118
1477 1671
1479 3099
1479 1480
1479 3738
1480 1925
1481 3707
1484 1485
1484 2004
1486 3104
1487 2487
1487 2765
1488 3544
1488 1627
1489 2040
1490 1627
1490 2968
1491 2968
1492 2895
1493 1494
1494 2845
1495 1586
1495 3979
1495 1577
1496 1886
1496 4068
1497 3648
1497 1498
1499 2973
1500 3531
1500 2133
1502 2933
1503 2415
1503 2979
1504 1506
1505 1507
1505 1776
1505 1779
1507 1780
1508 1518
1508 1509
1508 1827
1508 1511
1509 1524
1510 3028
1510 1512
1511 1525
1511 1516
1512 1521
1512 1516
1512 1531
1513 1523
1513 3600
1513 1515
1513 1514
1514 1517
1514 4053
1515 1522
1515 3601
1515 3604
1516 1520
1517 4051
1517 1523
1518 4050
1518 1525
1519 3602
1519 1526
1519 2257
1520 1522
1520 1521
1520 1525
1521 1532
1521 1527
1522 1523
1522 1527
1523 1525
1524 4088
1524 4053
1527 4054
1527 3604
1528 2256
1528 3603
1528 2257
1529 3028
1529 1534
1530 1536
1530 1868
1531 3606
1531 1535
1532 3608
1532 4054
1532 1535
1533 1535
1533 1536
1537 1538
1538 1773
1539 2084
1539 2075
1540 1549
1540 1541
1540 1568
1541 1561
1541 1560
1541 1558
1542 1548
1542 1550
1542 1547
1542 1563
1543 1553
1544 1568
1545 1555
1545 1563
1545 1548
1546 1561
1547 1558
1547 1741
1547 1561
1548 1556
1548 1558
1549 1558
1549 1556
1550 1553
1550 1741
1550 1563
1551 1741
1551 1557
1551 1565
1551 1553
1552 1568
1552 1562
1552 1564
1552 1567
1554 1565
1555 1567
1555 1562
1556 1567
1559 1562
1561 1742
1565 1742
1566 1742
1569 1570
1572 1573
1573 2392
1575 1579
1575 1585
1576 4069
1577 4068
1577 1584
1577 4115
1578 1586
1578 4114
1578 4069
1579 1580
1580 4069
1581 3996
1581 4116
1581 4114
1582 3978
1584 4070
1584 1586
1585 1882
1586 4072
1588 1589
1588 1650
1589 1592
1589 1590
1590 1591
1591 1592
1591 2005
1593 1968
1593 1994
1593 1967
1594 2934
1595 1597
1595 3194
1596 3542
1596 3543
1599 4286
1599 3541
1599 3542
1600 1606
1600 1607
1601 2271
1601 1605
1602 1603
1602 1607
1602 1604
1602 1606
1603 4011
1603 2968
1604 1608
1605 3081
1605 2476
1607 2271
1607 1608
1609 1611
1609 1621
1609 1620
1610 1621
1610 1613
1610 1612
1610 1611
1611 1617
1611 1624
1612 2556
1612 1621
1612 1613
1613 1624
1614 1616
1614 1618
1614 4279
1615 1617
1615 1624
1615 1622
1616 1619
1616 1618
1616 1622
1617 1619
1617 1620
1618 1623
1619 1623
1619 1622
1620 1623
1625 1626
1628 1863
1628 1634
1628 1630
1629 3673
1630 1634
1631 2727
1632 1633
1634 1636
1635 2803
1635 4286
1636 1862
1637 2875
1637 3054
1638 2696
1639 1641
1640 2743
1640 2740
1640 1644
1641 1644
1641 1645
1642 2701
1642 1645
1643 1644
1645 2743
1646 1863
1647 1648
1647 2816
1647 2685
1652 1654
1652 1653
1653 2848
1653 1654
1654 3086
1655 4256
1656 1659
1656 4210
1657 2272
1660 1661
1662 2477
1663 3271
1663 3272
1663 1664
1664 2878
1665 1665
1665 3746
1666 1667
1668 1669
1672 1697
1672 1677
1672 1685
1673 1695
1673 1697
1673 1679
1673 1685
1674 1687
1674 1678
1675 1686
1675 1680
1675 1689
1675 1681
1676 1678
1676 1684
1676 1688
1677 1694
1677 1682
1678 1687
1678 1682
1678 1692
1679 1681
1679 1697
1679 1695
1680 1686
1680 1694
1681 1683
1682 1692
1683 1690
1683 1689
1684 1687
1684 1688
1685 1692
1686 1691
1688 1695
1689 1693
1689 1691
1690 1696
1690 1693
1691 1693
1694 1697
1694 2354
1698 2209
1698 2217
1699 2655
1699 2646
1700 2888
1700 1702
1701 1702
1701 3660
1702 1940
1703 1706
1704 1706
1705 1803
1705 1707
1705 1706
1707 4236
1708 3825
1708 1711
1709 1711
1712 1819
1713 2866
1713 1714
1714 4163
1717 1721
1717 3204
1718 1923
1718 1927
1718 1726
1719 1724
1719 1727
1719 1728
1720 3141
1720 1796
1720 1928
1721 1723
1721 1728
1722 4035
1723 3164
1724 3987
1725 1756
1726 1754
1727 4031
1728 3646
1728 3155
1729 1926
1729 1730
1729 4037
1729 1928
1730 3986
1731 1926
1732 1796
1734 2493
1734 2492
1734 4257
1735 3516
1735 2502
1735 2545
1735 2548
1736 2427
1736 2719
1737 3961
1737 3966
1737 3962
1738 4108
1738 1739
1739 4107
1739 3962
1739 3965
1741 1742
1743 2363
1743 2048
1744 1745
1745 2404
1746 3037
1746 1747
1747 1748
1747 3037
1748 1749
1748 2287
1749 1750
1752 1753
1752 1755
1752 1754
1753 2134
1753 1756
1754 1755
1754 1760
1755 2134
1755 1760
1756 2134
1756 1761
1757 2314
1757 1758
1758 1765
1758 1759
1758 1764
1759 1766
1759 1762
1760 1761
1761 2134
1762 1767
1762 1763
1763 1768
1763 2315
1764 1765
1764 1770
1765 1769
1765 1766
1766 1767
1767 1768
1771 1772
1771 4171
1772 4170
1773 2058
1773 2059
1774 4299
1774 2059
1776 1779
1777 1778
1778 3644
1779 1780
1781 3866
1782 3213
1783 2807
1784 1786
1784 2270
1785 1788
1785 1786
1785 1787
1786 1788
1787 1789
1787 1788
1789 3739
1789 2067
1790 1791
1790 1792
1791 1794
1792 1793
1792 1797
1793 1794
1793 1798
1794 1799
1794 3492
1795 1796
1797 1798
1798 1799
1799 3492
1800 2851
1800 1801
1801 2353
1801 2840
1802 2321
1802 1803
1802 2319
1804 1805
1804 1806
1805 1807
1806 1807
1809 1811
1810 1811
1816 1817
1818 1819
1822 4246
1823 2760
1823 2322
1823 2372
1826 1827
1826 1828
1826 3905
1827 3907
1828 1829
1828 3907
1830 2447
1830 1831
1830 2394
1831 2448
1831 2395
1831 2449
1832 2544
1833 2421
1833 2448
1834 3655
1835 2694
1835 2692
1837 3561
1837 3565
1838 1839
1838 1841
1838 3560
1839 1842
1840 1843
1840 3564
1840 3565
1841 1844
1841 1842
1842 1845
1843 3562
1843 1846
1844 1845
1846 1848
1846 3563
1847 1851
1847 1849
1848 1852
1848 1849
1849 1853
1849 3563
1850 3896
1851 1855
1851 1853
1852 3896
1852 1854
1853 1857
1853 1854
1854 1858
1855 1859
1855 1856
1856 1857
1856 1859
1857 1858
1857 1860
1858 1861
1860 1861
1861 2679
1862 2976
1864 2977
1864 2976
1865 2333
1866 2332
1866 2333
1867 2075
1867 1868
1868 2084
1869 2232
1869 2231
1870 4239
1870 4183
1871 1872
1872 1873
1874 4235
1874 3644
1875 1876
1876 1877
1876 1878
1876 4235
1877 1879
1877 4234
1878 1879
1879 1880
1881 4109
1881 1882
1881 1885
1882 1883
1882 4070
1883 4072
1884 1887
1884 1885
1884 1886
1885 4109
1885 1888
1886 1887
1887 1888
1888 1889
1889 4071
1889 4068
1890 1891
1890 4088
1890 1905
1891 1895
1891 3726
1892 1893
1892 3721
1892 1905
1893 3718
1893 3685
1894 1895
1894 3721
1894 3731
1895 3727
1896 3718
1896 1906
1896 3732
1897 3707
1897 1898
1897 3706
1898 1899
1898 4087
1899 1900
1899 3705
1900 1902
1900 3686
1901 1902
1901 3702
1901 3688
1902 3687
1903 1904
1903 3684
1903 4088
1904 3684
1904 3685
1905 3685
1906 3711
1906 3734
1907 1907
1907 3733
1908 1909
1908 1910
1910 2282
1910 1911
1913 1915
1913 1914
1916 1917
1917 3567
1917 3566
1919 1920
1922 4033
1922 4300
1923 1924
1924 3125
1924 3126
1925 1928
1926 4036
1927 3125
1927 3983
1929 1931
1929 1930
1929 3204
1930 3204
1932 1942
1933 1939
1933 1934
1933 1942
1934 1938
1934 1936
1935 1937
1937 1939
1938 1942
1938 1941
1940 3504
1943 1949
1944 2541
1944 1948
1944 1946
1944 2539
1945 1946
1946 2540
1946 1949
1947 1951
1947 1947
1948 2540
1948 2542
1949 2540
1950 1951
1951 2541
1952 2503
1953 4238
1953 3778
1953 2359
1955 1968
1955 4043
1955 1965
1956 1957
1956 1958
1956 1987
1957 1996
1958 1961
1958 1967
1959 4042
1959 1960
1960 1961
1961 1963
1962 1964
1963 1964
1963 1965
1964 1998
1965 1966
1967 1968
1969 1993
1969 1992
1970 1973
1971 1973
1972 1974
1972 4038
1972 1992
1973 1976
1974 1982
1974 1993
1975 1980
1976 1979
1976 1980
1977 1978
1978 1979
1978 1981
1979 1986
1980 1984
1983 1988
1984 4091
1984 1985
1985 1987
1985 4091
1986 1988
1986 1989
1988 1995
1988 1994
1990 1991
1990 4040
1991 1991
1992 2002
1996 1997
1997 4042
1998 1999
1999 2000
2001 4043
2001 4044
2002 4038
2003 4038
2006 2036
2007 4167
2008 2009
2008 2008
2009 2010
2009 2011
2011 2834
2012 2013
2013 2015
2014 2015
2016 2023
2016 2028
2017 2018
2017 2028
2017 2033
2018 2019
2018 2022
2018 2026
2019 2036
2020 2036
2021 2023
2023 2034
2024 2025
2024 2033
2024 2034
2027 2028
2028 2030
2029 2030
2030 2031
2030 2034
2032 2033
2034 2035
2036 2037
2038 2039
2039 2874
2040 2041
2041 2043
2042 2045
2042 2043
2044 2045
2045 4301
2047 3057
2047 2048
2048 2751
2048 3136
2049 2049
2050 2051
2050 2055
2051 2052
2051 2053
2052 2053
2054 2055
2056 2058
2057 2058
2058 2059
2060 3976
2060 3978
2062 3631
2062 3630
2062 2063
2063 2064
2065 4023
2065 4063
2065 4030
2066 3081
2067 2068
2067 3496
2068 2069
2068 3130
2068 3498
2069 2070
2069 3122
2069 3121
2070 3095
2070 2987
2072 2917
2072 4156
2073 3193
2074 2569
2074 2562
2075 2076
2076 2077
2076 2078
2078 2079
2078 2080
2080 2081
2080 2082
2082 2083
2082 2084
2085 2086
2085 2087
2086 2087
2086 2416
2087 2759
2088 2257
2090 2092
2090 2091
2090 2094
2091 2092
2091 2094
2093 3314
2094 2095
2096 3341
2097 3490
2097 3476
2099 2104
2099 2101
2099 2100
2101 3575
2101 2106
2101 3576
2102 2103
2102 3579
2102 3071
2103 2803
2103 3068
2104 2106
2104 2105
2105 2107
2106 2107
2107 3574
2108 2716
2108 2109
2109 2430
2111 3663
2111 2112
2112 2113
2114 2152
2114 2119
2114 4017
2115 2121
2115 2119
2115 2628
2116 2117
2117 2630
2117 2122
2118 2121
2118 2158
2119 2124
2120 2124
2121 2126
2123 2126
2124 2629
2125 2630
2125 2628
2125 2629
2125 2627
2126 2627
2127 2128
2130 2132
2130 2131
2130 2386
2131 2133
2131 3032
2132 2133
2135 2396
2135 2393
2136 2424
2136 2572
2136 3185
2137 2138
2138 2140
2139 2140
2141 2143
2141 2142
2142 2143
2142 2144
2143 2144
2144 2146
2145 2146
2147 2150
2147 2154
2147 2148
2148 2155
2148 2157
2149 2150
2149 2168
2149 2167
2151 2172
2151 2153
2151 2152
2152 2156
2153 2155
2154 2167
2154 2155
2155 2156
2156 2158
2157 2158
2159 2160
2159 2161
2159 2163
2160 3179
2161 2212
2161 2163
2162 2171
2162 2212
2163 2165
2164 2165
2164 4100
2164 2166
2166 2168
2166 2167
2168 3205
2169 2198
2169 2197
2169 2192
2170 3179
2170 4014
2170 2199
2171 2212
2171 2172
2173 2177
2174 2177
2175 2178
2176 2179
2177 2186
2178 2179
2178 2186
2179 2180
2180 2191
2180 2181
2181 2182
2181 2191
2182 2183
2183 2193
2184 2185
2184 2193
2186 2187
2187 2190
2187 2827
2187 2192
2188 2189
2188 4016
2188 2827
2189 2190
2189 2194
2190 2200
2191 2192
2192 2198
2193 2197
2194 2196
2194 2195
2195 2199
2195 3178
2197 2212
2198 2200
2199 2200
2201 2827
2201 2771
2202 2204
2203 2204
2204 2772
2205 3878
2205 2207
2206 2207
2207 2208
2210 4212
2210 2548
2211 4212
2211 2305
2213 2215
2213 2217
2213 2216
2214 2215
2215 2217
2218 2219
2218 2554
2219 2220
2220 2222
2220 2221
2222 2223
2225 2227
2226 3128
2226 3131
2226 3739
2228 2950
2228 4177
2228 3756
2229 2230
2230 3916
2230 3039
2231 2232
2233 2234
2233 4299
2233 2960
2234 2236
2234 2235
2236 3036
2236 2237
2238 3786
2238 2239
2240 2241
2240 2301
2240 2242
2241 2242
2241 2244
2242 2243
2243 2244
2243 2807
2244 2301
2245 3013
2245 3011
2245 2295
2246 3012
2246 3011
2246 2991
2247 2999
2247 2996
2247 3012
2248 3015
2248 3000
2249 2320
2250 2868
2251 2252
2252 4294
2255 3030
2256 2811
2258 2263
2258 2261
2259 2260
2260 2261
2262 2263
2263 2841
2265 2786
2265 2267
2266 2782
2266 2662
2266 2268
2267 2784
2267 2775
2268 2784
2268 2775
2268 2785
2268 2666
2269 2270
2269 2785
2269 3067
2270 2751
2272 4210
2273 2274
2273 2275
2273 2276
2274 2275
2274 2277
2275 2278
2275 2277
2276 2278
2278 2280
2279 2281
2280 2281
2284 2286
2287 2289
2287 2288
2290 3164
2290 4028
2290 3166
2291 2990
2292 2295
2292 3002
2292 3010
2293 3872
2293 2294
2294 3005
2294 3006
2295 3000
2296 2300
2296 4232
2297 2299
2297 2298
2298 2807
2298 2755
2299 2300
2302 2303
2304 2636
2306 2307
2308 2953
2309 2311
2309 2310
2309 4078
2310 2312
2310 2313
2311 2314
2311 2312
2311 4078
2312 2313
2313 2315
2314 2315
2318 2914
2318 2355
2320 2321
2322 3300
2323 2324
2323 2973
2324 3532
2325 2328
2325 2421
2326 3655
2327 2328
2328 3655
2330 2331
2332 4233
2334 2335
2335 4271
2336 2497
2336 2337
2336 2496
2338 2339
2338 2486
2338 2485
2339 2599
2339 2486
2339 2485
2340 2343
2340 2733
2341 2343
2342 2733
2342 2485
2343 2344
2344 4096
2345 2599
2346 2767
2346 2486
2346 2769
2347 2765
2347 2767
2347 3066
2347 2488
2348 2349
2349 2484
2351 4046
2351 3645
2355 3176
2356 2357
2356 2358
2357 4245
2359 3212
2362 2363
2365 2459
2365 2544
2366 2367
2366 2664
2366 2368
2367 2368
2367 2369
2368 2370
2369 2370
2369 2371
2370 2371
2371 4205
2373 2595
2373 2903
2376 2918
2376 4061
2377 4061
2380 2381
2380 2985
2381 2982
2381 3110
2383 2384
2383 2385
2384 2385
2385 2389
2386 2387
2386 2389
2388 2389
2390 3032
2391 2392
2391 3524
2394 2415
2394 2417
2395 2543
2395 2545
2396 2397
2396 2749
2397 3185
2397 2750
2398 2423
2398 2750
2398 2459
2398 2573
2399 2399
2400 2428
2400 2635
2401 2924
2402 2924
2402 2568
2402 2580
2402 2578
2403 2932
2404 4244
2406 2409
2406 2445
2406 2407
2406 2413
2407 2500
2408 2445
2408 2409
2409 2445
2409 2568
2410 3518
2410 3522
2411 2492
2412 2490
2412 2491
2413 3839
2413 2429
2413 2500
2413 3838
2414 2415
2414 2446
2415 2446
2415 2979
2417 2446
2417 2447
2418 2425
2418 3515
2419 2448
2419 2551
2419 2447
2420 2544
2420 2459
2420 2545
2421 2551
2422 2550
2423 2573
2423 2574
2423 3516
2424 2426
2424 2473
2425 2473
2425 2571
2427 2428
2427 2721
2428 2911
2429 2445
2431 2552
2431 2433
2432 2553
2432 3536
2434 2435
2436 4193
2436 2668
2436 4200
2436 2437
2437 4184
2437 2671
2438 2608
2438 4200
2439 2440
2440 2442
2441 2442
2442 2444
2443 2444
2448 2449
2449 2543
2450 2451
2450 2672
2452 3060
2452 3066
2454 2455
2455 3659
2455 2572
2456 2465
2456 2457
2457 2458
2457 2467
2460 2825
2460 2549
2460 2547
2462 2463
2462 2465
2463 2467
2464 2466
2464 2468
2465 2467
2466 2469
2468 2470
2468 2469
2469 2471
2470 2472
2470 2471
2471 3270
2472 3270
2473 3185
2475 2612
2475 2669
2478 2656
2479 2480
2479 4203
2479 2656
2481 2597
2482 2483
2483 2497
2483 2498
2484 2498
2484 2496
2487 2768
2488 2610
2488 2609
2489 2777
2489 2776
2489 2787
2490 4257
2490 4251
2491 4257
2491 2492
2493 2786
2493 2778
2494 2722
2494 2495
2494 2779
2495 2779
2495 3549
2495 2780
2496 2497
2498 2499
2501 4176
2501 4177
2501 3746
2502 2574
2502 3517
2503 2505
2503 4216
2504 2559
2505 2588
2505 2506
2506 2705
2507 2508
2508 2526
2509 2511
2510 2512
2511 2514
2511 2512
2512 2515
2512 2513
2513 2729
2513 2516
2513 2731
2514 2515
2514 2517
2515 2516
2515 2518
2516 2795
2517 2518
2517 2520
2518 2519
2518 2521
2519 2735
2520 2521
2520 2523
2521 2522
2521 2524
2522 2735
2522 2525
2523 2524
2523 2526
2524 2525
2524 2526
2526 2527
2528 2535
2528 2534
2528 2533
2528 2536
2529 2534
2530 2534
2531 2532
2532 3553
2533 2535
2535 2536
2536 2537
2537 3552
2538 2541
2543 2547
2545 2546
2546 2549
2546 2574
2546 2548
2546 2547
2548 2549
2550 2551
2552 2553
2553 3535
2555 3354
2556 2558
2556 2557
2558 2559
2559 2763
2560 2561
2560 2562
2561 2563
2562 2563
2563 2585
2564 2569
2564 2565
2565 2569
2566 2581
2566 2579
2566 2877
2567 2877
2567 2582
2567 2568
2571 3184
2571 2573
2573 3515
2575 3876
2575 2925
2576 3876
2576 2925
2577 2580
2577 2578
2577 2579
2578 2581
2579 2876
2580 2925
2581 2877
2584 2899
2584 2667
2584 2663
2586 2587
2587 2589
2587 2588
2588 2704
2590 2604
2590 2591
2591 2593
2592 2593
2594 3065
2594 2595
2595 2596
2598 2599
2598 2669
2598 2605
2599 2600
2600 2602
2600 2601
2601 2603
2602 2609
2602 2603
2604 2609
2605 4197
2605 2670
2606 4197
2607 4199
2608 2674
2608 4199
2610 3066
2612 2615
2613 2615
2613 2617
2613 2616
2614 2617
2618 2638
2618 2642
2618 2640
2619 2620
2619 2623
2619 2626
2620 2625
2620 2623
2621 2624
2622 2624
2623 2624
2626 2812
2627 2630
2627 2628
2628 2629
2629 2630
2631 2723
2632 2723
2632 4122
2633 2634
2633 4123
2637 3661
2637 4224
2638 2641
2638 2642
2639 2640
2641 2642
2644 2655
2645 2650
2646 2654
2646 2647
2647 2651
2648 2652
2648 2653
2649 2652
2652 2653
2657 2665
2657 2659
2657 2658
2658 2663
2658 2659
2658 2661
2659 2660
2659 2667
2662 2665
2662 2666
2662 2890
2663 2900
2664 2666
2665 2890
2666 4208
2668 4192
2668 4195
2669 2670
2670 4195
2671 4192
2672 2675
2673 2675
2674 4194
2674 2675
2677 2678
2680 2681
2681 2684
2681 2689
2682 2683
2682 2740
2683 2690
2683 2693
2685 3835
2686 2690
2686 2687
2686 2693
2687 2691
2687 2694
2688 2697
2688 2743
2688 2701
2689 2701
2690 2691
2691 2692
2693 2740
2694 2741
2695 2742
2698 2818
2699 2702
2700 2875
2700 3082
2702 2817
2703 2706
2704 2706
2705 2706
2707 2814
2707 2921
2708 2710
2708 2922
2709 2710
2709 2921
2709 2814
2710 2923
2710 2922
2711 2712
2712 2720
2713 2714
2713 2716
2715 2717
2718 2722
2718 2783
2719 2721
2721 2723
2722 3549
2724 2725
2726 2806
2727 2728
2728 2804
2728 3540
2729 2730
2730 2736
2730 2804
2731 2737
2731 2736
2732 4097
2732 2739
2734 2739
2735 2739
2736 2737
2737 2738
2741 2744
2741 2745
2742 2745
2746 4115
2746 3977
2746 3976
2747 3366
2747 3360
2747 3363
2748 3224
2749 3241
2749 2750
2749 3354
2750 3184
2751 3057
2751 3131
2752 4232
2752 2753
2753 3220
2753 2754
2754 2755
2756 2757
2756 3554
2758 3885
2759 2760
2761 2762
2763 2764
2765 2770
2766 2769
2766 2767
2766 2770
2768 2769
2768 2770
2771 3199
2772 2773
2774 3640
2774 3085
2775 2788
2776 3549
2776 4007
2777 2778
2777 2787
2778 2787
2778 2783
2779 2780
2779 2789
2780 2789
2781 2782
2781 2788
2781 2789
2781 2787
2782 2789
2784 2790
2784 4062
2785 2790
2786 2788
2786 2787
2787 2788
2790 4062
2791 2793
2791 2794
2791 2792
2791 2795
2796 2799
2796 2797
2797 3033
2798 2799
2799 3033
2800 2801
2801 2847
2801 2802
2802 2932
2803 2966
2804 3539
2805 3745
2806 2806
2808 3221
2808 3213
2808 4209
2810 3604
2811 3601
2812 2813
2812 2920
2813 2814
2814 2922
2815 2923
2816 2817
2816 2818
2819 2820
2822 2823
2825 2826
2826 2826
2829 2835
2829 2836
2829 2830
2830 2837
2831 2836
2832 2837
2833 2838
2834 2835
2836 2837
2838 2873
2839 2840
2839 2851
2840 2851
2841 3525
2842 2843
2844 2846
2844 2845
2846 2847
2847 2848
2848 2849
2849 2863
2853 2854
2854 2855
2855 2856
2857 2858
2859 2860
2860 3969
2861 2862
2865 2866
2865 4168
2865 4162
2866 4167
2866 3805
2867 3805
2868 2869
2868 2870
2869 3804
2869 2872
2870 2871
2870 3806
2871 2872
2871 3806
2872 4166
2874 2875
2878 2879
2880 4161
2880 2881
2881 2882
2882 3967
2883 4319
2884 4159
2885 3552
2885 2886
2886 2887
2887 2888
2888 3504
2889 2890
2889 2889
2892 2893
2894 2895
2896 2911
2896 2899
2896 2909
2897 2899
2897 2900
2897 2908
2897 2906
2898 3056
2898 2901
2898 2903
2901 2919
2901 2910
2902 2905
2902 2919
2902 3063
2904 2910
2904 2906
2904 2908
2905 2906
2906 2919
2907 2910
2907 2909
2907 2908
2912 3062
2912 3063
2913 2914
2914 4301
2915 2916
2915 4157
2917 2918
2919 3056
2921 2923
2924 2925
2926 2929
2926 2931
2926 2927
2927 2930
2927 2928
2929 2930
2935 4252
2937 2938
2937 3956
2938 2939
2938 2940
2941 3956
2941 3964
2942 2943
2943 2945
2943 2948
2944 2947
2946 3964
2947 2948
2948 3966
2950 3658
2951 3658
2952 2953
2952 2954
2955 2957
2956 2957
2957 2959
2958 2959
2959 2960
2960 3049
2961 2962
2961 2963
2961 3076
2963 2975
2963 3076
2964 2965
2966 2967
2967 2968
2969 2971
2970 2971
2974 2975
2978 4344
2981 2982
2981 2985
2982 2983
2984 2985
2986 3999
2987 3101
2987 3121
2987 3099
2988 2989
2990 3019
2990 2991
2991 2992
2993 2999
2993 2998
2994 3017
2994 2995
2994 3019
2995 2996
2997 3018
2998 3018
3000 3001
3001 3013
3001 3012
3002 3005
3002 3007
3003 3004
3003 3006
3003 3008
3004 3005
3004 3007
3004 3006
3007 3008
3008 3009
3011 3013
3014 3014
3014 3015
3016 3017
3017 3018
3020 3021
3021 3262
3021 3022
3022 3258
3022 3023
3023 3024
3023 4138
3024 3265
3024 3262
3024 3263
3026 3027
3028 3048
3029 3542
3030 3031
3034 3035
3035 3036
3035 4298
3037 4144
3038 3405
3040 3041
3041 3045
3043 3044
3047 3048
3048 3049
3049 3050
3051 3911
3051 3919
3052 3908
3052 3919
3054 4139
3055 4251
3055 4293
3055 3064
3056 3063
3057 3067
3058 4251
3058 3061
3059 3065
3059 3062
3061 4251
3061 3066
3061 3064
3062 3063
3065 3067
3068 3072
3068 3071
3069 3072
3069 3073
3070 3073
3070 3071
3070 3072
3075 3908
3076 3077
3078 3079
3079 3080
3079 4211
3083 3761
3083 3084
3087 3092
3088 3089
3089 3090
3089 3092
3089 3091
3090 3104
3090 3102
3091 3192
3092 3093
3093 3095
3093 3107
3093 3186
3094 3107
3094 3106
3094 3105
3095 3495
3095 3122
3096 3097
3096 3106
3096 3108
3097 3109
3097 3098
3098 3101
3098 3100
3099 3189
3099 3100
3100 3190
3101 3187
3101 3108
3102 3127
3103 3107
3104 3105
3105 3106
3108 3188
3110 3111
3112 3114
3113 3114
3114 3115
3115 3120
3115 3821
3116 3742
3117 3119
3118 3119
3119 3120
3121 3189
3122 3497
3123 3125
3123 4032
3123 3124
3127 3999
3128 3132
3129 3738
3129 3130
3129 3189
3130 3739
3131 4002
3131 3132
3132 3136
3133 3135
3134 3135
3135 3136
3137 3139
3138 3140
3138 3141
3138 3139
3139 3140
3140 3492
3141 4065
3144 3145
3145 3152
3147 3148
3148 3151
3148 3152
3149 3151
3150 3151
3153 3167
3154 3165
3155 3171
3155 4025
3156 3157
3156 3161
3156 3160
3157 3158
3157 3160
3157 3162
3158 3159
3158 3162
3159 3163
3159 3160
3160 3165
3161 3162
3161 4025
3162 4026
3163 3165
3163 3164
3166 3171
3166 4026
3167 3168
3167 3176
3167 3177
3168 3169
3168 3174
3168 3175
3169 3170
3169 3172
3169 3173
3170 3172
3170 3173
3170 4022
3171 4022
3172 3175
3173 3174
3174 3177
3175 3176
3175 4063
3177 4028
3178 4014
3178 4016
3179 3180
3181 3183
3182 3183
3183 3354
3184 3185
3191 3192
3193 3194
3198 3199
3200 3202
3200 3203
3201 3202
3203 4075
3205 3206
3207 3209
3207 3208
3208 3209
3208 3210
3211 3212
3211 3782
3212 3783
3214 3809
3214 3810
3214 3221
3215 3221
3215 3216
3216 3217
3217 3219
3217 3218
3218 3219
3219 3220
3220 3809
3222 3223
3223 3231
3224 3226
3225 3226
3226 3227
3228 3232
3228 3230
3228 3229
3229 3230
3229 3232
3230 3233
3231 3232
3234 3235
3236 3237
3237 3239
3238 3239
3239 3900
3240 4140
3240 3241
3241 4141
3242 3302
3243 3302
3244 3245
3244 3246
3244 3266
3245 3250
3246 3250
3246 3264
3247 3249
3247 3248
3251 3253
3251 3252
3252 3254
3253 3255
3253 3254
3254 3256
3255 3258
3255 3256
3256 3257
3257 4138
3257 3258
3259 3262
3259 3260
3259 3261
3263 4138
3263 3264
3264 3265
3265 3266
3267 4212
3267 3268
3268 3269
3273 3276
3273 3274
3275 3276
3276 3280
3277 3279
3278 3279
3279 3280
3281 3282
3282 3284
3283 3284
3285 3286
3287 3292
3287 3288
3289 3290
3290 3291
3290 3293
3292 3293
3293 3294
3295 3296
3296 4226
3297 3298
3298 3860
3299 3300
3299 4246
3300 3840
3301 3302
3303 3304
3304 3338
3305 3306
3306 3307
3309 3310
3311 3312
3313 3314
3315 3317
3316 3317
3318 3320
3319 3320
3322 3323
3322 3322
3323 3330
3324 3330
3324 3341
3325 3326
3326 3328
3326 3327
3328 3329
3328 3330
3331 3333
3331 3332
3333 3334
3335 3336
3337 3339
3337 3338
3337 3340
3338 3340
3342 3343
3343 3344
3343 3345
3347 3348
3348 3349
3348 3353
3348 3412
3349 3405
3349 3401
3350 3352
3351 3352
3352 3353
3353 3418
3355 3359
3356 3357
3357 3358
3357 3359
3359 3360
3361 3362
3361 3363
3361 3364
3363 3365
3364 3365
3364 3366
3366 3370
3367 3369
3367 3368
3367 3370
3370 3454
3371 3372
3372 3373
3372 3374
3374 3447
3374 3454
3375 3376
3376 3379
3376 3377
3378 3379
3379 3380
3380 3382
3380 3437
3381 3382
3382 3427
3383 3384
3384 3386
3384 3385
3385 3386
3385 3387
3386 3387
3387 3388
3388 3390
3389 3389
3389 3390
3390 3421
3391 3392
3392 3396
3392 3421
3393 3394
3393 3395
3393 3396
3396 3400
3397 3398
3397 3399
3397 3400
3400 3418
3402 3403
3403 3404
3403 3405
3406 3412
3407 3409
3408 3409
3408 3412
3408 3410
3409 3410
3410 3411
3413 3414
3413 3415
3413 3418
3415 3416
3415 3417
3419 3422
3420 3423
3421 3422
3422 3423
3423 3433
3424 3433
3424 3426
3424 3430
3425 3426
3426 3427
3428 3429
3428 3432
3429 3431
3430 3431
3430 3432
3431 3432
3434 3436
3435 3436
3436 3437
3437 3447
3438 3439
3439 3441
3439 3445
3440 3441
3441 3443
3442 3443
3443 3444
3445 3446
3445 3447
3448 3450
3448 3451
3448 3449
3449 3453
3449 3455
3451 3452
3451 3453
3453 3454
3457 3457
3457 3458
3459 3461
3460 3461
3461 3463
3462 3464
3463 3464
3464 3465
3466 3474
3467 3468
3468 3474
3468 3470
3469 3470
3470 3472
3471 3472
3472 3473
3473 3474
3475 3476
3476 3479
3477 3478
3478 3491
3479 3481
3479 3480
3481 3491
3481 3482
3483 3491
3483 3486
3483 3484
3485 3486
3486 3490
3486 3487
3488 3490
3489 3490
3493 3499
3494 3500
3495 3497
3496 3498
3497 3498
3499 3500
3502 3503
3505 4074
3506 4074
3507 3508
3508 3511
3508 3509
3509 3510
3510 3511
3512 3513
3514 3516
3515 3516
3518 3819
3519 3521
3520 3521
3521 3522
3523 3525
3524 3762
3524 3525
3526 3527
3528 3529
3530 3532
3531 3532
3533 3534
3535 3536
3535 3537
3536 3538
3537 3538
3537 3540
3538 3539
3539 3540
3541 3542
3543 3545
3544 3546
3545 3546
3547 4215
3550 3551
3555 3556
3557 3558
3559 3560
3559 3561
3562 3563
3562 3564
3564 3565
3566 3567
3566 3569
3567 3568
3568 3569
3569 3570
3571 3573
3571 3572
3571 3574
3574 3589
3575 3580
3575 3576
3576 3579
3576 3577
3578 3579
3579 3580
3581 3583
3581 3582
3583 3585
3583 3584
3585 3586
3587 3589
3587 3588
3590 3596
3590 3595
3591 3592
3592 3594
3593 3594
3595 3596
3596 3849
3597 3846
3597 3848
3597 3850
3598 3848
3599 3602
3599 3600
3599 4053
3600 3603
3600 3601
3602 3603
3605 3606
3606 3608
3607 3608
3609 3610
3611 3616
3611 3612
3614 3615
3614 3933
3615 3616
3615 3934
3617 3620
3617 3618
3617 3619
3619 3622
3621 3622
3623 3624
3625 3626
3627 3628
3628 3629
3630 4274
3631 4152
3631 4275
3632 3633
3634 3635
3636 3637
3636 3638
3636 3641
3638 3640
3638 3639
3642 3643
3646 4023
3646 4030
3647 3648
3648 3649
3649 3651
3649 3650
3651 3652
3653 3654
3656 3765
3656 3762
3656 3757
3657 3658
3661 4214
3661 3662
3664 3665
3666 3667
3668 4169
3670 3671
3672 3673
3673 4254
3674 3675
3674 4056
3676 3677
3677 3678
3679 4059
3679 4001
3680 4089
3680 4090
3681 3682
3683 3684
3689 3691
3690 3691
3691 3692
3692 3693
3692 3703
3693 3694
3693 3704
3695 3697
3695 3696
3695 3704
3697 3729
3697 3698
3699 3700
3700 3702
3700 3729
3701 3703
3702 3703
3704 3731
3707 3708
3708 3711
3708 3709
3710 3711
3712 3732
3713 3730
3714 3716
3715 3716
3716 3717
3717 3730
3717 3732
3718 3719
3720 3721
3722 3729
3722 3726
3722 3724
3723 3724
3724 3725
3726 3727
3727 3728
3730 3731
3733 3734
3735 4302
3736 3737
3740 3741
3742 3743
3744 3745
3745 3746
3747 3756
3747 3748
3748 3755
3748 3749
3750 3751
3751 3752
3751 3753
3753 3754
3753 3755
3755 3756
3755 4176
3758 3759
3760 3761
3762 3763
3764 3765
3766 3767
3768 3770
3768 3769
3772 3810
3773 3775
3773 4209
3773 3774
3774 3775
3775 3785
3775 3776
3777 3798
3777 3778
3779 3782
3779 3780
3779 3792
3781 3782
3783 3784
3786 3787
3789 3790
3791 3792
3793 3808
3793 3794
3794 3798
3795 3796
3795 3795
3796 3798
3796 3797
3797 3802
3797 3797
3799 3800
3800 3808
3801 3802
3802 3803
3804 4162
3804 4164
3805 3806
3805 4167
3807 3808
3809 4175
3810 4209
3811 3811
3811 3812
3813 3814
3815 3817
3816 3817
3817 3818
3819 3820
3821 3822
3823 3824
3826 3827
3827 3828
3828 3829
3830 3831
3832 3833
3834 3835
3834 3839
3835 3838
3835 3836
3837 3838
3838 3839
3840 3843
3840 3842
3841 3842
3842 3843
3844 3847
3844 3845
3844 3849
3845 3846
3845 3849
3846 3847
3847 3848
3850 3852
3850 3851
3852 3855
3852 3853
3854 3855
3856 3857
3857 3858
3860 3861
3862 3863
3864 3869
3864 3865
3864 3868
3865 3868
3865 4172
3866 3868
3866 3867
3870 3871
3871 3874
3871 3875
3872 3874
3873 3874
3876 3877
3878 3880
3878 3879
3879 3898
3879 3881
3880 3881
3882 3890
3882 3898
3882 3883
3884 4190
3884 3886
3885 4233
3885 3886
3887 3888
3889 3890
3890 3894
3891 4120
3891 3892
3893 3895
3893 3897
3893 3894
3895 4290
3896 3897
3897 3898
3899 3900
3901 3902
3903 3904
3903 3903
3904 4182
3906 3907
3908 3909
3909 3917
3909 3915
3910 3918
3910 3915
3910 3919
3911 3918
3912 3913
3912 3914
3912 3918
3913 3916
3914 3915
3914 3917
3916 3917
3920 3921
3921 3923
3922 3923
3922 3924
3924 3929
3924 4125
3925 4305
3926 4273
3927 4201
3927 4273
3929 4130
3929 3930
3931 4127
3932 3935
3932 3934
3932 3933
3933 3935
3934 3935
3936 3937
3937 3939
3938 3939
3940 3941
3942 3945
3942 3944
3943 3944
3945 3946
3947 3954
3947 3950
3947 3948
3948 3958
3949 3950
3951 3952
3951 3953
3951 3957
3952 3954
3952 3959
3953 3954
3953 3955
3956 3957
3957 3959
3958 3959
3960 3961
3962 3963
3964 3965
3965 3966
3968 4159
3969 3970
3971 3972
3973 3974
3974 4107
3976 3977
3978 4116
3979 4114
3979 4115
3980 3981
3982 3983
3983 3988
3984 4036
3984 4033
3984 3985
3985 4034
3985 4037
3985 3986
3986 4035
3987 4035
3987 3988
3989 3993
3989 3990
3989 3991
3990 3991
3990 3992
3991 3994
3992 3998
3992 3997
3993 3997
3993 4256
3995 3996
3996 3997
3999 4000
4003 4005
4004 4005
4004 4006
4008 4009
4009 4010
4009 4216
4010 4220
4010 4219
4011 4012
4013 4014
4015 4016
4017 4018
4017 4019
4019 4020
4021 4022
4022 4023
4024 4025
4025 4026
4026 4027
4029 4064
4030 4064
4033 4034
4036 4037
4039 4040
4046 4285
4047 4048
4049 4050
4050 4051
4051 4052
4056 4059
4056 4057
4058 4059
4060 4061
4063 4064
4065 4067
4065 4066
4066 4067
4069 4072
4070 4072
4070 4071
4071 4109
4073 4074
4075 4076
4077 4078
4079 4080
4081 4082
4082 4083
4082 4084
4085 4086
4091 4092
4094 4110
4094 4095
4096 4097
4098 4099
4100 4101
4101 4178
4102 4256
4103 4104
4103 4105
4103 4106
4107 4108
4110 4111
4112 4113
4117 4118
4121 4122
4123 4124
4125 4126
4126 4128
4126 4127
4127 4128
4128 4129
4129 4131
4129 4130
4133 4136
4134 4136
4135 4136
4137 4143
4142 4371
4145 4211
4147 4148
4147 4150
4147 4247
4148 4149
4149 4150
4151 4152
4152 4153
4153 4154
4155 4157
4156 4157
4158 4160
4159 4160
4160 4161
4162 4163
4162 4164
4163 4165
4165 4166
4167 4168
4170 4171
4172 4232
4173 4174
4178 4179
4181 4241
4181 4182
4184 4193
4186 4189
4187 4189
4187 4188
4188 4189
4188 4190
4191 4192
4193 4200
4194 4198
4195 4196
4195 4197
4197 4198
4198 4199
4199 4200
4202 4330
4204 4205
4205 4208
4206 4208
4207 4208
4213 4222
4214 4217
4217 4223
4217 4219
4217 4224
4218 4223
4218 4220
4218 4219
4220 4221
4221 4222
4222 4223
4225 4226
4227 4228
4228 4230
4229 4230
4234 4235
4240 4241
4242 4243
4245 4246
4245 4247
4247 4248
4249 4250
4254 4255
4258 4263
4259 4260
4260 4261
4260 4263
4262 4263
4264 4267
4265 4272
4266 4267
4267 4272
4267 4268
4269 4270
4269 4271
4269 4273
4271 4272
4276 4277
4277 4278
4279 4283
4279 4281
4280 4283
4280 4281
4280 4282
4281 4282
4283 4284
4287 4289
4288 4289
4289 4290
4291 4292
4294 4298
4295 4296
4296 4297
4296 4298
4298 4299
4300 4301
4302 4303
4304 4305
4305 4306
4306 4307
4307 4309
4307 4308
4310 4311
4313 4315
4314 4315
4315 4317
4316 4317
4317 4321
4318 4319
4319 4321
4320 4321
4322 4323
4322 4325
4323 4324
4326 4328
4326 4327
4328 4330
4328 4329
4330 4331
4334 4335
4334 4337
4336 4338
4337 4338
4338 4339
4341 4342
4346 4347
4348 4349
4348 4350
4348 4353
4351 4369
4351 4352
4352 4353
4352 4361
4353 4354
4354 4358
4354 4361
4355 4356
4356 4357
4358 4359
4358 4360
4359 4364
4359 4365
4361 4362
4363 4367
4363 4365
4364 4367
4365 4366
4367 4368
4369 4370
