0 3784
0 32
0 4044
1 2240
1 2263
1 2
2 2425
2 4372
3 3780
3 5400
3 2390
4 32
4 4045
4 3785
4 5021
5 17
5 4004
5 31
6 4003
6 7
6 6474
6 4004
7 4027
7 272
8 6565
8 4008
8 352
8 13
8 6620
9 2039
9 353
9 23
10 3822
10 6235
10 20
11 82
11 4291
11 154
11 3822
12 160
12 117
12 81
12 118
13 14
13 272
14 2158
14 15
15 6475
15 2158
16 6473
16 6474
16 6475
16 6476
17 366
17 6473
18 19
18 365
18 31
18 2492
18 2493
19 363
19 34
19 3789
20 5874
20 3875
21 4561
21 22
21 3892
22 23
22 4980
23 6225
24 729
24 820
25 634
25 1698
25 633
26 3829
26 3997
26 6218
26 3594
27 4240
27 4039
27 5348
28 294
28 4293
28 3825
29 4882
29 4883
29 400
29 455
30 1707
30 3780
30 739
31 35
31 34
31 4364
32 3786
32 3783
32 4046
33 4814
33 3385
33 3304
34 35
34 4005
35 36
36 5057
36 6229
36 4364
37 4031
37 38
37 4117
38 6399
38 6397
38 6486
39 6663
39 6665
39 4028
40 742
40 1704
40 4308
41 4565
41 42
41 4089
42 43
42 4002
43 4446
43 50
44 45
44 4414
44 3954
44 49
44 4002
45 46
45 4414
46 3632
46 4001
47 4430
47 48
47 3632
47 4423
47 6146
48 49
48 4438
49 3765
50 1656
50 4421
51 5759
51 53
52 53
52 5762
52 5755
53 847
54 4885
54 3685
54 3686
55 905
55 3679
55 916
56 57
56 4393
56 916
57 898
57 902
58 815
58 3608
58 3625
59 736
59 3847
59 3849
60 4234
60 4218
60 4235
61 4222
61 4226
61 4221
61 687
62 6141
62 3812
62 6143
63 1495
63 1462
63 1500
64 5565
64 1500
64 1545
65 1544
65 4143
65 5565
66 1561
66 4143
66 1543
67 68
67 4390
67 3999
68 3867
68 1589
69 1587
69 1586
69 3631
69 3868
69 4379
70 3980
70 1588
70 3978
71 5837
71 3977
71 3870
71 5838
71 5849
72 3981
72 5848
72 3978
73 75
73 2228
73 2230
73 3850
74 2226
74 75
74 3850
75 5046
75 6008
76 2286
76 6011
76 2287
77 2285
77 5062
77 2286
78 5354
78 2279
78 3987
79 4036
79 5348
79 4120
79 6261
80 84
80 85
80 4104
81 138
81 117
82 270
82 3822
83 6012
83 6014
83 4020
83 546
84 85
84 138
84 6238
84 4241
85 118
86 667
86 6218
86 6366
87 6230
87 6073
87 5777
88 5917
88 5916
88 5176
89 6396
89 4510
89 6395
90 94
90 783
90 6396
91 93
91 92
91 783
92 777
92 95
93 1858
93 1831
94 785
94 781
94 95
95 783
95 782
96 1885
96 1887
96 771
97 1907
97 1894
97 4145
98 6286
98 1894
98 773
99 1917
99 1920
99 773
100 4191
100 612
100 4193
101 707
101 611
101 102
102 3654
102 689
103 570
103 6489
103 6488
104 618
104 105
104 560
105 552
105 617
106 3832
106 555
106 557
107 1654
107 6258
107 1652
108 3793
108 4046
108 4007
108 4045
109 355
109 3790
109 3793
110 3795
110 3794
110 2503
111 112
111 2377
111 3993
112 2396
112 2429
113 2375
113 2592
113 114
114 2259
114 5404
114 2258
115 2344
115 2345
115 6392
116 6209
116 6214
116 6362
116 6542
117 123
118 160
119 161
119 6267
119 128
119 134
120 121
120 129
120 149
121 126
121 127
121 128
122 126
122 161
122 5772
123 6236
123 163
124 5771
124 148
124 6236
125 5771
126 5782
128 129
129 143
130 131
130 160
131 253
131 142
132 142
132 133
132 177
133 134
133 142
134 135
134 161
135 326
135 325
136 140
136 265
136 137
137 263
137 157
138 154
138 163
138 153
139 153
139 3898
139 3905
140 2057
140 6361
140 4211
141 157
141 158
141 153
143 151
143 144
144 1961
144 6276
145 6276
145 155
145 146
146 268
146 1963
147 2088
147 1973
147 1974
148 149
148 158
149 150
150 165
150 221
151 165
151 152
154 3895
154 3898
155 156
155 264
156 158
156 157
159 4987
159 2147
159 2151
159 2041
162 163
164 221
165 221
166 167
166 324
166 334
167 1799
167 197
168 198
168 1976
168 1800
168 1799
169 1978
169 1979
169 6563
169 1992
170 1797
170 6564
170 1798
171 6564
171 2004
171 4997
172 1823
172 1819
172 1817
173 1715
173 1724
173 3760
174 1861
174 804
174 801
175 3770
175 3768
175 3771
175 3772
176 1709
176 3772
176 1713
177 1949
177 1946
178 1942
178 1944
178 1808
178 1956
179 1720
179 1787
180 4714
180 181
180 1722
181 182
181 1744
181 1791
182 1820
182 1830
183 1871
183 184
183 1836
184 2016
184 1868
185 2012
185 1868
185 2016
186 2006
186 205
186 2012
187 5652
187 2038
187 2006
188 207
188 189
188 5652
189 1922
189 2007
190 1922
190 1923
190 6096
191 4897
191 6279
191 211
192 1934
192 1931
192 1805
193 4904
193 1940
193 1933
194 195
195 1943
195 5084
196 1801
196 1958
196 1943
197 219
197 328
198 1975
198 332
198 1963
199 1797
199 200
199 1219
200 201
200 1998
201 202
201 4903
202 2001
202 203
203 1969
203 2000
204 1922
204 206
204 1924
205 1890
205 1897
206 210
206 207
207 6286
208 209
208 211
208 1913
208 1929
209 210
209 1924
210 1915
211 1924
212 4897
213 6609
213 965
214 6608
214 6098
214 6161
215 216
215 568
215 6488
216 256
216 255
216 217
217 1951
217 1949
217 1956
218 328
218 1960
218 219
219 1801
220 1971
220 2125
220 2123
222 5004
222 5003
223 224
223 3758
223 839
224 3745
225 4259
225 967
225 969
225 4262
226 4256
226 227
226 969
227 4911
227 4263
228 4255
228 229
228 4261
229 4254
229 4265
229 939
230 231
230 4272
230 4264
231 5072
231 6119
232 4284
232 4277
232 6119
233 1162
233 234
233 6347
234 1161
234 6348
235 236
235 1165
235 3882
236 6350
236 1164
236 1180
237 1164
237 4655
237 1275
238 1283
238 4210
238 1282
239 1286
239 1294
239 1276
240 6351
240 1294
240 1299
241 4204
241 6356
241 1424
242 6550
242 3942
242 6020
243 3677
243 3687
243 5832
244 2146
244 2151
244 4907
245 2096
245 5071
245 2116
246 6108
246 5070
246 1195
246 4515
247 248
247 6108
247 3719
248 249
248 1247
249 6346
249 1248
250 3712
250 1242
250 3725
251 4352
251 3849
252 833
252 3990
252 4352
253 4020
253 254
254 6294
254 255
255 6292
256 587
256 1941
257 258
257 1941
257 580
258 259
258 581
259 260
259 584
260 585
260 595
261 2079
261 2090
261 265
262 2061
264 2076
264 266
265 266
266 2079
267 2076
267 2086
267 2080
268 2086
268 1965
269 4016
269 273
269 315
270 3873
270 3874
271 529
271 274
271 533
271 532
272 6620
272 6576
273 287
273 338
274 6262
274 306
275 307
275 289
275 300
276 277
276 3825
276 280
276 294
277 279
277 3874
278 5130
278 281
278 4289
279 290
279 282
279 4286
280 293
280 283
280 290
281 401
281 5747
281 5754
282 4738
282 295
283 295
283 292
283 297
284 5748
284 400
284 401
285 296
285 286
285 5983
286 3841
286 288
287 5792
287 289
288 298
288 314
289 303
290 295
291 4883
291 292
291 297
292 293
292 5748
293 5747
293 294
294 5130
295 296
295 5983
296 298
296 297
297 299
298 303
298 299
299 304
299 4114
300 308
300 6262
301 4023
301 4727
301 454
301 306
302 314
302 303
302 313
303 304
304 305
304 307
305 4113
305 4023
305 308
306 5749
307 308
308 5749
309 4034
309 3831
309 6467
310 4160
310 3627
311 5910
311 4160
311 4176
311 3927
312 4118
312 542
312 4108
313 4011
313 5792
314 3988
315 3590
315 6667
316 3988
317 5802
317 1518
317 1521
318 5801
318 5804
318 5869
319 4158
319 5801
319 1610
320 1558
320 1565
320 1589
320 5775
320 6256
321 4418
321 1094
321 6088
322 4407
322 4001
322 4420
322 4414
323 328
323 329
323 326
324 327
324 6267
325 327
325 330
326 330
327 329
329 330
331 332
332 334
333 334
335 5768
335 6566
335 384
336 5060
336 6525
336 4003
336 5773
337 5182
337 5904
337 540
338 6576
338 5060
338 5773
339 342
339 5016
339 529
340 341
341 5017
341 4024
342 5017
342 4026
342 5930
343 366
343 382
343 6473
344 5770
344 345
344 382
345 6425
345 359
346 377
346 375
346 347
347 378
347 370
348 349
348 6424
348 360
349 2496
349 350
350 354
350 377
351 369
351 2494
351 2447
352 6297
352 2154
352 4907
353 4905
353 6297
354 362
354 357
354 361
355 358
355 362
356 378
356 377
356 357
357 358
358 2507
359 360
359 6424
360 364
360 361
361 363
362 363
363 4007
366 2493
367 2489
368 6476
368 5765
368 2489
369 370
369 2495
370 376
371 379
371 2637
371 376
372 6425
372 373
372 375
373 379
373 374
374 375
374 376
378 2447
379 381
380 381
381 383
382 5770
382 2491
383 384
383 2491
384 2489
385 5198
385 6546
385 386
385 6199
386 5042
386 5204
387 4080
387 391
387 432
388 391
388 428
388 519
389 519
389 426
389 427
390 499
390 402
390 495
391 516
391 4452
392 4083
392 4303
392 5044
392 5197
393 451
393 430
393 431
393 448
394 395
394 4530
394 4543
395 520
395 420
395 435
396 4546
396 433
396 420
397 452
397 540
397 538
397 527
398 537
398 453
398 538
399 464
399 5752
399 5736
400 5752
401 5753
402 490
402 3647
402 489
403 507
403 405
403 407
404 513
405 4540
405 513
406 409
406 408
406 411
406 507
407 408
407 495
408 410
409 508
409 412
410 411
410 413
411 414
411 4594
412 4594
412 4590
413 414
413 3909
414 3912
415 503
415 499
415 482
416 501
416 515
416 497
417 481
417 418
417 485
418 434
418 440
419 3833
420 434
421 473
422 3833
422 479
422 522
423 442
423 425
423 4383
424 426
424 427
424 4391
425 451
425 449
425 4458
426 4385
427 520
428 4453
428 4543
429 431
429 432
429 4084
430 4456
430 4455
430 4452
431 432
431 5488
432 4455
433 477
433 485
433 434
434 435
435 4539
436 3859
437 513
437 3858
437 4540
437 438
439 481
440 4542
440 4597
441 445
441 443
441 5736
442 521
442 443
443 5737
443 474
444 448
444 469
445 449
445 446
446 447
446 450
447 518
447 5736
448 450
449 450
450 451
451 5006
452 3814
452 524
452 3597
453 3816
453 524
453 5750
454 5750
454 455
455 5751
456 465
456 461
456 472
456 458
457 4882
457 461
457 459
457 464
458 460
458 3813
459 460
459 3815
460 461
462 463
463 464
463 526
465 470
465 466
466 469
466 468
467 468
468 471
469 470
470 526
471 4085
471 3596
471 472
472 523
473 521
473 474
474 491
475 487
475 6202
475 491
476 6202
477 5498
477 5495
477 522
478 482
478 6201
478 487
480 484
480 515
480 496
481 496
481 514
482 483
482 3823
483 515
483 5499
484 485
484 5495
486 492
486 5737
486 5753
487 488
488 3824
488 4127
489 490
489 494
489 4884
490 3823
491 4127
492 5754
492 4127
492 3824
493 3637
493 4035
493 4294
494 3642
494 3643
495 3651
495 498
495 3635
496 4853
497 4853
497 4598
498 500
498 499
500 4598
500 502
501 503
501 502
502 503
504 4567
504 4574
504 4575
505 4574
505 506
505 4527
507 508
508 4586
508 4591
509 4575
509 3853
509 4579
510 511
510 4088
510 4571
511 4565
511 4578
512 4527
512 4529
512 3856
516 4453
516 4079
516 5185
517 4562
518 5508
518 526
519 5006
520 4545
521 4550
522 4546
523 3596
523 3814
524 525
525 3815
525 3813
526 5509
527 3838
527 3597
528 4298
528 4302
528 4297
529 5015
529 3630
530 5738
530 532
530 4131
531 4025
531 3630
531 5742
532 4727
532 5015
533 5742
533 3630
533 6262
534 5059
534 4364
534 6525
535 4025
535 5060
535 6309
536 6309
536 4026
536 5059
537 4727
537 539
538 539
539 540
540 4301
541 5854
542 4033
542 3830
542 3998
543 556
543 6261
543 3595
544 551
544 547
544 3595
545 548
545 547
545 552
546 3595
546 4036
547 558
548 549
548 559
549 550
549 566
550 6293
550 6053
551 553
551 557
552 553
553 554
554 555
554 557
555 617
556 557
556 4033
559 563
559 561
559 560
560 623
562 563
563 564
564 623
564 625
565 566
566 6282
567 581
567 578
567 584
568 572
568 569
569 571
569 570
569 574
570 628
572 6275
572 589
572 580
573 628
573 574
573 630
573 577
574 6275
574 575
575 577
575 576
575 590
577 582
578 591
578 606
579 591
579 696
579 639
580 581
581 590
582 639
582 590
583 585
584 585
586 587
587 589
588 589
590 591
591 605
592 601
592 605
592 596
593 596
593 607
593 594
594 603
594 4188
595 4737
595 615
596 602
597 598
597 599
597 4737
598 608
598 4513
599 602
599 600
600 606
600 601
601 602
602 607
603 613
603 607
604 605
604 689
604 696
605 606
606 3699
608 610
608 4190
609 610
610 614
611 709
611 4188
612 614
612 4128
613 4190
613 614
615 1929
615 4894
616 617
618 3594
619 3594
619 620
619 631
620 621
621 624
621 622
623 624
624 625
625 626
626 627
626 6489
628 629
629 636
629 630
630 637
630 635
631 634
631 644
632 651
632 649
632 642
633 646
633 1707
633 4888
634 1698
634 645
635 638
635 699
636 650
636 637
637 640
637 638
638 705
639 699
640 651
640 652
641 652
641 705
641 643
642 646
642 653
643 653
643 647
644 645
644 648
645 646
645 649
646 647
647 3589
648 649
648 650
650 651
652 653
654 3633
654 661
654 685
655 656
655 3633
655 3763
656 670
656 657
657 658
657 4564
658 684
658 659
659 660
659 684
660 1650
660 3985
661 685
661 3985
662 5049
662 6219
662 4239
662 6666
663 3762
663 666
663 668
664 665
664 4110
664 3762
665 683
665 666
666 669
667 1704
667 6366
668 669
668 4239
668 5049
669 1702
669 6217
670 4564
670 4110
671 683
671 6205
671 682
672 674
672 6614
672 681
673 6583
673 674
673 6205
674 682
674 5512
675 6204
675 676
675 6583
676 677
676 4237
677 4225
677 4237
678 681
678 5875
678 6613
678 1660
679 6178
679 4228
679 4224
680 3763
680 6613
680 6614
681 6178
682 683
684 4572
685 1659
686 4220
686 1659
686 4226
687 4624
687 4222
688 4624
688 1015
688 6137
688 1440
689 702
690 692
690 697
691 5885
691 3654
691 692
692 704
693 695
693 721
693 718
694 766
694 721
694 4192
694 715
695 716
695 765
695 719
696 701
697 705
697 698
697 703
699 700
700 703
700 701
701 702
702 706
703 704
704 706
706 3654
707 708
707 5885
708 709
708 710
709 4191
710 711
710 718
710 5885
711 719
711 740
711 713
712 713
713 714
715 4048
715 4050
715 4049
717 719
718 720
718 719
720 721
720 6498
722 761
722 767
722 768
723 757
723 724
723 761
724 725
724 758
724 760
725 726
725 759
726 731
726 3656
727 730
727 6172
727 3847
728 729
728 730
728 3700
729 739
730 3700
731 3701
731 732
733 753
733 3658
733 4502
734 735
734 911
734 6028
736 3846
736 3610
737 899
737 3611
738 3518
738 3517
739 740
740 1707
740 743
741 746
741 1013
741 1130
742 3849
742 5734
743 3600
743 5734
743 6184
744 754
744 4502
744 6163
745 3845
745 3609
745 3608
746 1129
746 3600
747 748
748 4960
748 1129
749 6106
749 1099
749 5884
749 1102
750 4958
750 6161
751 754
752 754
753 754
753 4503
755 758
756 757
757 4967
758 4967
761 762
762 770
762 772
762 771
763 765
763 764
763 768
765 6241
765 766
766 767
767 768
769 6340
770 1894
770 772
771 774
772 773
775 776
775 1888
775 1895
777 786
777 782
778 784
778 4604
778 779
780 4604
780 785
780 781
781 6395
782 784
784 785
786 1875
786 6191
787 790
788 1846
788 1858
788 5730
789 791
790 5763
790 791
791 794
792 5730
792 5763
792 794
792 5764
793 794
795 802
796 797
796 802
796 823
796 798
797 830
797 829
798 1731
798 804
799 807
799 800
800 811
800 3614
800 809
801 803
801 5729
802 803
803 804
805 3759
805 1731
805 830
806 807
807 823
807 816
808 811
810 811
812 813
813 899
813 3846
814 815
815 911
816 825
816 826
817 818
817 820
817 6571
818 822
818 820
818 821
819 824
819 820
819 6006
821 822
821 4360
822 6006
823 825
824 6004
824 826
825 829
825 828
826 828
827 6409
827 4363
827 4361
828 6271
829 831
830 831
831 4361
832 5776
832 4326
832 4334
832 833
833 834
834 835
834 5776
835 5776
835 6230
836 4460
836 3605
836 4877
837 3605
838 839
839 840
839 4873
841 3745
842 4890
842 6015
842 857
842 4889
843 844
843 4886
843 4333
844 869
844 845
845 6017
845 6483
846 3681
846 892
846 4337
847 6068
847 882
848 4725
848 5916
849 4052
849 4725
849 4732
850 4115
850 4945
850 6483
851 853
851 4890
851 855
852 853
853 854
855 856
855 5004
857 4891
857 4328
858 859
858 4891
858 861
859 865
859 4892
860 861
861 862
863 865
863 867
863 3756
864 865
864 867
864 4893
865 866
867 3757
868 6022
868 4329
868 4335
869 6017
869 6019
870 6020
871 5759
871 5760
871 5758
872 3524
872 4609
872 1592
873 874
873 878
873 4622
873 875
874 875
874 4656
875 879
876 6540
876 877
876 3584
879 4622
879 6221
880 4562
880 4568
880 3973
881 886
881 884
881 887
882 887
882 886
883 885
884 885
884 4839
885 886
886 887
887 888
889 890
889 897
890 3682
890 891
892 3679
892 894
893 909
893 4838
893 904
894 907
894 897
895 897
896 897
899 900
900 901
900 903
901 4512
901 903
902 903
902 3845
904 905
904 909
904 910
905 913
906 907
907 909
908 918
908 6524
908 912
910 918
910 913
910 4179
911 6273
913 915
914 916
914 915
917 918
919 1047
919 933
919 920
919 932
920 921
920 6105
921 1048
921 922
922 923
922 934
923 1048
923 924
924 925
924 931
925 931
925 960
926 957
926 5090
926 960
927 6318
927 5091
927 5089
928 942
928 3675
928 6318
929 940
929 963
929 3676
930 931
931 5091
932 1060
932 1032
933 962
933 934
934 959
935 961
935 936
935 959
936 954
936 937
937 953
937 952
938 939
938 950
938 952
938 4274
939 940
940 941
943 944
943 3675
943 945
945 3676
945 4957
946 4957
947 1084
947 1083
947 1068
947 948
948 6459
948 6458
949 4275
949 6458
949 6459
951 952
955 957
955 956
955 961
956 6654
956 6655
957 958
958 960
958 959
959 961
963 964
963 4836
965 966
965 4836
968 969
969 4258
970 6608
971 4264
971 4267
971 4270
971 4265
971 4266
971 4271
972 4911
973 974
973 1163
973 4655
974 975
974 5073
975 978
975 976
976 4244
976 978
977 4245
977 5072
977 4246
978 979
979 4246
979 980
979 4247
981 987
981 999
981 982
982 1178
982 983
983 4279
983 6035
984 4283
984 6035
984 6037
984 6038
985 1079
985 1078
985 1002
986 1144
986 1078
986 987
987 1177
988 1146
988 1177
988 989
989 1151
989 990
990 1157
990 1262
991 1271
991 1252
991 992
992 5882
992 993
993 1328
993 1253
994 1345
994 6093
994 1330
995 6093
995 1338
995 996
996 4273
997 1356
997 3821
997 1357
998 6136
998 6132
998 1014
998 4227
999 1000
999 1177
1000 1174
1000 6033
1001 6033
1003 1066
1003 1063
1003 1004
1004 1061
1004 1005
1005 1049
1005 1136
1006 1136
1006 4280
1006 4281
1006 4282
1007 3778
1007 1148
1007 1008
1008 1149
1008 6330
1009 1116
1009 1114
1009 1124
1010 1124
1010 1355
1010 1354
1011 1354
1011 1339
1011 1336
1012 1117
1012 1121
1012 1118
1013 1127
1013 1121
1014 3939
1014 1333
1015 1437
1015 1435
1016 1432
1016 1323
1016 1321
1016 1319
1016 6139
1017 1026
1017 1315
1017 1316
1017 1018
1018 1019
1018 6224
1019 5050
1019 1020
1020 1267
1020 1295
1021 5769
1021 1022
1021 6566
1022 2606
1022 2611
1022 6118
1023 2611
1023 6565
1023 2138
1024 2257
1024 2358
1024 6342
1025 1316
1025 5053
1025 1323
1026 5051
1026 5053
1027 1100
1027 5893
1027 1028
1028 1029
1028 1140
1029 6159
1029 1030
1030 1034
1030 1031
1031 1038
1031 1050
1031 1032
1032 1046
1033 1036
1033 1043
1033 1037
1034 1041
1034 1037
1035 1037
1036 1039
1036 6160
1038 1040
1038 1044
1039 1042
1039 4179
1040 1042
1040 1041
1041 1043
1042 1043
1044 5743
1044 1046
1045 1046
1048 4507
1049 1053
1049 1052
1050 1062
1050 1051
1053 6612
1053 1061
1054 4556
1054 4557
1054 1055
1054 4555
1055 4553
1055 4557
1056 1057
1056 1137
1056 4629
1057 1058
1057 1138
1058 1140
1058 1059
1060 1061
1060 1063
1061 1062
1062 6612
1063 1064
1064 4623
1064 1065
1066 4626
1066 1067
1067 1069
1067 1068
1068 6248
1069 1071
1069 1073
1070 1071
1071 1072
1074 1143
1074 1144
1074 1075
1076 4281
1077 1078
1079 4627
1079 1080
1080 4628
1080 1081
1081 1084
1081 1082
1084 1085
1086 4272
1087 4269
1087 4275
1087 4272
1088 3878
1088 1508
1088 1494
1088 5641
1089 3878
1089 4648
1089 6203
1089 5824
1090 5820
1090 5821
1090 4641
1091 5815
1092 5824
1092 4204
1092 4195
1093 3949
1093 3982
1093 3981
1094 6156
1094 4381
1095 3982
1095 3980
1095 3983
1096 4000
1096 4915
1096 3979
1097 6340
1097 1100
1097 1099
1098 6106
1099 1100
1099 1101
1103 5897
1103 1106
1103 3653
1104 1105
1104 1141
1104 4280
1105 6337
1105 6339
1106 1109
1106 6337
1107 1127
1107 5888
1107 1128
1108 5888
1108 5890
1108 1120
1110 1111
1110 6337
1110 6330
1112 1113
1113 6331
1113 6333
1115 1116
1115 1156
1115 1350
1116 6332
1116 6333
1117 1119
1117 1118
1118 1336
1119 1120
1119 1126
1120 1123
1121 1122
1123 1125
1123 1124
1127 6254
1129 1130
1130 1132
1130 1134
1131 1134
1132 1133
1132 4960
1133 6338
1133 5886
1134 5887
1135 4629
1136 4629
1139 1140
1142 3778
1143 4280
1143 1144
1145 1148
1146 6173
1146 6066
1147 1148
1147 4280
1147 3778
1148 1149
1149 6066
1150 1151
1150 1157
1150 1156
1151 6330
1152 1251
1152 1350
1152 1352
1153 1154
1154 1155
1154 6331
1156 1159
1157 1159
1158 1159
1160 3882
1160 3881
1160 1163
1160 4654
1161 1162
1161 3881
1162 3879
1162 1163
1164 6350
1166 1167
1166 1180
1166 1181
1167 1168
1167 1312
1168 1169
1168 1170
1169 6121
1169 1263
1170 1172
1170 1173
1171 1172
1172 3943
1173 1176
1173 1181
1174 1185
1174 1186
1175 1176
1176 1185
1179 1180
1181 1182
1181 1183
1184 1185
1187 3579
1187 5063
1188 6427
1188 6435
1189 6052
1189 6432
1190 6042
1190 5878
1191 5879
1191 6043
1191 5877
1192 5626
1192 5619
1193 5063
1193 5620
1194 6116
1194 6426
1194 6628
1195 1237
1195 1236
1196 4515
1196 1197
1196 5345
1197 5067
1198 5405
1198 5406
1198 5190
1199 5719
1199 5583
1199 5582
1200 4517
1200 4516
1200 5431
1201 5033
1201 4482
1201 1202
1202 1205
1202 4990
1203 4991
1203 3570
1203 1204
1204 4486
1204 5644
1205 5009
1205 1206
1206 1207
1206 4483
1207 4600
1207 4926
1207 3707
1207 4927
1208 4926
1209 4009
1209 1210
1209 4854
1210 4473
1210 1211
1211 5024
1211 4480
1212 4479
1212 1399
1213 1214
1213 3623
1213 4478
1214 5649
1214 1215
1215 5649
1215 4077
1216 1217
1216 3570
1216 4482
1217 5703
1217 5721
1218 5718
1218 4067
1218 5721
1219 1796
1219 1220
1220 1796
1220 1221
1221 1222
1221 5139
1222 1224
1222 1223
1224 5139
1224 4465
1225 5667
1225 5670
1225 5139
1225 5668
1226 5669
1226 6299
1226 5585
1227 5343
1227 5669
1227 1228
1229 6360
1229 5943
1229 1232
1230 2617
1230 2621
1230 2221
1231 6567
1231 6166
1231 6558
1232 1246
1232 2142
1233 6360
1233 1239
1233 1234
1234 2040
1234 1235
1235 5657
1235 2134
1236 2134
1236 2091
1237 5001
1237 1241
1237 1238
1239 1241
1239 1240
1240 3721
1240 1241
1242 1243
1242 1247
1243 1247
1243 1245
1243 3721
1244 1245
1245 1246
1246 6087
1247 3719
1248 1249
1248 5200
1250 1337
1250 1346
1250 1344
1251 1348
1251 1254
1252 1254
1252 1262
1253 1255
1253 1325
1254 1259
1255 6177
1255 1256
1257 1259
1257 6177
1257 1258
1259 1260
1261 1271
1261 1268
1261 1264
1262 1263
1263 1271
1264 6121
1264 1265
1265 1268
1265 1314
1266 1267
1266 4551
1266 1314
1267 1272
1268 5052
1269 5050
1270 1271
1272 1310
1272 1298
1273 1274
1273 1292
1274 1280
1274 1279
1275 1278
1275 1277
1276 4750
1276 3880
1277 1278
1277 1283
1278 1279
1279 1280
1280 1281
1281 3880
1281 1284
1282 1283
1282 4159
1284 4159
1284 3880
1285 1301
1286 1301
1286 1307
1286 1287
1287 1288
1287 1297
1288 1308
1288 1289
1289 1309
1289 1291
1290 1309
1290 1292
1290 1310
1291 1293
1291 1292
1294 1301
1295 1296
1295 1303
1295 1299
1296 1297
1296 1305
1297 1298
1298 1309
1299 1425
1299 6095
1299 1302
1299 1300
1300 1305
1300 1306
1301 1306
1302 1303
1302 1428
1303 1304
1305 1307
1306 1307
1310 1311
1313 1314
1315 6589
1315 6588
1316 1317
1317 1318
1317 1443
1318 6591
1318 6589
1319 1432
1319 1430
1320 1444
1320 1443
1320 1430
1321 1322
1321 5048
1322 1324
1322 1326
1322 1323
1323 1431
1324 1327
1324 5056
1325 1326
1325 6176
1325 1345
1326 1327
1326 1330
1327 1328
1328 1329
1329 5882
1329 5055
1331 3852
1331 6312
1331 1341
1331 1335
1332 6312
1332 4273
1332 1333
1333 1335
1334 1343
1334 1341
1334 1339
1334 3819
1335 3602
1336 6314
1338 1340
1338 1346
1339 3852
1340 1343
1340 1341
1340 1344
1342 1343
1342 1349
1342 3819
1344 1349
1345 1346
1347 1349
1347 1348
1347 6176
1348 3819
1350 1351
1353 1354
1357 1358
1357 4227
1359 3820
1360 3767
1360 3621
1360 1778
1361 1754
1361 5212
1362 6632
1363 6632
1363 5621
1363 3512
1364 5621
1364 1365
1364 3516
1365 5618
1366 3511
1366 5619
1367 5962
1367 3470
1367 1750
1368 1748
1369 1370
1369 3431
1369 3430
1369 3437
1370 3431
1370 6441
1371 6445
1371 3426
1371 3417
1372 3417
1372 6446
1372 6442
1373 3435
1373 3428
1373 3425
1374 3427
1374 1375
1374 3428
1375 3382
1375 6454
1376 3384
1376 6452
1376 6454
1376 6457
1377 6455
1377 5026
1377 6452
1378 1379
1378 3379
1378 5544
1379 5534
1379 1697
1380 5540
1380 2459
1380 6460
1381 3779
1381 2331
1381 2409
1382 2395
1382 2329
1382 2333
1382 4151
1383 2652
1383 6419
1383 2759
1383 2502
1384 2694
1384 5525
1384 1420
1385 2704
1385 2705
1385 1420
1386 1392
1386 2601
1386 2621
1387 2497
1387 2631
1387 2633
1388 2659
1388 2655
1388 2623
1389 1390
1389 2698
1389 2675
1390 2698
1390 6169
1391 2701
1391 6169
1391 1418
1392 2136
1392 2501
1393 2657
1393 2601
1393 2659
1394 5703
1394 5644
1394 1395
1395 1421
1395 4559
1395 3703
1395 5023
1396 3706
1396 3674
1396 4068
1397 4070
1397 4068
1397 1398
1398 4069
1398 4518
1399 4462
1399 4067
1400 5011
1400 5010
1400 5318
1401 3531
1401 4703
1401 5319
1401 6531
1401 4937
1402 4936
1402 5725
1402 3532
1403 1404
1403 5324
1403 3562
1404 4468
1404 5494
1405 1406
1405 5325
1405 4468
1406 1407
1406 5722
1407 5926
1408 4463
1408 5926
1408 3711
1409 5209
1409 5210
1409 3670
1410 5118
1410 3670
1410 4059
1411 4602
1411 3671
1411 3672
1412 3713
1412 6653
1412 5430
1413 5430
1413 4977
1413 4474
1413 4701
1414 4700
1414 4922
1414 1415
1415 3667
1415 3665
1416 5078
1416 5591
1416 4923
1417 5500
1417 5501
1417 3737
1418 3733
1418 2699
1419 1420
1419 2703
1419 2695
1420 2767
1421 5720
1421 4925
1422 6305
1422 1433
1422 1473
1423 1452
1423 1473
1423 1447
1424 4816
1424 6586
1425 3885
1426 3885
1427 1428
1428 4285
1429 1431
1430 1431
1432 1444
1432 3818
1432 1434
1433 6593
1433 1441
1435 6139
1435 1436
1437 1438
1437 1439
1440 3818
1440 5866
1441 4821
1441 1442
1443 1446
1443 1445
1444 1445
1444 3817
1445 1446
1446 6593
1447 6586
1447 1448
1448 1449
1448 1451
1449 4820
1449 4821
1450 4818
1452 1453
1452 1459
1453 1456
1453 1457
1454 6406
1454 1484
1454 1481
1454 6144
1455 1464
1455 1457
1455 5638
1457 1458
1458 3884
1458 1459
1459 1477
1460 1490
1460 1461
1460 1467
1461 1470
1461 1491
1462 6145
1462 6478
1462 1485
1463 1497
1463 1492
1463 1464
1464 1493
1464 3884
1465 1482
1465 1467
1465 6303
1466 1485
1466 1480
1466 1468
1467 1488
1468 1488
1468 1469
1469 3764
1469 1471
1470 1475
1470 1476
1471 1495
1471 1489
1471 1497
1472 1492
1472 1477
1472 1474
1472 1489
1472 1475
1473 1474
1474 1476
1475 1476
1477 1478
1478 1492
1478 3884
1479 1548
1479 1494
1479 5824
1480 1482
1480 1488
1480 1484
1481 1483
1481 6307
1482 1483
1483 1484
1484 1487
1485 1487
1486 1487
1486 6145
1486 6144
1488 3764
1489 3764
1489 1491
1490 3764
1490 1491
1493 5639
1493 1499
1493 1496
1494 5640
1495 1496
1495 1534
1496 1497
1498 1529
1498 1533
1498 1563
1498 1541
1499 1502
1499 1503
1500 1501
1501 1534
1501 1545
1502 1538
1502 1536
1503 5641
1503 1504
1504 1511
1504 1508
1505 1515
1505 1513
1505 1514
1506 1519
1506 1526
1506 1507
1506 1517
1507 1525
1507 5869
1507 1549
1508 1510
1509 1513
1509 1511
1509 5872
1510 5872
1510 5830
1510 5831
1511 1512
1513 5872
1514 1516
1514 4910
1514 1515
1515 1517
1516 6311
1516 5831
1517 1520
1518 1522
1518 4910
1519 1521
1519 1520
1520 1522
1521 1522
1523 5784
1523 1536
1523 1541
1523 1530
1524 1525
1525 1528
1525 1526
1526 1527
1527 1530
1527 1528
1528 1529
1528 1560
1529 1530
1531 1559
1531 1557
1531 1532
1532 1566
1532 1570
1533 1562
1533 1543
1533 1540
1534 1538
1534 1539
1535 5785
1535 5784
1535 1539
1535 1537
1536 1537
1537 5515
1538 5515
1539 5783
1539 5515
1540 1541
1540 5784
1542 1543
1542 5786
1542 1567
1543 1546
1544 1545
1544 1546
1545 5795
1546 5796
1547 1548
1548 5638
1549 1553
1549 1550
1550 1601
1550 4158
1551 1553
1552 1553
1553 1560
1554 1582
1554 1605
1554 1618
1555 1556
1555 1574
1555 1578
1556 1557
1556 1560
1557 1563
1558 1576
1558 4618
1559 1564
1559 1578
1561 4380
1561 3999
1562 1563
1562 1570
1562 1567
1564 1576
1564 1566
1565 5788
1565 1566
1566 1569
1567 5790
1568 1569
1569 4382
1569 1570
1571 1572
1572 1573
1572 1577
1573 1574
1573 1581
1574 1579
1574 1575
1576 1577
1577 1578
1579 1582
1579 1580
1579 1581
1581 4617
1582 1583
1584 1585
1585 4611
1585 1618
1586 3631
1586 5775
1586 5774
1587 5774
1587 1588
1587 6157
1588 6153
1588 6154
1588 5774
1589 3868
1589 4390
1589 3631
1590 1595
1591 3524
1591 1595
1591 3580
1592 1593
1592 1617
1593 3524
1593 1596
1594 1596
1595 1598
1596 1598
1597 4180
1597 1598
1597 1599
1599 3994
1599 1600
1600 1609
1600 1607
1601 1613
1601 1605
1602 1607
1602 1615
1602 1604
1603 1604
1604 5514
1605 1612
1606 1607
1608 1609
1609 1613
1610 4184
1610 1611
1611 4852
1611 4158
1612 1613
1612 1615
1613 4852
1614 1615
1616 4608
1617 5514
1617 4608
1618 1620
1619 1620
1620 1621
1622 5568
1623 4422
1623 1624
1623 1626
1624 6188
1624 6190
1625 5557
1625 5571
1625 5555
1626 4217
1626 4840
1627 4409
1627 3871
1627 4407
1628 1629
1628 6185
1629 1648
1629 1646
1630 1631
1630 4094
1630 4217
1631 1634
1631 1632
1632 1639
1632 6188
1633 1641
1633 1638
1633 1634
1634 3634
1635 3634
1635 4092
1635 1636
1636 1637
1636 1642
1637 1642
1637 1638
1638 1641
1639 1640
1639 1648
1640 1641
1640 1648
1642 1643
1643 4091
1643 4133
1644 4090
1644 6405
1644 5075
1645 6637
1645 5555
1645 5554
1646 1647
1647 4142
1647 5572
1649 6522
1649 5834
1650 6321
1650 3985
1651 4572
1651 1653
1651 3915
1652 4577
1652 4439
1653 4584
1653 1654
1654 3915
1654 6259
1655 4573
1655 6324
1655 6323
1656 4426
1656 1658
1657 6648
1657 4425
1657 6322
1658 4427
1658 4573
1659 5875
1660 5865
1660 6180
1661 4528
1661 1662
1661 6196
1662 4531
1662 4529
1662 4530
1663 1664
1663 6403
1663 6648
1663 3812
1664 4214
1664 6404
1665 2473
1665 2466
1665 2470
1666 5163
1666 2410
1666 2481
1667 3405
1667 3443
1667 3404
1668 5577
1668 3403
1668 5596
1669 3270
1669 1670
1669 5599
1670 1671
1670 5735
1671 4833
1671 4834
1672 3248
1672 4830
1672 4831
1673 3273
1673 1674
1673 3248
1674 3249
1674 3313
1675 3342
1675 4881
1675 6129
1676 6469
1676 6128
1676 3343
1677 3133
1677 3145
1677 1678
1678 3132
1678 3101
1679 2933
1679 5225
1679 2898
1680 6595
1680 5687
1680 5688
1680 6594
1681 2894
1681 6595
1681 2933
1682 2894
1682 2865
1682 1683
1683 2919
1683 2887
1684 1685
1684 2795
1684 2796
1685 2795
1686 6278
1686 1687
1687 5296
1688 5587
1688 5296
1688 5589
1689 3033
1689 5588
1689 5586
1690 1691
1690 5280
1690 5274
1691 5341
1691 4848
1692 3077
1692 5188
1692 5186
1693 3077
1693 3079
1693 3115
1694 3115
1694 3043
1694 5349
1695 3043
1695 1696
1695 3117
1696 5223
1696 2876
1696 2355
1697 3366
1697 5541
1698 1699
1699 1702
1699 1700
1699 1704
1700 1701
1700 3940
1701 3939
1701 4887
1702 4236
1702 3940
1703 6204
1705 4888
1705 6184
1705 1706
1705 3601
1706 3602
1706 4887
1708 1710
1708 4354
1709 1717
1709 1711
1710 1711
1710 1712
1711 1712
1712 3761
1713 1719
1713 1714
1714 1718
1714 1716
1715 3607
1715 1716
1716 3606
1717 3606
1718 1719
1718 3760
1719 3759
1720 4947
1720 1723
1721 1722
1721 1788
1721 4947
1722 1772
1723 1744
1723 1724
1724 1745
1724 1725
1726 1729
1726 1735
1726 1727
1727 1728
1727 1745
1728 1741
1728 1736
1729 1732
1729 1730
1731 1732
1732 1746
1733 1735
1734 1735
1736 1851
1736 1852
1736 1739
1737 1738
1737 1840
1737 1861
1739 1740
1739 1840
1741 1742
1741 1828
1742 1743
1742 6575
1743 1744
1743 6283
1745 1746
1746 3760
1747 1748
1748 1750
1749 1750
1751 5212
1752 1753
1752 4714
1752 4716
1753 5928
1753 5098
1754 1774
1754 5631
1755 1756
1755 5604
1755 5928
1756 1765
1756 1757
1758 1759
1758 1764
1758 1789
1759 1765
1759 1760
1760 1761
1760 1762
1763 1764
1764 1785
1765 1766
1767 5213
1767 5165
1767 4520
1768 5213
1768 1770
1768 1769
1770 4717
1770 1771
1773 1774
1774 1776
1775 1776
1776 3622
1777 3767
1779 1780
1780 1782
1780 1785
1781 1782
1783 1784
1784 1785
1786 1787
1790 1791
1791 1817
1792 4903
1792 5136
1792 1795
1793 5136
1793 1795
1793 1794
1795 1796
1797 1798
1798 6061
1799 1800
1800 1801
1802 1803
1803 6564
1803 4064
1804 1809
1804 1807
1804 1935
1805 4897
1805 1806
1806 1811
1806 1807
1807 1809
1808 1940
1808 5084
1809 1816
1810 1811
1811 1812
1812 1813
1812 1814
1815 1816
1816 4999
1816 1991
1817 5680
1818 5680
1820 1829
1820 1821
1821 1822
1821 5035
1822 1822
1823 2004
1823 1824
1824 1825
1824 1827
1824 1829
1825 1826
1825 1827
1827 2018
1828 1830
1828 6084
1829 6083
1830 6083
1831 1863
1831 1857
1831 1864
1832 1850
1832 1880
1832 1878
1832 1881
1833 1834
1833 1850
1833 1847
1833 1866
1834 1843
1834 1867
1835 1843
1835 1837
1835 1836
1836 2032
1837 1838
1837 6085
1839 1840
1841 1880
1841 1863
1841 1853
1842 1853
1843 1844
1844 1845
1844 1847
1846 1860
1846 5729
1847 1848
1847 1852
1849 1869
1849 1877
1849 1850
1850 1852
1852 1881
1853 1881
1853 1854
1854 1855
1854 1856
1856 1857
1856 1860
1857 1859
1858 1859
1859 1860
1860 1861
1862 1863
1865 5729
1865 5730
1865 5764
1868 1869
1869 1872
1869 1871
1870 1871
1872 1873
1872 1884
1873 1874
1873 1883
1873 1877
1874 1882
1874 1875
1875 1885
1876 1877
1879 1880
1883 1890
1883 1899
1885 6408
1886 1902
1886 6407
1886 1887
1887 1888
1888 1905
1889 1898
1889 1902
1889 1901
1889 1905
1890 1893
1890 1898
1891 1893
1892 1893
1895 4145
1895 1908
1896 1898
1896 1897
1896 1901
1897 1900
1898 1899
1899 1902
1900 1901
1900 1912
1901 1904
1903 1910
1903 1904
1903 1907
1904 1908
1904 1905
1906 1907
1907 1908
1909 1910
1910 1912
1911 1912
1913 1928
1913 1930
1914 1916
1914 1919
1914 1928
1915 1920
1915 1916
1916 1921
1917 1918
1917 1921
1918 4194
1918 1926
1919 1921
1919 1926
1920 1921
1925 1930
1925 1926
1925 4049
1927 1928
1929 1930
1931 6076
1931 4896
1932 1933
1933 4895
1935 1937
1935 5084
1936 1937
1937 1938
1939 1940
1939 1941
1943 1944
1944 1945
1946 6465
1946 1947
1948 1949
1950 1953
1951 1953
1951 1954
1952 1953
1954 1957
1954 1955
1956 1958
1957 1958
1957 1960
1959 1960
1962 1963
1964 1965
1965 1967
1966 1967
1967 2088
1968 2125
1968 2122
1968 1969
1969 2122
1970 1971
1971 1973
1972 1973
1975 1976
1975 1993
1976 6563
1977 1978
1978 6563
1979 1980
1979 1994
1980 1987
1980 1982
1981 1982
1982 1983
1983 1984
1983 1989
1984 1985
1984 1986
1986 1990
1986 1987
1987 1988
1988 1988
1989 1990
1992 1993
1992 2128
1993 6255
1994 1996
1994 6061
1995 1996
1996 1998
1997 1998
1999 2000
2000 2003
2002 2003
2003 6326
2004 5678
2005 5650
2005 5679
2005 2008
2006 2015
2006 2007
2007 2008
2007 5650
2008 2009
2009 2011
2009 2010
2011 5654
2011 2035
2012 2013
2013 2013
2014 2015
2015 5654
2016 6091
2017 6091
2018 4898
2018 6487
2019 2021
2019 2020
2019 6487
2021 2024
2021 2022
2023 2024
2024 2025
2025 2028
2025 2026
2025 2027
2029 2034
2029 2030
2029 4898
2031 2032
2032 2034
2033 2034
2035 2036
2035 2037
2038 2038
2039 3875
2039 6225
2040 2046
2040 5656
2041 2043
2041 2055
2042 2055
2042 2058
2042 2046
2043 2056
2043 4211
2044 2045
2044 2060
2044 6253
2044 2063
2045 2049
2045 2046
2047 2052
2047 2049
2047 2051
2048 2053
2048 2103
2048 2104
2049 2050
2050 2054
2050 5656
2052 2054
2052 2053
2053 2054
2055 2056
2055 2147
2056 2058
2056 2057
2057 2059
2058 2060
2058 2059
2059 2061
2060 2061
2062 6253
2064 2065
2065 2149
2065 2147
2066 2149
2066 2068
2066 2074
2067 2173
2067 2071
2067 2075
2068 2069
2068 2074
2069 2135
2069 2070
2070 2135
2070 2075
2071 2072
2071 2075
2072 2170
2072 2073
2073 2074
2073 2170
2076 2077
2078 2085
2078 2081
2078 2082
2079 2084
2079 2081
2080 2085
2080 2084
2081 2084
2081 2083
2082 2119
2082 2114
2083 2119
2083 2099
2085 2089
2086 2089
2087 2089
2088 2089
2090 2099
2090 2104
2091 2094
2091 5071
2092 5656
2092 5657
2092 2093
2093 2094
2093 2103
2093 2097
2094 2113
2094 2102
2095 2109
2096 2098
2096 5070
2097 4515
2097 2098
2098 5071
2099 2105
2100 2101
2101 2102
2101 2110
2102 2130
2103 2130
2104 2132
2105 2132
2105 2106
2105 2110
2106 2108
2106 2107
2107 2119
2107 2120
2108 2109
2108 2112
2108 2111
2109 2113
2110 2112
2112 2113
2114 2120
2114 2121
2115 2120
2115 2126
2115 2118
2116 2118
2116 5189
2117 2118
2122 5189
2124 2125
2127 2128
2128 6326
2129 2130
2131 2132
2133 2134
2135 5952
2136 6561
2136 2499
2137 2171
2137 2165
2137 6164
2138 2610
2138 6079
2139 2178
2139 2159
2139 6555
2139 2167
2140 2180
2140 6077
2140 2167
2140 2613
2141 2178
2141 2179
2141 2182
2142 2172
2142 5942
2143 2144
2143 2145
2143 2154
2145 2146
2145 2157
2146 2152
2147 2152
2148 2150
2148 2182
2148 2157
2149 2150
2150 2152
2151 2152
2153 2154
2155 2156
2155 2166
2155 2615
2156 2614
2156 2613
2157 2180
2158 5769
2159 2160
2159 2649
2159 2603
2160 2161
2160 2164
2161 2162
2161 2649
2162 2648
2162 2163
2163 2647
2163 6560
2164 2188
2164 2165
2165 2190
2165 4712
2166 2168
2166 2167
2167 2181
2168 2603
2168 2169
2170 4902
2170 4899
2171 6556
2171 6164
2171 6558
2172 2175
2172 2186
2172 6555
2173 2184
2173 2186
2174 2175
2175 2177
2176 2177
2177 2179
2178 2179
2180 2181
2181 2182
2183 2185
2184 5943
2184 2185
2185 2186
2187 2188
2188 2189
2190 2191
2190 4711
2191 6560
2191 2192
2193 2207
2193 2202
2193 2204
2194 2197
2194 5082
2194 2195
2195 2196
2195 2211
2196 5082
2196 2651
2197 2207
2197 2198
2199 2202
2199 5080
2199 2200
2201 2202
2203 3714
2203 3737
2203 3727
2204 2219
2204 3714
2205 2219
2206 2208
2207 2208
2208 2211
2209 2214
2209 2210
2209 2221
2210 2215
2210 2212
2211 2215
2213 2214
2213 2651
2213 2617
2214 2215
2216 2220
2217 2218
2218 2220
2218 2219
2220 2221
2221 2660
2222 5411
2223 5045
2224 3851
2224 2239
2224 2243
2225 2239
2225 2226
2225 2236
2226 2236
2227 5712
2227 4835
2227 3851
2229 6010
2229 5046
2229 2233
2230 2231
2231 6008
2232 6010
2233 2234
2233 5716
2234 5713
2234 5714
2235 2237
2235 5995
2235 2238
2236 2287
2237 5713
2237 2238
2238 5714
2239 2244
2240 2241
2240 2246
2241 2242
2241 2297
2242 2243
2242 2297
2243 2244
2244 2245
2245 2246
2245 2298
2246 2298
2247 2282
2247 5062
2247 2248
2248 2249
2248 2283
2249 2423
2249 2424
2250 6659
2250 2253
2250 2590
2250 2595
2251 2258
2251 2255
2251 5402
2252 2595
2252 2256
2252 2255
2252 2259
2253 2261
2253 6342
2254 3810
2254 2255
2254 2257
2254 4375
2255 2259
2255 2258
2256 2261
2256 2257
2257 4375
2257 2261
2259 2591
2260 2596
2260 5435
2260 2587
2261 6342
2262 2282
2262 2283
2262 2280
2263 2265
2264 2271
2264 6208
2264 2270
2265 2266
2265 3574
2266 6207
2266 2322
2267 2268
2267 2352
2267 6394
2268 2276
2268 2347
2268 2352
2269 2335
2269 2270
2269 2274
2269 2347
2270 2271
2270 2277
2271 2272
2271 4859
2272 2280
2272 2283
2273 2277
2273 2274
2273 2279
2273 3987
2274 2275
2274 6634
2275 2276
2275 6634
2276 2332
2276 5354
2277 3987
2278 2344
2278 2346
2278 2349
2279 6634
2280 2283
2280 2281
2281 2282
2281 4845
2283 4859
2284 5991
2284 2285
2284 5987
2285 2286
2285 2287
2288 5993
2288 5715
2288 2298
2289 5993
2289 5715
2289 5987
2290 2291
2290 2296
2291 2292
2291 2293
2292 2297
2292 2304
2293 2294
2293 5717
2295 2296
2299 2308
2299 2300
2300 2301
2300 2310
2301 2305
2301 2307
2302 2305
2302 2303
2302 2311
2304 2305
2304 2307
2306 2307
2309 6413
2309 6414
2309 2310
2311 2315
2311 5733
2312 2315
2313 2316
2314 2316
2314 5733
2314 2321
2315 2316
2316 2317
2317 2318
2317 5731
2318 6363
2318 6362
2319 5492
2319 6542
2319 6209
2319 6211
2320 6365
2321 6365
2321 6214
2322 6365
2322 6211
2322 6214
2323 6215
2323 5259
2323 2981
2324 2984
2324 2983
2324 2975
2325 2974
2325 2975
2325 2957
2326 4739
2326 4010
2326 2327
2327 2328
2327 2846
2328 2853
2328 3662
2328 5029
2329 6393
2329 4150
2329 2353
2330 4151
2330 2406
2330 2405
2331 2404
2331 2409
2332 2333
2332 2393
2332 2395
2333 2334
2333 2394
2334 2711
2334 2394
2335 2341
2335 2349
2336 2338
2336 5614
2336 2340
2337 2338
2338 5492
2339 2340
2340 6615
2341 2342
2341 6206
2342 2345
2342 2343
2343 2345
2343 2344
2346 2353
2346 2348
2347 2351
2348 2349
2348 2351
2350 2351
2352 2353
2354 2826
2354 4850
2354 4851
2354 4849
2355 5225
2355 5226
2355 6415
2356 2892
2356 2922
2356 5227
2356 6415
2357 5362
2357 2374
2357 2358
2358 2359
2359 5364
2359 5365
2360 2361
2361 2369
2361 2362
2362 2365
2362 2366
2362 2363
2363 2364
2363 2374
2364 4373
2364 2374
2367 2373
2368 2369
2369 2370
2370 2373
2370 2371
2372 2373
2375 2396
2375 5410
2376 2380
2376 5416
2376 5410
2377 6500
2377 2380
2378 2533
2378 2382
2378 2381
2379 2385
2379 4123
2379 3776
2380 2381
2381 2383
2382 2537
2382 2384
2383 2385
2383 2384
2384 2386
2385 2386
2386 6341
2386 4123
2387 3791
2387 6341
2387 4124
2388 5862
2388 5205
2388 3802
2389 5020
2389 5204
2389 3784
2390 3786
2390 5414
2391 4005
2391 3783
2391 3784
2391 5019
2391 5020
2392 4307
2392 3781
2392 5020
2393 2394
2393 2581
2395 6394
2395 6393
2396 2428
2397 2398
2397 6250
2397 2430
2398 2511
2398 2509
2398 4148
2399 3860
2399 2550
2399 2720
2400 2728
2400 3986
2400 3860
2401 2548
2401 2858
2401 2856
2402 2915
2402 2844
2402 4851
2403 2910
2403 2824
2403 4850
2404 2418
2404 2405
2405 2418
2406 2407
2406 4157
2407 2408
2407 2426
2408 2409
2408 2426
2410 6652
2410 6651
2410 2716
2411 3576
2411 3577
2411 2911
2412 2828
2412 4851
2412 2842
2412 2914
2413 3052
2413 3045
2413 2837
2414 3048
2414 3039
2414 2415
2415 3018
2415 2416
2416 3014
2416 3017
2417 3017
2417 5274
2417 3015
2418 2822
2419 6411
2419 3585
2419 5419
2420 2423
2420 2424
2420 2422
2421 3796
2421 3808
2421 6411
2422 4370
2422 3796
2423 5419
2424 4374
2425 3987
2425 4370
2426 2427
2427 2715
2427 2720
2427 2712
2428 6250
2428 2429
2428 2593
2429 3993
2429 2430
2430 2431
2431 2508
2431 2527
2431 2531
2432 2531
2432 2526
2432 2529
2432 2525
2433 2536
2433 2526
2433 2534
2434 2528
2434 2435
2434 2539
2435 2506
2435 2441
2436 2445
2436 2506
2436 2504
2437 2561
2437 2555
2437 2441
2438 2566
2438 2523
2438 2568
2439 6597
2439 2764
2439 6596
2440 2539
2440 2441
2440 2554
2441 2443
2442 2507
2442 3794
2442 2504
2443 2446
2443 2444
2444 2447
2444 2446
2445 2446
2445 2507
2448 2449
2448 2456
2448 2764
2448 2766
2449 2762
2449 2450
2450 2744
2450 2749
2450 2757
2451 2556
2451 2753
2451 6423
2452 2565
2452 2557
2452 2560
2452 2563
2453 2557
2453 2494
2453 2558
2454 2478
2454 2477
2454 3865
2455 2742
2455 2743
2455 6600
2455 6599
2456 2756
2456 2767
2456 2457
2457 2458
2457 6421
2458 2500
2458 5525
2459 6460
2459 5533
2460 2770
2460 2467
2460 2466
2461 2475
2461 2755
2461 2770
2462 2475
2462 2768
2462 2463
2463 2767
2463 2765
2464 2465
2464 2469
2464 2482
2465 2470
2465 2466
2466 2467
2467 2468
2468 2469
2468 5537
2469 2482
2470 2785
2471 2907
2471 2472
2471 2903
2472 2479
2472 2473
2473 2474
2474 6479
2474 2478
2475 6479
2476 2477
2476 3862
2476 5163
2477 5164
2478 2479
2479 2480
2480 2887
2480 2481
2481 5163
2482 2932
2483 2932
2483 6616
2483 2484
2484 6616
2484 2485
2485 5227
2485 3355
2485 6617
2486 6618
2486 2487
2486 3348
2487 2939
2487 3147
2488 3147
2488 3344
2488 3343
2488 3349
2490 2491
2492 2493
2492 5770
2494 2495
2495 2563
2497 2636
2497 2655
2498 2501
2498 2499
2498 6419
2499 6420
2499 2667
2500 2667
2500 2664
2501 2502
2502 2657
2503 2528
2503 2505
2504 2505
2505 2506
2508 2510
2508 2509
2509 6603
2510 3932
2510 2525
2511 2575
2511 6604
2512 2519
2512 2520
2512 2518
2513 2514
2513 2518
2513 2521
2513 2520
2514 2522
2514 2523
2515 2597
2515 2516
2515 2552
2516 2517
2516 2553
2517 2519
2517 2518
2519 2544
2520 2521
2521 2522
2522 2541
2523 2524
2524 2568
2524 2572
2525 2526
2527 2530
2527 3993
2528 2538
2529 2534
2529 6500
2529 2530
2530 2531
2531 2532
2533 6500
2533 2534
2534 2535
2535 2538
2535 2536
2536 2539
2537 6343
2537 2538
2538 2539
2540 2541
2541 3932
2542 3932
2542 2542
2543 2599
2543 2575
2543 2544
2544 5929
2545 2738
2545 3887
2545 2546
2546 2740
2546 2741
2546 2547
2547 2549
2547 2548
2548 3862
2550 2551
2550 2552
2551 2553
2551 2738
2552 2553
2554 2561
2554 2572
2555 2560
2555 2558
2556 2563
2556 6422
2557 2558
2559 2560
2561 2573
2562 2752
2562 2745
2562 2749
2564 2567
2564 2752
2564 2565
2565 6423
2566 2571
2566 2751
2567 2569
2567 2571
2568 2570
2569 2573
2569 2570
2570 2571
2572 2573
2574 2575
2576 5435
2576 2585
2576 2712
2577 2578
2578 2585
2578 2579
2579 2583
2579 5434
2580 2583
2581 2583
2581 6662
2582 2583
2584 5433
2585 2588
2586 2587
2587 2589
2588 2589
2588 2590
2589 2591
2590 2594
2591 2592
2591 2594
2592 2593
2593 2596
2594 2595
2596 2598
2597 2599
2597 2598
2598 2599
2600 2601
2602 2604
2603 2604
2604 2605
2605 2607
2605 2615
2606 2608
2606 2607
2607 2608
2608 2609
2609 2615
2609 2614
2610 2612
2610 2611
2612 2614
2612 2613
2616 2623
2616 2635
2616 2649
2616 2646
2617 2620
2618 2624
2618 2620
2618 2622
2619 2650
2619 2624
2619 2620
2621 2622
2622 2623
2624 2646
2625 2632
2625 6117
2625 2636
2626 2639
2627 2643
2627 2642
2627 2637
2628 2629
2629 2631
2629 2645
2630 2633
2631 2632
2632 2633
2634 2635
2635 2636
2637 2645
2638 2642
2639 2643
2639 2641
2640 2641
2640 5007
2640 6117
2641 2644
2642 5008
2643 2644
2643 2645
2644 5008
2646 2648
2647 2650
2647 2648
2648 2649
2650 2651
2652 6422
2652 2653
2653 2654
2653 2656
2654 2658
2654 2656
2655 2656
2657 2658
2658 2659
2660 2661
2660 2684
2662 6421
2663 2664
2664 2671
2665 2670
2665 2667
2665 2671
2666 2670
2668 2695
2668 2694
2668 2690
2669 2690
2669 2669
2670 5548
2671 2672
2672 2673
2672 2689
2673 2685
2673 2674
2675 2678
2675 2684
2676 2677
2676 2683
2676 2679
2677 6461
2677 2679
2678 2679
2678 2681
2680 2683
2680 2682
2680 2681
2681 2685
2682 5547
2682 2683
2684 6561
2684 2692
2685 5549
2686 2687
2687 2688
2687 2689
2689 2690
2691 5549
2691 2692
2691 5547
2692 5547
2693 2694
2695 2696
2696 2697
2697 6169
2697 2698
2700 2701
2701 2703
2702 2704
2703 2704
2705 3740
2705 2781
2706 3735
2707 2708
2708 4923
2708 5501
2709 3732
2709 3741
2709 5500
2710 3743
2710 3732
2710 5500
2711 4154
2711 4157
2712 2714
2713 2714
2713 4154
2713 4155
2714 2715
2715 4156
2716 2726
2716 2723
2717 2718
2717 2726
2717 2722
2717 2719
2720 2724
2721 2722
2722 2724
2723 2725
2723 3779
2724 2725
2725 2726
2726 2727
2728 2862
2728 2729
2729 2730
2729 2734
2730 2732
2730 2731
2732 5030
2732 2734
2733 2734
2733 3861
2733 2736
2734 2735
2736 3861
2736 5030
2737 2738
2738 5030
2739 3887
2739 2747
2739 2751
2739 2745
2741 2760
2741 2747
2742 5519
2742 2743
2743 5518
2743 5523
2744 2749
2744 2753
2745 2748
2745 5028
2746 2748
2747 2748
2750 2751
2751 5028
2752 2753
2752 5028
2753 2759
2753 6422
2754 5540
2754 2780
2754 2781
2755 2768
2755 2780
2756 2762
2756 2758
2757 2762
2757 2758
2758 2759
2760 2761
2760 6602
2763 2764
2765 5528
2765 5527
2765 2766
2766 5526
2767 2768
2769 2771
2770 2774
2771 2772
2771 5535
2772 2773
2772 5531
2773 5530
2773 5531
2774 5529
2774 2775
2775 5529
2775 5530
2775 2776
2776 2783
2776 3738
2777 3738
2777 5529
2778 2784
2778 2779
2778 2783
2779 2782
2779 2780
2780 2781
2782 5530
2782 2784
2783 2784
2785 2889
2785 2906
2786 2888
2786 2787
2786 2906
2787 2892
2787 2788
2789 4855
2790 4862
2790 4860
2790 4861
2791 4864
2791 4866
2791 4865
2792 4868
2792 5455
2792 4869
2793 2794
2793 2801
2794 2795
2794 2796
2797 5457
2798 5456
2798 5458
2798 5457
2799 2800
2799 5460
2799 5459
2800 2801
2800 2802
2801 4870
2801 4871
2802 5462
2802 2803
2804 5456
2805 5451
2805 4858
2805 6390
2806 5443
2806 2997
2806 5444
2806 2993
2807 5444
2807 5441
2807 2992
2808 6413
2808 2809
2808 5487
2809 5485
2809 5484
2810 2985
2810 5440
2810 5485
2811 5468
2811 2812
2811 5480
2812 3009
2812 5465
2813 5094
2813 5095
2813 5465
2814 2815
2814 3032
2815 5095
2815 5264
2816 5249
2816 2961
2816 2959
2817 5251
2817 2954
2817 2947
2818 2954
2818 2956
2818 3014
2819 4153
2819 2820
2819 5282
2821 2822
2822 2824
2823 2824
2825 2826
2826 2827
2827 2917
2827 2828
2828 2840
2829 2835
2830 2841
2830 2831
2830 2835
2831 2840
2831 2832
2832 2834
2832 2917
2833 2834
2834 5247
2835 5281
2835 2839
2836 2841
2836 2839
2836 2837
2837 2842
2838 2839
2840 2917
2840 2841
2841 2842
2843 2844
2844 4850
2845 2866
2845 2914
2845 2869
2846 6039
2846 5246
2847 2849
2848 2849
2849 6039
2849 2850
2850 2851
2850 2852
2851 2953
2851 2940
2853 2854
2853 2855
2857 2858
2858 2860
2859 2860
2860 2862
2861 2862
2863 2881
2863 2864
2863 5686
2863 2879
2864 2883
2864 2865
2864 2879
2865 5284
2866 2878
2866 2867
2867 2870
2867 2869
2868 2869
2869 3045
2870 2877
2870 2873
2870 3041
2871 2915
2871 2916
2871 2879
2872 4242
2872 5284
2872 2876
2873 2875
2873 2876
2874 2875
2875 2877
2876 2878
2877 5286
2878 2879
2878 2916
2880 5684
2880 2881
2880 2885
2881 2882
2882 2886
2882 2883
2883 2884
2884 2886
2884 2887
2885 2886
2885 6652
2888 2893
2888 2892
2888 2891
2889 2903
2889 2890
2890 2891
2890 2905
2891 2906
2892 2932
2893 2904
2893 2899
2894 2918
2895 2896
2896 2902
2896 2898
2897 2899
2898 2900
2899 2900
2900 2901
2902 2921
2902 2904
2903 2904
2904 2920
2908 5686
2908 2915
2908 2910
2909 2910
2910 2911
2911 2913
2912 2913
2913 5684
2914 2916
2916 4851
2918 2921
2918 2919
2919 2920
2920 2921
2923 2924
2923 3103
2923 3101
2924 2930
2924 3141
2925 2930
2926 2931
2927 2929
2928 2929
2929 2931
2930 2931
2933 5688
2934 2935
2934 6618
2934 3355
2935 2936
2935 6127
2936 2937
2936 2938
2940 2952
2940 2941
2941 2942
2941 2951
2942 2943
2942 2950
2943 2944
2943 2949
2944 2947
2944 2948
2945 2947
2946 2947
2953 2953
2954 2956
2955 2956
2957 4740
2957 4010
2958 2959
2958 2962
2958 3012
2959 2960
2960 2964
2960 2961
2961 2963
2962 5254
2962 2968
2963 2964
2963 2966
2964 2967
2964 2968
2965 2969
2966 2967
2966 2972
2967 2973
2967 2969
2968 2970
2969 2970
2969 2974
2970 2971
2972 4743
2972 2973
2973 4744
2973 2974
2974 2979
2975 2977
2976 2977
2977 2979
2978 2979
2980 2981
2981 2983
2982 2983
2985 2986
2985 2987
2987 2988
2987 2990
2988 2990
2988 2989
2989 4149
2989 5487
2990 6249
2991 2992
2992 5480
2993 2996
2993 2994
2994 5439
2994 5437
2995 5437
2996 3005
2996 3002
2997 3000
2997 2998
2999 3000
3000 3004
3001 3002
3002 3004
3003 3004
3005 3007
3005 3006
3005 5449
3007 5451
3007 5452
3008 5466
3008 5463
3008 5473
3009 5466
3009 5470
3010 3012
3010 3011
3010 5255
3011 3012
3011 5256
3013 5258
3013 5259
3013 6065
3014 3015
3015 3034
3016 3017
3019 3059
3019 3055
3019 3080
3020 3071
3020 3069
3020 3061
3021 3022
3022 3029
3022 3024
3023 3038
3023 3037
3024 5265
3024 3037
3025 3028
3025 3026
3025 3034
3026 5481
3027 3029
3027 5265
3027 5481
3028 5300
3028 3030
3029 3030
3030 3031
3033 3063
3033 5477
3034 3035
3035 5277
3035 5273
3036 3037
3039 3053
3039 3040
3040 3054
3040 3041
3041 3042
3042 3044
3042 3043
3045 3046
3046 3050
3046 3054
3047 3048
3048 3049
3049 5287
3049 5186
3051 3052
3052 3053
3053 3054
3055 5517
3055 3056
3056 3057
3056 3084
3057 3060
3057 3058
3058 3059
3059 3061
3060 3062
3061 3067
3061 3082
3062 3067
3063 5280
3063 5911
3064 3066
3064 4848
3064 5912
3065 5188
3065 3071
3065 3066
3066 3069
3067 3069
3068 3069
3070 3073
3070 3088
3070 3080
3071 3081
3072 3075
3072 3073
3072 3081
3073 3113
3074 3076
3075 3076
3075 3079
3076 3078
3077 3078
3078 3079
3080 4125
3081 3082
3082 4125
3083 3092
3083 3084
3083 3090
3084 5288
3085 5306
3085 5517
3085 5307
3086 3100
3086 5307
3086 3087
3087 3089
3087 3088
3088 3130
3090 5293
3090 3091
3091 5294
3093 3094
3094 5293
3094 3096
3095 3096
3095 5295
3095 6495
3096 3098
3097 4978
3097 4948
3099 3100
3100 4978
3101 3136
3102 3111
3102 3132
3102 3109
3103 3104
3103 3134
3104 3105
3104 3139
3105 3111
3105 3106
3105 6416
3106 3117
3106 5347
3107 3117
3108 3109
3109 3134
3109 3110
3111 3125
3112 3113
3113 3121
3114 3115
3116 5349
3118 3119
3119 3121
3119 3120
3121 3131
3122 3185
3122 3123
3122 3183
3123 5312
3123 5352
3124 3125
3124 3138
3124 3133
3124 3132
3125 3127
3126 3128
3127 3131
3127 3128
3128 3129
3129 3131
3129 3130
3130 5312
3133 3162
3134 3136
3135 3136
3137 3138
3138 5690
3139 3140
3139 3141
3141 3142
3143 3145
3144 3145
3146 3147
3148 3181
3148 3150
3148 3163
3149 3150
3150 3183
3151 3161
3151 3152
3151 5691
3152 5692
3152 3170
3152 3258
3153 3156
3154 3156
3154 5691
3154 3157
3155 5692
3155 3157
3155 3169
3155 6114
3156 3157
3158 3159
3159 3161
3159 3160
3161 4880
3162 5689
3162 3164
3163 3164
3163 4879
3164 6469
3165 3166
3165 3185
3165 3182
3166 3180
3166 3179
3167 3181
3167 3168
3168 3169
3169 3173
3170 3342
3170 3259
3171 5697
3172 3189
3172 5696
3172 3195
3173 3187
3173 5314
3174 4719
3174 5316
3174 3176
3175 3176
3176 3177
3178 3179
3179 5316
3181 3182
3182 3183
3184 3185
3184 3193
3184 3197
3186 3188
3187 3191
3187 3190
3188 3190
3188 3189
3189 3191
3190 3191
3192 3193
3193 3194
3196 3197
3197 4721
3198 4721
3199 3200
3200 3202
3200 3212
3201 3202
3202 3213
3203 3228
3203 3260
3203 3225
3204 3225
3204 3213
3204 3260
3205 3588
3205 3206
3206 5978
3206 5953
3207 6536
3207 5978
3207 5979
3208 6536
3208 6538
3208 4954
3209 3243
3209 5705
3209 5665
3210 5705
3210 5664
3210 3244
3210 5114
3211 3269
3211 3214
3211 5664
3212 3261
3212 6538
3213 5662
3214 3233
3214 3230
3215 3216
3215 5697
3215 3242
3216 3237
3216 3219
3217 3219
3218 3219
3220 3221
3221 3223
3221 3234
3222 5698
3222 5700
3222 3224
3225 5700
3226 3227
3226 3228
3226 5702
3227 5088
3227 3244
3228 3229
3230 3232
3230 3265
3231 3265
3231 5735
3231 3263
3233 5735
3233 3399
3234 3237
3234 5695
3235 5695
3235 3236
3235 5088
3237 3238
3238 3240
3238 3239
3239 5694
3239 5695
3239 3240
3240 3245
3241 5693
3241 3242
3242 3274
3243 5113
3243 5705
3244 3268
3245 3246
3245 5088
3245 3254
3246 3262
3246 3252
3247 3250
3247 3248
3247 3276
3251 3252
3252 3253
3252 5088
3254 3255
3254 3257
3255 3276
3255 3278
3256 3257
3257 3258
3258 3259
3259 3313
3260 3261
3261 5665
3262 3278
3262 3266
3263 3264
3263 4832
3264 3265
3264 3266
3266 3267
3270 3326
3270 5220
3271 3306
3271 4809
3271 3327
3272 3319
3273 3317
3273 3318
3274 5693
3274 6112
3275 3276
3277 3278
3279 6129
3279 3340
3279 3338
3280 3315
3280 3359
3280 5086
3281 4809
3281 3297
3281 3295
3282 3309
3282 3311
3282 3283
3282 3308
3283 3293
3283 3284
3284 3285
3285 3286
3286 3301
3286 5092
3287 3291
3287 5237
3287 4815
3288 3290
3288 5236
3288 5026
3289 3290
3290 3379
3291 3292
3291 3301
3293 3300
3293 3311
3294 3300
3295 3310
3295 3308
3296 3297
3297 3298
3298 3299
3299 3300
3299 3310
3301 3302
3303 3387
3303 5240
3303 5222
3304 3387
3304 3390
3305 5221
3306 3326
3306 5219
3307 5220
3308 3312
3308 3309
3309 4810
3310 3311
3313 5025
3314 3315
3314 3316
3314 5025
3315 3320
3317 3324
3317 5025
3318 3319
3318 3324
3319 3326
3320 5087
3320 3325
3321 3322
3322 3323
3322 3325
3324 3325
3327 5087
3327 3335
3328 3331
3328 3333
3328 5087
3329 3331
3330 3331
3332 3333
3333 5086
3334 3335
3335 3336
3336 4811
3336 3367
3337 3340
3338 3359
3338 3340
3339 3340
3341 3342
3343 3344
3344 3347
3344 3345
3345 3369
3345 3350
3346 3369
3348 3358
3348 6618
3349 3350
3349 3358
3350 3351
3351 3352
3351 3370
3353 3354
3354 3355
3354 5228
3356 5229
3356 6617
3356 6616
3357 3358
3359 5085
3360 5085
3361 3367
3361 3363
3361 3364
3362 3363
3363 5085
3365 5234
3365 5235
3365 5229
3366 5232
3366 5230
3367 5235
3368 3369
3371 3376
3371 3372
3371 3454
3371 3416
3372 6240
3372 3373
3372 5031
3373 3458
3373 3374
3374 3460
3374 3375
3375 3437
3375 3464
3377 3378
3378 3416
3378 3380
3379 3380
3380 5545
3380 5544
3381 3383
3383 5032
3383 3427
3384 6448
3384 6453
3384 6451
3385 6450
3385 6449
3386 3387
3388 5575
3388 5238
3388 5222
3389 3390
3390 5221
3391 5242
3391 5239
3391 5932
3392 6226
3392 5242
3392 3393
3394 3395
3394 6226
3394 5933
3395 5932
3395 5933
3396 5932
3396 5239
3396 5933
3397 3413
3398 3413
3399 3400
3400 5598
3401 3402
3401 5598
3401 5116
3402 5596
3402 5576
3403 3404
3403 5595
3404 3407
3404 5595
3405 3411
3405 3407
3406 3407
3406 3409
3406 3412
3408 3409
3408 3411
3410 3411
3413 6049
3414 3415
3415 3416
3415 5126
3417 6446
3418 3419
3418 6443
3418 6447
3419 4806
3419 3424
3420 6463
3420 4806
3420 6462
3421 6441
3421 3433
3421 6463
3422 3423
3423 3424
3424 3425
3425 6442
3426 6441
3426 3435
3427 3428
3429 3430
3430 3435
3431 3432
3432 3434
3433 3434
3436 3437
3438 6047
3438 3439
3438 6462
3440 6049
3441 3559
3441 6049
3441 3443
3442 3443
3444 3445
3444 3464
3444 6046
3444 3462
3445 3463
3445 3446
3446 4797
3446 3463
3447 4801
3447 4807
3447 3472
3448 3449
3448 5377
3448 4489
3449 4802
3449 5159
3450 3451
3450 5373
3450 6373
3451 5370
3451 5372
3452 5390
3452 3510
3452 5630
3453 5377
3453 4488
3453 3469
3455 3456
3456 3458
3456 3457
3456 3459
3457 3460
3457 3466
3458 3460
3460 3461
3462 3463
3462 5977
3464 3468
3465 3466
3466 3468
3467 3467
3467 3468
3470 6512
3471 3474
3471 3487
3471 3476
3472 3473
3472 3489
3474 3491
3474 3479
3475 3479
3476 3486
3476 3477
3477 3478
3477 3479
3480 3481
3481 4801
3481 3482
3482 3483
3482 3486
3483 3484
3483 3485
3486 6050
3488 3489
3489 3496
3489 3491
3490 3491
3492 3506
3493 3498
3493 3494
3493 3503
3495 3496
3495 3503
3495 3499
3496 3499
3497 3499
3498 3506
3498 3499
3500 3502
3501 3502
3502 3503
3504 3505
3505 6378
3505 6376
3506 6376
3507 3509
3507 3508
3507 6378
3508 5375
3508 4800
3510 5622
3510 3511
3510 6530
3511 5626
3512 3513
3512 3514
3515 5617
3515 5612
3515 5180
3516 5618
3516 5605
3517 6569
3517 3518
3518 3519
3519 4359
3519 4356
3520 4609
3520 3521
3520 3522
3521 3523
3521 4611
3522 4618
3522 3523
3523 4618
3525 3526
3525 3529
3525 3534
3525 4518
3526 3527
3526 4484
3527 3528
3527 3534
3528 6501
3528 3541
3528 3530
3529 4518
3529 4462
3529 4484
3530 4484
3530 5208
3531 5012
3531 5013
3532 3533
3532 5726
3532 4934
3533 4924
3533 3550
3533 5323
3533 3552
3533 5325
3534 3535
3535 3536
3535 3659
3536 3659
3536 5423
3537 3538
3537 6501
3537 5968
3538 4498
3538 4500
3539 3540
3539 4498
3539 4500
3540 4704
3540 4487
3541 4498
3541 5317
3541 5318
3542 4497
3542 5208
3542 3543
3543 4705
3543 3544
3544 3545
3544 3546
3545 4499
3545 5646
3546 3547
3546 4461
3547 6124
3547 5645
3548 4703
3548 4464
3548 5014
3549 3550
3549 4464
3549 3572
3550 5723
3550 4933
3551 3562
3551 5323
3551 3554
3553 4929
3553 4934
3553 4932
3554 3555
3554 3561
3555 4074
3555 3556
3556 3561
3556 3573
3557 5208
3557 4497
3557 5320
3558 5319
3558 5338
3558 4932
3558 5647
3559 4495
3560 5304
3560 3586
3560 5580
3560 5594
3560 5303
3561 4974
3562 4974
3563 3564
3563 5925
3564 3565
3565 3710
3566 4057
3566 4056
3566 5328
3566 4976
3567 5119
3567 3724
3567 5118
3568 5426
3568 4476
3568 4073
3569 4471
3569 3774
3569 4073
3570 5033
3571 5353
3571 6507
3571 4938
3572 4941
3572 4938
3573 5123
3573 4076
3574 6208
3574 6207
3574 6212
3575 6216
3575 5419
3575 5061
3576 3779
3576 6651
3577 6651
3577 6652
3578 6116
3578 3579
3580 6541
3581 6221
3581 6220
3581 3584
3582 3583
3582 3584
3582 6220
3583 3583
3584 6541
3586 3587
3586 4966
3587 5979
3587 4964
3588 4963
3588 4956
3590 3842
3590 3989
3591 6565
3592 3853
3593 3927
3596 3597
3598 5305
3598 3599
3598 5665
3599 5304
3600 6159
3600 6162
3601 6162
3601 3602
3601 6183
3602 3939
3603 6494
3603 4377
3603 3604
3603 4322
3604 3620
3604 4325
3605 4459
3606 3607
3608 3625
3609 3626
3609 3845
3610 3625
3610 3626
3611 3612
3612 3613
3613 6245
3614 6245
3614 4511
3615 3616
3615 4392
3615 5155
3617 4358
3617 3618
3618 4355
3618 6263
3619 3620
3620 4323
3622 3767
3623 5024
3623 4480
3624 5121
3624 4854
3624 3774
3624 5648
3626 3846
3627 3777
3627 4031
3628 4117
3628 4120
3628 3837
3628 4240
3629 3829
3629 3830
3629 4238
3630 4026
3632 4840
3633 3763
3634 4093
3635 3651
3635 4034
3636 3648
3637 6467
3637 3835
3638 4844
3639 3640
3639 4035
3639 3834
3641 3642
3642 3834
3643 3644
3643 3647
3645 3648
3646 3649
3646 3650
3646 3651
3647 3649
3648 3650
3649 3650
3652 6524
3652 6273
3652 6160
3653 5890
3653 5892
3655 4513
3656 3657
3656 4967
3657 3658
3657 4502
3658 6028
3659 3660
3661 5244
3661 4849
3661 4150
3662 5244
3662 5029
3663 3689
3663 3690
3663 4677
3664 3697
3664 4674
3665 4920
3665 5078
3666 5603
3666 3668
3666 5591
3667 4920
3667 4921
3668 5333
3668 3669
3669 4602
3669 3672
3670 3673
3670 5970
3671 4059
3671 3673
3671 3672
3672 4977
3673 4602
3674 5023
3674 5704
3674 4925
3675 3676
3677 6099
3677 3678
3679 3680
3681 3682
3681 4337
3682 3683
3683 3686
3683 3684
3684 4338
3684 3685
3685 3686
3685 4333
3686 4885
3688 4674
3688 3689
3688 3696
3689 3691
3690 3692
3690 6070
3691 3696
3691 3693
3692 3693
3692 3695
3693 3698
3694 3697
3695 3698
3696 3698
3700 3701
3701 3848
3702 5245
3702 4669
3702 4996
3703 3709
3703 4559
3704 5644
3704 4486
3704 5346
3705 4925
3707 3708
3707 4065
3708 4603
3708 4665
3709 5346
3710 5118
3710 5645
3711 4463
3711 4491
3711 5210
3712 4472
3712 5421
3713 5428
3713 4056
3713 5327
3713 5100
3714 3726
3715 3729
3716 5425
3716 5200
3716 3730
3717 4709
3717 4710
3717 4472
3718 3730
3718 5428
3718 5427
3719 3723
3720 3729
3721 3723
3722 5504
3723 5001
3724 5327
3724 5328
3725 6346
3726 3726
3727 3729
3727 5201
3728 5427
3728 6123
3728 4706
3730 4476
3731 3734
3732 3741
3733 3736
3733 3741
3734 3743
3734 3744
3735 3740
3735 3739
3737 5504
3740 3742
3743 5301
3746 3750
3746 3747
3746 4504
3747 5098
3747 4520
3748 3749
3748 5132
3748 5677
3749 6130
3749 4519
3750 4672
3750 4520
3751 4670
3751 5096
3751 5039
3752 3755
3752 3754
3752 5676
3753 5040
3753 6130
3753 5218
3754 3755
3754 4603
3755 5217
3756 3756
3757 6022
3757 3758
3758 6041
3759 3768
3761 6409
3761 6002
3762 4110
3765 4429
3765 4417
3766 4306
3768 3769
3769 3770
3769 4361
3770 4361
3770 3771
3771 4362
3771 4363
3772 4362
3773 5120
3773 3774
3773 5121
3775 4620
3780 4372
3781 5020
3781 5198
3782 5019
3782 4365
3782 6619
3783 3785
3785 5021
3786 5414
3786 4044
3787 4121
3788 3790
3789 4006
3789 4047
3790 4046
3791 3792
3791 3795
3792 4124
3792 3794
3793 4007
3795 6343
3796 3808
3797 3798
3798 6650
3798 3800
3799 3800
3800 6649
3801 6649
3801 5432
3801 3803
3802 3803
3802 6650
3803 3804
3804 4044
3804 3811
3805 3806
3806 3807
3807 3808
3808 3809
3809 5432
3809 6649
3810 3811
3810 5432
3811 4308
3812 6402
3813 3814
3815 3816
3816 5751
3817 6593
3817 3818
3820 4273
3820 6328
3821 4273
3821 6329
3823 3824
3825 3873
3826 3827
3826 4238
3826 4029
3826 6663
3827 4108
3827 4029
3828 4029
3828 4028
3828 6397
3829 3830
3829 3997
3831 3911
3831 5910
3832 4042
3832 3998
3832 3997
3833 4546
3833 4547
3834 4294
3835 5982
3835 4294
3836 4039
3836 5342
3836 3837
3837 4296
3837 5982
3838 4111
3838 4087
3839 4113
3840 3989
3841 3842
3841 4015
3842 3989
3843 3872
3843 3912
3844 3910
3844 3911
3844 5907
3844 4174
3846 3847
3848 6172
3850 4835
3851 4835
3852 6314
3853 5065
3854 3856
3855 4591
3856 3857
3857 4532
3857 3858
3858 3859
3859 4535
3860 3861
3863 5164
3864 5520
3864 3865
3864 5164
3865 3866
3867 3868
3867 3869
3868 3869
3869 4384
3870 3978
3870 5853
3870 3977
3871 4406
3871 6149
3872 3908
3872 3907
3873 3874
3873 4290
3875 6235
3876 3892
3876 3877
3876 5874
3878 4620
3879 6347
3879 4276
3881 6348
3882 6348
3883 6347
3883 4277
3883 4278
3886 3887
3888 5874
3888 3889
3888 3895
3889 3890
3889 3891
3890 3892
3890 3891
3893 4984
3894 4984
3894 4987
3894 4561
3895 3896
3896 3897
3896 3902
3897 3901
3897 3899
3898 3900
3899 3900
3899 3901
3901 3903
3902 3906
3902 3904
3903 3904
3903 4988
3904 3906
3905 4988
3905 6361
3906 4983
3907 5066
3907 5914
3908 5907
3908 5915
3909 3912
3909 4843
3910 4587
3910 3911
3911 4032
3911 5909
3913 4572
3914 3928
3915 4577
3916 3929
3916 4576
3917 3919
3918 3929
3918 3919
3918 3921
3919 3920
3920 3930
3922 3924
3923 3924
3923 5914
3923 4585
3924 3925
3925 4030
3925 4172
3926 4160
3927 5910
3928 3929
3928 4577
3928 6325
3930 3931
3933 3934
3933 5027
3933 3935
3935 3936
3935 6344
3936 6345
3936 3937
3937 3938
3938 6611
3939 4514
3940 4514
3940 4236
3941 5758
3941 5757
3941 5833
3942 4829
3944 4726
3944 5922
3944 3951
3944 5923
3945 3946
3945 3949
3945 3947
3946 3948
3946 5850
3947 3948
3947 5839
3948 5851
3949 3984
3950 4392
3950 5923
3950 4735
3951 5921
3951 6482
3952 3971
3952 4396
3952 3969
3953 3960
3953 3962
3953 4401
3954 4410
3954 4404
3954 4403
3955 3974
3955 3963
3955 3966
3956 3968
3956 3959
3956 4410
3957 4408
3957 3973
3957 3966
3957 3961
3958 3964
3958 3962
3958 4399
3959 4410
3959 4415
3960 3965
3960 3971
3961 3966
3961 4398
3962 3975
3962 3972
3963 3976
3964 3967
3964 3968
3965 3972
3965 3969
3967 3970
3967 6148
3968 4402
3969 3971
3970 4415
3970 6148
3972 4399
3973 3975
3973 4408
3974 4398
3974 3976
3975 4408
3975 4402
3977 5861
3978 5852
3979 3980
3979 4913
3980 3981
3982 3983
3983 4916
3984 4916
3984 5839
3987 4859
3988 6667
3990 3991
3990 4352
3990 6570
3991 3992
3991 4316
3992 6572
3992 6571
3994 6370
3994 6372
3995 3996
3996 5150
3996 4328
3997 3998
3998 4042
3999 6637
4000 6157
4001 4840
4001 4419
4002 4417
4002 4403
4003 6526
4004 6526
4005 4006
4005 4043
4006 5980
4006 5021
4007 5981
4008 4905
4008 6620
4009 4601
4009 4854
4010 6392
4011 4012
4011 4016
4013 4015
4013 6638
4013 4014
4013 4738
4014 6638
4014 6646
4015 4017
4015 4788
4016 6667
4017 4018
4017 6260
4019 6423
4020 4099
4021 4022
4021 4883
4022 4023
4023 5749
4024 6198
4024 5016
4025 6309
4026 5967
4027 5773
4028 6471
4029 6398
4030 6397
4030 6486
4031 6486
4032 4034
4032 4843
4033 4109
4033 4042
4034 4844
4035 4844
4035 4294
4036 4037
4036 6261
4037 5348
4037 4038
4037 6014
4038 4039
4038 4040
4038 6014
4040 4041
4040 4290
4040 5342
4041 5342
4041 4287
4041 4293
4043 5019
4043 6229
4044 5862
4045 5981
4046 5414
4047 5981
4047 5980
4048 4194
4048 4049
4050 6606
4050 6605
4050 4193
4051 4731
4052 6016
4052 4728
4053 5333
4053 5332
4053 5550
4054 4470
4054 5331
4054 5415
4055 4474
4055 5422
4055 5634
4056 4976
4056 4058
4057 4059
4057 5101
4060 4066
4060 4558
4060 4465
4061 4558
4061 5207
4061 4466
4062 4065
4062 5207
4062 4467
4063 4064
4063 4066
4065 5206
4065 5677
4066 5661
4067 4069
4067 4075
4068 4630
4068 4069
4070 5424
4070 5385
4071 4077
4071 4075
4071 5721
4072 5340
4072 6125
4072 4477
4073 4918
4073 4919
4074 4076
4074 5122
4075 5649
4076 5321
4077 5728
4078 4450
4078 5185
4078 4079
4079 6257
4079 5510
4080 4082
4081 5184
4081 4084
4081 4082
4082 5184
4083 4451
4083 4305
4084 4085
4084 4305
4085 4305
4085 4303
4086 4087
4086 4298
4086 4304
4086 5197
4087 4297
4087 4306
4088 4565
4088 4595
4089 4566
4089 4569
4090 4134
4090 4091
4091 4092
4092 5075
4093 4094
4093 5076
4094 5076
4095 4437
4096 4099
4097 4106
4098 4106
4099 4102
4100 4101
4100 4104
4100 6012
4101 4103
4101 6012
4103 4105
4103 4104
4105 4107
4105 4106
4108 6401
4109 6261
4109 6647
4112 4114
4113 6182
4113 4114
4115 5984
4115 6483
4116 5745
4116 5746
4116 6550
4117 4119
4118 6647
4118 4119
4119 4120
4119 4691
4120 6647
4121 4124
4121 4122
4122 5414
4122 4123
4124 4912
4125 4126
4127 5737
4128 4129
4128 4188
4130 4131
4130 5738
4130 4132
4131 5015
4133 4135
4133 4134
4134 4135
4135 4138
4136 4139
4136 5554
4136 4137
4137 4140
4137 4138
4138 4139
4139 6406
4140 4141
4141 4142
4142 5564
4143 6637
4144 4146
4144 4145
4144 4147
4149 5731
4149 6215
4150 4152
4151 4153
4152 4153
4154 4155
4155 4156
4156 4157
4159 4751
4161 4165
4162 4168
4163 4166
4164 4167
4165 4169
4166 4168
4166 4171
4167 4170
4167 4173
4168 4172
4169 4174
4170 4173
4170 4171
4170 4177
4171 4172
4171 4176
4173 4174
4173 4177
4174 4175
4175 4177
4175 4178
4176 4178
4178 5909
4179 4958
4180 4909
4180 4622
4181 4186
4181 5803
4181 4185
4182 5805
4182 5801
4182 4187
4183 6311
4184 4187
4184 5800
4185 4910
4185 6311
4187 5800
4189 4190
4191 6498
4192 4193
4192 6498
4194 6527
4195 5825
4195 4196
4196 4204
4196 4197
4197 4203
4198 4206
4198 4203
4198 6296
4199 4210
4199 4200
4199 4207
4200 4201
4200 4202
4201 4202
4201 4208
4202 4209
4205 4206
4206 4207
4207 4208
4208 6472
4210 6189
4210 4640
4211 6361
4212 6404
4212 6301
4212 6306
4212 6402
4213 4619
4213 4214
4213 5077
4214 5077
4215 4433
4215 4216
4215 4619
4216 4436
4216 4426
4217 4619
4218 4219
4218 4235
4219 4234
4219 6180
4220 4222
4220 4229
4221 4226
4221 5876
4222 4229
4223 4232
4223 4231
4223 6132
4224 4228
4224 4225
4225 4232
4227 6136
4228 4230
4229 6143
4230 4235
4230 4231
4231 4233
4232 4237
4233 6136
4233 6132
4233 4624
4234 5876
4236 4237
4238 6664
4239 6665
4239 6666
4239 6471
4239 4584
4240 5348
4241 6238
4241 4291
4243 4250
4244 4250
4244 4723
4245 4251
4245 4246
4248 4249
4249 4250
4252 4261
4252 6104
4252 4255
4253 6126
4253 4276
4253 4277
4254 4255
4254 4270
4256 4258
4256 4911
4257 4263
4257 4911
4257 6104
4258 4259
4259 4260
4260 6344
4260 4262
4261 6102
4262 6345
4263 6102
4264 4266
4265 4267
4266 4268
4267 4268
4268 4269
4269 4274
4270 4271
4271 5072
4273 6329
4274 4275
4276 4277
4277 4284
4277 4278
4278 4283
4280 4282
4281 4282
4283 4284
4285 6588
4285 6590
4286 6259
4286 4440
4286 4441
4287 4289
4287 5130
4287 4293
4288 6237
4288 6239
4288 4290
4289 4884
4289 5342
4291 6239
4292 4294
4292 4296
4292 5982
4295 6548
4295 4307
4295 5018
4296 5342
4296 4884
4297 4301
4298 4299
4298 6198
4298 4300
4299 5197
4299 4300
4300 6195
4301 4302
4302 5182
4303 4304
4303 4305
4304 4306
4307 5018
4308 4374
4309 4337
4309 4338
4309 4886
4310 6492
4310 6491
4310 4323
4311 4314
4312 4331
4312 4330
4312 4327
4313 4321
4313 4314
4313 6492
4314 6493
4315 4319
4315 4339
4315 4329
4316 4319
4316 4378
4317 4348
4317 4327
4317 4320
4318 4335
4318 4320
4318 4336
4319 4872
4319 4339
4320 6491
4322 4377
4322 4334
4323 6493
4324 4892
4324 4331
4324 4328
4325 4329
4325 4377
4326 5777
4326 6494
4327 4349
4330 4336
4330 4331
4331 4893
4332 4677
4332 6482
4332 6484
4333 4886
4333 4338
4334 4378
4335 6491
4335 6264
4336 6264
4339 4378
4340 4350
4341 4351
4342 4345
4343 4351
4343 4344
4344 4350
4344 4346
4345 4349
4345 4350
4346 4348
4346 4349
4347 4348
4348 4349
4353 4360
4353 4356
4353 4724
4354 4357
4354 4358
4355 6263
4355 4359
4356 4359
4356 4724
4357 5998
4357 6263
4358 6263
4360 4394
4362 4363
4364 5958
4364 5058
4365 5930
4365 6548
4365 5018
4365 6228
4366 6228
4366 5058
4366 6549
4367 5048
4367 6328
4368 4369
4368 5397
4368 4371
4369 5399
4369 4376
4370 5417
4371 4372
4371 4376
4373 4376
4373 5417
4374 4845
4375 5399
4379 6157
4379 4381
4380 5786
4380 4390
4381 4411
4382 4388
4382 5790
4383 4548
4383 4458
4383 4550
4384 4387
4384 4411
4385 5005
4385 4391
4386 4853
4387 4389
4389 4411
4390 5867
4391 4548
4392 4731
4394 6570
4394 6569
4395 4397
4396 4397
4398 4416
4399 4400
4402 4416
4403 4416
4404 4405
4404 4412
4404 4415
4405 4420
4405 4414
4406 6185
4406 4409
4406 6131
4407 5835
4407 4420
4408 4416
4409 6190
4409 4419
4411 4418
4412 4420
4412 5835
4413 4419
4413 4422
4413 6190
4417 4595
4417 4429
4418 5572
4418 6131
4421 4841
4421 4431
4421 4430
4422 4432
4423 6146
4423 4840
4423 4433
4424 4427
4425 4428
4426 4436
4427 4436
4427 4428
4429 4448
4429 4438
4430 4841
4431 4438
4431 6246
4433 4434
4433 6146
4434 4435
4435 4841
4437 6323
4437 6322
4438 4448
4438 4440
4439 6247
4439 4446
4440 6246
4441 4442
4441 4444
4441 4447
4443 4444
4444 4448
4445 6247
4446 6246
4449 4450
4450 5489
4451 6257
4451 5183
4452 4457
4454 4455
4458 5005
4461 4475
4461 6124
4462 4473
4463 5552
4464 5353
4465 5043
4465 4558
4466 5102
4466 4467
4467 4501
4468 5552
4469 4470
4469 5429
4469 5100
4470 5415
4470 5100
4471 4918
4471 4475
4472 5331
4473 4484
4474 5429
4475 4705
4476 4477
4476 5119
4477 4918
4478 4516
4478 5196
4479 5024
4480 4481
4481 4601
4481 5196
4482 4483
4482 5728
4483 5343
4485 4486
4485 4991
4485 4989
4487 5968
4487 4704
4488 5126
4488 5111
4489 4493
4489 4494
4490 5111
4490 5396
4490 5109
4491 4973
4492 4494
4492 4797
4492 6265
4493 6265
4493 4494
4494 5977
4495 4496
4497 4499
4498 4500
4499 5647
4501 4504
4501 5181
4503 4506
4503 6159
4504 5102
4505 4507
4507 4959
4508 5673
4509 5672
4510 4511
4510 4736
4511 5176
4513 4737
4514 6132
4516 4517
4517 5582
4519 5676
4519 5218
4521 5135
4522 5643
4522 5193
4522 4523
4523 5194
4523 5666
4524 5194
4524 5193
4524 5192
4525 5343
4525 5643
4525 5728
4526 4528
4526 4568
4526 4527
4528 4529
4530 4533
4531 4533
4531 4534
4532 4539
4532 4535
4533 4534
4534 4539
4535 4536
4536 4537
4536 4542
4538 6196
4538 4543
4540 4591
4541 4542
4544 4545
4545 4547
4547 4550
4547 4548
4549 4550
4551 4551
4552 4553
4552 4554
4553 4555
4554 4556
4555 4556
4557 6612
4558 5660
4559 4992
4560 4600
4560 5636
4560 5215
4561 4746
4562 4567
4563 4563
4563 4564
4566 4567
4566 4842
4568 4574
4569 4842
4569 4587
4570 4587
4573 6325
4575 4842
4576 6325
4578 6481
4579 4583
4579 6481
4580 4584
4581 4588
4581 6481
4581 4589
4582 6258
4588 4592
4588 4593
4589 4590
4589 4593
4590 5065
4593 4594
4595 4596
4598 4599
4600 5344
4601 5648
4602 4971
4603 5022
4604 4606
4605 4606
4606 4607
4608 4609
4610 4612
4611 4614
4612 4613
4612 6223
4614 4617
4614 4615
4616 4617
4619 6648
4620 4647
4621 4645
4621 4644
4621 5806
4622 5074
4624 4625
4625 6402
4625 5866
4630 5940
4630 5385
4631 4633
4631 4637
4631 4632
4632 4634
4632 4633
4633 4643
4634 4636
4634 4639
4635 5815
4635 5818
4635 4640
4636 5817
4636 4639
4637 5806
4637 4650
4638 5818
4638 5813
4638 4642
4639 4648
4640 4642
4641 5822
4641 4649
4642 5814
4643 4648
4643 6203
4644 5822
4644 4651
4645 5873
4645 4653
4646 6418
4646 5813
4646 5819
4646 4652
4647 5817
4647 4648
4649 6296
4649 4651
4650 5827
4650 5826
4651 4653
4652 5814
4652 5812
4653 5828
4654 4655
4654 6350
4656 6221
4656 4657
4657 5859
4657 5860
4658 5860
4658 6220
4658 5855
4658 4659
4659 4661
4659 5855
4659 4660
4659 5856
4660 5855
4660 4662
4661 4662
4661 4664
4662 4664
4663 5859
4663 5856
4663 5857
4664 5857
4665 4666
4665 5022
4666 4994
4666 4992
4667 4995
4667 4996
4667 4994
4668 4669
4668 4995
4668 4996
4669 5175
4670 4671
4670 5682
4671 5682
4671 4672
4673 4678
4673 4682
4673 4748
4674 4748
4675 4679
4675 4680
4675 4678
4676 4679
4677 4680
4678 4681
4679 4680
4683 4687
4683 6398
4683 4685
4683 6401
4684 6400
4684 4685
4684 4688
4685 4686
4686 4687
4686 4688
4687 4689
4688 4690
4689 4690
4689 6401
4690 4691
4691 6399
4692 5080
4692 4693
4692 6310
4692 5421
4693 5420
4693 6310
4694 4695
4694 5420
4694 5507
4695 4696
4695 5507
4696 4697
4696 5505
4696 5507
4697 4698
4697 4699
4698 5415
4698 4699
4699 5506
4700 6574
4700 6573
4701 5332
4701 6574
4702 5925
4702 5926
4702 5326
4703 5353
4704 5010
4705 5120
4706 5329
4706 4707
4707 6123
4707 4708
4708 5331
4708 4709
4709 5330
4713 4714
4714 5928
4715 5928
4717 5211
4717 4718
4720 4721
4722 5083
4722 6168
4722 6557
4722 6567
4724 5998
4725 5922
4725 4736
4726 6484
4726 5923
4727 5750
4728 6171
4728 4732
4729 4731
4729 4730
4729 6171
4732 4734
4733 4734
4734 4735
4735 5922
4736 5916
4738 5983
4739 5246
4739 4740
4740 4742
4741 4743
4741 5246
4741 4742
4742 4744
4743 4744
4745 4746
4746 6496
4747 6497
4748 4749
4750 4751
4752 4754
4752 4796
4752 4753
4753 4760
4753 6646
4754 4755
4754 4763
4755 4756
4755 4765
4756 4757
4756 4767
4757 6641
4757 4768
4758 4788
4759 4769
4759 4762
4759 6645
4761 6646
4762 4770
4762 4764
4764 4771
4764 4766
4766 4773
4766 4772
4772 4781
4772 4774
4774 4783
4774 4775
4775 4785
4775 4776
4776 4787
4776 4777
4777 4789
4777 4778
4778 4790
4778 4779
4779 4791
4779 4780
4780 4792
4780 4782
4782 4793
4782 4784
4784 4794
4784 4786
4786 4795
4786 4788
4797 5977
4798 4804
4798 6382
4798 4799
4800 4802
4800 6284
4801 6380
4802 5160
4803 5159
4805 5160
4806 6049
4807 4808
4807 6265
4809 4812
4810 4813
4810 4814
4813 5093
4813 5092
4814 5093
4815 5093
4815 5092
4816 6592
4816 6351
4817 4819
4817 4818
4817 4820
4818 4819
4819 4820
4821 4822
4822 4823
4823 4825
4824 4826
4825 4826
4827 6147
4828 6611
4828 6610
4830 4834
4830 4831
4831 4832
4832 4833
4833 4834
4836 4837
4841 6146
4842 4843
4846 5341
4846 5187
4846 4847
4847 5912
4847 5341
4848 5912
4849 5029
4849 5244
4852 5799
4855 4856
4856 4858
4856 4857
4857 4858
4860 6390
4860 4861
4861 4863
4862 4864
4862 4863
4863 4864
4865 4866
4865 4868
4866 4867
4867 5448
4867 4869
4868 4869
4870 4871
4871 5474
4872 4874
4872 4873
4873 4875
4874 4875
4875 4876
4876 4877
4878 6128
4878 4881
4878 4879
4879 4880
4880 4881
4882 5752
4882 5751
4883 5748
4884 5342
4884 5754
4885 6068
4886 5986
4887 4888
4889 5984
4889 4890
4889 5986
4890 4891
4891 4892
4892 4893
4893 6264
4894 4896
4894 4904
4895 4904
4895 4896
4898 6487
4899 4900
4899 4901
4900 4902
4900 4901
4901 4902
4903 5189
4905 6234
4906 4907
4906 4906
4908 4909
4909 6372
4913 4914
4914 4915
4916 6521
4917 5447
4917 5448
4917 5469
4918 5340
4920 4921
4921 4922
4922 5550
4923 5078
4924 5324
4925 5940
4925 4993
4925 5023
4926 4927
4927 4928
4927 5009
4928 5675
4928 5672
4929 4930
4929 5339
4929 4931
4930 5339
4930 4935
4931 4932
4931 5646
4933 5927
4933 5321
4933 4942
4934 5339
4934 5338
4935 5726
4936 5723
4936 5724
4937 5724
4937 5723
4938 4939
4939 4940
4939 6507
4941 4942
4941 5927
4942 5927
4943 5927
4944 4945
4946 4947
4948 4950
4948 4951
4949 4952
4949 5727
4950 4952
4950 5663
4952 6552
4953 4955
4953 4954
4953 5663
4954 5662
4955 6551
4955 4956
4957 4958
4960 6340
4961 4966
4961 5592
4961 4965
4962 4965
4962 4964
4963 5117
4964 6535
4965 4966
4968 5642
4968 5581
4968 5192
4969 5581
4969 4970
4969 5191
4970 5719
4971 4972
4971 5336
4972 5335
4972 5574
4973 5394
4974 5123
4975 5494
4976 4977
4979 4980
4980 4981
4981 4982
4981 6412
4982 4983
4982 4984
4983 4986
4985 4986
4986 4987
4986 4988
4989 4990
4989 5009
4990 4991
4992 4993
4993 4994
4995 5175
4997 4999
4997 4998
4999 5000
5001 5002
5005 5006
5007 6118
5007 5008
5010 5011
5011 6533
5012 6532
5012 5013
5013 6533
5015 5016
5016 5017
5017 6548
5018 5019
5019 6229
5021 5980
5022 5245
5026 5546
5033 5034
5036 5390
5036 5389
5036 5370
5037 5038
5038 5369
5038 5387
5040 5167
5040 5168
5041 5168
5042 5411
5042 6199
5042 5203
5044 5047
5044 6544
5045 6544
5045 6199
5045 5411
5046 6009
5046 6011
5047 6195
5047 6200
5049 6217
5050 5052
5051 5054
5051 6587
5052 6587
5053 5056
5054 5055
5054 6587
5055 5056
5057 5058
5057 6228
5058 5966
5059 6308
5059 5966
5060 6308
5061 5711
5061 5062
5061 6011
5064 5065
5067 5068
5067 5405
5068 5069
5068 5070
5072 6126
5075 5077
5075 5076
5076 5077
5079 5080
5079 5201
5079 5081
5082 6560
5083 6555
5083 6168
5083 6556
5085 5086
5089 5091
5089 6315
5090 6315
5090 5091
5094 5095
5094 5263
5096 5132
5096 5133
5097 5133
5097 5134
5097 5682
5098 5178
5099 5178
5102 5131
5103 6234
5104 5337
5104 5976
5104 5209
5105 5334
5105 5335
5105 5106
5107 5108
5108 5574
5108 5161
5108 5109
5109 5111
5110 5112
5111 5112
5112 5936
5113 5305
5113 5114
5114 5302
5115 5116
5115 5594
5115 5578
5116 5576
5117 6553
5119 5645
5120 5121
5123 5392
5124 5573
5124 5602
5124 5973
5125 5162
5125 5161
5125 5127
5125 6194
5126 5127
5127 5128
5129 5162
5130 5747
5132 5133
5132 6130
5134 5135
5134 5181
5135 5181
5136 5138
5137 5138
5138 5585
5140 6016
5140 5141
5140 5145
5141 6015
5141 5148
5142 5144
5143 5145
5144 5146
5144 5150
5145 5147
5146 5149
5146 5153
5147 5148
5147 5151
5148 5149
5149 5152
5150 5153
5151 5152
5151 5155
5152 5154
5153 5154
5154 5155
5156 5157
5156 6510
5156 5606
5157 6508
5157 6509
5158 5622
5158 5180
5158 5616
5159 5160
5161 5573
5162 5601
5165 5965
5165 5167
5166 5167
5168 5171
5169 5633
5169 5171
5169 5214
5170 5633
5170 5960
5171 5964
5172 5964
5172 5174
5172 6368
5173 6368
5174 5964
5174 5175
5176 6244
5177 6244
5178 5179
5180 5366
5182 5905
5183 5511
5183 6257
5184 6257
5185 5489
5186 5187
5187 5188
5190 5191
5190 5583
5191 5581
5192 5642
5193 5194
5195 5648
5195 5671
5195 5196
5198 6547
5199 5329
5199 5200
5199 5330
5201 6310
5202 5412
5203 5412
5203 5862
5203 5204
5206 5215
5206 5207
5208 5317
5209 5976
5210 5970
5211 5604
5211 5632
5212 5604
5213 5214
5214 5959
5215 5216
5217 5218
5217 5245
5219 5220
5219 5221
5222 6449
5223 5225
5223 5285
5224 5226
5226 6416
5227 6242
5228 6243
5228 5229
5231 5234
5232 5233
5233 5234
5235 5236
5236 5237
5237 6451
5238 5239
5238 5241
5241 5242
5241 5243
5248 5252
5249 5251
5249 5250
5250 5252
5250 5251
5252 5253
5254 5255
5257 5258
5257 5264
5259 5260
5259 5261
5262 5263
5263 5264
5265 5266
5267 5268
5268 5272
5268 5269
5269 6295
5269 6278
5270 5271
5270 5272
5273 5276
5273 5274
5275 5278
5276 5277
5276 5279
5277 5278
5278 5477
5278 5279
5279 5280
5283 5283
5283 5284
5285 6594
5285 5687
5288 6622
5288 5289
5289 5290
5289 5291
5292 5293
5294 6490
5296 5298
5297 5298
5298 5299
5301 5602
5301 5601
5302 5303
5302 5664
5304 5305
5306 5307
5306 5308
5309 5311
5310 5311
5311 5312
5313 5690
5315 5316
5317 5318
5319 5320
5320 6532
5321 5322
5323 5324
5324 5325
5326 5925
5326 5970
5327 5328
5329 5330
5332 5333
5335 5603
5335 5974
5336 5337
5338 5725
5340 6125
5345 5671
5349 5350
5351 5352
5352 5690
5354 5931
5355 5360
5355 5358
5355 5356
5356 5357
5357 5360
5358 5359
5358 5361
5359 5362
5359 6364
5360 5361
5361 6364
5362 5364
5363 6364
5363 5365
5363 5364
5365 5931
5366 5367
5366 5383
5366 5368
5369 5389
5369 5388
5370 5371
5373 5375
5373 5374
5375 5376
5377 5379
5378 5379
5379 5380
5379 5391
5381 5382
5382 6660
5382 6662
5383 5384
5383 5938
5384 5939
5384 6502
5385 5939
5386 5937
5386 5968
5386 6505
5387 6505
5387 5388
5388 6530
5389 5390
5391 5392
5391 5393
5392 5936
5394 5493
5394 5395
5395 5972
5395 5396
5396 5493
5396 5971
5398 5399
5400 5402
5400 5401
5401 5404
5402 5403
5403 5404
5405 5584
5406 5585
5406 5642
5407 5409
5407 5408
5408 5410
5411 5412
5412 5413
5413 5862
5413 6650
5415 5507
5417 5418
5420 5421
5422 5506
5422 5635
5423 5424
5425 5426
5427 5428
5428 6123
5429 6653
5430 6653
5431 5643
5431 5728
5433 6659
5433 5434
5434 6661
5435 5436
5437 5438
5440 5441
5440 5442
5441 5442
5442 5443
5443 5444
5445 5446
5446 5468
5446 5478
5447 5468
5447 5448
5450 5451
5452 5453
5453 5454
5454 5454
5455 5456
5455 5471
5455 5474
5456 5457
5458 5460
5458 5461
5460 5467
5464 6390
5465 5475
5465 5466
5467 5467
5469 5471
5469 5470
5470 5473
5471 5472
5473 5474
5476 5477
5479 5480
5481 5482
5483 6413
5483 6414
5483 5484
5484 5485
5486 5486
5486 5487
5490 6206
5491 5492
5493 5494
5495 5496
5497 5498
5498 6201
5501 5503
5502 5635
5502 5505
5502 5503
5503 5504
5505 5506
5513 5514
5516 5517
5519 5521
5519 5520
5520 5522
5524 5525
5531 5535
5532 5533
5532 5532
5533 5534
5534 6460
5535 5536
5536 5537
5536 5538
5537 5541
5539 5540
5541 5542
5543 5544
5548 6561
5548 5549
5550 5551
5552 5553
5554 5559
5555 5558
5556 5557
5556 5569
5556 5563
5557 5563
5559 5561
5559 5560
5560 5562
5561 5562
5563 5564
5564 5571
5565 6635
5566 6635
5567 5568
5568 5569
5569 5572
5570 5571
5573 5974
5574 5934
5576 5577
5577 5578
5578 5579
5579 5594
5579 5595
5579 5580
5580 5593
5582 5583
5586 5588
5586 5587
5587 5589
5588 5590
5588 6499
5589 5590
5590 6499
5591 5973
5592 5593
5596 5597
5598 5599
5599 5600
5601 5602
5603 5974
5605 5605
5606 5610
5606 5608
5607 5608
5608 5609
5610 5612
5610 5611
5612 5613
5614 6392
5614 6391
5615 5616
5616 5617
5617 5618
5620 6626
5622 5623
5624 5629
5624 6110
5625 5629
5626 5628
5627 5628
5628 5629
5634 6573
5634 5635
5636 5659
5636 5660
5637 5667
5637 5659
5637 6300
5638 5639
5639 5640
5640 5641
5646 5647
5650 5651
5652 5653
5654 5655
5657 5658
5659 5660
5662 5663
5667 5670
5668 6299
5668 5670
5669 6300
5670 6300
5672 5673
5673 5674
5676 5677
5678 5679
5680 5681
5683 5684
5685 5686
5687 5688
5691 5692
5697 5698
5698 5701
5699 5700
5703 5704
5704 5718
5706 5715
5707 5711
5708 5710
5709 5710
5710 5711
5713 5714
5718 5721
5723 5724
5724 5725
5731 6363
5732 5733
5734 6163
5738 5904
5738 5905
5739 5742
5739 5741
5740 5741
5744 6610
5747 5748
5749 6262
5750 5751
5752 5753
5753 5754
5755 5756
5755 5760
5755 5761
5756 5757
5756 5762
5757 5833
5758 5760
5759 5761
5760 5761
5761 6550
5762 5832
5763 5764
5765 5768
5765 5766
5766 5767
5767 5768
5767 6562
5769 6562
5771 5772
5772 6236
5774 5836
5775 5836
5777 5780
5778 5779
5779 5780
5781 5786
5784 5794
5787 5788
5788 5789
5790 5797
5791 5792
5793 5797
5794 5796
5794 5795
5795 5796
5797 5798
5799 6370
5799 5800
5802 5803
5802 5804
5803 5805
5804 5805
5806 5807
5808 5873
5809 5812
5809 5810
5809 6296
5810 5811
5810 5821
5811 5812
5811 5819
5813 5814
5815 5816
5816 6418
5816 5818
5817 5823
5819 6418
5820 5823
5820 6417
5821 6417
5822 5823
5825 5828
5825 5826
5826 6203
5827 5873
5827 5828
5829 5830
5830 5831
5832 5833
5834 6156
5835 6150
5836 6256
5837 5838
5837 5840
5838 5842
5839 5845
5840 5841
5840 5849
5841 5842
5841 5843
5841 5848
5842 5844
5843 5844
5843 5850
5844 5847
5845 5851
5845 5847
5846 5851
5846 5850
5846 5847
5848 5849
5854 6156
5854 6089
5856 5857
5856 5858
5858 5859
5858 5860
5863 5876
5864 5865
5865 5875
5866 6306
5868 5871
5869 5871
5870 5871
5877 5879
5878 6439
5878 5880
5879 6438
5879 5881
5880 5881
5882 5883
5888 5889
5890 5891
5893 5894
5893 5899
5894 5897
5894 5895
5895 5899
5895 5896
5897 5900
5898 5900
5899 5900
5901 5902
5901 5903
5901 6159
5904 5905
5906 5907
5908 5909
5913 5914
5916 5922
5917 5924
5917 5919
5918 5919
5919 5920
5921 5924
5921 6485
5922 6485
5924 6485
5929 6604
5929 6603
5930 6549
5930 6548
5931 6658
5932 5933
5934 5975
5934 5971
5935 5936
5937 6503
5937 6501
5938 6503
5938 6504
5939 5969
5940 5941
5942 6165
5942 6167
5943 6360
5944 5945
5945 5946
5945 5947
5946 5948
5946 5947
5947 5950
5948 5949
5949 5950
5950 5952
5951 5952
5954 5956
5955 5957
5955 5958
5955 5956
5956 5957
5957 5958
5960 5962
5960 5961
5962 5963
5966 5967
5967 6549
5971 5972
5972 5975
5973 5974
5975 5976
5978 5979
5980 5981
5984 5986
5985 5986
5985 5985
5987 5988
5988 5989
5989 5990
5992 5993
5994 5995
5995 5997
5996 5997
5997 6011
5998 5999
5999 6000
5999 6001
6002 6003
6002 6004
6003 6004
6003 6005
6006 6007
6008 6009
6009 6010
6012 6013
6013 6014
6013 6633
6013 6238
6015 6016
6017 6018
6020 6021
6022 6023
6023 6027
6023 6025
6024 6025
6025 6026
6026 6026
6028 6030
6029 6030
6030 6031
6032 6632
6033 6034
6035 6036
6039 6040
6042 6440
6042 6052
6043 6044
6043 6046
6044 6045
6044 6438
6046 6386
6047 6049
6047 6048
6050 6431
6050 6051
6054 6056
6054 6055
6054 6264
6056 6059
6056 6057
6058 6059
6059 6060
6061 6063
6062 6063
6063 6064
6066 6067
6068 6069
6070 6073
6070 6074
6071 6075
6071 6072
6071 6074
6072 6074
6072 6073
6075 6075
6077 6079
6077 6080
6078 6080
6079 6081
6080 6081
6081 6082
6083 6086
6084 6085
6084 6086
6085 6086
6088 6089
6088 6131
6088 6149
6089 6150
6089 6090
6090 6090
6091 6092
6093 6094
6096 6279
6096 6097
6098 6099
6098 6101
6099 6100
6102 6104
6102 6103
6106 6107
6108 6109
6110 6111
6110 6625
6112 6114
6112 6113
6114 6115
6117 6118
6119 6126
6119 6120
6121 6122
6124 6125
6127 6127
6128 6129
6133 6134
6134 6135
6134 6136
6137 6139
6137 6138
6140 6141
6141 6142
6142 6143
6142 6607
6144 6477
6145 6478
6147 6515
6147 6518
6148 6516
6148 6518
6149 6150
6150 6152
6151 6152
6152 6158
6154 6155
6155 6256
6156 6157
6158 6520
6159 6160
6162 6184
6162 6183
6164 6559
6165 6166
6165 6167
6166 6559
6167 6568
6168 6568
6170 6171
6173 6175
6173 6174
6176 6177
6178 6179
6180 6181
6183 6314
6185 6186
6187 6188
6189 6189
6191 6192
6192 6193
6193 6193
6195 6198
6196 6197
6198 6547
6199 6545
6200 6545
6200 6546
6201 6202
6204 6582
6205 6582
6206 6210
6207 6210
6208 6212
6209 6542
6209 6213
6210 6211
6210 6212
6211 6213
6213 6214
6215 6363
6216 6216
6217 6219
6218 6219
6218 6664
6219 6366
6222 6223
6223 6256
6226 6543
6227 6543
6228 6619
6229 6619
6230 6232
6231 6232
6231 6233
6232 6233
6234 6235
6235 6260
6237 6239
6237 6238
6244 6245
6246 6247
6247 6258
6250 6251
6252 6253
6258 6259
6259 6471
6260 6638
6266 6267
6268 6269
6269 6271
6269 6409
6270 6271
6272 6273
6274 6275
6276 6277
6278 6295
6279 6280
6281 6282
6282 6294
6285 6286
6287 6288
6287 6287
6288 6291
6288 6289
6289 6289
6290 6291
6290 6290
6291 6292
6292 6293
6293 6294
6297 6298
6299 6300
6301 6304
6301 6405
6302 6303
6302 6304
6302 6307
6303 6305
6304 6307
6305 6306
6308 6309
6308 6525
6312 6313
6315 6317
6316 6317
6317 6320
6318 6320
6319 6320
6319 6528
6319 6529
6321 6323
6321 6322
6326 6327
6328 6329
6330 6331
6333 6334
6334 6335
6334 6336
6341 6343
6344 6345
6348 6349
6351 6356
6352 6359
6353 6357
6353 6355
6353 6359
6354 6355
6354 6359
6354 6358
6355 6356
6362 6542
6367 6368
6367 6502
6369 6370
6371 6372
6373 6374
6373 6375
6376 6377
6378 6379
6380 6382
6380 6381
6382 6383
6384 6389
6384 6440
6384 6385
6386 6387
6386 6388
6393 6394
6395 6396
6398 6400
6399 6400
6402 6403
6403 6404
6404 6405
6405 6406
6406 6477
6407 6408
6410 6411
6415 6416
6417 6418
6419 6420
6420 6421
6424 6425
6426 6428
6427 6430
6428 6429
6428 6430
6429 6430
6431 6436
6431 6437
6432 6437
6433 6434
6433 6436
6434 6435
6436 6437
6438 6439
6439 6440
6442 6443
6443 6446
6443 6444
6444 6447
6444 6445
6444 6446
6445 6447
6448 6450
6448 6449
6450 6451
6451 6452
6452 6457
6454 6456
6455 6456
6455 6457
6456 6457
6458 6459
6462 6463
6464 6465
6465 6466
6467 6468
6469 6470
6474 6475
6475 6476
6477 6478
6479 6480
6482 6484
6488 6489
6490 6495
6491 6492
6492 6493
6493 6494
6496 6497
6499 6624
6503 6504
6504 6530
6505 6506
6510 6512
6510 6511
6512 6513
6514 6515
6515 6519
6516 6520
6516 6517
6517 6518
6517 6519
6519 6520
6521 6522
6523 6524
6525 6526
6529 6657
6529 6656
6532 6533
6534 6535
6536 6539
6537 6538
6537 6539
6544 6545
6545 6546
6546 6547
6547 6548
6551 6552
6553 6554
6556 6557
6557 6558
6558 6559
6562 6566
6567 6568
6569 6571
6570 6572
6573 6574
6576 6578
6577 6578
6577 6579
6577 6581
6578 6581
6579 6584
6579 6580
6579 6581
6580 6581
6580 6585
6582 6583
6588 6589
6588 6590
6589 6591
6590 6591
6594 6595
6596 6597
6596 6601
6597 6599
6598 6602
6598 6601
6598 6600
6599 6600
6601 6602
6603 6604
6609 6610
6613 6614
6616 6617
6621 6622
6622 6624
6623 6624
6626 6630
6626 6627
6627 6629
6627 6628
6628 6629
6629 6630
6629 6631
6635 6637
6635 6636
6638 6639
6640 6641
6641 6643
6642 6643
6643 6645
6644 6645
6658 6660
6658 6659
6660 6661
6661 6662
6663 6664
6663 6665
6664 6666
6665 6666
