0 69
0 75
1 211
1 69
1 714
2 68
2 621
2 3
3 1599
3 621
4 1599
4 4658
4 4644
4 2083
5 4658
5 2080
5 4246
6 1880
6 613
6 652
7 615
7 1876
7 3534
8 9
8 4249
8 12
9 3504
9 12
10 190
10 4169
10 3501
11 3500
11 1828
11 190
11 191
11 4166
12 1829
12 3502
13 650
13 609
13 1215
14 1215
14 4733
14 15
15 16
15 648
16 1723
16 648
17 2152
17 1673
17 1641
17 2052
18 1300
18 2052
18 575
18 1673
19 3447
19 4808
19 3203
19 4805
19 4804
20 3083
20 2234
20 1845
21 3205
21 3443
21 22
22 3699
22 3442
23 2682
23 4379
23 3442
23 556
24 553
24 556
24 2226
25 2226
25 237
25 587
26 1184
26 2228
27 2685
27 1294
28 1294
28 1305
28 4386
28 4247
29 30
29 32
29 1797
30 1158
30 91
31 93
31 33
31 92
32 1782
32 93
33 2058
33 2119
34 4142
34 1783
34 2132
35 2132
35 2131
35 3301
36 1791
36 1801
36 1704
37 3300
37 1790
37 1785
38 3314
38 1772
38 3033
39 2036
39 40
39 3628
40 2322
40 520
41 1818
41 372
41 520
41 3022
42 57
42 43
42 56
43 545
44 375
44 364
44 382
45 2109
45 357
45 2107
46 389
46 2156
46 1698
47 392
47 397
47 414
48 441
48 396
48 395
49 441
49 399
49 2364
49 2337
50 3870
50 398
51 401
51 400
51 2943
52 2103
52 2102
52 3870
52 2101
53 2108
53 355
53 356
53 3958
54 1711
54 55
54 1309
55 56
55 1926
56 57
57 58
58 1873
58 626
59 1871
59 60
59 626
60 215
60 1399
61 62
61 65
61 1663
62 216
62 1705
63 95
63 64
63 216
64 217
64 1868
65 1866
65 218
66 4874
66 1926
66 1870
67 214
67 1859
67 1871
68 715
68 213
69 716
70 1675
70 720
70 1610
71 3678
71 3676
71 3677
72 1422
72 4067
72 1420
72 73
73 74
73 1422
74 3659
74 1376
74 1422
75 1864
75 715
76 229
76 228
76 1094
77 226
77 229
77 230
78 79
78 226
78 1098
79 233
79 227
80 2016
80 2013
80 231
81 998
81 82
81 2813
81 89
81 223
82 219
82 1231
83 220
83 1231
83 219
84 85
84 117
84 220
85 221
85 117
86 222
86 88
86 221
87 223
87 1048
87 222
88 5109
88 1232
89 2667
89 2445
90 2663
90 224
90 2668
91 92
91 1160
92 2061
93 2120
94 1868
94 3155
94 3320
95 3320
95 1868
96 97
96 104
96 1699
97 98
97 99
98 1700
98 100
99 100
99 1679
100 1216
100 3622
101 2979
101 108
101 3623
102 103
102 2118
102 1160
103 104
103 2118
104 1191
105 1193
105 1678
105 1191
106 1182
106 1691
106 1187
107 1689
107 1336
108 2007
108 2036
109 110
109 870
109 891
109 890
110 111
110 113
111 1239
111 113
112 1748
112 1174
112 1236
113 1174
114 115
114 2829
114 901
115 1243
115 2830
116 960
116 959
116 1235
117 1240
118 3560
118 3738
118 119
119 2830
119 2829
120 3300
120 1152
120 559
121 139
121 1854
121 1823
122 3263
122 1853
122 1854
123 124
123 2926
123 2925
123 1557
124 349
124 2901
125 1911
125 2908
125 2909
126 1909
126 323
126 3180
127 128
127 2961
127 240
127 479
128 129
128 301
128 479
129 3215
129 2847
130 3221
130 2801
130 2071
130 3217
130 2072
131 238
131 2803
131 2073
132 238
132 256
132 377
133 241
133 272
133 2194
134 241
134 270
134 2545
134 353
135 1288
135 3278
135 273
136 137
136 3773
136 557
136 1152
137 242
137 2956
137 1366
138 1152
138 242
138 339
139 1850
139 253
140 1367
140 1366
140 3865
141 1778
141 1779
141 1798
142 790
142 3306
142 252
143 1717
143 2355
143 573
144 145
144 2354
144 2357
145 146
145 4404
146 4405
146 1249
147 148
147 2021
147 1254
148 1253
148 1777
148 4384
149 2138
149 747
149 2133
149 2136
150 200
150 747
150 2135
150 2140
151 152
151 740
151 746
152 201
152 2139
152 2140
153 2750
153 2748
153 2746
153 2745
154 155
154 2746
154 2753
154 4276
155 4266
155 1886
155 4277
156 4099
156 4280
156 4299
157 4750
157 2940
157 4757
158 1889
158 659
158 4737
159 4740
159 4739
159 1881
160 1884
160 1881
160 655
161 2729
161 1888
161 5099
162 634
162 4779
162 632
162 2900
163 2351
163 2898
163 1973
164 1951
164 165
164 1231
165 3168
165 981
166 3795
166 1852
167 3466
167 3463
168 2251
168 170
169 171
169 204
170 3374
170 471
172 724
172 3800
173 1131
173 3646
173 4424
174 3703
175 1149
175 1116
175 1115
176 3403
176 1113
177 3166
178 3404
178 3403
178 3402
179 2840
179 198
179 2254
180 1116
180 3693
180 1108
181 774
181 2384
182 2383
182 2384
182 3973
183 2306
183 3894
183 3895
184 4398
184 1966
184 185
185 791
185 792
185 3821
186 2533
186 2392
186 1214
187 2353
187 798
187 3827
188 741
188 4339
188 4338
189 692
189 4169
189 4344
190 191
191 4167
191 3492
192 194
192 3284
192 500
193 501
193 194
194 3283
195 500
195 3289
195 196
197 3288
197 2256
197 3289
198 3294
198 2050
198 3293
199 2426
199 1277
199 2259
200 2426
200 2135
200 201
201 2140
202 203
202 2346
203 2404
204 3978
204 3136
205 3136
205 3138
205 2270
206 1270
206 1431
206 2270
207 4123
207 1431
207 2267
208 2268
208 820
208 3775
209 3775
209 3280
209 2785
210 1266
210 2404
210 3604
211 1399
211 212
212 213
212 214
213 621
214 1399
215 1454
215 1309
216 997
217 2660
217 218
218 2660
219 223
220 1951
221 1232
222 5108
224 2667
224 2016
225 4519
225 2207
225 2215
226 1098
227 228
227 232
228 1094
229 231
230 231
230 4518
232 233
232 2857
233 234
234 4939
235 357
235 236
235 362
236 4201
236 2090
237 2224
237 554
238 262
239 2589
239 258
239 384
240 3172
240 304
241 2773
241 272
242 4335
242 3337
243 2922
243 2313
243 2904
244 4465
244 2386
244 1552
245 249
245 247
245 248
246 247
246 251
246 499
247 248
248 3973
249 3895
249 250
250 251
250 3894
251 499
252 788
252 253
253 1853
254 572
254 2769
254 1372
255 3270
255 3268
255 3269
256 2423
256 2425
257 2423
257 258
257 385
258 2590
258 385
259 265
259 2590
259 264
260 272
260 3275
260 3189
260 261
261 2033
261 265
262 2074
262 263
263 306
263 264
264 266
265 266
266 267
267 268
267 313
268 2812
269 2812
269 315
269 319
270 3276
270 2298
271 3190
271 2298
271 3189
273 1358
273 1359
273 276
274 319
274 275
274 3154
275 2575
275 2577
275 276
275 2576
275 280
276 1360
276 277
277 278
277 279
280 2555
280 1392
281 286
282 290
282 284
282 4418
283 2579
283 2820
283 284
284 286
285 293
285 4417
285 286
287 3773
287 3006
288 2555
289 1839
289 2632
289 4520
291 1838
291 322
291 1839
292 1557
292 4196
292 347
293 4152
293 341
293 4139
294 4139
294 2034
294 295
295 4062
295 4196
296 5001
296 4457
296 302
296 297
297 2847
297 301
298 3222
298 3226
298 5001
299 2074
299 2805
299 1947
299 5001
300 3241
300 305
300 3243
301 302
302 304
303 2855
303 2854
303 304
303 3536
305 4457
305 4458
306 2806
306 307
307 308
307 1947
308 3537
308 3229
309 3229
309 2807
309 310
310 312
310 3247
311 323
311 318
311 2855
312 3237
312 316
313 2807
313 315
314 317
314 2818
314 315
317 2816
317 318
318 324
319 3545
320 2032
321 2820
322 327
322 329
323 2539
324 342
324 2539
325 2601
325 332
325 326
326 2026
326 2027
327 2791
327 2543
328 2794
329 330
329 331
331 332
331 333
332 2233
333 4709
333 2296
334 335
334 4206
334 2024
336 1821
336 338
337 1821
337 4206
338 2022
338 2295
339 2991
339 1779
340 343
340 3233
340 2816
341 343
341 4161
342 344
342 3774
343 345
344 2324
344 346
345 4147
345 346
346 2904
347 1298
347 349
348 2926
349 1363
349 4149
349 2926
350 1690
351 1789
351 3312
351 1772
352 3753
352 1789
352 3538
353 3752
353 2778
354 2780
354 2778
354 2781
355 3941
355 362
356 4079
356 357
356 456
358 2304
358 437
358 361
359 2098
359 2095
359 2712
359 2096
359 2099
360 365
360 2712
360 3924
361 365
361 375
362 363
363 3875
363 2089
363 4201
364 369
364 365
364 372
365 370
366 368
367 368
367 2594
367 369
368 2592
369 3749
370 371
370 2112
371 516
371 372
373 4327
373 1994
373 463
374 4079
374 2719
374 2796
375 4999
376 4327
376 377
376 3340
377 4096
378 386
379 381
379 2594
379 2189
380 381
380 382
380 2190
381 2592
382 2188
383 2586
383 2587
383 2187
384 2587
384 385
386 2128
386 4203
387 388
387 394
387 408
388 391
388 390
389 390
389 391
389 413
390 397
391 1698
391 2360
392 395
392 393
393 394
393 396
394 407
395 2359
395 396
396 2361
397 413
398 399
398 3651
399 403
400 2943
400 2971
400 2103
401 3925
401 2105
401 4607
402 404
402 2105
402 2106
404 451
404 3935
405 408
405 1687
405 407
406 1687
406 409
406 1694
407 408
407 2361
408 2362
409 3515
409 2363
410 3514
410 4513
410 2363
411 427
411 4113
411 430
411 4514
412 415
412 414
412 2597
413 414
413 2597
414 2359
415 416
415 4889
415 2155
416 3955
416 449
416 445
417 419
417 418
417 422
419 423
419 4408
420 424
420 4402
420 3647
421 4015
421 425
421 3881
421 422
422 2111
422 1386
423 3881
423 424
424 434
424 1385
425 2434
425 1387
426 2115
426 2116
426 509
427 2333
427 430
428 431
429 432
430 4112
431 432
431 433
432 3357
433 2798
433 3648
434 4402
434 3650
434 4092
435 436
435 3359
435 515
436 4609
436 2112
437 2098
437 2097
438 2304
438 2091
438 2087
439 1391
439 2092
439 2438
439 3876
440 3878
440 1962
440 3955
441 2337
442 443
442 2337
442 2976
443 446
443 2975
444 4891
444 2976
444 4889
445 447
445 446
446 2942
447 448
447 2942
448 4893
448 4895
449 450
449 3957
449 3878
450 451
450 452
451 457
451 1964
451 3940
453 456
454 1964
454 4086
454 456
455 2434
455 3875
455 4015
457 2148
457 3957
458 461
458 4081
458 4083
459 460
459 4084
459 462
460 2722
460 4082
461 2173
461 2172
461 4199
462 2724
462 2723
463 466
463 2801
464 2483
464 467
464 468
464 2173
465 1448
465 4219
465 4218
465 467
466 4611
466 1448
467 2172
468 2175
468 4666
469 3880
469 478
469 4611
470 472
471 474
471 4604
471 2174
472 473
472 484
473 2176
473 2408
474 475
474 477
475 476
475 2408
478 479
478 480
480 3376
480 2141
481 484
481 485
481 482
482 3990
482 3989
482 483
483 2406
483 3379
484 3376
485 2408
485 2409
486 2204
486 2547
486 2537
487 1946
487 4700
487 1945
488 2927
488 1911
488 2182
489 2251
489 3988
489 3974
490 2914
490 2911
490 1910
491 2913
491 1945
491 2929
492 3485
492 4696
492 2386
493 4698
493 4665
493 3487
494 2079
494 498
494 3485
495 4690
495 4692
495 2079
495 2078
496 4419
496 2077
496 4688
497 2078
498 2391
498 4694
499 3974
500 3288
501 2346
502 1424
502 1426
502 527
502 1425
503 3652
503 4608
503 2333
504 4608
504 505
504 507
505 4608
505 512
506 507
507 508
508 2116
508 2986
509 515
509 510
510 2711
510 3316
511 2988
511 512
511 2989
512 1851
513 515
513 514
513 2706
514 2322
514 2117
515 3352
516 517
516 3353
517 3351
517 518
519 3040
519 3042
519 3044
519 3043
520 3352
521 523
521 522
521 3546
522 4031
522 3251
523 524
523 3615
525 2320
525 3616
525 2978
526 529
526 527
526 530
526 1434
527 528
528 529
528 1425
529 530
529 539
530 1432
530 1295
531 1291
531 1303
531 1432
532 1292
532 534
532 535
532 1291
533 1433
533 1292
533 1307
534 1307
534 1604
535 1299
535 1303
536 1299
536 1956
536 537
537 540
537 1299
538 1956
538 1957
538 4526
539 1295
539 3369
540 541
541 542
542 2282
542 1410
542 3759
543 1233
543 3369
543 3542
544 1233
544 3440
544 3438
545 1382
546 1783
546 1683
546 2131
546 2949
547 550
547 551
547 561
548 562
548 554
548 550
549 550
549 3852
549 3850
551 2762
551 3852
552 554
553 4378
553 4377
553 4375
555 2881
555 4369
555 4366
555 4370
556 2885
556 2884
557 3278
557 558
558 3372
558 559
559 1152
560 1802
560 1798
560 1777
561 1741
561 1781
561 2766
562 2766
562 4384
563 1224
563 1221
563 1254
564 1438
564 566
564 1224
564 1822
565 2397
565 566
565 572
566 1848
566 3871
567 571
567 4902
567 4904
568 2358
568 1380
568 569
569 1379
569 1249
570 1439
570 1380
570 1379
572 1225
573 3827
573 1252
574 1252
574 1153
574 1439
575 1943
575 2149
575 1300
576 583
576 579
576 577
577 583
577 1725
578 582
578 586
578 1725
578 4322
579 1915
579 2002
579 1732
580 581
580 588
580 584
581 586
581 582
582 1737
583 1737
584 587
584 585
585 1919
585 1920
585 1732
586 588
587 589
587 4316
588 4314
589 1917
589 3435
590 599
590 2348
590 591
590 4179
591 2702
591 4614
592 1302
592 1315
592 1362
593 594
593 595
593 3699
594 1718
594 3799
595 596
595 4614
596 2348
596 597
597 3799
597 605
598 4810
598 4804
598 1718
600 4824
600 3009
600 4822
601 1251
601 785
601 2350
602 2354
602 2351
602 785
603 4304
603 4308
603 604
604 1932
604 1251
604 1282
605 2699
605 606
606 2238
606 3902
607 4803
607 4792
607 1935
607 4801
608 629
608 5101
608 2900
609 610
609 651
610 613
610 611
611 612
611 1882
612 4154
612 2272
612 1877
613 1882
613 1874
614 1541
614 620
614 1880
615 1890
615 4246
616 4767
616 669
616 4768
617 673
617 2200
617 2198
618 2938
618 1889
618 2732
618 4742
619 3535
619 620
619 3532
620 3787
622 623
623 4220
623 1719
624 1873
624 1872
624 626
624 639
625 3131
625 1398
625 1873
627 1968
627 4800
627 1973
627 3899
628 636
628 1668
628 2239
629 4719
629 4712
629 1968
630 1936
630 2236
630 4712
631 4723
631 638
631 4725
631 4736
632 633
632 4723
632 4786
632 4722
632 4785
633 4780
633 4784
634 4773
634 649
635 2826
635 637
635 1730
636 2821
636 2826
637 4717
637 2824
639 640
639 3131
640 2933
640 1859
641 642
641 647
641 2274
642 643
642 1903
643 1344
643 1727
644 2933
644 645
644 1727
645 646
645 1903
645 1900
646 1902
646 647
647 1903
648 1898
649 652
649 651
649 650
650 651
651 1874
652 2657
652 1874
653 654
653 2758
653 2757
653 4294
653 680
654 3130
654 4292
655 656
655 657
656 5002
656 657
657 1967
658 1967
658 4747
658 1878
659 4748
659 4760
660 666
661 662
661 5002
661 5011
661 1967
663 670
663 5011
663 665
664 665
664 666
664 4747
665 5004
666 667
667 5007
667 668
668 2195
668 669
669 4765
669 4764
670 2195
670 5006
670 5005
671 682
671 672
671 2940
671 679
672 2964
672 4605
673 5017
673 687
674 2353
674 1151
674 2147
674 2319
675 2567
675 676
675 4427
675 4035
676 678
676 4036
677 680
678 2939
678 1885
680 3109
680 2964
681 682
681 5013
681 2965
682 3111
683 684
683 5014
683 3845
684 685
684 5025
685 1886
685 5009
685 3845
686 4268
686 4278
686 1883
687 3082
687 693
688 4251
688 2753
688 3802
689 4150
689 3489
689 690
690 3493
691 3493
691 4343
691 3490
692 3490
692 4342
693 2966
693 3587
694 1713
694 1635
694 1711
695 1453
695 709
695 1454
696 2661
696 3770
696 3766
697 699
697 3528
697 710
697 700
698 3530
700 703
700 712
701 704
702 704
703 705
703 704
705 722
705 712
706 1624
706 1623
706 707
707 1646
707 1627
707 1667
708 1666
708 1659
708 3720
708 709
708 1672
709 1671
710 711
710 3680
711 723
711 722
712 723
713 1645
713 717
713 1615
713 3670
714 716
714 1897
715 1598
716 1931
717 1611
717 1612
717 1613
717 3668
718 719
718 721
718 1401
719 1608
719 1607
720 1610
720 1608
721 1400
721 1676
722 723
724 1609
725 1247
725 726
725 1837
726 4558
726 4118
727 4572
727 4569
727 4571
728 2842
728 4118
728 730
729 736
729 2443
729 731
729 4572
730 1891
730 737
731 835
731 4574
732 4574
732 838
732 733
733 2047
733 3635
734 2048
734 2049
734 2045
734 2046
735 738
737 1285
737 766
738 1540
738 2845
739 2743
739 2733
739 3806
740 2734
740 2402
741 748
741 2136
741 749
742 2845
742 1575
742 2045
743 744
743 745
743 4578
744 3283
744 3284
745 2260
745 2050
746 748
746 2138
747 2139
748 2137
749 2136
749 2133
750 4651
750 4653
750 4649
751 753
751 756
751 752
752 1600
752 753
753 754
754 3478
754 755
755 1867
755 3132
756 1148
756 3132
757 4280
757 3134
757 4101
758 761
758 4266
758 765
759 761
759 760
759 762
760 4282
760 4101
761 763
762 763
762 764
763 765
765 4538
766 1595
766 1591
767 4177
767 4539
767 1522
768 1522
768 4543
768 1565
769 772
770 3499
770 3333
770 771
770 3334
771 3334
771 4350
772 4350
772 4347
773 4392
773 2378
775 4392
775 776
775 777
776 2305
776 777
777 2308
778 855
778 4832
779 4832
779 3839
779 781
780 4995
780 782
780 4998
781 4998
781 3597
782 848
782 783
783 848
783 853
784 1932
784 2352
784 1971
785 2352
786 1971
787 4397
787 1965
787 4661
788 789
788 2086
788 2292
789 4397
789 4400
790 4460
790 4114
791 4114
791 798
792 2246
792 2248
793 1966
793 794
793 3600
794 2247
794 2248
795 4120
795 3600
795 797
796 813
796 811
796 4121
797 4853
797 4856
797 3599
798 1214
799 1460
799 3824
799 1214
800 803
800 5026
800 801
801 5082
801 2246
802 4845
802 5082
802 4866
803 3824
803 3826
804 5084
805 4584
805 2952
805 4603
806 2551
806 4027
806 5026
807 4191
807 2551
807 826
807 809
808 4835
808 1375
808 4836
809 829
809 4835
810 811
810 2289
810 813
811 814
812 3599
813 2288
813 2290
814 2289
814 2287
815 2287
815 2286
815 817
816 817
816 2288
816 821
817 3598
818 2290
819 4587
819 4588
819 2286
819 820
820 2286
820 1264
822 1264
822 4586
822 823
823 1284
823 4021
824 4026
824 4025
824 4027
825 4584
826 4841
826 827
827 828
827 4843
828 2245
828 4550
829 830
829 4070
830 4556
830 4565
831 4581
831 832
831 4550
832 835
832 2443
833 2244
833 1982
833 834
834 4208
834 836
835 836
836 4192
837 4209
837 4192
837 4834
838 3629
838 3645
839 844
839 1983
839 843
839 840
840 5038
840 841
840 847
842 4210
842 3631
842 2243
843 849
843 1984
843 4212
844 845
844 849
844 847
845 848
845 2556
846 5036
846 5034
846 2556
847 4995
849 850
849 5036
850 1984
850 4194
851 3631
851 3632
851 3629
852 854
852 853
852 3614
853 855
853 854
854 856
855 3613
857 3609
858 4441
858 4444
858 4445
859 3609
859 4446
860 4446
860 861
860 4448
861 4445
861 862
861 1276
863 3978
863 2264
863 865
863 3602
864 4677
865 4678
865 867
866 4677
866 4678
866 4675
867 4674
867 4681
868 3045
868 1925
869 1815
869 1154
869 895
869 883
870 1154
870 890
870 1807
871 1811
871 892
871 3791
871 3967
872 3911
872 1262
872 3889
873 1318
873 876
873 875
874 1173
874 875
874 876
875 919
876 1321
877 2935
877 878
877 2936
878 1960
878 923
879 1161
879 4163
879 886
880 2279
880 4163
880 2282
881 1749
881 885
881 1161
881 1603
882 1340
882 1154
882 1310
883 1809
883 1340
884 1461
884 1895
884 1996
885 1914
885 1461
885 1602
885 1603
886 1603
886 1463
886 1469
887 1508
887 888
887 889
888 889
888 1239
889 1810
890 893
890 1813
891 1807
891 1997
892 893
892 3920
893 894
894 894
895 1813
895 897
895 1154
896 899
896 897
896 3952
897 1403
898 3248
898 3258
898 3250
898 3257
899 1756
899 908
900 3967
900 4506
900 4051
901 1816
901 1244
902 903
902 1408
902 922
903 921
903 3326
903 1171
904 1242
904 4039
904 2727
905 917
905 1170
905 1290
906 3741
906 3562
906 1408
907 3962
907 3257
907 908
908 3904
909 3254
909 911
909 3961
910 1756
910 911
910 913
911 912
912 915
912 913
913 914
914 3791
914 1756
915 1289
915 916
916 2446
916 1754
917 919
917 1259
918 4508
918 1289
918 3564
919 1747
919 1318
920 1261
920 1050
920 2063
921 924
921 922
921 1261
922 924
923 3741
923 4487
924 4486
925 3103
925 2231
925 3055
926 1467
926 3759
926 3760
927 928
927 1489
927 1788
928 3890
928 929
929 3891
929 3837
930 934
930 932
930 3891
931 3837
931 932
931 3835
932 936
932 1494
933 3890
933 3831
933 945
934 936
934 935
935 937
935 940
936 1495
936 937
937 1496
937 938
938 1497
938 943
938 940
939 943
939 1498
939 1497
939 955
940 941
941 942
941 943
942 1498
942 943
942 944
944 945
944 947
945 946
946 947
946 3830
947 1500
947 3582
948 950
948 953
948 1499
949 1485
949 950
949 1219
950 1493
951 1495
951 1767
951 952
952 1494
953 1762
953 954
954 955
954 1498
955 956
956 1497
956 1767
957 1157
957 959
957 1715
958 962
958 959
958 3582
958 1765
959 3830
960 1236
960 1176
961 1765
961 1235
961 963
962 3829
962 2000
963 1234
963 1238
964 3873
965 1953
965 970
965 968
966 1953
967 5106
967 1499
967 971
968 4216
968 5106
969 1952
969 973
969 4238
969 971
970 4238
970 4240
971 1314
971 978
972 4228
972 4011
972 4237
973 4228
973 4234
974 1314
974 4003
974 1944
975 976
975 4229
975 4232
976 1245
976 3848
977 4000
977 4001
977 4227
977 4231
978 4213
978 4214
979 4005
979 986
979 1951
980 985
981 4005
982 986
982 983
983 985
983 984
983 4013
984 4012
984 1954
985 4010
986 1241
987 988
987 989
988 990
989 4526
990 3466
991 3394
992 2650
993 2866
993 2650
993 2279
994 3463
994 3465
994 3164
995 3465
995 3464
995 3468
996 4475
996 1852
997 1869
997 2039
998 1048
998 1230
999 1230
1000 1011
1000 4985
1000 1001
1001 1005
1001 1002
1003 1004
1003 1005
1003 1051
1004 2318
1004 1024
1005 1006
1006 4987
1006 3780
1007 3689
1007 2430
1007 3687
1008 3689
1008 2429
1008 3682
1009 2430
1009 1013
1009 1044
1009 3723
1010 1017
1010 1052
1010 1012
1012 3786
1012 1014
1013 3781
1013 1044
1014 3781
1014 3724
1015 1016
1015 1045
1015 2530
1016 1017
1016 1053
1017 3784
1018 2469
1018 3693
1019 2043
1019 3195
1019 1126
1019 4990
1020 2318
1020 1021
1020 1024
1021 2485
1021 1023
1021 1022
1022 1084
1022 2318
1023 1060
1023 1027
1024 2428
1024 1059
1025 1044
1025 1026
1025 3730
1026 1061
1026 1030
1027 1061
1027 1062
1028 1029
1028 2485
1028 3713
1029 2495
1029 1030
1030 1037
1030 2509
1030 2486
1031 1034
1031 1033
1031 2491
1032 1064
1032 1038
1032 1035
1033 1065
1033 1040
1034 2486
1034 1035
1035 2486
1036 4014
1036 4502
1037 4014
1037 3107
1038 2488
1038 1039
1039 1040
1039 2489
1040 1651
1041 1073
1041 1652
1041 2527
1042 4971
1042 1071
1042 4958
1043 1058
1043 1126
1043 1071
1044 1045
1045 4502
1046 3104
1046 1869
1046 1705
1047 1085
1047 3104
1047 1995
1048 1049
1049 1051
1049 2470
1050 1210
1050 2616
1051 2614
1053 1054
1053 4415
1054 2510
1054 1104
1054 2064
1055 1056
1055 1058
1055 2496
1056 2496
1056 2530
1057 2530
1057 1058
1057 2529
1058 1068
1059 4061
1059 2953
1061 2484
1063 2495
1063 2484
1064 2506
1064 2488
1064 2486
1065 2491
1065 1652
1065 2492
1066 1651
1066 2508
1066 2490
1067 1075
1067 2497
1067 1086
1068 2529
1068 2527
1069 1076
1070 4975
1070 4964
1070 4971
1071 4973
1072 1076
1072 1078
1072 1077
1073 1076
1073 1074
1074 4960
1074 1076
1075 2493
1075 4950
1075 4955
1076 4952
1077 4979
1077 4962
1078 1080
1078 1082
1079 2498
1079 3461
1079 2497
1080 4955
1080 1081
1082 4948
1082 4947
1083 1084
1083 3717
1083 3713
1084 1869
1085 3106
1085 2508
1086 2507
1086 2317
1087 2498
1087 3454
1087 3455
1088 2451
1088 2448
1088 1415
1089 3654
1089 2454
1089 2450
1090 3167
1090 3168
1090 1091
1091 1849
1091 1095
1092 4533
1092 1140
1092 3434
1093 1094
1093 3432
1093 3430
1093 3398
1094 2857
1094 3429
1095 3424
1095 1145
1096 2394
1096 3412
1096 5072
1097 3423
1098 2858
1099 4496
1099 1100
1099 3309
1101 2857
1101 2863
1101 2864
1102 4426
1103 3558
1103 2858
1103 3408
1104 2472
1104 1105
1105 1121
1105 2476
1106 1107
1106 2521
1106 1110
1107 1107
1108 4436
1108 1116
1109 3470
1109 1117
1109 5074
1110 1111
1110 1124
1112 3400
1113 3472
1113 1114
1118 2522
1118 2482
1118 2524
1119 2524
1119 2525
1119 1120
1120 1122
1120 2473
1120 2475
1121 2478
1121 2479
1122 1125
1122 1123
1122 2479
1123 4522
1123 2469
1124 2482
1124 1125
1125 4989
1126 2512
1126 2065
1127 4983
1127 4940
1127 4494
1128 2041
1128 4946
1128 1129
1129 2040
1129 4451
1130 4451
1130 4490
1130 4449
1131 5068
1131 3404
1132 1134
1132 1133
1132 4434
1134 3519
1134 1139
1135 1139
1136 3527
1136 1139
1136 5053
1136 1138
1137 5047
1137 1141
1137 5040
1138 5040
1138 2018
1140 3307
1140 1141
1141 1849
1142 5058
1142 5057
1142 5055
1142 3548
1143 2013
1143 1146
1143 5078
1144 5079
1144 1145
1144 3548
1145 2531
1146 2838
1146 2531
1147 5077
1147 2017
1147 5078
1148 1841
1149 3472
1150 3646
1150 3194
1151 2315
1151 4037
1153 1820
1153 4460
1155 1204
1155 1202
1155 5107
1156 2651
1156 1199
1156 1200
1157 1199
1157 4059
1157 1195
1158 1792
1158 1160
1159 1192
1159 1691
1159 1697
1161 1603
1162 2280
1163 1745
1163 1405
1164 1327
1164 2660
1164 3049
1164 3484
1165 1749
1165 1168
1165 1922
1166 1168
1167 3046
1167 1745
1167 1170
1167 4047
1168 2280
1169 1923
1170 4045
1171 3738
1171 1172
1172 3069
1172 3071
1173 2834
1173 2658
1173 1747
1174 1751
1175 1751
1175 1605
1175 1748
1176 1206
1176 3969
1177 1181
1177 1582
1177 1178
1177 1179
1178 1179
1178 1596
1179 3845
1179 1582
1180 4757
1180 1596
1180 1564
1181 1579
1181 4763
1182 1189
1182 1678
1183 1185
1183 1233
1183 1188
1184 2225
1184 1186
1185 1689
1185 1697
1187 2433
1187 2431
1187 1189
1188 1190
1188 2433
1189 2619
1190 1691
1190 1697
1191 3338
1192 2646
1192 2642
1193 2617
1193 3338
1194 1195
1195 1203
1195 1199
1196 1201
1197 1605
1197 1474
1197 1914
1198 1204
1201 1204
1201 2651
1205 1471
1206 4054
1206 1715
1207 1510
1207 1209
1207 1507
1208 1506
1208 1211
1208 1210
1209 2063
1209 1757
1210 2063
1212 1925
1212 4198
1212 2135
1213 2827
1213 1649
1213 4733
1215 4731
1216 3627
1216 3133
1217 1218
1217 1483
1217 1482
1218 1490
1218 1280
1219 1492
1220 1221
1220 1224
1220 2397
1221 2398
1222 2397
1222 1373
1222 1223
1223 2398
1223 2542
1226 3955
1227 3185
1228 3487
1229 2608
1230 2668
1230 2667
1232 1240
1234 1238
1234 1243
1235 1508
1235 1765
1236 1239
1237 3067
1238 1999
1240 1509
1240 1241
1241 1245
1242 3067
1242 4053
1243 1244
1244 3064
1245 3695
1246 1837
1246 4836
1246 1825
1247 1835
1247 1837
1248 1832
1248 1835
1248 2758
1249 4406
1250 2357
1250 1717
1250 2772
1251 2349
1251 2358
1251 3007
1252 2771
1254 2020
1254 2358
1255 1258
1256 1258
1257 3740
1258 1261
1259 4508
1259 2447
1260 1505
1260 3740
1260 3560
1262 2447
1262 2446
1263 2649
1263 1264
1263 1265
1265 2268
1265 2648
1267 1269
1267 1268
1267 1272
1268 1269
1268 1270
1269 1271
1270 1271
1271 1272
1272 1273
1274 1278
1274 1576
1274 1275
1275 1276
1275 3294
1276 4443
1276 1558
1277 4441
1277 1279
1278 1558
1278 4871
1279 3062
1279 4164
1280 3892
1281 1491
1281 1488
1281 1489
1282 3009
1282 1283
1284 5038
1284 1982
1285 1287
1285 2550
1286 1287
1286 2550
1286 1540
1287 1591
1288 1702
1288 1701
1289 1754
1290 2833
1290 4480
1290 4484
1291 1303
1291 1292
1292 1307
1293 1304
1293 1397
1293 1312
1294 1311
1295 1296
1297 1301
1297 1312
1297 1398
1298 1364
1300 1987
1301 1719
1301 1312
1302 3996
1302 3999
1304 1395
1304 1312
1305 1797
1305 1306
1305 4247
1306 4312
1306 1311
1308 1870
1308 1860
1308 1866
1309 1453
1310 1996
1310 1807
1311 2948
1312 1397
1313 1503
1313 1504
1314 1504
1315 1318
1315 1316
1316 1326
1316 1317
1318 1319
1319 1320
1320 1324
1320 1321
1321 3049
1322 3049
1322 3484
1322 2658
1322 1323
1323 1325
1323 3483
1324 1327
1324 1326
1325 1328
1325 2672
1326 1327
1328 3571
1328 3565
1328 3048
1328 3567
1329 4510
1329 1332
1329 1330
1330 1332
1330 1331
1331 1333
1331 3577
1332 1333
1333 1639
1334 1639
1334 3576
1334 1335
1335 4883
1335 4875
1336 1815
1337 3762
1337 1753
1337 1922
1337 2865
1338 2865
1338 1339
1339 1340
1341 1353
1341 1349
1341 1343
1341 2959
1342 1343
1342 1348
1342 1351
1343 1727
1344 2959
1345 1351
1345 1346
1345 1348
1346 1352
1346 1350
1347 1349
1347 1353
1348 1349
1350 1351
1350 1352
1354 1357
1355 1356
1356 3189
1356 2298
1357 1384
1357 1702
1358 3154
1358 3148
1361 1362
1362 1924
1364 4147
1364 3995
1365 1689
1366 1367
1367 1368
1368 2130
1368 1369
1369 3854
1369 3867
1370 1371
1371 1372
1371 1373
1372 1373
1374 2354
1374 2353
1374 2356
1375 1375
1376 4067
1377 1725
1378 3397
1378 1379
1380 1822
1381 1382
1381 5092
1383 1384
1384 3276
1385 1391
1385 1387
1386 2101
1386 2104
1387 3876
1388 2110
1388 1389
1389 3941
1390 2943
1390 2104
1390 2110
1391 3650
1391 4606
1393 2579
1394 2580
1394 2583
1394 2555
1395 1397
1395 1396
1396 1397
1396 1458
1398 3131
1400 1897
1400 1401
1400 1606
1401 1609
1401 1931
1402 1403
1403 3248
1404 1405
1404 3324
1404 1406
1405 1406
1406 3475
1406 3476
1407 3476
1408 3476
1409 4506
1410 1413
1410 2282
1411 2281
1412 2281
1414 3456
1414 1457
1416 2448
1416 1417
1416 2466
1417 1457
1417 4067
1417 1418
1419 1421
1420 4126
1420 1421
1421 1423
1424 1426
1424 1604
1425 1427
1426 1427
1427 3652
1428 1429
1428 3138
1428 1430
1429 1431
1429 3840
1432 1433
1432 5092
1433 1434
1435 3132
1436 2038
1436 1439
1436 2037
1437 1822
1437 1819
1437 1438
1437 1820
1438 1820
1439 1819
1440 1743
1440 2227
1441 2389
1441 4437
1441 4430
1442 1444
1442 1445
1442 4381
1443 4429
1443 1445
1443 1444
1443 1981
1444 4428
1444 4427
1445 4501
1446 1448
1446 1449
1447 2175
1447 2179
1447 5095
1449 5095
1449 5094
1450 1640
1450 1451
1450 1671
1450 1897
1451 1452
1452 1454
1453 1454
1453 3770
1455 1456
1456 4386
1456 2951
1459 4273
1461 1466
1462 1465
1462 1473
1462 1913
1463 1470
1463 1601
1463 1602
1464 1755
1465 1470
1465 1473
1465 1755
1466 1746
1466 1749
1467 2279
1467 3055
1468 1475
1468 3892
1468 1477
1470 1755
1471 1913
1471 1605
1472 1814
1473 1474
1474 1601
1474 1914
1475 1488
1475 1476
1476 1480
1477 1480
1478 1479
1478 1487
1479 1480
1479 1481
1482 1484
1482 1483
1483 1485
1484 1486
1484 1485
1487 1488
1489 3833
1490 1491
1492 1794
1493 3835
1493 1494
1493 4009
1494 1495
1495 1496
1496 1497
1496 1767
1498 1500
1499 4215
1500 1501
1500 1762
1501 3829
1501 1764
1502 3831
1505 1509
1505 3396
1506 1507
1506 1510
1507 1510
1508 3064
1508 3563
1509 3396
1511 1529
1511 1594
1511 1589
1511 1553
1512 1580
1512 1532
1512 1561
1513 1539
1514 1577
1514 1578
1514 1548
1515 1533
1515 1542
1515 1543
1516 4176
1516 1569
1516 1593
1517 1537
1518 1567
1518 1574
1519 2201
1519 1524
1519 1584
1520 1534
1520 1541
1520 1581
1521 1552
1522 1565
1523 1574
1523 1563
1523 1567
1524 1571
1524 1584
1525 1528
1525 1567
1525 1527
1526 2196
1527 1577
1527 1542
1528 1577
1528 1548
1530 1580
1530 1563
1530 1544
1530 1551
1531 1549
1531 1568
1531 1585
1532 1583
1532 1549
1533 1588
1533 1578
1535 1544
1535 1559
1535 1580
1535 1583
1536 2202
1536 1547
1536 3083
1537 3611
1537 1587
1538 3510
1538 1547
1538 2201
1539 1845
1539 2234
1540 2844
1541 3787
1542 2697
1543 1577
1543 1578
1544 1585
1545 1561
1546 2326
1546 2329
1546 2327
1547 1571
1548 2844
1549 1589
1550 1595
1550 4177
1551 1572
1551 4182
1551 2697
1552 2600
1554 1587
1554 4182
1554 1568
1554 1573
1555 1560
1556 3059
1556 3045
1556 3063
1556 3057
1557 2600
1558 4869
1560 1586
1560 1562
1561 1572
1562 1566
1563 1586
1564 4755
1564 1579
1565 1591
1565 2844
1566 1586
1566 1575
1568 1590
1569 2697
1569 1588
1570 2196
1570 2325
1570 2329
1571 1584
1572 1573
1573 1590
1575 2260
1576 3296
1576 3295
1579 4758
1581 4776
1581 2331
1582 4763
1583 1585
1585 2262
1587 4176
1588 1593
1589 1590
1592 3589
1592 3533
1592 3787
1593 4176
1596 4757
1597 2197
1597 2199
1597 2195
1598 2422
1598 1599
1600 4653
1600 2422
1601 1602
1602 1603
1606 1622
1606 3335
1606 3673
1607 1609
1607 1608
1609 3671
1610 3675
1611 1611
1613 1616
1613 1614
1614 1615
1614 1617
1615 1618
1617 1618
1617 1623
1618 1619
1618 1623
1619 1661
1619 1620
1620 1646
1620 1661
1621 3672
1621 3673
1621 3674
1621 3675
1622 3668
1622 1674
1622 3670
1624 1627
1624 1625
1625 1627
1625 1626
1626 1655
1626 1667
1628 1631
1628 1629
1628 1630
1629 1634
1629 1633
1630 1634
1630 1637
1631 1633
1632 1706
1632 1638
1632 1636
1632 1637
1632 2674
1634 2674
1635 1637
1635 1636
1636 1663
1638 1707
1638 2674
1639 3576
1641 1653
1641 1664
1642 1647
1642 1646
1642 1667
1643 1645
1644 1705
1644 3715
1644 1663
1645 1674
1645 1661
1647 1650
1647 1654
1648 1670
1649 4731
1649 4733
1651 2492
1651 2490
1652 2491
1652 2493
1653 1668
1653 3512
1653 1669
1654 1655
1654 1660
1655 1657
1656 2241
1656 1668
1656 1662
1657 1672
1657 1666
1658 1670
1659 1660
1660 1672
1662 1670
1662 2052
1663 1866
1664 1669
1665 1674
1666 1671
1666 3721
1673 2052
1675 3335
1675 1676
1676 3335
1677 2340
1677 2338
1677 1695
1678 1686
1678 1679
1679 1685
1680 1785
1680 1682
1680 3010
1681 1690
1682 1786
1682 2562
1682 1704
1683 2760
1683 2761
1683 2762
1684 2973
1684 1693
1684 1688
1685 1686
1686 3616
1687 2162
1688 1693
1688 2194
1690 1804
1692 2118
1692 2221
1692 3622
1692 1700
1693 2589
1695 1703
1695 1698
1696 2162
1696 1703
1696 2345
1699 1700
1699 2118
1701 1702
1701 3143
1703 2340
1704 1790
1705 1869
1706 1707
1707 2678
1707 2500
1708 1714
1708 1711
1708 1709
1709 1714
1709 1712
1709 1713
1710 1712
1710 1714
1711 1926
1713 1861
1715 4058
1715 4055
1716 1719
1717 2356
1718 4805
1720 1735
1720 1731
1720 1728
1721 1738
1721 1736
1722 1734
1722 1773
1722 2897
1723 1730
1723 2152
1724 1730
1725 1737
1726 1733
1726 1736
1728 3366
1728 2001
1729 2613
1729 2609
1729 3198
1731 1773
1731 1734
1732 1737
1734 1738
1735 3305
1735 2608
1739 3850
1739 1740
1739 1743
1741 2012
1741 1781
1741 3868
1742 1917
1743 1744
1745 1750
1747 2833
1748 1751
1752 1757
1752 1760
1752 4872
1753 1923
1753 2280
1753 3323
1754 3960
1757 4994
1758 1759
1759 2835
1759 3743
1761 2835
1761 4484
1761 3916
1761 3915
1762 1766
1763 1764
1763 1766
1763 1769
1764 1768
1766 1770
1771 1784
1771 2608
1771 1806
1772 3312
1772 3313
1773 1806
1774 1788
1775 2605
1775 1793
1775 1780
1776 1799
1777 4326
1777 4325
1778 3865
1778 4332
1778 3855
1779 1804
1780 1799
1780 2705
1781 2764
1781 2997
1782 1797
1782 4247
1783 2125
1784 2946
1784 1806
1785 1786
1786 1790
1787 1794
1788 1794
1789 1796
1791 3301
1791 2557
1792 2605
1792 2641
1795 2946
1795 2837
1795 4316
1796 1805
1796 3314
1797 2705
1798 4331
1798 4330
1799 1800
1801 3868
1801 2996
1802 4324
1802 4323
1802 2997
1803 4017
1804 4334
1804 4333
1805 3539
1805 2565
1805 4077
1808 3951
1808 3949
1808 1813
1808 3965
1810 4051
1810 4050
1810 4049
1811 2725
1811 3794
1812 2865
1814 1924
1814 3762
1814 3254
1815 3252
1815 3255
1816 2832
1816 3068
1816 4047
1817 3026
1817 3626
1817 4180
1817 3628
1818 4187
1818 4188
1819 2370
1821 1823
1823 2769
1824 1844
1824 1831
1824 1834
1825 1832
1825 2759
1826 1831
1826 4167
1826 4168
1827 1829
1827 1828
1827 3072
1827 3074
1828 3075
1829 1842
1830 1831
1830 3897
1830 1836
1831 4166
1832 2759
1833 4069
1833 3897
1833 1836
1834 1836
1834 1844
1835 2758
1838 4418
1838 2810
1839 2810
1840 1841
1842 1865
1842 3508
1843 3508
1844 3078
1845 3082
1846 1847
1847 2605
1847 4313
1849 4535
1850 1854
1850 1853
1851 3846
1851 3543
1853 2086
1855 4504
1856 1862
1856 1858
1857 1860
1857 1863
1858 2661
1858 1861
1859 1872
1860 1870
1861 1862
1862 3769
1868 4469
1871 1872
1875 2729
1875 2899
1875 1892
1876 1890
1876 1880
1876 1882
1877 1882
1877 1887
1878 4738
1878 4737
1879 1885
1879 1881
1879 2939
1880 2657
1883 2756
1883 4300
1883 2755
1884 1885
1884 1892
1884 1888
1886 2754
1886 4268
1887 1890
1887 4155
1887 2080
1888 1892
1889 4738
1891 1893
1891 4119
1894 1895
1895 1997
1896 3323
1898 1899
1898 1902
1899 1905
1899 1901
1901 1905
1901 4657
1902 1904
1904 1905
1906 1912
1906 1907
1906 1911
1907 1910
1907 1908
1909 2927
1909 2204
1910 2913
1913 3764
1915 3438
1915 1916
1916 1918
1916 2005
1917 3996
1921 1922
1923 1924
1926 1928
1927 1929
1929 1930
1929 1931
1932 1934
1933 1969
1934 1969
1934 4616
1935 1938
1935 2700
1936 4715
1936 1937
1936 4714
1937 1939
1937 2240
1938 4792
1938 2236
1938 4791
1940 1943
1940 1941
1940 1942
1941 3555
1941 1942
1942 2700
1942 2699
1943 2698
1943 3552
1945 4665
1946 3488
1946 2182
1946 2546
1947 3240
1948 2929
1949 2278
1949 3896
1949 2219
1949 4065
1950 4004
1950 4007
1950 1953
1952 1954
1955 1956
1957 1958
1957 1959
1960 1961
1960 2834
1962 1963
1962 4667
1963 2483
1963 4873
1964 4081
1965 4403
1965 3690
1965 4389
1966 3690
1968 3841
1969 4800
1970 1972
1970 1971
1970 4799
1972 4800
1972 4799
1973 4799
1974 2389
1974 1980
1974 1978
1975 1981
1975 1979
1975 3079
1976 1978
1976 3097
1976 2166
1977 2171
1977 2319
1977 1981
1978 2388
1979 3097
1979 1993
1980 3096
1981 3096
1981 2171
1982 1983
1983 4211
1984 2243
1985 4248
1985 4634
1985 4633
1986 1988
1986 4637
1986 4617
1986 2154
1987 4220
1987 2957
1988 1989
1988 4619
1989 4626
1989 4620
1990 2146
1990 2171
1990 3094
1991 2171
1991 1993
1991 1992
1992 2170
1992 1993
1994 4097
1994 2723
1995 2508
1995 2487
1995 2506
1996 1997
1998 2000
1998 3848
1998 1999
1999 2000
2001 2002
2001 2004
2002 2003
2003 2643
2003 3440
2006 2008
2007 3036
2007 2008
2007 3037
2008 2010
2008 2009
2011 3652
2013 2016
2014 2015
2014 5057
2014 2017
2017 5077
2018 2440
2018 5047
2019 2021
2020 4337
2020 4336
2020 4900
2021 2873
2022 2296
2022 4705
2023 4707
2023 2024
2023 4705
2024 2601
2025 2604
2025 4464
2025 4396
2026 2027
2026 4145
2027 4417
2028 2883
2028 2031
2028 2882
2028 4935
2029 2871
2029 4373
2029 2030
2030 2144
2030 2031
2031 2145
2032 2575
2032 2553
2034 4417
2035 2036
2035 3628
2035 2979
2037 2771
2037 2772
2039 3321
2042 2065
2042 2064
2042 2512
2043 2064
2043 2512
2044 2048
2044 2049
2044 4549
2044 2047
2045 2548
2046 4578
2046 2049
2047 4576
2048 3635
2049 4577
2050 3293
2050 3294
2051 2559
2053 2054
2053 2563
2053 2056
2053 2561
2054 2564
2054 2057
2054 2055
2055 3017
2055 3014
2056 3016
2056 2057
2056 2058
2057 3017
2058 2223
2058 3747
2059 2062
2060 2061
2061 2220
2062 2220
2062 2163
2064 2476
2065 2512
2065 2511
2066 2576
2066 2578
2066 2577
2067 2578
2068 2277
2068 4669
2068 2069
2070 2724
2071 2072
2071 2801
2071 2073
2072 2073
2072 2802
2074 3228
2075 3547
2076 3457
2077 4685
2077 4391
2078 4686
2079 4662
2080 2081
2080 4246
2081 2082
2081 2085
2082 2085
2082 4243
2083 2937
2083 4244
2084 4154
2085 4242
2086 4400
2087 2091
2087 2088
2087 2092
2088 2717
2088 2089
2089 4201
2090 2716
2090 2720
2090 4999
2091 2092
2091 2301
2093 2714
2093 2094
2093 2095
2094 2099
2094 2095
2096 2097
2096 2114
2096 2099
2097 2098
2100 4111
2100 4110
2100 4412
2100 2114
2101 2102
2102 2104
2102 2103
2105 2106
2106 4893
2107 2109
2107 2108
2108 2109
2110 2111
2113 3355
2114 2439
2115 3805
2115 2116
2117 2624
2119 2120
2119 3020
2121 3020
2121 2122
2121 4142
2122 2125
2122 2124
2123 2125
2123 2124
2124 2610
2126 2967
2126 2720
2126 2127
2128 2719
2128 3341
2128 2967
2129 2130
2130 2542
2131 2132
2131 3001
2132 3621
2133 2134
2134 2135
2135 4197
2136 2137
2137 2138
2138 2139
2139 2140
2141 2968
2141 2393
2142 2143
2143 3157
2146 2147
2146 3093
2146 2353
2147 3093
2149 3444
2149 4432
2150 3552
2150 4431
2150 4432
2151 4431
2152 2154
2153 2154
2153 4637
2153 2957
2156 2157
2156 2161
2158 2159
2158 3473
2158 4095
2159 2160
2159 4113
2160 3514
2160 3474
2161 3473
2161 3516
2162 2342
2162 3517
2163 2164
2163 2221
2165 2443
2166 2168
2166 3755
2167 2170
2167 3094
2167 3095
2168 2169
2168 2388
2168 2535
2169 3758
2169 3757
2170 3755
2172 2173
2174 2177
2174 2178
2175 2178
2176 2179
2176 2177
2177 2178
2178 2179
2180 3896
2180 4423
2180 4421
2181 4698
2181 2546
2181 3896
2182 2203
2182 2537
2183 2544
2183 2545
2183 2184
2184 3838
2184 2186
2184 2185
2185 2186
2185 2973
2186 3838
2187 2205
2187 2188
2188 4203
2188 2588
2189 2637
2189 3752
2190 2205
2190 2630
2191 2192
2192 2193
2192 3188
2192 2194
2194 3275
2196 4777
2197 2327
2197 2202
2198 4768
2198 2199
2199 2200
2200 4770
2201 2331
2202 4770
2204 2547
2205 2206
2207 2664
2207 2208
2207 2215
2208 2209
2208 2210
2209 2211
2209 2210
2210 2213
2212 2216
2213 2216
2213 2214
2215 2663
2216 2217
2218 4690
2218 4421
2219 4422
2219 4688
2220 2223
2221 2222
2222 3619
2222 3622
2223 3619
2224 2225
2227 2228
2227 2685
2228 2229
2229 2230
2229 2837
2231 3054
2231 3051
2232 3054
2232 2284
2232 3052
2233 2954
2233 4418
2234 3589
2235 2421
2235 3532
2235 3533
2236 4791
2237 3841
2237 3843
2237 4796
2239 2240
2239 2242
2240 3513
2243 3604
2244 2442
2244 2245
2245 4585
2245 4021
2246 2247
2247 2248
2249 4064
2250 2252
2251 3987
2252 2373
2252 2278
2253 2254
2254 4158
2255 3291
2256 2257
2256 3291
2257 2258
2257 3293
2259 2266
2259 3801
2260 4548
2260 2262
2261 3609
2262 3636
2262 2686
2263 4547
2263 2265
2263 3806
2264 5103
2268 2785
2269 3605
2269 2647
2270 2271
2272 3090
2272 3511
2273 2274
2273 2275
2273 4656
2274 4157
2275 4157
2275 3511
2276 4157
2277 4683
2278 4419
2278 2382
2281 4163
2283 2284
2284 3052
2285 3101
2286 3775
2286 2287
2288 2289
2290 2291
2292 2294
2292 2293
2296 2297
2299 4091
2300 2301
2301 2302
2301 4091
2302 2303
2302 2304
2305 2380
2305 4394
2306 2380
2306 4389
2307 2310
2307 2308
2307 2623
2308 2309
2309 2310
2309 2371
2310 2311
2312 2918
2313 2914
2313 2919
2314 2315
2315 2319
2316 2503
2316 3735
2316 2502
2317 4127
2317 2502
2320 2321
2320 3547
2322 2626
2323 2626
2325 2326
2328 2330
2329 2330
2330 2331
2332 4095
2333 4095
2334 2344
2335 2344
2336 2341
2336 2345
2336 3893
2337 2359
2338 2345
2338 3893
2338 2343
2339 3893
2340 2344
2340 3893
2342 2343
2342 2345
2343 2362
2343 2360
2346 3608
2347 2348
2349 4406
2349 2350
2349 4830
2350 4829
2350 4405
2351 2352
2352 4615
2353 2355
2355 2356
2356 2357
2358 4831
2360 2362
2361 2366
2363 2365
2364 2366
2364 2365
2365 2366
2367 2369
2367 2368
2367 3384
2369 3381
2369 3378
2372 3894
2372 4391
2372 2373
2373 3974
2374 2375
2374 3974
2374 2377
2375 2376
2375 2377
2377 3973
2378 3973
2378 2379
2379 2381
2379 3972
2380 2381
2381 3895
2384 2385
2385 3975
2385 3977
2386 3266
2386 3265
2387 2534
2387 2388
2387 2389
2390 2568
2394 2395
2394 2396
2397 2398
2399 4258
2399 4256
2399 4261
2400 4253
2400 2745
2400 4270
2401 4261
2401 4258
2401 2741
2403 2404
2405 3458
2406 2407
2406 2961
2409 2411
2409 3374
2410 2411
2411 3986
2412 2415
2412 3986
2412 2413
2414 2415
2415 2416
2416 2418
2416 4066
2417 2418
2418 2419
2419 3368
2419 2420
2421 4249
2421 4649
2422 3478
2423 2424
2424 2425
2426 2427
2428 3780
2428 2429
2429 3780
2430 3726
2430 3688
2432 2433
2434 2435
2435 2437
2435 3946
2436 3946
2441 2445
2444 3118
2445 3549
2446 2447
2448 3664
2449 2451
2450 2458
2450 2454
2451 2458
2452 4125
2452 2460
2453 2461
2453 2468
2453 2464
2454 3666
2455 2462
2455 2465
2455 2468
2456 2465
2457 2464
2458 2459
2460 2467
2462 2464
2462 2463
2464 2467
2465 2468
2467 3657
2469 3692
2470 2471
2470 4415
2471 4415
2471 2475
2472 2517
2472 2473
2473 2518
2474 2521
2474 2522
2474 2515
2475 2519
2476 2477
2479 2480
2481 4117
2482 4117
2483 2977
2485 3105
2486 2491
2487 2489
2487 2488
2488 2489
2489 2490
2492 2493
2494 2495
2496 2510
2497 3329
2498 3330
2499 2500
2500 3735
2500 3104
2501 2502
2503 2504
2503 2505
2506 3717
2513 2515
2514 2515
2516 2521
2520 2522
2523 2524
2526 2527
2528 2529
2531 2670
2532 2534
2533 3820
2533 2536
2534 2535
2535 2568
2537 2538
2540 2546
2541 2571
2542 2573
2543 2792
2543 2794
2545 3838
2547 3386
2549 2550
2551 5084
2552 4838
2553 2580
2553 2554
2554 2581
2554 2579
2556 5028
2557 2563
2557 2585
2558 3015
2558 3017
2558 3618
2559 2564
2559 3037
2559 3034
2560 3003
2560 2563
2560 3002
2561 2565
2561 2564
2562 3754
2562 2585
2563 3013
2565 3754
2565 2584
2566 2567
2567 2568
2569 2572
2570 2571
2571 2572
2572 2573
2573 2574
2575 2576
2577 2580
2578 2583
2581 2583
2581 2582
2584 3011
2584 3013
2585 3620
2587 3187
2589 2590
2589 2974
2591 2592
2593 2594
2594 2595
2596 2597
2598 2601
2599 2600
2602 2604
2603 2897
2604 4145
2605 2606
2606 2607
2606 2611
2606 3303
2607 2613
2607 2609
2607 2612
2609 3305
2613 2644
2614 2615
2614 2616
2616 4885
2617 2619
2617 2618
2619 2620
2621 2628
2622 2623
2623 4124
2624 2709
2624 2629
2625 2629
2626 2627
2628 2629
2628 2709
2630 2775
2630 2634
2631 3363
2631 3362
2631 2635
2631 3364
2632 2956
2632 2635
2633 2636
2633 2634
2633 2774
2634 2775
2635 3362
2635 3363
2636 2637
2637 2774
2638 3896
2639 2640
2640 2645
2640 2641
2641 2644
2643 3198
2643 2644
2647 2649
2647 2648
2648 2649
2650 2651
2651 4060
2652 2654
2653 2656
2654 2655
2654 2656
2656 2657
2658 2659
2661 2662
2663 2665
2664 5074
2664 2665
2665 2666
2668 2669
2671 2672
2672 2673
2673 3576
2673 4469
2674 2675
2674 2676
2675 2676
2675 2677
2676 2678
2678 2679
2680 2682
2681 2682
2683 2684
2683 4353
2683 2880
2683 3452
2686 3642
2686 3636
2687 3644
2687 3640
2687 2696
2687 4447
2688 3636
2688 2689
2688 3641
2689 2695
2689 3983
2690 2692
2690 3640
2690 3638
2690 4174
2691 3639
2691 2693
2691 4175
2692 4172
2692 2695
2692 3637
2693 3641
2693 4171
2694 3981
2694 3637
2694 3642
2695 3982
2695 3980
2696 3638
2696 3640
2700 2701
2702 4811
2702 2703
2703 2704
2703 4133
2705 4312
2706 2711
2706 2707
2707 2708
2707 2709
2710 2711
2712 2713
2713 2714
2713 2715
2714 4609
2716 2717
2716 4202
2717 2718
2719 2969
2720 2721
2722 2796
2722 2723
2724 4199
2725 4476
2725 3889
2726 2727
2726 3906
2726 3914
2727 3371
2728 3914
2729 2730
2730 2730
2731 3310
2732 3310
2733 4264
2733 2734
2734 2735
2735 2736
2736 4264
2737 2739
2738 2739
2739 4262
2739 2740
2740 2743
2741 2742
2741 4273
2742 4262
2743 2744
2745 2747
2746 2747
2747 2749
2747 2751
2750 2751
2752 2753
2755 2868
2755 2965
2759 3125
2762 2763
2763 3804
2763 4387
2765 2766
2766 2767
2768 2769
2769 2770
2771 2772
2774 2775
2776 2973
2777 2973
2778 2779
2780 2782
2780 2781
2781 2783
2782 3372
2783 2784
2783 5088
2785 4858
2785 4122
2786 2787
2787 2791
2787 4520
2788 2790
2788 2789
2789 2790
2789 2791
2793 2794
2795 3340
2796 2797
2798 2799
2798 4112
2800 2801
2804 3229
2807 2808
2809 2810
2811 2812
2813 3550
2813 2814
2815 2816
2816 2817
2818 3234
2818 2819
2820 4161
2821 2822
2822 2825
2823 2825
2825 2826
2827 4729
2827 2828
2829 2830
2829 3069
2830 3696
2831 2832
2832 4045
2833 2834
2835 2836
2838 3421
2838 2839
2840 3703
2840 2841
2843 2845
2846 2847
2848 2854
2849 3700
2850 3700
2851 3700
2852 2853
2852 3700
2852 2854
2855 2856
2858 3420
2859 5066
2859 3408
2859 2860
2860 2862
2860 2861
2867 2965
2868 2869
2868 2870
2871 2887
2871 2872
2873 2874
2873 2878
2875 2894
2875 2876
2875 2880
2877 2880
2878 4351
2878 2879
2883 2884
2883 4614
2883 4937
2884 4938
2885 3208
2885 3437
2886 2887
2887 4370
2888 2889
2889 2891
2889 2892
2890 2891
2891 2894
2892 4360
2892 2893
2894 2895
2896 2897
2898 5097
2899 2900
2899 5101
2901 2922
2901 2902
2903 2932
2904 2931
2904 2932
2905 2930
2905 2929
2905 2906
2905 4703
2907 2908
2908 2911
2908 2909
2909 2910
2909 2911
2912 2913
2914 2916
2915 2918
2917 2919
2918 2919
2919 2920
2921 2922
2922 2923
2923 2924
2923 4149
2927 2928
2932 4149
2933 2934
2934 4635
2934 4621
2935 4875
2935 4877
2936 4879
2936 4877
2938 4740
2938 2939
2940 2941
2942 2971
2944 2945
2944 3603
2944 3546
2946 2948
2947 4312
2947 4311
2947 2948
2949 2950
2949 2951
2951 4388
2952 4860
2952 4861
2952 4584
2953 3733
2953 3731
2954 2955
2954 3459
2956 3772
2956 3773
2957 2958
2957 4638
2960 2961
2961 2962
2963 2964
2966 3802
2966 4150
2967 2970
2967 4205
2971 2972
2975 4891
2975 2976
2978 3625
2978 3627
2979 3625
2980 3347
2980 2984
2980 3349
2981 3319
2981 3846
2981 2982
2983 3543
2984 3319
2984 3343
2985 3343
2986 2989
2986 2987
2987 2989
2987 2988
2988 2990
2991 2996
2991 2992
2992 2994
2992 2993
2995 2996
2997 2998
2998 2999
2998 4613
3000 3621
3003 3004
3003 3016
3005 4131
3005 4130
3005 3006
3007 3009
3007 4828
3007 4824
3008 3009
3010 4078
3010 3754
3010 3539
3011 3012
3011 3620
3013 3620
3016 3018
3019 3747
3020 3747
3021 3036
3022 3753
3022 3023
3023 3024
3023 3025
3027 3029
3028 3030
3029 3033
3029 3030
3030 3032
3031 3626
3032 3034
3032 3035
3033 3034
3034 3035
3035 3036
3037 3623
3038 3039
3039 3040
3039 3347
3041 3042
3042 3043
3043 4180
3045 4440
3046 4480
3046 3047
3048 3566
3048 3856
3050 3103
3052 3053
3054 3101
3055 4135
3056 3326
3057 3063
3057 3058
3058 3060
3058 3059
3059 3061
3060 3061
3060 3062
3061 3062
3063 4164
3064 3065
3065 3066
3065 3371
3066 3067
3066 4048
3069 3070
3070 3071
3072 3500
3072 3502
3073 3074
3074 3077
3075 3897
3075 3077
3075 4166
3076 3897
3077 4401
3080 3086
3080 3087
3080 3081
3082 3083
3084 3086
3085 3087
3086 3095
3087 3100
3088 3100
3088 3115
3088 3089
3090 4656
3090 3092
3091 4656
3094 3095
3097 3099
3098 3100
3101 4135
3102 3103
3108 3109
3109 3111
3110 3111
3112 4099
3113 3115
3114 3116
3115 3116
3116 3118
3117 3121
3118 3119
3119 3120
3120 3121
3121 3122
3122 3123
3122 3129
3123 3126
3123 3124
3124 3125
3124 3127
3125 3128
3133 3745
3133 3623
3134 3135
3134 4302
3136 3137
3138 3139
3140 3142
3141 3142
3142 3143
3142 3144
3143 3146
3143 3148
3144 3148
3144 3154
3145 3146
3146 3147
3146 3150
3147 3151
3147 3149
3147 3153
3148 3152
3150 3153
3150 3152
3152 3153
3155 3156
3155 3815
3157 3545
3158 3336
3158 3159
3158 3160
3159 3465
3159 3160
3160 3161
3161 3162
3161 3163
3165 3464
3165 3795
3166 3525
3167 4475
3167 3168
3169 3215
3169 3181
3169 3170
3171 3172
3172 3174
3173 3174
3174 3176
3175 3176
3176 3180
3177 3179
3178 3179
3179 3180
3181 3216
3181 3182
3183 3185
3184 3186
3185 3186
3186 3187
3191 3194
3192 3193
3193 5061
3193 4496
3195 4944
3195 4522
3196 3197
3197 3406
3197 3558
3198 3199
3199 3200
3199 3304
3201 4879
3201 4887
3201 3202
3203 3204
3203 3207
3204 3206
3204 3205
3205 4808
3208 3210
3208 3435
3209 3437
3210 3437
3210 3211
3211 3212
3211 3442
3213 3222
3214 3215
3216 3217
3216 3218
3217 3219
3220 3221
3221 3222
3223 3226
3224 3227
3225 3228
3226 3227
3227 3228
3230 3232
3231 3232
3232 3233
3232 3234
3233 3234
3235 3240
3236 3243
3238 3239
3239 3240
3239 4128
3241 3242
3241 4128
3243 3244
3244 3537
3244 3245
3246 3247
3247 3536
3248 3249
3253 3254
3256 3257
3259 3261
3259 3272
3259 3260
3261 3263
3261 3262
3263 3264
3267 3268
3268 4464
3270 3272
3270 3271
3272 3273
3274 3275
3276 3277
3278 3279
3281 3282
3282 3283
3282 3286
3283 3284
3284 3285
3287 3288
3288 3289
3289 3290
3291 3292
3297 3299
3298 3299
3299 3300
3301 3302
3305 3365
3307 5050
3307 3308
3308 3308
3309 3309
3311 3312
3312 3314
3315 3847
3315 3316
3315 3319
3316 3317
3318 3847
3320 3321
3322 3323
3325 3326
3327 3329
3328 3331
3329 3331
3330 3331
3330 3828
3332 3499
3332 3491
3332 3490
3333 4338
3333 4339
3334 4348
3338 3339
3340 3341
3341 3342
3343 3344
3345 3346
3346 3349
3346 3347
3348 3349
3350 3351
3351 3352
3354 3863
3354 3805
3354 3356
3355 3649
3355 3356
3356 3357
3357 4184
3358 3360
3359 3863
3359 3360
3360 3361
3362 3364
3363 3364
3367 3368
3368 4065
3369 3370
3371 4506
3371 3967
3372 3373
3374 3375
3376 3377
3379 3382
3379 3381
3380 3381
3383 3384
3384 3386
3385 3386
3387 3388
3388 3393
3388 3394
3389 3390
3390 3892
3390 3391
3391 3393
3391 4137
3392 3393
3394 4006
3394 3873
3395 3396
3398 3426
3398 3432
3399 3400
3400 5071
3401 3402
3402 5071
3405 3406
3406 5068
3407 3408
3409 3410
3410 3411
3410 3413
3410 3412
3412 3417
3413 3415
3413 3414
3416 3417
3417 3420
3418 3420
3419 3420
3422 3423
3423 3429
3424 4529
3424 3425
3426 4527
3426 3428
3427 3428
3428 3429
3430 5061
3430 3431
3432 3434
3433 3434
3435 3436
3438 3439
3440 3441
3444 3447
3444 3445
3445 3446
3445 3447
3448 3450
3448 4934
3448 4935
3448 3449
3450 4930
3450 3451
3450 4932
3450 4933
3452 4383
3452 3453
3454 3456
3454 3462
3456 3778
3457 3458
3457 4416
3458 3459
3459 3460
3466 3467
3469 3470
3470 4471
3471 3472
3473 3516
3474 3515
3474 3514
3477 3478
3479 3483
3480 3481
3481 3482
3481 3483
3484 4469
3485 3486
3487 4662
3490 3497
3491 3492
3491 4169
3491 4168
3492 4168
3493 3494
3494 3495
3494 3496
3497 3498
3498 3499
3500 3502
3500 3505
3501 3507
3501 3504
3502 3503
3503 3505
3503 3506
3504 3506
3505 3507
3506 3507
3508 3509
3511 4154
3515 3517
3516 3517
3518 3519
3519 3521
3520 3521
3522 3523
3523 5062
3523 5053
3524 3527
3524 3525
3525 3526
3526 5052
3526 3527
3528 3530
3528 3531
3529 3530
3532 3533
3534 4655
3534 3535
3535 4650
3536 3537
3538 4582
3538 4583
3538 4074
3538 4515
3539 4077
3540 3541
3540 4077
3540 4074
3543 3544
3545 4162
3546 3559
3547 4029
3548 5075
3548 5076
3549 3550
3549 4071
3550 3551
3552 3553
3552 4431
3553 3556
3553 3554
3555 4810
3555 3556
3555 3799
3556 4810
3557 3558
3560 3739
3561 3562
3562 3916
3565 3565
3568 3570
3569 3570
3570 3571
3571 3575
3572 3573
3573 3575
3573 3574
3575 3581
3578 3579
3579 3581
3579 3580
3581 4510
3581 3590
3582 3830
3582 3829
3583 3584
3584 3586
3584 4216
3585 3586
3586 4006
3587 3589
3587 3788
3588 3589
3590 3594
3590 3596
3591 3594
3591 3593
3591 3592
3594 3595
3599 4856
3599 4857
3600 3601
3604 3605
3606 3608
3607 3608
3608 3702
3609 3610
3611 3806
3611 3612
3615 3616
3615 3617
3618 3619
3621 4143
3622 3748
3623 3624
3624 3625
3624 3627
3625 3626
3629 3632
3630 3632
3631 4833
3633 3634
3634 4580
3634 3635
3637 3638
3639 3643
3639 3640
3641 4173
3642 3984
3643 3644
3648 4111
3648 3649
3649 4087
3649 4088
3650 4093
3653 3654
3653 3681
3655 3666
3655 3656
3656 3658
3657 3658
3660 3661
3661 3664
3661 3665
3662 3665
3663 3664
3663 3665
3663 3666
3667 3669
3668 3669
3669 3670
3673 3675
3673 3674
3674 3676
3676 3677
3677 3680
3678 3679
3679 3681
3680 3681
3682 3685
3682 3722
3682 3729
3683 3685
3683 3684
3683 3728
3684 3686
3684 3728
3685 3686
3686 3687
3687 3688
3687 3689
3688 3723
3690 3691
3693 3694
3695 3697
3695 3696
3696 3698
3697 3698
3699 4806
3699 4379
3701 4153
3703 3707
3704 3705
3705 3707
3705 3711
3706 3711
3707 3712
3708 3712
3709 3710
3710 3712
3710 3711
3713 3714
3716 3717
3718 3720
3719 3720
3723 3728
3724 3725
3724 3726
3726 3727
3730 3734
3730 4061
3732 3733
3733 4061
3735 3736
3737 3770
3737 4127
3737 3765
3738 3739
3739 3740
3741 3887
3742 3887
3744 3745
3745 3746
3747 4143
3749 4187
3749 3750
3750 4186
3750 3751
3751 3752
3751 4468
3753 4188
3755 3758
3756 3758
3759 3760
3760 3761
3762 3763
3766 3767
3766 3768
3771 4112
3776 3779
3777 3778
3778 3779
3779 3828
3781 3785
3782 3786
3782 3784
3782 3783
3783 3785
3783 3784
3785 3786
3789 3794
3790 3794
3791 3792
3792 3954
3792 3794
3792 3793
3795 3796
3796 3797
3796 3798
3802 3803
3805 3859
3806 4275
3807 3809
3807 4881
3807 3808
3809 3811
3809 3810
3811 3813
3811 3812
3813 3817
3813 3814
3815 3817
3815 3816
3815 3819
3817 3818
3820 3821
3820 3822
3821 3822
3822 3823
3824 3825
3824 5081
3827 4524
3827 4523
3831 3832
3834 4009
3835 3836
3836 3837
3836 4020
3841 3842
3843 4801
3843 3844
3846 3847
3848 3849
3850 3851
3852 3853
3857 4184
3858 3859
3859 3860
3861 3862
3862 3863
3862 3864
3865 3866
3868 3869
3872 4127
3873 4007
3874 3875
3874 3877
3874 3945
3876 3877
3877 3945
3878 3879
3881 3883
3882 3885
3883 3884
3883 3885
3885 3886
3887 3888
3887 4504
3889 3910
3890 3891
3894 3895
3896 4395
3898 4869
3900 3902
3900 3901
3900 4309
3902 3903
3905 3908
3906 4476
3906 3907
3907 3908
3907 4476
3907 4477
3908 4477
3909 3914
3911 4039
3911 4043
3911 3912
3913 4044
3916 3919
3917 3919
3918 3919
3920 3947
3920 3922
3921 3922
3922 3923
3925 3926
3925 3931
3926 3927
3926 3930
3927 3928
3927 3943
3928 3929
3928 3932
3929 3944
3929 3933
3932 3933
3934 3943
3935 3943
3935 3936
3936 3937
3936 3938
3938 3939
3938 3958
3941 3942
3945 3946
3947 3951
3947 3948
3949 3952
3949 3963
3950 3963
3951 3966
3952 3953
3956 3957
3958 3959
3961 3962
3963 3964
3967 3968
3970 4921
3970 4924
3970 4919
3971 4916
3975 3976
3978 3979
3980 4173
3981 3982
3983 3984
3985 3986
3991 3992
3991 3993
3991 3994
3992 3994
3992 3993
3993 4141
3994 3995
3996 3997
3996 3998
4000 4214
4000 4001
4001 4232
4001 4230
4002 4003
4003 4213
4004 4240
4004 4005
4006 4007
4008 4019
4009 4019
4011 4012
4015 4016
4017 4018
4017 4019
4021 4022
4023 4537
4023 4590
4023 4588
4024 4025
4024 4026
4024 4596
4025 5086
4026 4028
4027 4028
4028 4603
4028 4601
4029 4033
4029 4030
4031 4033
4031 4032
4033 4034
4037 4038
4037 4501
4039 4040
4040 4042
4040 4041
4043 4044
4045 4046
4045 4047
4051 4052
4055 4057
4055 4056
4063 4064
4064 4065
4067 4068
4070 4841
4070 4840
4072 4073
4072 4640
4072 4644
4074 4075
4076 4078
4077 4078
4079 4080
4081 4082
4082 4083
4083 4084
4084 4085
4089 4090
4089 4091
4089 4409
4092 4093
4092 4413
4093 4094
4095 4511
4098 4756
4099 4286
4100 4103
4101 4103
4102 4103
4104 4105
4105 4108
4105 4118
4106 4108
4107 4108
4109 4111
4111 4412
4113 4512
4114 4115
4116 4117
4119 4281
4119 4284
4120 4124
4120 4121
4121 4122
4122 4123
4123 4124
4125 4126
4128 4129
4132 4133
4132 4132
4133 4134
4135 4136
4138 4139
4140 4152
4142 4143
4143 4144
4145 4146
4147 4148
4150 4151
4152 4153
4153 4160
4154 4155
4155 4156
4158 4159
4158 4440
4164 4165
4166 4167
4167 4168
4169 4170
4171 4172
4174 4175
4177 4178
4177 4542
4180 4181
4182 4183
4184 4185
4186 4188
4186 4187
4186 4468
4189 4398
4190 4564
4192 4193
4195 4196
4197 4198
4199 4200
4203 4204
4206 4207
4208 4211
4208 4209
4209 4210
4210 4212
4211 4212
4213 4214
4216 4217
4220 4221
4221 4222
4221 4225
4222 4223
4223 4224
4226 4227
4226 4234
4228 4236
4232 4233
4234 4235
4238 4239
4240 4241
4242 4244
4242 4245
4243 4660
4243 4245
4244 4245
4249 4250
4251 5023
4251 4252
4253 4256
4253 4254
4253 4255
4256 4257
4256 4271
4256 4272
4258 4259
4260 4261
4262 4263
4264 4265
4266 4267
4268 4269
4268 4296
4273 4274
4279 4280
4280 4298
4282 4284
4282 4283
4284 4285
4286 4290
4286 4287
4287 4289
4287 4288
4290 4292
4290 4291
4292 4293
4295 4296
4296 4297
4300 4301
4300 4302
4302 4303
4304 4305
4304 4309
4305 4307
4305 4306
4309 4310
4314 4322
4314 4317
4315 4322
4315 4319
4315 4320
4316 4317
4317 4319
4317 4321
4318 4319
4327 4328
4327 4329
4338 4339
4338 4348
4339 4349
4340 4342
4341 4344
4342 4344
4342 4343
4343 4344
4345 4350
4346 4348
4351 4352
4351 4353
4353 4355
4353 4354
4356 4357
4357 4364
4357 4365
4358 4359
4359 4362
4359 4363
4359 4360
4359 4364
4360 4361
4364 4366
4366 4367
4366 4368
4370 4371
4370 4372
4373 4374
4373 4375
4375 4376
4379 4380
4381 4382
4381 4427
4384 4385
4389 4391
4390 4391
4392 4393
4397 4398
4399 4400
4402 4407
4405 4827
4405 4406
4406 4826
4409 4410
4409 4411
4411 4413
4411 4412
4413 4414
4419 4420
4422 4423
4424 4425
4425 4426
4426 5064
4432 4804
4433 4434
4435 4436
4436 4472
4438 4439
4439 4440
4439 4441
4442 4443
4443 4444
4444 4445
4447 4867
4447 4448
4448 4868
4449 4450
4449 4488
4451 4452
4453 4454
4453 4522
4453 4896
4455 4463
4455 4456
4455 4983
4457 4458
4458 4459
4460 4461
4462 4463
4463 4491
4463 4493
4464 4465
4465 4466
4467 4468
4468 4583
4470 4471
4471 4472
4472 4473
4474 4475
4477 4478
4477 4479
4480 4481
4481 4483
4481 4482
4483 4485
4483 4484
4486 4487
4488 4489
4488 4491
4491 4492
4494 4495
4494 4944
4496 4497
4497 4498
4497 4499
4498 4499
4500 4501
4502 4503
4504 4505
4507 4508
4509 4510
4512 4513
4512 4514
4513 4514
4515 4516
4516 4517
4518 4519
4520 4521
4525 4526
4527 4529
4527 4528
4529 4530
4531 4533
4531 4535
4531 4532
4533 4534
4535 4536
4537 4592
4537 4591
4538 4539
4538 4540
4539 4540
4540 4541
4543 4544
4543 4545
4545 4546
4545 4547
4550 4553
4551 4552
4551 4553
4551 4555
4553 4554
4556 4557
4556 4567
4558 4562
4558 4561
4559 4561
4560 4561
4562 4565
4562 4564
4563 4564
4565 4566
4567 4568
4567 4569
4569 4570
4572 4573
4574 4575
4578 4579
4583 5088
4584 4859
4588 4589
4592 4594
4592 4593
4594 4600
4594 4595
4596 4597
4596 4598
4596 4600
4599 4600
4602 4603
4609 4610
4611 4612
4617 4617
4618 4619
4618 4620
4620 4622
4621 4622
4621 4626
4622 4636
4623 4624
4624 4625
4624 4630
4626 4627
4627 4628
4627 4630
4629 4630
4631 4635
4632 4634
4634 4635
4637 4638
4638 4639
4640 4641
4640 4651
4641 4642
4641 4643
4644 4645
4646 4647
4646 4649
4646 4648
4651 4652
4653 4654
4658 4659
4662 4663
4664 4665
4667 4668
4669 4671
4669 4670
4671 4674
4671 4672
4673 4674
4676 4677
4678 4679
4680 4681
4681 4683
4682 4683
4684 4685
4685 4686
4686 4687
4688 4689
4690 4691
4692 4693
4692 4694
4694 4695
4697 4699
4698 4699
4701 4703
4702 4703
4704 4708
4705 4706
4707 4709
4707 4708
4708 4709
4710 4719
4710 4782
4710 4711
4710 4721
4712 4713
4715 4787
4715 4716
4717 4787
4717 4718
4719 4720
4723 4724
4725 4727
4725 4726
4727 4729
4727 4728
4729 4730
4731 4732
4734 4736
4735 4736
4737 4738
4737 4746
4738 4744
4740 4741
4742 4744
4742 4743
4744 4745
4746 4748
4746 4749
4746 4747
4748 4753
4750 4751
4750 4760
4752 4753
4753 4755
4754 4756
4755 4756
4759 4762
4760 4762
4761 4762
4763 4767
4766 4767
4768 4769
4770 4771
4772 4773
4773 4777
4774 4776
4775 4776
4777 4778
4780 4782
4780 4781
4782 4783
4787 4790
4788 4790
4789 4790
4791 4797
4791 4798
4792 4797
4793 4794
4794 4796
4794 4795
4796 4797
4801 4802
4804 4805
4805 4806
4806 4807
4806 4808
4808 4809
4811 4813
4811 4814
4811 4817
4812 4821
4812 4822
4812 4819
4813 4819
4813 4818
4815 4817
4816 4817
4819 4820
4822 4823
4824 4825
4835 4838
4836 4837
4838 4839
4841 4842
4843 4844
4843 5086
4845 4846
4845 4847
4847 4850
4847 4848
4849 4850
4850 4853
4851 4854
4852 4854
4853 4854
4855 4856
4861 4863
4861 4862
4863 4866
4863 4864
4865 4866
4869 4871
4870 4871
4875 4876
4877 4878
4879 4880
4881 4883
4881 4882
4883 4884
4885 4887
4885 4886
4887 4888
4889 4890
4891 4892
4893 4894
4896 4897
4896 4942
4898 4914
4898 4899
4898 4916
4900 4902
4900 4901
4902 4903
4904 4908
4904 4905
4904 4907
4904 4906
4908 4910
4908 4909
4910 4912
4910 4911
4912 4914
4912 4913
4914 4915
4916 4918
4917 4919
4918 4921
4918 4919
4920 4921
4922 4923
4923 4924
4923 4927
4924 4925
4926 4927
4927 4929
4928 4929
4929 4930
4930 4931
4935 4936
4941 4942
4942 4946
4943 4944
4945 4946
4948 4949
4948 4981
4950 4951
4950 4952
4952 4953
4954 4955
4956 4957
4957 4962
4957 4977
4958 4959
4958 4960
4960 4961
4962 4963
4964 4966
4964 4965
4966 4968
4966 4967
4966 4970
4968 4977
4968 4969
4971 4972
4973 4974
4973 4975
4975 4976
4977 4978
4979 4981
4979 4980
4981 4982
4983 4984
4985 4987
4985 4986
4987 4988
4991 4992
4992 4994
4992 5109
4993 4994
4995 4996
4997 4998
4999 5000
5002 5003
5008 5009
5009 5013
5010 5011
5012 5013
5015 5021
5015 5023
5015 5016
5017 5019
5017 5018
5019 5021
5019 5020
5021 5022
5023 5024
5026 5027
5028 5030
5028 5029
5030 5032
5030 5031
5032 5033
5032 5034
5034 5035
5036 5037
5038 5039
5040 5042
5041 5042
5041 5041
5042 5043
5042 5045
5043 5046
5043 5044
5046 5046
5047 5048
5049 5050
5050 5052
5051 5052
5053 5054
5056 5057
5058 5079
5058 5059
5060 5061
5062 5063
5064 5066
5064 5065
5066 5067
5068 5069
5070 5071
5073 5074
5077 5078
5079 5080
5082 5083
5084 5085
5086 5087
5088 5090
5089 5090
5090 5091
5092 5093
5095 5096
5097 5099
5097 5098
5099 5100
5101 5102
5103 5104
5105 5106
5108 5109
