0 1182
0 520
0 2145
1 178
1 173
1 2158
2 2147
2 2148
2 1712
3 143
3 79
3 2294
3 282
4 113
4 1041
4 114
5 422
5 6
5 380
6 423
6 433
6 411
7 8
7 1282
7 1279
8 1793
8 1794
9 1794
9 1506
9 1790
9 1792
10 1128
10 1130
10 1789
11 1150
11 12
12 1121
12 1534
13 1652
13 1125
13 1115
13 1121
14 245
14 2007
14 19
15 20
15 431
15 23
16 21
16 17
16 27
17 27
17 442
18 442
18 438
18 245
19 245
19 26
20 24
20 431
21 23
21 22
22 1211
22 23
24 26
24 25
25 1146
25 26
27 28
28 2067
28 251
28 2070
29 2362
29 1363
30 1084
30 1358
30 1906
31 1085
31 1084
31 1901
32 1901
32 228
32 227
33 231
33 35
33 1361
34 721
34 2012
34 38
35 1362
35 36
36 37
36 1145
37 1145
37 721
38 39
38 725
39 725
39 40
40 41
40 231
41 1363
41 231
42 1663
42 43
43 588
43 1829
44 1090
45 1699
45 1158
46 1457
46 1458
46 1919
47 1773
47 1507
47 1614
48 726
48 2147
48 2306
48 2305
49 359
49 269
49 358
49 324
50 1039
50 359
50 1048
51 2178
51 1222
51 1221
52 1051
52 1714
52 200
53 2180
53 352
53 54
54 1622
54 360
54 358
55 1948
55 360
55 202
56 325
56 324
56 1034
56 1036
57 1036
57 58
57 323
58 138
58 74
59 597
59 60
59 2294
60 1379
60 201
61 62
61 319
61 1379
62 1434
62 1037
62 2182
63 303
63 1718
63 64
64 1724
64 198
65 125
65 1041
65 100
65 101
66 529
66 452
66 125
67 531
67 68
67 2472
68 1811
68 2473
68 126
69 1811
69 70
69 71
69 666
70 1413
70 667
71 1325
71 1250
72 1241
72 602
72 1250
73 1242
73 1258
73 608
73 2066
74 143
74 295
75 351
75 295
75 350
76 459
76 236
76 473
76 351
77 500
77 499
77 284
78 161
78 284
78 167
78 348
79 179
79 181
79 303
80 475
80 139
80 2478
81 2475
81 2476
81 236
82 522
82 88
82 461
83 2474
83 522
83 523
84 477
84 514
84 521
85 100
85 344
85 160
86 133
86 2476
86 137
87 88
87 454
87 1056
88 519
89 2186
89 551
89 1239
90 2186
90 550
90 130
91 120
91 92
91 546
92 127
92 118
93 124
93 115
93 540
94 1219
94 95
94 327
95 98
95 326
95 111
96 2173
96 101
96 2176
97 327
97 1039
97 98
98 327
98 320
99 323
99 322
99 101
99 100
102 110
102 106
102 103
102 1050
103 116
103 113
104 105
104 129
104 116
105 1747
105 106
106 107
106 1744
107 108
107 1743
108 1767
108 1734
108 336
109 1239
109 2105
109 2103
110 1735
110 1736
111 343
111 1735
112 343
112 1742
112 334
112 1734
113 124
114 115
114 125
114 124
115 526
116 117
117 119
117 123
118 119
118 548
119 120
120 121
121 546
121 2488
122 572
122 554
122 600
123 548
123 124
125 158
126 128
126 532
127 540
127 547
128 547
128 1251
129 2104
129 130
130 2488
131 2481
131 530
131 453
132 356
132 451
132 133
133 455
133 2480
134 135
135 136
135 1056
136 137
136 456
137 1056
138 281
138 344
139 2477
139 281
140 309
140 1043
140 308
140 318
141 282
141 501
141 142
142 2141
142 2143
142 503
143 144
144 502
144 145
144 510
145 187
145 503
145 504
146 665
146 147
146 157
147 1197
147 1313
147 1426
148 1397
148 605
148 1401
148 1426
149 1398
149 150
149 1399
150 1400
150 649
151 152
151 675
151 669
152 689
152 1958
153 660
153 689
153 1299
154 870
154 686
154 876
155 878
155 156
155 870
155 856
156 952
156 881
156 862
157 969
157 1418
158 159
158 452
159 160
159 353
160 345
160 455
161 595
161 162
161 1060
162 483
162 594
162 478
163 306
163 164
163 304
163 483
164 305
164 307
164 2159
165 2160
165 193
165 174
166 1060
166 2144
167 494
167 1053
168 1053
168 183
168 169
169 493
169 170
170 492
170 498
170 171
171 182
171 2132
172 185
172 486
172 487
172 183
173 2138
173 479
174 195
174 482
174 192
175 176
175 304
175 593
176 185
176 177
177 480
177 178
178 593
179 347
179 287
179 349
180 492
180 1057
180 493
181 1224
181 1226
182 1226
182 497
183 184
183 595
184 185
184 594
186 2142
186 470
186 472
186 489
187 188
187 2141
188 471
188 467
189 190
189 194
189 471
190 506
190 191
191 2145
191 477
192 513
192 193
193 2163
194 195
194 468
195 472
196 2183
196 311
196 2182
197 200
197 1046
197 2183
198 201
198 199
198 1434
199 1038
199 1727
200 1727
201 1434
202 330
202 1644
203 1644
203 2044
203 1818
204 297
204 2485
204 294
205 294
205 715
205 716
206 720
206 268
206 711
207 722
207 730
207 214
208 1941
208 1942
208 1488
209 1942
209 1945
209 1820
210 2304
210 1782
210 211
210 2325
211 2325
211 2326
212 1785
212 213
212 728
213 2314
213 842
214 746
214 753
215 744
215 216
215 745
216 779
216 777
217 1730
217 336
217 331
218 1420
218 332
218 335
218 1070
219 1070
219 340
219 1814
220 1183
220 224
220 223
221 2194
221 1183
221 1360
222 223
222 1047
222 2194
223 1253
224 225
224 1693
225 1184
225 1186
226 227
226 2447
226 230
227 228
228 1142
229 1142
229 1227
230 2335
232 1521
232 962
232 971
233 234
233 1863
233 1923
234 968
234 1030
235 1693
235 1185
235 1184
236 2478
237 817
237 821
237 826
238 1566
238 239
238 261
239 1568
239 828
239 1624
240 1236
240 241
240 242
241 1237
241 1573
242 1237
242 1236
242 243
243 1942
243 2303
244 817
244 1910
246 248
246 247
247 2065
248 1968
248 2293
249 778
249 1809
250 252
250 2071
250 2074
251 2071
251 754
252 1136
252 754
253 662
253 1315
253 1313
254 1330
254 1325
254 255
255 1319
255 2295
256 259
256 1448
256 1449
257 834
257 835
257 271
258 1460
259 1449
259 2460
260 1919
260 1450
260 1917
261 262
261 1597
262 723
262 1080
263 1259
263 723
263 2041
264 2042
264 2041
264 2347
265 2413
265 2409
266 2296
266 271
266 267
267 2302
267 1488
268 1488
268 760
269 301
269 314
270 1076
271 1573
272 310
272 1177
272 1708
273 1645
273 974
273 973
274 787
274 279
274 1603
275 277
275 787
275 279
276 278
276 1349
276 975
277 788
277 785
278 1645
278 1347
279 1349
279 1351
280 785
280 977
280 976
281 345
281 474
282 288
282 502
283 284
283 348
283 287
285 1359
285 1412
285 366
286 293
286 346
286 292
287 288
288 500
289 2195
289 290
289 1407
290 1210
290 2203
291 2203
291 346
291 2202
292 346
292 583
293 297
293 2486
294 297
295 476
295 510
296 2202
296 979
296 583
298 2285
298 1412
298 299
299 1106
299 389
299 981
300 316
300 318
300 1043
301 1043
301 2484
302 1721
302 1051
302 1720
303 1720
303 2294
304 305
305 593
306 307
306 482
307 2160
308 309
308 1621
309 313
310 1620
310 313
311 312
311 1037
312 1046
312 1045
313 1708
313 314
314 352
314 2483
315 1621
315 1045
315 318
316 1706
316 1615
317 1706
317 318
317 1704
319 1035
319 1615
320 325
320 362
321 326
321 325
323 325
324 362
326 2176
328 331
328 1813
328 555
329 339
329 338
329 2195
330 1383
330 1948
331 561
332 559
332 573
333 337
333 339
333 334
334 341
334 1375
335 341
335 342
336 341
337 1054
337 339
338 1377
338 342
340 1407
340 342
343 1389
344 345
345 2480
347 348
347 349
349 492
350 351
350 475
352 365
352 1177
353 356
353 355
354 453
354 357
354 2482
355 357
355 451
356 464
357 452
358 2483
359 362
359 361
360 364
361 364
363 364
365 365
366 1106
366 369
367 374
367 1360
367 375
368 1405
368 584
368 2267
370 584
370 586
370 372
371 388
371 383
371 386
372 441
372 373
373 447
373 517
374 375
374 2193
375 1409
376 388
377 378
377 393
377 2193
379 381
379 394
379 383
380 390
380 1359
381 390
381 1467
382 386
383 384
385 1468
385 392
385 1470
386 393
387 389
387 980
387 981
388 399
389 391
390 395
391 2285
391 1105
391 2284
392 408
392 1110
393 2193
396 400
396 401
396 399
397 403
398 403
399 402
400 404
400 403
402 1405
402 1470
405 415
405 411
405 412
406 413
406 418
406 409
407 414
407 1339
407 410
408 2267
408 1340
409 1339
409 413
410 2267
410 444
411 428
412 421
412 418
413 416
414 450
414 444
416 419
416 1340
417 418
417 440
417 436
419 421
419 432
420 1290
420 440
420 446
421 422
422 423
423 424
424 426
424 425
427 1341
429 1294
430 437
430 1293
430 1295
431 1215
432 435
432 1341
433 436
433 448
434 437
436 440
436 1289
437 1214
438 442
438 445
439 448
440 447
441 444
441 450
443 449
445 449
445 1335
445 2486
446 1689
446 1273
447 450
448 1415
449 1606
451 2482
453 529
455 464
457 459
457 463
457 461
458 462
459 508
460 464
461 463
462 463
462 2475
465 473
466 476
466 475
466 474
468 471
468 470
469 477
470 472
473 504
474 476
478 1059
478 1061
479 481
479 488
480 498
480 487
482 489
483 1061
484 487
485 488
488 498
489 1059
489 2144
490 495
491 497
492 495
493 496
495 497
499 2143
499 501
500 501
502 503
504 510
505 2163
505 2146
505 516
506 512
506 516
507 513
508 514
509 515
511 514
513 515
515 516
517 1263
517 586
518 1055
518 519
518 2474
519 2473
520 1063
520 1055
521 523
521 1063
522 525
523 524
526 534
526 2472
527 532
528 534
529 534
531 532
531 533
535 1065
536 544
536 540
536 548
537 545
537 550
537 539
538 1239
539 541
541 551
542 550
543 2488
546 549
547 1065
551 600
552 564
552 556
552 576
553 560
555 568
555 582
556 573
556 570
557 566
558 572
559 567
559 565
560 563
560 1813
561 567
561 1420
562 563
563 566
564 1254
564 570
566 580
567 582
569 573
569 576
569 571
570 1047
571 575
571 1068
572 1813
574 576
577 579
577 584
577 578
580 1068
580 582
581 2282
581 583
581 1105
585 2282
586 1824
587 1195
587 1840
587 1193
588 1663
588 590
589 1832
590 1829
590 1830
591 1159
591 1835
591 1498
592 1128
592 1663
594 595
596 597
597 598
599 1815
599 600
599 1252
601 610
601 602
601 604
602 603
602 845
603 1258
603 606
604 2295
604 845
605 630
605 2295
605 1328
606 610
606 607
607 1579
607 609
608 1577
608 1548
609 1584
609 611
610 2295
611 630
611 624
612 615
612 613
612 616
613 614
613 1551
614 1584
614 1585
615 616
615 707
615 637
616 617
617 621
617 635
618 625
618 620
618 638
619 624
619 1438
619 626
620 622
622 639
623 1381
623 629
623 634
624 631
625 627
625 635
628 631
628 629
628 636
629 631
630 634
632 639
633 635
633 638
633 637
634 645
634 647
636 638
636 651
637 692
637 1487
639 1438
640 649
640 684
640 681
640 644
641 646
641 642
641 650
642 644
642 649
642 648
643 650
644 648
645 646
645 650
646 1403
647 654
647 658
648 654
651 1664
651 656
652 1678
652 673
652 1682
653 654
653 658
653 677
655 657
655 659
655 656
655 677
656 658
657 671
657 669
657 668
659 676
659 681
660 1300
660 2291
661 1413
661 662
661 666
662 666
663 665
663 1418
663 667
664 665
664 1413
664 667
668 2289
668 2290
669 674
669 1310
670 673
671 694
671 1960
672 1964
672 1962
672 674
673 1959
674 1408
675 676
675 685
676 682
677 683
678 679
679 682
679 684
680 682
681 683
683 1444
684 1404
686 1300
686 708
687 1442
688 1304
688 1692
689 1370
690 880
690 709
690 1692
691 693
691 694
691 1963
692 702
692 695
693 702
693 697
694 1962
695 706
695 698
696 705
696 700
696 701
697 704
697 699
698 704
698 700
699 702
699 704
700 703
701 703
701 705
703 880
705 706
706 846
707 848
707 846
708 709
708 873
708 1442
709 880
710 718
710 1071
710 1072
711 720
711 719
712 2154
712 726
712 1471
713 1391
713 1382
713 718
714 722
714 719
714 716
715 716
715 720
717 2037
717 1361
717 1362
718 1151
719 722
723 1151
724 2042
724 2401
724 2441
724 2406
725 2441
726 1781
727 729
727 728
727 1387
728 1781
728 729
729 1131
730 737
730 738
731 734
732 756
732 1102
732 2062
733 737
734 737
734 735
736 738
736 1102
739 756
740 755
741 756
741 742
741 751
742 748
742 746
743 1139
743 1636
743 747
744 752
744 757
745 750
745 1357
745 755
746 755
747 775
747 1136
749 754
749 758
749 2004
758 1139
759 763
759 1892
759 772
760 1774
760 2302
761 1894
761 762
761 1893
762 790
762 973
762 763
763 791
764 767
764 769
764 1639
765 2297
765 766
765 795
767 768
767 769
769 1796
770 1772
770 1639
770 772
771 773
772 1796
773 788
773 1643
774 1973
774 775
774 1137
775 1141
776 777
776 782
776 1973
777 779
778 1966
778 2091
779 1141
780 2004
780 1966
781 1986
781 1627
781 1137
782 783
782 1977
782 1973
783 2002
783 1974
784 787
785 786
788 1887
788 1890
789 796
789 793
789 825
790 792
790 794
791 794
791 1598
792 808
792 794
792 813
793 838
793 2298
796 808
796 807
797 802
797 804
797 801
798 802
798 799
798 801
799 806
799 809
800 825
800 805
800 803
801 804
802 807
803 805
803 814
803 1452
804 805
806 810
806 811
807 1916
808 811
809 1917
809 810
810 812
811 1915
812 1894
814 818
814 819
815 2358
815 2361
816 817
816 2359
816 2361
818 820
818 819
819 820
820 2358
821 827
821 828
822 823
822 824
823 827
824 826
824 830
825 826
828 830
829 830
831 835
832 836
832 838
832 1435
833 1626
834 838
834 1435
835 840
835 1597
837 841
837 840
837 843
837 2313
839 840
841 2309
841 844
842 2313
842 2314
845 1330
846 849
847 1188
850 2271
850 1260
850 852
851 2274
851 852
851 1518
852 2272
853 1260
853 863
853 2271
854 876
854 872
854 1518
854 873
855 861
855 2269
855 2270
856 871
856 860
857 1260
857 953
857 1441
858 2272
858 860
858 868
859 862
860 2269
861 871
861 2274
862 863
863 868
864 869
865 867
866 869
867 869
867 868
870 871
872 873
872 875
874 876
876 877
878 881
878 883
879 886
879 887
879 881
881 888
882 884
882 1844
882 885
883 1819
883 888
883 903
884 891
884 1844
885 1819
885 891
886 889
886 957
887 888
887 904
890 891
892 893
892 1013
892 1850
893 1844
893 1855
894 906
895 1424
895 916
896 917
897 936
897 1440
897 910
898 912
898 905
898 903
899 1411
899 917
899 915
900 905
901 909
901 908
901 927
902 915
902 931
902 911
903 910
903 944
904 1411
904 914
905 912
906 936
906 929
907 1423
907 918
907 923
908 933
908 1421
910 1440
912 1411
913 915
913 918
913 920
914 918
914 923
916 1421
917 1440
919 928
920 933
920 1423
921 944
921 939
921 936
922 932
922 941
922 929
923 1424
923 925
924 935
924 946
924 947
926 929
926 945
926 933
927 928
927 930
928 945
932 935
932 939
934 940
935 937
937 940
937 938
938 2454
938 946
939 943
940 943
941 942
941 945
943 944
946 1537
947 949
947 1576
948 2454
948 1538
948 1542
949 950
949 955
950 983
950 956
951 953
951 1364
952 953
952 957
952 1368
952 1936
953 1367
954 1365
954 957
954 994
955 1365
955 956
956 1938
957 1368
958 968
959 963
960 962
960 964
960 970
961 1205
962 970
963 1030
963 965
964 967
964 1878
965 1308
965 1846
966 1205
966 1587
966 1553
967 1011
967 1306
968 1131
969 2149
969 2263
970 971
971 1863
972 973
974 1969
974 975
975 1650
977 1347
977 978
979 1105
979 2201
980 2201
981 2194
982 991
982 996
982 1934
983 999
983 986
984 989
984 1836
984 1938
985 986
985 992
985 991
986 1862
987 988
987 1862
990 1935
990 992
990 1926
991 1003
992 999
993 994
993 1939
993 1600
994 1490
995 1004
995 1312
995 1009
996 1877
997 1001
997 1009
997 1312
998 999
1000 1008
1000 1002
1001 1108
1001 1443
1002 1443
1003 1925
1003 1930
1004 1010
1004 1016
1005 1007
1005 1928
1005 1925
1006 1927
1006 1861
1008 1008
1009 1012
1010 1029
1010 1012
1011 1029
1011 1012
1013 1849
1013 1230
1013 1014
1014 1024
1014 1874
1015 1847
1015 1018
1015 1020
1016 1860
1016 1017
1017 1856
1017 1858
1018 1369
1018 1848
1019 2308
1019 2305
1019 2307
1020 1575
1020 1197
1021 1445
1021 1022
1021 1023
1022 1575
1022 1599
1024 1874
1024 1875
1025 1849
1025 1846
1025 1466
1026 1028
1026 2452
1026 1845
1027 1030
1029 1810
1031 1034
1032 1035
1033 1036
1034 1035
1037 1704
1039 1040
1041 1042
1044 1045
1046 1620
1047 1814
1049 1050
1050 2173
1051 1223
1052 1053
1055 2474
1056 2473
1057 1058
1057 1702
1059 1060
1061 1062
1063 1064
1065 1066
1067 1068
1069 1070
1071 2314
1071 1072
1072 1073
1074 1075
1075 1076
1075 1900
1076 2016
1077 1156
1077 1082
1077 1083
1078 1080
1079 1902
1080 1151
1081 1083
1082 1085
1082 1092
1083 1095
1084 1905
1085 1902
1086 1094
1086 1091
1086 1089
1087 1700
1087 1913
1088 1882
1088 1522
1088 1089
1089 1093
1090 1882
1090 1447
1091 1095
1092 1885
1093 1700
1093 1094
1094 1158
1096 1097
1096 1098
1096 1592
1097 1156
1097 1591
1098 1589
1098 1158
1099 1595
1100 1589
1100 1595
1100 1593
1101 1103
1101 1104
1101 2063
1102 1103
1103 1104
1104 2064
1106 2280
1107 1808
1107 2075
1107 1807
1108 1881
1109 1110
1110 1111
1112 1494
1113 1701
1113 1608
1113 1511
1114 1493
1114 2124
1114 2125
1115 1949
1115 1116
1116 1117
1116 2469
1117 1511
1117 1655
1118 1608
1119 1120
1120 1122
1120 1150
1121 1124
1122 1125
1122 1333
1123 1124
1123 1125
1126 1127
1126 1128
1126 1773
1127 1129
1128 1130
1129 1790
1131 2306
1132 1623
1132 1281
1132 1149
1133 1623
1134 1140
1135 1138
1135 1140
1135 1627
1136 1137
1138 1996
1139 1636
1140 1986
1140 1993
1141 1970
1142 1227
1143 1144
1143 1392
1144 1145
1146 1272
1146 1271
1147 2125
1147 1268
1147 1270
1148 1149
1149 2124
1152 1153
1152 2309
1152 1155
1154 1155
1155 2309
1156 1900
1157 1905
1157 1619
1160 1162
1160 1165
1160 1161
1161 1163
1161 1169
1162 1163
1162 1164
1163 1167
1164 1165
1164 1168
1165 1166
1166 1171
1166 1168
1167 1709
1167 1169
1168 1170
1169 2166
1170 1171
1170 1174
1171 1172
1171 1173
1172 1175
1172 1173
1173 1174
1173 1176
1174 1177
1174 1178
1178 2180
1178 2181
1179 2180
1179 2181
1179 1181
1180 1181
1180 2181
1180 1817
1181 1622
1182 2146
1182 2162
1183 1360
1184 1185
1185 1187
1186 1187
1186 1188
1187 1188
1189 1190
1189 1337
1189 1191
1190 1193
1190 1191
1191 1192
1192 1194
1192 1261
1193 1195
1194 1261
1194 1195
1196 1198
1196 1233
1196 1203
1197 1198
1198 1234
1199 1202
1199 1200
1199 1201
1200 1202
1200 1870
1202 1204
1203 1232
1203 1204
1204 1445
1204 1875
1206 1207
1206 1921
1206 1920
1207 1208
1208 1209
1208 1865
1209 1392
1209 1694
1211 1213
1211 1690
1212 1213
1213 1215
1214 1296
1214 1215
1216 1218
1216 1217
1216 1222
1217 1218
1217 1222
1218 1220
1218 1219
1219 1221
1220 1222
1220 1221
1223 1224
1223 1715
1224 2128
1225 2129
1225 1226
1225 2128
1227 2448
1228 2447
1229 2448
1229 2451
1230 1232
1230 1231
1232 1875
1233 1876
1233 1234
1234 1876
1235 1236
1237 1238
1240 1242
1240 1245
1240 1256
1241 1244
1241 1249
1242 1249
1243 1244
1243 1257
1243 1255
1244 1256
1245 1255
1245 1257
1246 2066
1247 1812
1247 1816
1247 1248
1249 1256
1249 2066
1250 1812
1251 1815
1251 2192
1251 1252
1252 2184
1253 1254
1255 1258
1255 1257
1256 1257
1259 1566
1259 1922
1261 1262
1262 1275
1262 1287
1262 1266
1264 1266
1264 1265
1264 1605
1266 1267
1268 1271
1268 2114
1269 1273
1269 1270
1269 1272
1270 2114
1270 1272
1271 2114
1272 2114
1273 1274
1274 1275
1274 2111
1275 2276
1276 1277
1276 1695
1276 1607
1277 1278
1277 1838
1278 1515
1278 1610
1279 1280
1279 1283
1279 1286
1280 1837
1280 1516
1281 1283
1281 1285
1282 1285
1282 1284
1282 1286
1283 1286
1284 1501
1284 1285
1285 1286
1288 1289
1289 1290
1290 1291
1291 1292
1291 1293
1292 1294
1292 1293
1294 2127
1297 1298
1298 1299
1298 1305
1299 1602
1300 1301
1301 1302
1301 1304
1302 1304
1302 2291
1302 1303
1303 1304
1303 2291
1306 1308
1306 1307
1307 1308
1307 1571
1309 1310
1310 1311
1312 1860
1313 1429
1314 1331
1315 1331
1315 1319
1316 1318
1317 1319
1317 1323
1317 1318
1318 1321
1320 1322
1322 1326
1322 1324
1325 1326
1326 1327
1328 1432
1328 1429
1329 1330
1331 1332
1334 2007
1334 1950
1334 1335
1335 2009
1336 2009
1337 1824
1337 1338
1338 1822
1338 1823
1339 1340
1341 1342
1343 1650
1343 1344
1344 1345
1345 1346
1347 1348
1348 1348
1349 1350
1351 1352
1351 1965
1353 1354
1353 1638
1355 1356
1355 1636
1355 1637
1356 2089
1356 1970
1358 1906
1359 1412
1361 1394
1361 1362
1365 1366
1368 1492
1369 2307
1371 1372
1372 1923
1372 1391
1373 1374
1374 1376
1374 1375
1375 1377
1376 1378
1376 1377
1379 1380
1382 1387
1382 1536
1383 2485
1383 1817
1384 1386
1385 1386
1386 1387
1388 1389
1388 2179
1388 2178
1389 2178
1390 1530
1390 1923
1390 1531
1391 2039
1392 1393
1393 1393
1394 1394
1395 1428
1396 1428
1396 1397
1396 1398
1397 1399
1398 1400
1399 1401
1400 1601
1401 1402
1406 1407
1409 1410
1410 2280
1414 1415
1415 1417
1416 1417
1417 1690
1418 2152
1419 1420
1421 1422
1422 1423
1422 1424
1425 1426
1427 1428
1429 1430
1431 1432
1432 1433
1435 1626
1436 1438
1436 1437
1436 1439
1441 1442
1441 1519
1445 1446
1447 1884
1448 1457
1448 1450
1449 1450
1451 2460
1451 1453
1451 2456
1452 1454
1452 2456
1453 1455
1453 1454
1454 1455
1455 1456
1457 1565
1458 1459
1458 1914
1459 1460
1459 1570
1460 1918
1460 1461
1461 1532
1461 1462
1462 1533
1462 1895
1463 1852
1464 1850
1464 1856
1464 1465
1464 1855
1465 1852
1465 1851
1467 1468
1467 1469
1468 1469
1469 1470
1471 1473
1471 1782
1472 1477
1473 1474
1473 2154
1474 1475
1474 1479
1475 1479
1475 1476
1476 1481
1476 1482
1477 1485
1477 1478
1478 1483
1478 1480
1479 1481
1480 1484
1481 1482
1482 1485
1483 1484
1483 1485
1486 1487
1487 1961
1489 1490
1490 1492
1491 1492
1493 1494
1493 1495
1494 1496
1497 1498
1498 1834
1498 1843
1499 1514
1500 1501
1501 1503
1501 1514
1502 1833
1504 1655
1504 1660
1504 1662
1505 1506
1505 2470
1505 1611
1506 1794
1507 1508
1508 1509
1510 1511
1512 1515
1513 1514
1515 1516
1516 1831
1517 1518
1520 1587
1520 1521
1523 1524
1524 1535
1524 1525
1525 1881
1526 1527
1527 1528
1528 1530
1529 1530
1533 1895
1539 1540
1539 1541
1540 1543
1540 1542
1542 1819
1544 1545
1545 1547
1545 1546
1547 1548
1547 1549
1548 1550
1549 1550
1552 1553
1553 1588
1554 1555
1554 1556
1554 1911
1555 1558
1557 1558
1558 1560
1559 1560
1560 1561
1562 1566
1563 1866
1564 1568
1565 1569
1567 1866
1567 1568
1567 1922
1569 1698
1569 1697
1572 1573
1574 1575
1577 1578
1577 1581
1578 1579
1578 1580
1579 1582
1583 1584
1586 1587
1589 1590
1594 1595
1596 1597
1604 1605
1605 1824
1608 1609
1611 1612
1611 1613
1615 1616
1617 1618
1618 1619
1620 1621
1622 1941
1624 1625
1625 1626
1627 1995
1628 2044
1628 2043
1628 2485
1629 2043
1630 1631
1631 1632
1631 1635
1632 1635
1632 1633
1633 1634
1634 1637
1635 1637
1638 2085
1638 2077
1638 2078
1639 1640
1640 1641
1640 1642
1642 1643
1642 1898
1643 1898
1644 1778
1645 1646
1647 1969
1648 1649
1649 1650
1649 1969
1651 1657
1652 1653
1652 1655
1654 1659
1656 1659
1657 1662
1657 1658
1659 1661
1660 1661
1660 1662
1661 2470
1664 1665
1664 2286
1665 1666
1665 1667
1666 1667
1666 1669
1667 1668
1668 1669
1668 1670
1669 1671
1670 1672
1670 1671
1671 1673
1672 1674
1672 1673
1673 1675
1674 1675
1674 1676
1674 2287
1675 1677
1676 1677
1676 1680
1677 1681
1678 1680
1678 2288
1679 1681
1680 1682
1680 1681
1681 1682
1683 1684
1683 1689
1683 2117
1684 2118
1684 2117
1685 1686
1686 2116
1686 1687
1686 1688
1687 1689
1688 2121
1688 2122
1689 2115
1690 1691
1691 1691
1693 1815
1694 1920
1695 1696
1695 2278
1699 1913
1699 1700
1703 1705
1704 1705
1705 1706
1707 1708
1709 1710
1710 1711
1711 1713
1711 1714
1712 2128
1712 1713
1712 2139
1713 1715
1714 1715
1716 1718
1717 1718
1719 1720
1722 1723
1723 1724
1725 2183
1726 1727
1728 2182
1729 1730
1730 2101
1731 1733
1731 2101
1731 1732
1732 2101
1732 2100
1733 2103
1733 1767
1734 1742
1735 1736
1736 1738
1737 1738
1738 1742
1739 1741
1740 1741
1741 1742
1743 1744
1743 1767
1744 1764
1745 1746
1746 1771
1746 1770
1747 1751
1747 1771
1748 1750
1749 1750
1750 1751
1751 1770
1752 1753
1752 1768
1752 1754
1753 1765
1753 1766
1754 1755
1754 1756
1755 1758
1755 1765
1756 1757
1756 1769
1757 1762
1757 1760
1758 1759
1758 1760
1759 1766
1759 1761
1760 1761
1761 1763
1762 1763
1762 1764
1763 1764
1765 1766
1767 2102
1770 1771
1774 1776
1774 1796
1775 1777
1775 2300
1776 2299
1776 2301
1777 2301
1777 2302
1779 2322
1779 2315
1779 1780
1780 2315
1780 2316
1781 1782
1783 1786
1783 2319
1783 2323
1784 1787
1784 1784
1785 2323
1785 2325
1786 2320
1786 2324
1787 2324
1787 2321
1788 1789
1788 1826
1788 1791
1789 1790
1789 1791
1789 1795
1791 1828
1792 1795
1792 1793
1792 1794
1793 1795
1797 1805
1797 1804
1797 2017
1798 1799
1798 2342
1798 1800
1799 2417
1799 2415
1801 2109
1801 2034
1801 2031
1802 2340
1802 2032
1802 2033
1802 2108
1803 1805
1803 2022
1803 1804
1804 2021
1805 2345
1805 2110
1806 2327
1806 2030
1806 2032
1808 1809
1808 2069
1811 1812
1812 2066
1814 2260
1815 2190
1817 2199
1820 2326
1820 2304
1821 1910
1821 1909
1825 1826
1826 1828
1827 1828
1831 1832
1832 1833
1833 1834
1835 1843
1835 1841
1836 1939
1836 1940
1839 1840
1840 1842
1841 1842
1842 1843
1845 1848
1845 1849
1846 1852
1847 1848
1847 1870
1849 1851
1850 1851
1853 1854
1854 1855
1854 1856
1857 1862
1857 1859
1857 1858
1858 1859
1859 1860
1863 1864
1866 1867
1868 1922
1868 1869
1868 1900
1870 1874
1871 1873
1871 1876
1872 1873
1878 1881
1878 1880
1879 1880
1882 1884
1883 1884
1886 1887
1887 1888
1889 1890
1890 1892
1891 1892
1895 1897
1896 1897
1898 2062
1899 1900
1901 1902
1903 1904
1904 1905
1904 1924
1907 2455
1907 1908
1907 2466
1909 1912
1910 1912
1911 1912
1915 1916
1917 1918
1918 1919
1925 1928
1926 1927
1927 1928
1929 1932
1929 1930
1929 1933
1930 1933
1931 1933
1935 1940
1936 1937
1938 1939
1941 1942
1943 1946
1944 1945
1945 1946
1946 1947
1948 2199
1949 1950
1951 1952
1952 1963
1952 1964
1953 1957
1954 1955
1955 1957
1955 1958
1956 1956
1956 1957
1958 1964
1959 1960
1959 1961
1960 1961
1962 1963
1965 1967
1965 1968
1966 2095
1968 2292
1970 1972
1970 1971
1971 1972
1971 2003
1974 2001
1974 1995
1975 1984
1975 1985
1976 1977
1976 1978
1977 1979
1978 1979
1978 1981
1979 1980
1980 1982
1980 1981
1981 1983
1982 1984
1982 1983
1983 1985
1984 1985
1986 1994
1987 1989
1987 1988
1987 1997
1988 1990
1988 1997
1989 1991
1989 1990
1990 1992
1991 1993
1991 1992
1992 1994
1993 1994
1995 1996
1997 1999
1998 1999
1999 2000
2001 2002
2004 2005
2005 2006
2005 2076
2007 2008
2009 2010
2011 2333
2011 2431
2012 2435
2013 2337
2013 2014
2013 2417
2015 2020
2015 2018
2015 2398
2016 2398
2016 2413
2017 2020
2017 2019
2018 2019
2018 2398
2019 2020
2021 2023
2021 2022
2022 2024
2023 2025
2023 2024
2024 2026
2025 2027
2025 2026
2026 2028
2027 2029
2027 2028
2028 2030
2029 2031
2029 2030
2031 2032
2031 2397
2033 2034
2035 2328
2035 2389
2035 2108
2035 2393
2036 2330
2036 2107
2036 2389
2037 2040
2037 2039
2038 2040
2039 2040
2041 2042
2041 2356
2043 2047
2044 2045
2045 2058
2045 2057
2046 2050
2046 2049
2046 2052
2047 2048
2047 2060
2048 2050
2048 2049
2049 2059
2050 2051
2051 2053
2051 2052
2052 2054
2053 2054
2053 2055
2054 2056
2055 2057
2055 2056
2056 2058
2057 2058
2059 2060
2061 2064
2062 2063
2063 2064
2067 2069
2067 2070
2068 2074
2068 2362
2068 2072
2069 2075
2070 2071
2072 2073
2073 2075
2074 2362
2078 2084
2078 2079
2079 2081
2079 2080
2082 2084
2082 2083
2083 2084
2085 2087
2085 2086
2087 2089
2087 2088
2089 2090
2091 2092
2091 2096
2092 2098
2092 2096
2093 2094
2093 2098
2093 2097
2094 2095
2096 2099
2097 2099
2098 2099
2100 2100
2102 2105
2102 2104
2102 2103
2104 2105
2106 2391
2106 2390
2106 2109
2107 2389
2107 2329
2108 2394
2109 2392
2110 2336
2110 2399
2111 2113
2111 2112
2115 2122
2116 2117
2116 2118
2118 2121
2118 2119
2120 2121
2123 2126
2123 2125
2123 2124
2124 2125
2129 2137
2129 2130
2130 2165
2130 2139
2131 2134
2131 2165
2131 2137
2132 2138
2132 2136
2133 2134
2133 2136
2133 2138
2134 2135
2135 2137
2135 2136
2139 2140
2141 2142
2142 2144
2143 2144
2145 2146
2147 2264
2148 2151
2148 2262
2149 2151
2149 2152
2150 2152
2150 2151
2150 2153
2154 2156
2155 2156
2156 2157
2158 2159
2158 2167
2159 2161
2160 2161
2161 2162
2162 2163
2164 2165
2164 2167
2164 2166
2166 2167
2168 2171
2169 2170
2169 2171
2169 2175
2170 2172
2170 2171
2172 2174
2172 2173
2176 2177
2185 2188
2186 2188
2187 2188
2189 2192
2190 2191
2190 2192
2195 2198
2196 2197
2197 2198
2199 2200
2201 2261
2202 2203
2204 2205
2204 2206
2204 2245
2205 2207
2205 2208
2206 2207
2206 2239
2207 2241
2208 2209
2208 2211
2209 2245
2209 2210
2210 2211
2210 2213
2211 2261
2212 2213
2212 2261
2212 2246
2213 2221
2214 2234
2214 2215
2214 2238
2214 2230
2215 2231
2215 2240
2216 2217
2216 2226
2216 2251
2217 2218
2217 2225
2217 2251
2218 2219
2218 2252
2218 2224
2219 2220
2219 2223
2219 2235
2220 2221
2220 2247
2220 2222
2221 2246
2222 2245
2222 2223
2222 2238
2223 2224
2223 2237
2224 2225
2224 2236
2225 2226
2225 2254
2226 2255
2227 2228
2227 2255
2227 2257
2228 2229
2228 2249
2228 2250
2229 2230
2229 2234
2229 2233
2230 2231
2230 2233
2231 2232
2232 2233
2232 2244
2233 2248
2234 2253
2234 2237
2235 2252
2235 2247
2236 2237
2236 2253
2237 2238
2238 2239
2239 2240
2240 2242
2241 2242
2241 2243
2242 2243
2243 2244
2244 2248
2246 2247
2248 2249
2249 2260
2250 2253
2250 2254
2251 2252
2254 2255
2256 2257
2257 2259
2258 2259
2259 2260
2262 2264
2262 2265
2263 2308
2263 2266
2264 2265
2265 2266
2266 2308
2268 2269
2271 2272
2273 2274
2273 2273
2275 2276
2276 2278
2277 2278
2279 2280
2281 2282
2283 2284
2284 2285
2286 2290
2286 2287
2287 2288
2288 2289
2289 2290
2296 2298
2296 2297
2297 2298
2299 2300
2299 2301
2304 2326
2305 2306
2310 2312
2311 2312
2312 2313
2315 2317
2315 2316
2316 2319
2317 2318
2317 2322
2318 2320
2318 2319
2320 2321
2321 2322
2323 2324
2327 2340
2327 2343
2328 2329
2328 2340
2329 2330
2330 2331
2331 2341
2331 2388
2332 2382
2332 2338
2332 2364
2333 2334
2333 2419
2334 2420
2335 2366
2336 2345
2336 2342
2337 2442
2337 2420
2338 2363
2339 2379
2339 2378
2341 2365
2342 2442
2343 2345
2344 2346
2344 2385
2344 2365
2346 2364
2346 2382
2347 2349
2347 2348
2348 2349
2350 2355
2351 2352
2352 2356
2352 2353
2354 2355
2355 2356
2357 2358
2359 2360
2360 2361
2363 2378
2366 2379
2367 2373
2367 2368
2368 2370
2369 2370
2370 2372
2371 2372
2372 2373
2373 2374
2374 2375
2374 2380
2376 2377
2377 2382
2377 2381
2378 2381
2379 2380
2380 2381
2383 2385
2384 2385
2386 2388
2387 2388
2391 2393
2391 2392
2392 2394
2393 2394
2395 2397
2396 2397
2400 2401
2401 2403
2402 2403
2403 2404
2405 2405
2405 2406
2406 2424
2407 2408
2408 2409
2408 2424
2410 2421
2411 2415
2412 2414
2413 2414
2414 2415
2416 2417
2418 2420
2418 2419
2418 2422
2419 2425
2421 2423
2421 2422
2422 2423
2423 2424
2426 2430
2427 2429
2428 2429
2429 2430
2430 2431
2431 2432
2432 2433
2433 2435
2434 2435
2436 2440
2437 2439
2438 2439
2439 2440
2440 2441
2443 2444
2443 2445
2443 2447
2446 2447
2448 2449
2450 2451
2453 2454
2455 2458
2455 2467
2456 2467
2457 2458
2458 2459
2460 2462
2461 2464
2462 2463
2462 2464
2464 2465
2467 2468
2470 2471
2472 2481
2475 2476
2476 2479
2477 2479
2477 2478
2479 2480
2481 2482
2486 2487
