0 1454
0 2152
0 1472
1 1222
1 1086
1 493
2 3
2 1171
2 925
2 1577
3 56
3 925
4 926
4 1500
4 1501
5 1498
5 93
5 238
6 928
6 2139
6 28
6 1231
7 8
7 928
7 1274
8 32
8 9
9 32
9 924
10 1006
10 1005
10 311
10 308
11 12
11 905
11 57
12 162
12 165
13 49
13 348
13 483
13 603
14 2074
14 1358
14 484
15 1563
15 1566
15 1333
16 2310
16 1562
16 135
16 1566
17 208
17 472
17 137
17 470
18 129
18 206
18 207
19 20
19 1839
19 1143
20 2277
20 2274
20 476
21 303
21 412
21 2274
21 376
22 1105
22 29
22 30
23 1046
23 1051
23 1365
24 850
24 839
24 220
24 854
25 41
25 853
25 2100
26 27
26 389
26 84
27 2094
27 78
28 84
28 78
29 2069
29 31
30 2030
30 326
31 1384
31 326
32 36
33 1243
33 34
33 236
34 236
34 2095
35 1612
35 235
35 112
36 241
36 488
37 2100
37 842
37 42
38 532
38 527
38 200
39 235
39 1239
39 113
39 1230
40 1240
40 1231
40 1238
41 318
41 300
42 45
42 300
43 616
43 1820
44 838
44 317
44 2097
45 46
45 840
46 2097
46 2098
47 562
47 369
47 1438
48 322
48 608
48 50
48 602
49 353
49 1367
50 322
50 594
50 1371
51 1610
51 506
52 489
52 1571
53 1726
53 339
53 2091
54 2033
54 1736
54 1992
55 1209
55 1501
55 1172
56 1172
56 1501
57 61
57 60
57 311
58 550
58 101
59 554
59 101
60 502
60 509
61 156
61 157
62 2187
62 901
62 888
63 1076
63 888
63 378
64 2182
64 890
64 882
65 531
65 539
65 520
66 539
66 67
66 531
67 525
67 534
68 525
68 529
68 1059
69 1058
69 71
69 1062
70 534
70 1062
70 829
71 1064
71 829
72 682
72 73
73 690
73 74
74 1913
74 1911
74 385
75 686
75 276
75 76
75 1911
76 1513
76 713
77 274
77 742
77 738
78 1274
79 80
79 217
79 177
80 1323
80 1160
81 1767
81 1980
81 1766
82 90
82 127
82 1335
82 138
82 1766
83 1983
83 190
83 1559
83 175
84 85
85 86
85 389
86 936
86 87
86 934
87 88
87 934
87 935
88 389
88 933
89 774
89 2218
89 777
89 189
90 1977
90 125
90 227
91 2249
92 181
92 532
92 2105
93 238
93 1480
94 797
94 1197
94 1135
95 347
95 2110
95 1098
96 1098
97 107
97 1267
97 99
98 1089
98 1703
99 106
99 163
100 1592
100 1704
100 509
101 552
102 150
102 1702
102 1075
102 1270
103 144
103 792
103 1096
103 796
104 1090
104 1096
104 1702
105 902
105 1089
105 1268
106 107
106 108
107 903
108 109
108 903
109 499
109 110
110 164
110 502
111 1271
111 1250
111 912
112 143
113 2095
113 2126
114 1207
114 287
114 926
114 1590
115 916
115 1218
115 917
115 1203
116 120
116 119
116 117
117 412
117 118
118 345
118 119
119 482
120 303
120 992
120 412
121 1144
121 1839
121 122
122 123
122 469
123 128
123 1966
123 1960
124 1966
124 125
124 132
125 126
125 228
126 127
126 1332
127 136
128 205
128 129
129 1144
130 1071
130 2293
130 2299
130 303
131 551
131 1072
131 475
132 1332
132 134
132 205
133 2311
133 136
133 477
134 1338
134 210
135 138
135 2311
136 471
137 208
137 480
138 1564
139 1241
139 233
139 141
140 142
140 166
140 1631
141 166
141 1331
142 143
142 1056
143 237
144 409
145 229
145 146
145 560
146 2182
146 555
147 196
147 560
147 555
148 895
148 149
148 883
149 150
149 611
150 899
151 377
151 883
151 152
152 411
152 1072
153 157
153 2184
153 306
153 284
154 155
154 896
154 158
155 905
155 156
156 1967
157 901
158 162
158 159
159 908
159 160
160 1270
160 375
161 164
161 165
161 162
163 375
163 164
165 365
166 1336
166 1562
167 1023
167 1011
167 1816
168 169
168 1816
168 1594
168 178
169 170
169 174
170 174
170 171
171 172
171 173
172 173
172 1817
173 174
175 204
175 225
176 1981
176 1080
176 1320
177 874
177 1981
177 1319
177 1323
178 1549
178 1021
179 1597
179 1549
179 1010
180 1011
180 1597
180 1816
180 1815
181 522
181 200
182 319
182 834
182 183
183 953
183 845
183 2108
184 185
184 187
184 858
184 1640
185 866
185 2198
185 2194
186 1622
186 839
186 319
187 851
187 223
187 221
188 193
188 1323
188 302
189 1692
189 862
189 1305
190 212
190 224
191 1287
191 778
191 192
192 1305
192 1303
192 774
192 1639
193 1324
193 1296
193 1312
194 874
194 877
194 868
195 872
195 1308
195 855
196 1346
196 1345
197 198
197 2049
197 1812
198 199
198 1815
199 1812
199 2103
200 522
201 1347
201 202
201 2288
202 1964
202 204
203 227
203 226
203 1634
204 226
205 206
206 210
207 1148
207 472
208 209
209 477
209 210
211 224
211 978
211 212
211 213
212 213
213 214
214 1080
214 1983
214 1985
215 849
215 865
215 867
216 217
216 218
216 1160
217 868
218 219
218 301
219 870
219 220
220 222
220 301
221 222
221 856
221 1693
222 223
223 850
223 1640
224 225
224 342
225 1354
226 228
227 1079
228 1965
229 1631
229 1352
230 1490
230 1489
230 1335
231 938
231 934
231 1342
232 1561
233 1333
233 1561
234 1241
234 2261
234 934
235 2261
236 936
237 1630
237 1204
238 239
238 1215
238 1498
238 1480
239 1590
239 1204
240 1833
242 249
242 653
242 670
242 1837
243 271
243 669
243 653
244 2081
244 247
244 253
245 2084
245 2083
245 248
246 248
247 255
247 1087
248 1699
249 271
249 2087
250 271
250 251
250 270
251 253
251 1699
252 255
252 265
252 263
253 254
254 255
254 256
256 1189
256 1188
257 2077
257 2075
257 1081
257 1474
258 1455
258 260
258 1460
259 1460
259 261
260 261
260 262
261 265
262 1082
262 1084
263 1188
263 273
264 273
264 266
264 1574
265 1573
266 1448
266 763
266 1463
267 669
267 671
267 697
267 673
268 1179
268 1184
268 697
268 1958
269 2169
269 751
269 1511
269 2167
270 1189
270 1179
272 687
272 1182
272 521
273 1182
273 1507
274 772
274 693
275 277
275 694
275 680
276 694
276 1512
277 751
277 694
278 493
278 770
279 285
279 1930
279 284
280 294
280 290
280 281
281 291
281 284
282 285
282 284
282 1232
283 1008
283 1005
283 1007
285 1232
286 289
286 294
286 290
287 295
287 292
288 1929
288 1232
288 1591
289 297
289 293
290 299
291 294
291 292
292 1006
293 296
293 298
295 1178
295 298
295 1175
298 1174
299 2303
299 1930
300 2179
301 1160
301 302
302 1693
304 310
305 1224
305 1207
305 310
306 1005
306 307
307 313
307 311
308 312
308 309
309 310
309 1918
314 646
314 1809
314 338
315 842
315 2101
315 953
315 319
316 1016
316 373
316 786
316 789
317 840
317 2102
318 865
318 2179
320 321
320 951
320 980
321 2136
321 1020
322 1371
323 1417
323 567
323 331
323 333
324 576
324 1420
324 569
325 1519
326 2248
327 1518
327 1519
327 588
328 1053
328 1054
328 1045
329 1360
329 1396
329 606
329 330
330 1372
330 610
331 570
331 567
332 574
332 569
332 587
332 1432
333 1529
333 578
333 1364
334 1432
334 1436
334 594
334 1425
335 1431
335 1425
335 1433
336 353
336 607
336 1355
337 1364
337 1371
337 791
338 1201
338 787
339 1491
340 506
340 1732
340 505
341 574
341 1557
341 1004
342 1567
342 572
342 1974
343 445
343 344
343 1567
344 478
344 424
344 376
345 410
345 1426
346 1926
346 1668
346 1134
347 348
347 353
348 351
349 793
349 355
349 615
350 1922
350 395
350 1926
351 609
351 352
352 483
352 484
354 398
354 1926
355 612
355 1077
356 361
356 365
356 359
357 364
357 362
357 360
358 1260
358 362
359 1254
359 363
360 365
360 361
361 364
362 364
363 502
363 1264
366 369
366 2268
366 370
367 370
367 368
367 1415
368 370
368 369
371 1415
371 1968
371 1416
372 374
373 1017
373 1014
374 1014
374 1987
375 1270
376 463
377 378
377 884
378 1579
379 1128
380 1947
380 1949
380 1946
381 1603
381 1602
381 679
382 386
382 387
382 1908
383 1600
383 1602
383 384
384 1600
384 1300
385 1637
385 661
386 661
386 1909
387 1603
387 1696
388 2094
388 487
388 2093
390 1922
390 403
390 400
391 398
392 395
393 396
393 402
393 404
394 397
395 398
396 403
396 405
397 406
397 401
399 407
399 405
399 402
401 404
401 403
402 408
404 406
405 792
406 408
410 463
410 412
411 1070
411 992
413 2289
413 416
413 456
413 454
414 444
414 442
414 455
414 445
415 455
415 440
415 425
416 433
416 447
417 443
417 462
417 454
418 458
418 455
418 451
419 459
419 439
419 427
419 434
420 1004
420 442
420 461
421 434
421 460
421 2289
422 457
422 439
422 464
422 436
423 427
423 441
423 459
424 457
424 449
424 444
425 462
425 438
426 435
426 437
426 446
427 464
428 441
428 430
428 433
428 1157
429 457
429 435
429 446
430 435
430 449
431 437
431 446
431 464
432 465
432 448
432 457
433 453
433 1156
434 456
436 455
436 440
436 458
437 441
438 443
438 439
438 440
439 460
441 464
442 462
443 450
444 448
445 1004
445 466
447 461
447 1153
447 452
448 451
449 463
450 460
450 2290
451 465
452 1435
452 1428
453 459
453 456
454 2290
454 461
458 465
466 572
466 580
467 1333
467 468
467 1565
469 2288
469 473
470 1350
470 1346
471 477
471 1338
472 2298
473 479
473 1839
474 1150
474 1761
474 2291
475 2299
475 1102
476 2301
476 1759
477 480
478 2281
478 1970
479 2281
479 1971
480 2310
481 485
481 484
481 483
481 482
482 603
486 1275
486 1483
486 2086
487 1482
487 488
488 1482
489 2181
489 2180
490 503
490 1939
490 509
491 1092
491 912
491 1247
492 495
492 505
492 506
493 2076
493 1082
494 1572
494 1611
495 508
495 2180
496 503
497 559
498 1263
498 502
498 2309
499 904
499 1248
500 1262
500 2309
500 1248
501 2010
501 1920
501 1939
503 2010
504 505
505 2008
507 556
507 1592
507 559
509 1092
510 1384
511 702
511 724
511 704
512 828
512 520
512 523
512 1199
513 821
513 812
513 561
514 1689
514 1062
514 515
515 831
515 1063
515 519
516 517
516 826
516 806
517 824
517 807
518 1716
518 815
519 1741
519 1066
520 524
521 752
521 750
522 1825
522 527
523 1198
523 530
524 537
524 530
524 539
525 534
526 1578
526 1664
526 535
527 2108
528 535
528 1103
528 1665
529 533
529 1578
530 954
531 1951
532 2106
533 536
533 537
535 1633
536 959
536 537
538 959
538 949
538 1624
540 547
540 1377
540 1394
541 544
541 1052
541 791
542 1409
542 546
543 578
543 547
543 1002
544 1410
544 1055
545 1410
545 548
545 1414
546 1414
547 1356
548 1363
548 1376
549 554
549 553
550 557
550 558
551 555
551 1346
552 2181
552 557
552 554
553 559
553 556
554 556
557 558
560 1345
561 826
561 817
562 574
562 587
563 1974
563 566
563 973
564 570
564 989
564 565
564 579
566 584
566 1972
567 1518
568 576
569 583
570 577
571 578
572 584
573 1002
573 596
573 1408
575 581
576 586
580 581
580 1557
581 584
582 583
583 587
585 588
585 1523
585 1520
588 1522
589 1522
590 1520
591 1054
591 1043
591 1398
592 600
592 1575
592 1526
593 599
593 594
593 1362
595 1575
595 600
596 1003
596 597
597 1523
597 1003
598 1053
598 1406
598 1397
599 602
599 1362
600 1131
601 1527
602 605
603 605
604 1575
604 1524
605 1367
606 607
608 1381
608 610
610 1361
611 613
611 1373
612 615
612 614
613 614
613 1074
614 1373
615 1358
617 638
617 1754
617 2049
618 619
618 1744
618 633
619 1743
619 1058
620 1745
620 630
620 622
620 1751
621 1749
621 622
621 1751
622 1746
622 643
623 634
624 634
625 1748
625 639
625 645
626 635
626 2044
626 1752
626 1753
627 642
627 1748
627 639
628 2205
628 636
629 1556
630 1744
630 635
631 641
631 632
631 645
632 1746
632 633
633 1745
634 1555
635 1750
636 1553
636 637
637 642
637 643
638 2048
638 2046
639 642
640 1750
640 640
641 1555
641 1556
641 1632
643 644
643 1749
645 1747
646 1013
646 786
647 1328
647 788
647 1013
647 782
648 1068
648 2086
648 655
649 658
649 657
649 651
650 665
650 1909
650 660
650 661
651 670
651 656
652 668
652 674
652 672
653 668
654 674
654 658
654 1698
655 1837
655 2085
656 1697
656 658
659 1281
659 2086
659 1068
660 1698
660 671
660 664
662 1698
662 672
662 674
663 670
664 1908
664 1696
665 675
665 673
666 668
666 669
666 672
667 671
667 675
673 699
673 1913
676 677
676 678
676 679
677 679
677 1292
680 698
680 2176
681 684
682 688
682 1620
683 688
684 689
684 714
685 691
686 689
686 690
687 753
687 1511
688 691
689 690
691 696
692 700
692 1681
692 742
692 1676
693 1682
693 1614
695 698
695 1514
695 1504
696 714
696 702
697 699
698 2172
699 2167
700 1515
700 1514
701 709
701 706
701 731
702 704
703 705
703 711
703 710
704 1620
705 725
705 714
706 1517
706 741
707 710
707 711
707 715
708 711
708 729
709 735
709 710
712 734
712 738
712 1517
713 715
713 729
715 735
716 726
717 1636
717 719
717 732
718 732
720 728
720 730
720 727
721 1646
721 723
721 1636
722 739
722 1626
722 1625
724 1115
724 1907
725 1641
725 730
726 730
726 728
728 1124
728 1646
731 739
731 747
732 1904
733 748
733 734
734 737
735 746
736 747
736 749
736 741
737 741
737 749
738 743
739 744
740 749
740 745
740 748
742 1516
743 743
745 1462
745 1469
747 1113
750 761
750 1441
750 759
751 2171
752 1616
752 1682
753 1509
753 1582
754 1616
754 1582
754 1581
755 755
755 758
756 761
756 1441
756 762
757 1441
757 2147
757 759
757 758
758 2151
759 772
760 763
760 1451
760 768
761 1473
762 1451
762 771
763 767
764 1464
764 766
764 771
765 768
765 1439
765 766
766 771
767 1196
767 768
769 1648
769 1461
769 2077
770 2146
772 1462
772 1443
773 780
773 1294
773 774
775 776
776 944
776 1650
777 999
777 780
778 1290
778 1944
778 1133
779 944
779 1291
779 1300
780 781
781 1288
781 1290
782 784
783 786
784 788
785 787
787 1200
788 1327
790 1407
790 1400
791 1356
792 793
793 796
794 795
795 796
795 1073
797 1097
797 2074
798 1886
798 1878
798 1903
798 1882
798 1881
799 801
799 2121
799 804
800 1864
800 1840
800 1868
801 1029
801 2117
802 2066
802 2061
802 803
802 1891
803 1139
803 2069
804 2119
804 2225
804 1355
805 806
805 1742
805 1707
806 831
808 823
809 826
809 817
809 818
809 824
810 812
810 1201
810 814
811 820
811 821
811 823
812 822
813 1950
813 830
813 819
814 821
814 828
814 825
815 1719
815 818
816 823
817 818
819 1950
819 825
822 1201
823 827
824 1718
825 828
829 1059
830 1953
830 831
832 2105
832 1633
832 1027
832 2106
833 836
833 838
833 835
834 1824
834 1550
835 845
835 2107
836 980
836 843
837 838
837 846
837 2098
838 2102
839 847
840 848
841 853
841 854
841 2099
842 2101
844 2099
844 847
844 854
845 2102
845 848
846 1315
846 2098
848 2101
849 870
849 852
850 1640
851 1692
851 858
852 2260
852 863
852 867
853 865
855 1311
855 877
856 1692
856 1694
857 866
858 862
858 861
859 866
860 862
860 864
860 2215
861 2196
861 864
863 868
863 870
864 2195
867 1322
869 2258
869 1000
869 1322
871 1318
872 1318
872 1317
873 874
875 1001
875 876
876 982
876 877
878 879
878 1115
878 881
879 1122
880 881
882 1579
882 890
883 893
884 893
884 894
884 888
885 889
885 890
885 887
886 887
887 2184
888 1967
891 909
892 900
892 1967
892 896
893 895
894 895
894 1967
896 897
897 909
898 901
899 1933
899 908
902 1273
902 907
903 907
904 1250
904 907
905 906
908 1937
910 911
911 1253
911 912
913 1916
913 1917
913 915
914 917
914 918
914 916
916 1224
917 1227
918 919
918 1918
918 1917
920 2096
920 2036
920 922
921 1203
921 1208
921 1218
921 2096
923 1220
924 927
924 2032
925 1499
926 1500
927 928
927 1577
929 930
930 1650
930 1284
931 1245
931 935
931 932
932 1949
932 1245
933 1289
933 1280
935 940
935 1280
936 2095
937 1234
937 1230
937 1606
938 1337
938 940
939 940
941 1282
941 943
941 1650
942 944
945 1650
945 2192
945 1551
946 953
947 957
947 954
948 951
948 950
948 957
949 956
949 1578
950 960
950 956
951 1202
952 955
954 1690
955 957
955 958
956 964
958 1691
958 964
959 1691
960 961
961 1633
962 1690
963 964
965 988
965 970
965 969
966 980
967 985
968 977
968 979
968 972
969 1310
969 975
970 988
970 982
971 974
971 1478
971 973
972 981
972 977
973 978
973 1321
974 987
974 978
975 977
975 985
976 1316
976 1309
982 983
984 987
985 987
986 1309
986 1478
989 1002
989 990
991 997
991 998
991 993
992 996
993 996
993 997
994 997
994 995
994 1358
996 998
997 1357
998 1375
999 1279
999 2213
1000 1001
1003 1527
1004 1427
1006 1007
1007 1008
1008 1009
1011 1815
1011 1814
1012 1329
1012 1018
1012 1015
1013 1015
1013 1016
1014 1016
1014 1017
1015 2135
1016 1987
1017 1497
1018 1020
1019 1113
1019 1126
1019 1111
1019 1470
1020 1329
1022 1024
1022 1819
1023 1025
1023 1814
1024 1818
1025 1820
1025 1813
1026 2048
1026 2209
1026 2208
1027 2107
1027 2106
1028 1842
1028 1895
1029 2071
1029 2122
1029 2124
1030 2120
1030 2051
1030 1136
1031 1101
1031 1099
1031 2054
1031 2056
1031 2055
1032 1843
1032 2064
1032 1138
1033 1034
1033 1038
1033 1044
1034 1038
1034 1408
1035 1041
1035 1040
1035 1043
1036 2159
1036 1050
1036 1048
1037 1039
1037 1041
1037 1050
1038 1040
1039 1044
1039 1042
1040 1043
1041 1048
1042 1131
1042 1044
1045 1387
1045 1053
1046 2239
1046 2235
1046 2222
1047 1051
1047 2239
1047 1389
1048 1050
1048 1051
1049 1050
1049 1128
1049 1576
1051 1387
1052 1404
1052 1379
1053 1054
1054 1399
1055 1410
1055 1382
1055 1403
1056 1331
1056 1334
1057 1065
1057 1061
1057 1756
1058 1063
1058 1064
1059 1064
1060 1534
1060 1738
1060 1535
1063 1540
1064 1754
1065 1534
1065 1066
1067 1068
1069 1071
1069 1070
1069 1072
1070 1071
1071 1649
1073 2023
1073 2024
1074 2022
1074 2028
1075 2025
1075 2026
1076 2191
1076 2187
1077 2021
1077 2027
1078 2204
1078 2203
1078 2202
1079 1629
1079 2203
1080 2203
1081 1083
1081 2076
1081 2078
1082 1087
1083 1084
1083 1474
1084 1474
1085 1278
1085 2079
1085 2039
1086 2031
1086 1162
1087 2079
1088 1089
1088 1090
1089 1092
1090 1091
1090 1093
1091 1096
1091 1095
1093 1094
1097 2110
1097 1098
1099 1859
1099 1858
1099 1101
1100 2065
1100 1851
1100 1850
1100 1847
1101 1872
1101 1873
1102 1348
1102 2300
1102 1350
1103 1621
1104 1621
1105 2224
1105 2229
1105 1392
1106 1111
1106 1113
1106 2153
1107 1115
1108 1117
1109 1123
1109 1114
1109 1112
1110 1115
1110 1906
1111 1118
1111 1117
1112 1905
1112 1121
1114 1123
1114 1120
1116 1123
1117 2153
1119 1125
1119 1126
1120 1124
1120 2153
1124 1626
1127 1821
1127 1822
1127 1823
1128 1132
1128 1131
1129 1132
1129 2050
1130 1576
1132 1576
1133 1324
1133 1767
1134 1140
1134 1135
1135 1140
1135 1197
1136 2155
1136 1137
1137 2064
1137 1141
1138 2072
1139 2070
1139 2225
1139 2227
1140 2155
1141 2155
1141 2158
1142 1861
1142 2054
1142 2072
1142 1857
1143 1149
1143 1144
1145 1146
1146 2293
1146 1150
1146 2297
1147 1148
1148 1149
1149 2291
1150 2274
1151 2269
1151 1153
1151 2270
1152 1154
1152 1158
1152 1157
1153 1155
1154 1156
1154 1157
1155 2270
1155 1158
1156 1158
1159 1339
1159 1161
1161 1757
1162 1167
1162 1164
1163 1165
1163 1166
1164 1166
1164 1165
1165 1167
1167 1169
1168 1170
1168 1169
1169 1170
1171 1223
1171 1172
1173 1175
1173 1176
1173 1177
1173 1174
1174 1175
1175 1177
1177 1178
1178 1591
1179 1959
1180 1190
1180 1956
1180 1958
1181 1184
1181 2169
1181 1955
1182 1505
1183 1954
1183 1194
1183 1187
1184 1954
1185 1187
1185 1193
1185 1186
1186 1190
1186 1507
1187 1192
1188 1191
1189 1191
1190 1191
1192 1193
1192 1194
1193 1505
1194 1955
1195 1196
1196 1444
1197 2155
1198 1202
1198 1199
1199 1200
1200 1202
1203 2096
1204 1215
1205 1206
1205 1225
1205 1221
1206 1217
1206 1211
1207 1212
1208 1220
1209 1216
1209 1212
1210 1224
1211 1223
1211 1219
1211 1214
1212 1213
1214 1222
1214 1225
1215 1612
1216 1586
1216 1221
1218 1226
1219 1225
1219 1943
1221 1226
1222 1223
1225 1226
1227 1920
1227 1237
1228 1236
1229 1587
1230 1239
1231 1238
1232 1932
1233 1235
1234 1235
1234 1236
1235 1236
1238 1243
1239 2126
1240 1588
1240 1604
1241 1484
1242 1243
1244 1337
1244 1485
1244 2131
1245 1945
1246 1256
1247 1263
1247 1251
1248 1249
1249 1262
1249 1250
1251 1263
1251 1253
1252 1258
1252 1256
1252 1257
1253 1262
1254 1264
1254 1257
1255 1261
1255 1256
1255 1260
1257 1258
1258 1264
1259 1260
1265 1273
1266 1268
1267 1268
1267 1269
1271 1272
1271 1273
1275 1830
1275 1828
1276 1277
1276 1835
1276 2082
1277 2039
1277 2081
1277 1782
1279 1289
1279 1284
1280 1285
1281 1292
1281 1301
1282 1283
1282 1304
1283 1295
1283 1302
1284 1947
1284 1289
1286 1293
1286 1306
1286 1287
1287 1290
1287 1303
1288 1306
1288 1299
1292 1697
1293 1294
1293 1303
1294 1306
1294 1299
1295 1297
1295 2093
1296 1639
1296 1305
1298 1483
1299 1306
1300 1307
1308 2258
1308 1317
1309 1321
1310 1326
1310 1316
1311 2260
1311 2256
1312 1319
1312 1324
1313 1322
1314 2179
1315 1325
1317 1318
1321 1438
1327 1328
1329 1330
1331 1341
1332 1338
1335 2012
1337 1340
1339 1490
1339 1565
1340 1342
1340 2132
1342 1484
1343 1488
1343 1757
1343 1490
1344 1347
1345 1778
1347 1351
1347 2263
1348 1350
1348 1777
1349 1778
1350 1777
1351 1354
1352 2183
1352 1630
1353 2275
1353 2278
1353 1970
1355 1392
1356 1377
1357 1385
1357 1373
1359 1391
1359 1380
1359 1379
1360 1404
1360 1380
1362 1368
1364 1386
1365 2029
1366 1378
1366 1391
1366 1381
1367 1388
1369 1382
1369 1389
1369 1374
1370 1481
1372 1378
1372 1381
1374 1387
1374 1389
1376 1382
1376 1406
1377 1409
1378 1380
1379 1391
1383 1529
1383 1436
1383 1390
1384 2251
1384 2250
1389 1393
1390 1390
1392 1481
1394 1407
1394 1409
1395 1396
1396 1402
1397 1398
1400 1412
1400 1411
1401 1403
1403 1404
1405 1414
1406 1413
1406 1412
1408 1411
1411 1412
1415 1422
1416 1421
1416 1424
1417 1424
1417 1420
1418 1423
1419 1424
1419 1420
1419 1969
1421 1423
1425 1432
1426 1428
1426 1437
1427 1433
1427 1435
1428 1435
1429 1431
1430 1431
1432 1436
1433 1434
1439 1461
1440 1467
1442 1450
1443 2142
1443 1471
1444 1457
1444 1455
1445 1469
1445 1458
1445 1465
1446 1448
1446 1450
1446 1463
1447 1477
1447 1467
1447 1468
1448 1450
1449 1475
1449 1451
1449 1466
1452 1467
1452 2075
1452 1455
1453 1459
1453 1465
1453 1469
1453 1454
1454 1459
1456 1473
1462 1472
1463 1473
1464 1464
1465 1688
1467 1476
1469 1472
1470 1991
1470 1683
1479 1577
1479 1499
1479 1498
1480 1500
1481 2224
1482 1483
1484 2128
1485 1486
1485 1945
1486 1487
1486 2133
1487 1758
1487 1944
1488 1758
1488 1489
1489 2012
1491 1494
1491 1496
1492 1996
1492 1493
1492 2092
1493 1495
1493 1494
1494 2091
1495 1737
1495 1496
1496 1735
1499 1577
1502 1509
1502 1583
1502 1506
1503 1508
1503 1511
1503 1509
1504 2174
1504 1510
1505 1507
1506 1508
1506 1510
1508 1510
1512 1515
1512 1514
1513 1516
1513 1515
1516 1517
1518 1520
1519 1521
1521 1522
1521 1525
1522 1523
1524 1526
1525 1526
1525 1527
1528 1529
1528 1528
1530 1852
1530 1848
1530 1531
1532 1555
1532 1632
1532 1533
1533 1536
1533 1540
1534 1540
1535 1739
1535 1756
1536 1738
1536 1537
1537 1538
1537 1539
1539 1632
1539 1556
1541 1542
1542 1545
1542 1544
1543 1548
1543 1546
1543 1545
1544 1545
1544 1546
1546 1549
1547 1548
1547 1550
1550 2255
1551 1552
1551 1823
1552 2253
1552 2194
1553 1554
1553 1749
1557 1558
1559 1634
1559 1560
1559 1984
1561 1562
1563 1564
1563 1566
1564 1565
1567 1568
1568 1570
1568 2178
1568 2177
1569 1570
1569 2178
1571 1572
1573 1574
1576 2050
1577 1587
1579 1580
1582 1584
1583 1675
1583 1584
1584 1585
1587 2139
1588 1589
1588 2127
1589 1606
1589 1605
1589 2127
1590 1591
1593 1594
1594 1598
1595 1596
1596 1597
1596 1599
1600 1821
1601 1603
1601 1602
1606 1607
1607 1608
1607 1609
1610 1611
1612 1613
1614 1681
1614 1680
1615 1680
1615 1677
1615 1678
1616 1617
1617 1618
1617 1677
1619 1620
1622 1623
1622 2198
1626 1627
1628 1984
1629 1985
1629 1634
1630 1631
1635 1636
1638 1639
1642 1645
1643 1645
1644 1645
1644 1646
1644 1647
1651 2138
1651 1791
1651 1789
1652 1667
1653 1667
1654 1667
1654 1656
1654 1666
1655 1666
1657 1810
1657 1805
1657 1794
1658 2037
1659 2037
1660 2038
1661 2038
1662 1780
1663 2041
1664 1665
1666 1667
1666 2138
1668 1670
1668 1669
1669 1669
1670 1672
1670 2154
1671 1672
1672 1673
1674 1675
1675 1676
1676 1677
1679 1681
1680 1682
1683 1684
1684 1685
1685 1686
1686 1687
1687 1688
1689 1953
1689 1952
1690 1691
1693 1694
1694 1695
1696 1697
1699 1700
1699 2087
1701 1702
1703 1704
1704 1705
1706 1716
1706 1741
1706 1709
1707 1708
1707 1712
1708 1711
1708 1710
1709 1717
1709 1715
1711 1713
1711 1712
1712 1714
1713 1714
1713 1715
1714 1717
1715 1716
1717 1742
1718 1719
1720 1735
1720 1729
1721 1727
1721 1733
1722 1734
1722 1725
1722 1728
1723 1728
1724 1725
1725 1726
1726 1732
1727 1733
1727 1730
1728 1731
1729 1736
1730 1732
1730 1733
1735 1736
1736 1737
1737 1999
1738 1739
1739 1740
1741 1742
1744 1745
1745 1746
1746 1747
1747 1748
1750 1751
1753 1755
1754 1755
1757 2128
1757 2133
1758 1988
1759 1760
1759 1763
1760 1762
1760 2291
1761 1762
1761 1763
1762 1763
1764 2129
1765 1766
1765 1771
1765 1768
1767 2018
1768 1921
1768 1769
1769 1770
1769 1772
1769 1771
1770 2015
1770 1774
1770 1773
1771 1773
1773 2013
1775 2013
1775 2016
1775 1988
1776 2016
1777 2298
1778 1779
1780 2041
1780 1781
1781 1783
1781 2040
1782 1783
1782 2039
1783 1784
1784 2037
1784 2038
1785 1838
1786 1792
1786 1796
1786 1802
1787 1792
1787 1807
1787 1793
1787 1788
1788 1799
1788 1798
1789 1806
1789 1790
1790 1807
1790 1791
1791 1797
1792 1795
1792 1799
1793 1794
1793 1797
1794 1795
1795 1796
1795 1801
1796 1802
1797 1810
1798 1803
1798 1806
1799 1801
1800 1804
1800 1805
1800 1803
1801 1802
1801 1804
1803 1804
1804 1805
1806 1807
1807 1808
1809 2134
1809 2135
1810 1811
1811 2135
1811 2137
1812 2104
1813 1818
1813 1820
1813 1814
1814 1819
1816 1820
1817 1818
1817 1819
1821 1822
1822 2255
1823 2253
1824 2103
1824 1825
1825 2104
1826 1829
1826 1828
1826 1833
1827 1829
1827 1828
1827 1831
1829 1834
1830 2085
1830 1831
1831 1832
1832 2085
1832 1836
1833 1835
1834 2084
1834 1835
1836 2087
1836 1837
1838 2248
1840 1867
1840 1865
1841 1843
1841 1869
1841 1867
1842 1896
1842 1897
1843 1866
1844 1862
1844 1860
1844 1863
1845 1857
1845 1853
1845 2072
1846 2065
1846 1849
1847 1848
1847 2065
1849 1850
1849 1853
1850 1854
1850 1851
1851 1855
1851 1852
1852 1856
1853 1854
1854 1857
1854 1855
1855 1858
1855 1856
1856 1859
1857 1858
1858 1859
1860 2072
1860 1861
1861 1862
1862 1864
1863 1864
1863 1865
1865 1866
1866 1867
1868 1870
1868 1869
1869 1871
1870 2053
1870 1871
1871 2052
1872 1876
1872 1873
1873 1877
1873 1874
1874 1878
1874 1875
1874 2053
1875 2052
1875 1879
1876 1880
1876 1877
1877 1881
1877 1878
1878 1879
1879 1882
1880 1883
1880 1881
1881 1903
1882 1887
1883 2057
1883 1884
1884 2058
1884 1903
1884 1885
1885 1903
1885 2059
1885 1886
1886 2060
1886 1887
1887 2061
1888 1892
1888 2057
1888 1889
1889 1893
1889 2058
1889 1890
1890 2059
1890 1891
1890 2066
1891 2060
1892 1895
1892 1893
1893 1896
1893 1894
1894 2066
1894 1897
1895 1896
1896 1897
1898 2218
1898 2217
1898 1901
1899 1900
1900 2213
1900 2220
1901 1902
1901 2221
1901 2220
1902 2217
1902 2220
1902 2214
1904 1907
1904 1905
1905 1906
1906 1907
1908 1909
1910 1912
1911 1912
1912 1913
1914 1918
1914 1915
1914 1916
1915 1916
1915 1917
1919 1920
1921 2018
1921 2019
1922 1924
1923 1924
1924 1925
1927 1929
1927 2303
1927 1928
1928 2304
1928 1931
1928 2302
1929 1931
1930 2306
1931 1932
1932 2304
1933 1935
1933 1934
1935 1936
1935 1938
1939 1941
1940 1941
1941 1942
1944 1945
1946 1947
1946 1948
1948 1949
1948 1989
1950 1951
1951 1952
1952 1953
1954 1955
1956 1957
1956 1959
1957 1958
1957 1959
1960 1962
1960 1961
1961 1963
1961 1966
1962 1964
1962 1963
1963 1965
1964 1965
1970 1971
1971 2280
1973 1974
1975 1976
1976 1978
1976 1977
1977 1980
1979 2204
1979 1980
1979 2202
1981 1982
1983 1986
1984 1986
1985 1986
1988 2017
1989 2020
1989 1990
1990 2017
1990 2129
1992 1993
1992 1999
1993 1995
1993 1994
1996 2008
1996 1997
1997 2000
1997 2009
1998 1999
1998 2007
1998 2006
2000 2002
2000 2001
2001 2003
2001 2009
2002 2004
2002 2003
2003 2007
2004 2006
2004 2005
2006 2007
2008 2009
2010 2011
2012 2013
2013 2015
2014 2019
2014 2018
2014 2020
2015 2016
2015 2019
2016 2017
2019 2130
2020 2130
2021 2028
2021 2027
2022 2026
2022 2028
2023 2027
2023 2024
2024 2025
2025 2026
2029 2222
2029 2240
2030 2249
2030 2243
2030 2241
2031 2032
2031 2042
2032 2042
2033 2036
2033 2034
2034 2035
2034 2036
2040 2041
2040 2042
2043 2044
2044 2046
2045 2046
2047 2048
2049 2212
2050 2161
2050 2159
2051 2063
2051 2070
2052 2053
2052 2063
2053 2056
2054 2055
2055 2056
2057 2058
2058 2059
2059 2060
2060 2061
2061 2062
2062 2063
2062 2070
2063 2064
2066 2067
2067 2069
2067 2251
2068 2251
2069 2228
2070 2119
2071 2120
2071 2121
2073 2074
2075 2077
2076 2078
2077 2078
2079 2080
2081 2083
2082 2083
2082 2084
2088 2266
2088 2263
2088 2089
2090 2092
2091 2092
2093 2094
2097 2098
2099 2100
2103 2104
2105 2106
2107 2108
2109 2111
2109 2110
2109 2122
2111 2115
2111 2113
2111 2123
2112 2125
2114 2115
2114 2124
2114 2116
2115 2116
2116 2117
2117 2118
2119 2121
2120 2121
2122 2123
2123 2125
2124 2125
2126 2127
2128 2132
2129 2130
2131 2133
2131 2132
2134 2136
2134 2135
2136 2137
2137 2138
2139 2140
2141 2147
2142 2143
2142 2146
2143 2144
2143 2145
2144 2150
2144 2149
2145 2149
2145 2150
2146 2151
2147 2151
2148 2149
2149 2150
2150 2151
2156 2157
2156 2158
2157 2158
2159 2166
2160 2166
2160 2165
2160 2162
2161 2166
2161 2162
2162 2163
2163 2164
2164 2165
2165 2166
2167 2168
2168 2168
2169 2170
2170 2170
2171 2174
2171 2176
2172 2173
2172 2176
2173 2175
2173 2174
2178 2264
2180 2181
2182 2183
2183 2252
2184 2185
2185 2186
2185 2188
2186 2190
2186 2188
2187 2189
2188 2189
2189 2190
2189 2191
2190 2191
2192 2272
2192 2193
2193 2273
2193 2254
2194 2195
2195 2197
2196 2197
2198 2199
2199 2200
2199 2201
2202 2204
2205 2210
2205 2207
2206 2208
2206 2211
2206 2212
2207 2210
2207 2209
2208 2209
2210 2211
2211 2212
2213 2221
2214 2220
2214 2217
2215 2217
2215 2216
2216 2219
2216 2218
2218 2221
2222 2234
2223 2229
2223 2228
2223 2227
2224 2243
2224 2230
2225 2226
2226 2227
2226 2229
2227 2228
2228 2229
2230 2233
2230 2242
2231 2240
2231 2234
2231 2232
2232 2241
2232 2235
2232 2233
2233 2236
2233 2238
2234 2235
2235 2236
2236 2237
2236 2239
2240 2241
2241 2242
2242 2243
2244 2245
2244 2250
2244 2246
2245 2247
2247 2248
2247 2250
2248 2249
2253 2254
2254 2255
2256 2257
2256 2259
2257 2259
2257 2258
2259 2260
2261 2262
2263 2265
2264 2265
2264 2267
2264 2266
2265 2266
2269 2270
2269 2271
2275 2276
2275 2280
2276 2279
2276 2280
2277 2278
2277 2279
2278 2279
2281 2283
2282 2283
2282 2288
2282 2285
2283 2284
2284 2286
2284 2285
2285 2287
2286 2287
2289 2290
2292 2293
2293 2295
2294 2295
2295 2296
2297 2299
2297 2300
2298 2300
2302 2306
2302 2303
2304 2305
2306 2307
2308 2309
2310 2311
