0 4
0 2
0 32
1 7
1 17
1 6
2 9
2 32
3 6
3 4
3 5
4 46
5 338
6 7
7 9
8 10
9 10
10 11
11 12
11 14
12 13
12 14
14 15
15 16
18 279
18 544
18 298
19 548
19 547
19 549
19 551
20 543
20 541
20 544
21 366
21 530
21 532
22 518
22 517
23 173
23 480
23 478
24 360
25 574
26 292
26 296
26 49
26 47
27 361
27 278
27 100
28 66
28 56
28 511
29 86
29 414
29 449
29 451
30 31
31 32
31 45
33 527
33 518
33 363
34 298
34 282
34 283
35 38
35 629
36 37
36 57
36 540
37 38
37 544
38 281
38 284
39 635
39 527
39 636
40 41
41 50
41 49
41 618
42 45
43 46
44 49
45 48
46 47
47 48
48 292
50 109
50 293
51 53
51 294
51 52
54 68
54 67
54 55
55 193
55 490
56 67
56 66
57 632
58 60
58 62
58 65
59 64
60 62
61 64
62 68
63 67
63 65
63 69
64 65
66 490
68 621
70 73
71 73
72 74
72 73
72 75
75 83
75 297
76 81
77 372
77 388
77 335
77 334
78 611
79 123
79 333
79 336
80 96
81 82
81 84
81 83
83 84
84 188
85 198
85 207
85 445
86 616
86 455
86 106
87 88
87 91
87 426
88 457
88 424
89 423
89 90
89 312
90 310
90 91
91 205
92 476
93 94
93 463
93 462
94 99
94 95
95 96
95 474
96 98
96 431
97 431
97 443
97 439
98 467
98 439
99 454
99 458
100 575
100 360
100 102
101 103
101 102
101 359
102 103
103 607
104 454
104 198
104 471
104 449
105 189
105 188
105 186
105 185
106 108
106 107
108 611
108 391
109 110
111 113
111 313
111 112
111 310
112 311
112 114
112 155
113 114
113 115
113 304
114 153
114 116
115 116
115 119
115 178
116 182
117 178
117 118
117 121
118 179
118 119
118 122
119 120
119 134
120 182
120 135
121 122
121 132
122 129
122 133
123 124
123 302
124 218
124 300
125 127
125 301
125 126
125 313
126 314
126 128
126 132
127 128
127 140
127 300
128 136
128 141
129 130
129 180
129 138
130 181
130 145
130 134
131 140
132 136
132 133
133 137
133 138
134 147
134 135
135 148
136 143
136 137
137 139
137 144
138 139
138 145
139 146
139 142
140 141
140 162
141 143
141 161
142 151
142 144
143 144
143 160
144 159
145 146
145 147
146 152
146 149
147 149
147 148
148 150
148 153
149 150
149 154
150 157
150 156
151 159
151 152
152 154
153 157
153 155
154 163
154 156
155 158
155 173
156 164
157 158
157 169
158 174
158 170
159 160
159 163
160 165
161 162
161 167
162 171
162 168
163 165
163 164
164 166
165 166
165 167
166 169
167 168
167 169
168 170
168 171
169 170
170 172
171 172
171 175
172 175
173 174
174 193
175 176
177 513
177 512
177 510
178 179
179 180
180 181
181 182
183 185
183 186
183 190
184 190
184 480
184 185
186 187
188 189
189 476
190 479
191 338
191 194
191 192
193 194
194 479
195 447
196 197
197 199
197 198
200 204
201 206
202 206
202 204
202 203
203 207
203 205
204 205
206 207
208 417
209 417
209 419
209 415
210 219
210 215
210 243
211 218
211 262
211 213
212 253
213 253
213 254
214 622
215 619
215 227
216 229
217 622
217 220
217 221
218 622
219 221
219 243
221 224
222 224
223 224
223 226
223 225
227 233
227 235
228 234
228 619
228 231
229 239
229 236
230 622
230 242
230 232
231 237
231 232
232 238
233 239
233 234
234 242
235 237
235 240
236 238
236 240
237 241
238 241
239 240
241 242
243 255
244 255
245 262
245 563
245 261
246 250
246 247
246 248
248 251
248 620
249 251
249 250
249 257
250 251
252 620
252 253
252 259
254 619
254 255
256 258
257 259
257 258
258 260
259 260
260 261
261 620
262 560
263 562
263 265
263 267
264 267
264 265
264 268
265 271
266 560
266 270
266 268
267 270
268 561
269 271
269 561
269 560
270 562
271 562
272 273
273 361
273 274
275 349
275 344
275 357
276 358
276 608
276 341
277 278
277 608
277 358
278 549
279 547
279 545
280 545
281 533
281 282
282 283
282 284
283 284
285 286
285 288
285 443
287 427
287 289
287 429
288 430
288 428
289 290
289 429
291 362
292 295
293 294
293 295
294 295
298 299
300 301
300 302
301 303
302 303
302 422
303 625
304 308
304 314
305 310
305 313
305 306
305 312
306 307
306 308
307 312
307 309
308 309
309 311
310 311
313 314
315 426
315 429
315 425
316 317
316 318
316 321
317 319
317 331
317 610
318 319
318 320
319 332
320 322
320 345
321 324
321 322
322 323
323 344
323 325
323 324
324 326
325 328
325 326
326 327
327 330
327 328
328 329
329 332
329 330
330 331
331 332
333 334
333 418
333 336
334 335
334 378
335 336
336 566
337 338
339 341
339 349
339 340
340 342
340 343
341 342
343 349
343 344
345 358
345 353
346 353
347 354
348 350
349 350
350 354
350 352
351 356
351 352
351 357
352 355
353 354
353 355
354 355
355 356
356 357
359 459
359 360
360 361
361 362
362 548
363 366
363 367
364 365
364 367
365 370
365 371
366 370
367 368
368 369
369 370
372 391
372 379
373 395
374 414
374 412
374 394
375 421
375 627
375 625
376 394
376 421
376 377
376 386
377 451
377 420
378 386
378 624
379 380
379 389
380 382
380 387
381 387
381 393
381 413
383 389
383 401
383 404
384 388
384 387
384 392
385 390
386 413
387 413
388 402
388 389
389 390
390 391
393 404
393 403
394 395
395 410
395 405
396 409
396 399
396 401
397 398
398 403
398 410
398 406
399 412
399 402
399 406
400 403
401 402
402 407
403 407
404 407
405 411
405 409
406 411
406 407
408 410
409 412
410 411
411 412
414 626
415 416
416 447
416 417
417 627
418 422
418 624
419 420
419 627
420 626
421 624
421 626
422 625
423 477
423 425
425 628
425 426
426 430
427 428
427 442
428 430
428 429
431 433
432 436
432 438
432 434
433 436
433 442
434 443
434 445
435 441
436 440
437 441
438 440
438 441
439 440
440 441
442 443
444 445
445 446
447 448
449 452
450 452
451 452
452 453
454 455
455 456
458 465
458 459
459 463
460 465
460 461
460 462
462 463
462 464
464 465
464 466
467 471
467 469
468 469
469 474
469 472
470 472
471 472
472 473
473 475
473 474
476 477
477 480
478 479
478 480
481 491
481 492
481 490
482 493
483 485
484 491
485 495
485 494
485 491
486 487
487 499
487 492
488 501
488 489
488 493
492 495
493 495
495 496
496 502
496 499
496 501
497 507
497 509
497 508
497 506
498 500
499 505
499 500
500 504
500 501
501 503
502 506
502 503
502 505
503 507
503 504
504 508
504 505
505 509
506 507
506 509
507 508
508 509
510 514
511 513
511 514
512 513
512 514
515 516
516 525
516 519
517 525
518 519
519 522
520 521
521 522
521 524
522 523
525 526
528 530
528 541
528 531
529 541
530 541
530 542
531 533
531 532
532 533
532 534
533 535
535 539
535 540
536 537
536 646
536 539
537 538
537 632
537 633
538 630
538 632
539 648
540 647
543 551
543 554
543 544
545 546
547 548
549 550
551 552
553 555
553 554
555 556
556 557
557 564
557 558
558 563
558 559
560 561
561 562
563 621
564 567
564 569
565 570
566 569
567 568
567 569
567 570
569 570
571 597
571 600
571 599
572 578
572 584
572 582
573 574
573 578
573 577
574 575
575 576
578 586
579 580
580 582
580 581
582 585
583 584
583 587
583 585
584 585
587 589
587 588
589 593
589 590
591 595
591 593
591 592
593 594
595 597
595 596
597 598
600 602
600 601
602 604
602 603
604 606
604 605
607 614
607 615
608 615
609 617
609 610
609 612
610 611
612 614
612 615
613 617
614 616
616 617
621 623
624 625
626 627
630 644
630 631
632 647
633 634
633 644
634 635
634 650
636 642
636 637
637 642
637 638
639 642
639 643
639 641
640 641
641 642
644 645
646 648
646 647
648 649
