0 2728
0 4018
0 4032
1 2324
1 1458
1 1451
1 1161
2 1448
2 2737
2 2735
3 127
3 1436
3 2140
3 2730
4 3356
4 4098
4 2037
5 3679
5 4098
5 4097
5 4082
6 3765
6 3766
6 3767
6 4078
7 8
7 3141
7 161
8 731
8 2275
9 2269
9 2202
9 1186
10 11
10 72
10 2053
11 12
11 72
12 13
12 2921
13 14
13 3063
14 15
14 3063
15 2053
15 1186
16 2588
16 842
16 843
17 1272
17 3779
17 2771
18 3033
18 1193
18 1184
19 115
19 175
19 233
20 1547
20 1334
20 1548
21 481
21 2587
21 2685
21 484
22 591
22 171
22 562
22 2587
23 397
23 858
23 442
23 400
24 3162
24 1642
25 2727
25 26
25 1865
25 4030
26 4183
26 822
27 1865
27 2727
28 1867
28 4026
29 1911
29 301
30 2193
30 1298
30 2192
31 1887
31 451
31 305
32 3036
32 1589
32 1224
33 519
33 1201
33 537
34 513
34 541
34 522
34 540
35 514
35 452
35 2247
35 36
36 515
36 517
36 518
37 42
37 38
37 4075
38 699
38 126
39 126
39 695
39 40
40 41
40 663
41 2710
41 43
42 43
42 2412
43 2708
44 2936
44 3628
45 46
45 4060
46 4056
46 47
47 4057
47 48
48 4058
48 49
49 3628
50 1334
50 4060
50 4056
51 494
51 2103
51 482
51 2098
52 370
52 664
52 494
53 506
53 2353
53 2363
54 484
54 506
54 483
55 4213
55 4217
55 3004
55 361
56 4214
56 4144
56 182
57 3005
57 350
57 4215
57 3006
58 2528
58 59
58 3005
59 307
59 3546
60 2528
60 3006
60 4144
60 4148
61 4130
61 1573
61 283
62 283
62 658
62 3014
63 658
63 4132
63 64
64 65
64 3837
65 4127
65 68
66 4135
66 3159
66 284
66 4122
66 4134
67 1294
67 2534
67 294
67 3010
68 4124
68 1573
69 2017
69 3834
69 1433
70 2823
70 1446
70 222
71 2125
71 2145
71 2822
72 1296
73 2308
73 2734
73 2736
74 465
74 464
74 1159
75 76
75 78
75 465
76 463
76 78
77 1554
77 1239
77 1237
78 4233
79 1871
79 3218
79 4233
80 3221
80 456
80 3218
80 3216
81 3255
81 3284
81 453
82 454
82 1651
82 455
83 455
83 3306
83 454
84 2934
84 85
84 461
85 3114
85 461
86 3983
86 3858
86 3886
87 3905
87 3996
87 3979
88 1630
88 4001
88 3998
89 1117
89 4002
89 4003
90 91
90 920
90 92
91 927
91 4169
92 953
92 927
93 941
93 1619
93 1133
93 1033
94 1619
94 104
94 103
95 2249
95 899
95 887
95 883
96 4048
96 3517
96 4035
97 3671
97 4050
97 3517
98 103
98 102
98 3104
99 100
99 107
99 104
100 1519
100 107
101 102
101 780
101 2119
102 3105
103 104
105 1622
105 3104
105 1620
105 3105
106 107
106 1511
106 1509
108 2558
108 2559
108 1263
109 112
109 3031
109 111
110 1185
110 118
110 200
111 1185
111 3032
112 200
112 196
113 3039
113 3064
113 303
114 115
114 196
114 130
115 303
116 117
116 4149
117 2929
117 205
117 1194
118 1194
118 123
119 120
119 2164
119 281
120 272
120 276
121 274
121 275
121 2946
121 276
122 208
122 2114
122 2117
123 333
123 1195
124 3838
124 2335
124 722
125 665
125 129
125 667
126 695
127 1434
127 2300
128 2119
128 1518
128 1519
129 714
129 703
129 716
130 192
130 209
131 194
131 210
131 192
132 384
132 203
132 560
133 141
133 381
133 2939
133 384
134 135
134 389
134 2939
135 136
135 2054
135 371
136 365
136 137
136 390
137 393
137 288
138 2790
138 375
138 393
138 725
139 289
139 2940
139 3841
140 292
140 3845
140 273
141 142
141 191
142 144
142 143
143 203
143 1187
144 1187
144 188
145 150
145 799
145 2830
146 151
146 1601
146 2829
147 3122
147 1605
147 833
148 622
148 621
148 151
149 799
149 583
149 622
150 2829
150 151
152 447
152 2722
152 446
153 589
153 613
153 612
154 2574
154 394
154 858
155 156
155 3774
155 159
156 269
156 2772
157 158
157 269
157 1559
158 159
158 1269
159 264
160 214
160 1297
160 1206
161 1911
161 301
161 731
162 1902
162 731
162 1307
163 1307
163 2275
163 164
164 1913
164 165
165 2793
165 1914
166 1915
166 2793
166 1929
166 2795
167 1964
167 2124
167 1296
167 3583
168 1963
168 2823
168 2817
168 1460
169 1986
169 2596
169 1469
170 2979
170 2003
170 2299
170 1997
170 2320
171 3003
171 346
171 1264
172 3130
172 173
172 3132
173 4191
173 4192
174 3629
174 2985
174 2986
175 239
175 303
176 3067
176 2779
176 240
177 2780
177 2779
177 3044
178 1555
178 3045
179 412
179 413
179 309
180 403
180 2845
180 576
181 3003
181 576
181 2844
181 2845
182 217
182 4214
182 4143
183 3705
183 218
183 3706
184 1290
184 186
184 328
185 328
185 187
185 298
186 3030
186 187
187 1293
188 189
188 207
188 2929
189 191
189 190
190 272
190 207
191 389
191 388
192 193
193 195
193 194
194 198
195 197
195 196
197 198
197 199
198 202
198 386
199 201
199 200
201 202
201 203
202 560
204 205
204 333
204 208
204 331
205 206
206 208
206 275
206 274
207 275
208 373
209 210
209 223
210 2910
211 386
211 212
211 2910
212 228
212 380
213 1952
213 694
213 3312
213 1932
214 305
214 3052
215 329
215 3373
215 218
216 2715
216 217
216 329
217 218
219 2715
219 2532
219 2530
220 3722
220 4146
220 2524
220 2526
221 330
221 1522
221 1523
222 1444
222 1446
223 224
223 3039
224 225
224 3038
225 226
225 2910
226 227
226 2907
227 3062
227 2907
228 229
228 2055
229 2890
229 2903
230 1955
230 2890
231 249
231 3063
231 1555
232 3617
233 2171
233 2778
234 1191
234 2171
234 235
234 2179
235 236
235 237
236 2177
236 2172
237 256
237 2177
238 2179
238 241
238 239
239 3067
240 243
240 241
241 314
242 260
242 314
242 2183
243 317
243 314
244 248
244 312
244 317
245 246
245 3040
245 3789
246 2711
246 247
247 248
247 304
248 3047
249 1199
249 1196
250 1272
250 3034
250 3035
251 252
251 257
251 523
252 1271
252 254
253 523
253 254
253 263
254 3784
255 2772
255 1270
255 3779
256 257
256 258
257 259
258 2183
258 259
259 268
260 3789
260 1907
261 268
261 1907
261 262
262 267
262 315
263 264
263 3178
264 265
266 315
266 1206
266 2711
267 535
267 526
268 536
269 1560
270 1559
270 1276
270 2761
270 1560
271 388
271 293
271 273
272 4224
273 4225
273 290
274 2117
276 2944
277 284
277 2164
277 3577
278 4134
278 3576
278 3009
279 280
280 1295
280 2116
281 4224
281 4226
282 2941
282 284
282 2159
283 3012
285 2160
285 289
285 4130
286 287
286 391
286 3844
287 288
287 291
288 365
288 290
289 1564
290 291
290 366
291 292
292 3840
293 2938
293 372
294 3578
294 3008
294 3007
294 2533
294 853
295 2114
295 2113
295 3578
296 4148
296 349
296 358
297 3721
297 2530
297 2531
298 300
298 325
299 324
299 300
299 2757
300 326
301 730
302 2201
302 730
302 4152
304 4160
304 1198
305 2192
305 1299
305 2188
306 3167
306 1287
306 3178
306 1267
307 1278
307 336
308 3559
308 3573
308 3574
308 4213
309 617
309 618
310 619
310 4179
310 311
311 619
311 613
312 3040
312 313
313 314
313 317
315 316
318 616
318 319
318 448
319 2840
319 448
320 321
320 2585
320 426
321 1595
321 322
322 843
322 2535
322 423
322 2589
323 1188
323 324
323 1189
323 1561
324 326
324 3033
325 330
325 1293
326 331
327 328
327 3373
327 373
329 2716
330 4237
331 332
332 333
332 3682
334 339
334 335
334 395
335 1287
335 401
336 3555
336 3553
336 3556
337 338
337 1280
337 339
339 340
340 342
340 341
342 344
342 399
343 344
344 1264
344 364
345 346
345 364
345 856
346 3004
346 2112
347 4212
348 4212
348 592
348 4180
349 4211
349 854
350 4141
350 4211
351 2348
351 511
351 1294
351 3008
352 3378
352 852
352 3371
353 354
353 510
353 2348
354 2526
354 474
355 357
355 854
355 2542
356 2343
356 357
356 2520
357 358
358 4147
359 360
359 481
359 2341
360 2542
360 592
361 4216
361 4215
362 4216
363 1290
363 1291
363 3704
363 3030
364 855
365 366
366 2938
367 712
367 2328
367 486
367 490
368 2347
368 716
368 369
369 370
369 664
370 666
370 662
370 4120
371 372
371 389
372 388
373 374
375 376
375 2744
375 4099
376 390
376 3015
377 2055
377 387
377 3016
378 379
378 383
378 2054
379 380
379 384
380 385
381 382
381 383
383 2939
385 386
385 560
387 1955
387 2746
390 3017
391 392
391 393
394 2569
394 415
394 404
395 396
395 399
396 401
396 1265
397 1265
397 401
397 857
398 399
398 400
398 1265
400 4163
401 2701
402 2811
402 857
402 3167
402 2701
403 408
403 413
403 575
404 407
404 442
405 4163
405 3002
405 1264
406 411
406 407
406 3002
407 415
408 2846
408 409
409 412
409 577
410 3002
410 411
410 577
411 412
413 2843
414 2843
414 2841
415 4179
416 417
416 440
416 439
417 430
417 429
418 4177
418 4176
418 437
419 420
419 425
419 4177
420 2679
420 431
421 428
421 422
421 2679
422 423
422 434
423 1641
424 441
424 1498
424 4173
425 426
425 4178
426 427
426 2679
430 431
430 432
431 433
432 433
432 436
433 434
434 435
435 1641
435 445
436 445
436 2593
437 438
437 4179
438 4176
438 4172
441 2582
441 2583
442 443
444 2565
444 445
444 2567
446 447
446 615
447 620
448 620
449 2191
449 450
449 2190
450 451
450 1588
451 3000
452 4162
452 540
453 1654
454 3275
455 3725
456 3255
456 3229
457 1658
457 1655
457 1651
458 462
458 1246
458 463
459 1246
459 1878
459 2999
460 3914
460 3964
460 3918
461 2933
462 1159
462 463
464 465
464 1245
466 467
466 469
466 1557
467 655
467 476
468 655
468 654
468 474
469 470
469 472
470 471
470 1558
471 1557
471 478
472 476
472 473
473 4135
473 1558
474 475
475 476
475 510
477 1558
477 690
477 2350
478 485
478 651
478 690
479 482
479 499
479 653
479 2353
480 3014
480 4133
480 3159
480 3013
481 483
481 593
482 2360
482 2363
483 484
484 1858
485 497
485 487
486 491
486 664
486 4121
487 503
487 690
488 489
488 656
488 504
489 2340
489 500
490 2340
490 2331
491 492
491 496
492 493
492 495
493 494
493 498
494 499
495 652
495 496
496 651
496 4121
497 2328
497 4121
498 499
498 653
501 2334
501 2332
501 2331
502 2334
503 2332
503 2329
504 2109
504 657
505 3815
506 2354
507 2365
507 654
507 2523
508 638
508 2103
508 2100
509 2358
510 511
511 512
513 521
513 520
513 528
514 3207
514 515
514 521
515 1268
515 516
516 518
516 1266
516 547
517 555
517 546
518 552
519 520
519 525
519 1202
520 522
520 527
521 1908
522 537
523 530
524 529
524 533
524 1908
525 526
525 2184
525 3042
526 527
527 528
528 4156
529 532
529 531
530 532
530 533
531 536
531 532
532 533
534 3207
535 4156
535 536
537 538
538 541
538 539
539 2718
539 2717
540 541
541 2717
542 546
542 543
542 544
543 543
544 545
544 880
546 2264
547 3530
547 2811
548 2572
548 550
548 2574
549 550
549 557
549 555
550 2578
551 2578
552 1266
552 554
552 858
553 554
554 555
556 2572
556 3733
556 3736
557 867
557 558
558 559
558 3733
561 569
561 1615
561 606
562 600
562 565
563 565
563 564
563 1785
564 2604
564 1615
565 580
566 580
566 575
566 2844
567 4181
567 568
567 575
568 2974
568 582
569 572
569 607
570 2833
570 572
570 3106
571 3106
571 1610
571 1597
572 3095
573 3094
573 1612
573 1614
573 4206
574 1614
574 602
574 607
576 577
576 3003
578 579
579 580
579 590
581 2839
581 586
581 2837
582 583
582 2837
583 585
584 1493
584 2720
584 585
585 586
586 587
587 2854
587 2838
588 2722
588 2720
588 2838
589 614
589 2854
591 4180
591 594
591 2112
592 593
593 594
594 595
596 610
596 609
596 1780
597 604
597 601
597 633
597 605
598 1781
598 1780
598 599
599 1785
599 600
600 2685
601 1552
601 734
602 603
602 1611
603 750
603 1853
604 606
604 605
605 610
606 1779
607 608
608 3158
608 1779
610 632
611 629
611 632
611 2680
612 613
612 1553
614 615
614 616
615 616
617 1553
617 618
618 619
620 3528
621 622
621 1493
623 1990
623 1474
624 2597
624 625
624 1533
625 626
625 627
626 627
626 1532
627 1793
628 1812
628 1808
628 1332
629 631
629 2683
630 648
630 2683
630 3698
631 2687
631 644
632 2684
633 648
633 1819
634 2477
634 2492
634 643
635 2480
635 2477
635 636
635 1855
636 1536
636 2472
637 3707
637 3708
637 1861
638 2073
638 2079
639 2073
639 2503
639 2075
640 2691
640 2503
640 4113
641 650
641 2498
641 642
642 646
642 647
643 2473
643 1861
644 3520
644 645
648 649
650 1858
650 2494
651 652
652 653
654 2525
655 2373
656 711
656 709
657 711
657 2335
658 3013
659 2527
659 668
659 660
660 2089
660 668
661 663
661 668
661 662
661 2710
662 4120
662 666
663 666
665 702
665 695
666 667
667 716
669 2072
669 2081
669 2080
669 2076
670 671
670 2072
670 2507
671 2066
671 2500
672 2067
672 677
672 676
673 4118
673 2519
673 2527
674 2508
674 2078
674 2076
674 675
675 2076
675 4116
675 4115
676 2063
676 685
677 688
677 685
678 2504
678 688
678 2497
679 2504
679 686
679 4105
680 2488
681 2516
681 2518
681 2434
682 2087
682 2512
682 2510
683 2691
684 2071
684 2510
684 4109
685 2062
686 687
686 2509
687 4111
687 2434
688 689
691 1727
691 1537
691 692
691 2599
692 1724
693 1713
693 1723
693 1710
694 3333
694 1952
696 697
696 698
696 2338
697 3673
697 699
698 699
698 4075
699 702
700 1431
700 2039
700 3675
701 4069
701 4070
701 706
701 4221
702 2326
702 708
703 705
703 708
704 2326
704 4069
704 707
705 3767
705 3366
705 1570
706 3765
706 4222
707 708
707 3366
707 4222
709 713
709 4090
710 3150
710 2791
710 4090
711 719
712 715
712 2339
713 714
713 718
714 717
715 2347
715 717
716 717
717 718
718 2339
719 2169
719 4089
720 1569
720 1568
720 1564
721 4124
721 4087
721 4126
722 4126
722 2169
723 724
723 726
723 727
724 3842
724 728
725 726
725 4240
726 727
727 3843
728 2787
728 2788
729 4240
729 2788
729 2787
730 731
732 745
732 733
732 1328
732 1327
733 3650
733 3659
734 2616
734 1816
735 4210
735 2689
735 4204
735 1611
736 3426
736 3431
736 3416
737 2609
737 2865
737 4210
737 2617
738 773
738 1830
738 770
739 2611
739 2613
739 758
740 743
740 749
740 3656
741 760
741 765
742 755
742 2673
742 758
743 766
743 744
744 772
744 747
745 759
745 1029
746 769
746 753
746 3663
747 763
747 1846
748 1845
748 770
748 1749
749 769
749 753
750 760
750 765
751 1849
751 758
751 2672
752 2607
752 2608
752 2672
753 757
754 761
754 756
754 766
755 2671
755 1838
756 3656
757 990
757 764
759 1827
759 1822
760 3090
761 1752
761 766
762 1824
762 773
762 1750
763 922
763 4296
764 1821
764 1823
767 2668
767 1849
767 2672
767 1842
768 1829
768 3661
768 2660
768 1826
769 3663
770 1748
771 2612
771 2614
771 2673
771 2624
772 1754
772 3133
773 1828
774 778
774 775
774 3083
775 4011
775 811
775 3083
776 779
776 810
776 3081
777 2725
777 4035
778 812
778 806
779 817
779 781
780 4011
780 2119
781 1661
782 1083
782 785
782 1069
783 796
783 1084
783 803
784 1150
784 1127
784 1052
785 1003
785 804
786 3073
786 1118
786 3070
786 3072
787 1083
787 3984
787 1003
788 1011
788 1090
788 988
789 1084
789 1069
790 1067
790 4195
790 1074
791 1137
791 801
791 1126
792 4195
792 1044
792 1053
793 1032
793 1094
793 1039
793 1111
794 1132
794 1051
794 801
795 1075
795 1106
795 1149
796 1076
796 804
797 3984
797 1115
797 1119
797 3985
798 1034
798 1091
798 1076
799 4203
800 4016
800 3109
800 1868
801 1099
802 1058
802 1062
802 3075
803 1095
803 1034
804 1018
805 820
805 821
805 822
806 823
806 1662
807 3079
807 2726
807 4010
807 809
808 811
808 818
808 823
809 1623
809 1622
813 1664
813 814
813 816
815 823
816 4009
816 821
817 1664
817 819
820 1623
820 2726
821 4009
821 2726
822 4009
824 989
824 1013
824 838
825 929
825 827
825 849
826 3531
826 828
826 834
827 850
827 943
828 1626
828 837
829 841
829 845
829 851
830 3121
830 4288
830 1605
831 838
831 1490
831 3534
832 2552
832 2595
832 876
833 4165
833 4164
834 989
834 844
835 846
835 3535
835 848
836 4205
836 2690
836 4253
837 1120
837 3987
838 3534
839 1600
839 4165
839 849
840 4206
840 4246
840 1610
841 848
841 1492
842 843
842 847
843 845
844 1120
844 3074
845 851
847 1628
847 2595
848 1490
849 912
851 3531
852 853
852 2532
853 3578
853 2533
854 4227
855 3561
855 856
856 3565
857 858
857 1266
859 3542
859 3540
859 3551
860 887
860 883
860 2564
861 892
861 3907
861 2256
862 900
863 890
863 871
863 905
864 1025
864 999
864 871
865 904
865 899
865 867
866 3974
866 2121
866 3890
867 2249
868 887
869 903
870 2816
870 3981
870 3890
871 895
872 3906
872 1023
872 2252
873 903
873 893
873 879
874 1023
874 892
874 905
875 2549
875 888
875 2548
876 1638
876 890
877 2557
877 882
877 1640
878 888
879 1648
879 3306
880 902
880 1648
881 2123
881 3976
881 3888
881 3906
882 894
882 900
883 907
884 902
884 2257
884 899
885 888
886 898
886 907
886 899
886 906
888 905
889 958
889 984
889 971
890 891
891 895
891 900
891 894
892 999
893 963
893 972
894 907
895 906
896 902
897 2123
897 3983
897 3907
898 2257
898 2260
901 3974
903 2260
906 1025
908 2977
908 924
908 926
909 4168
909 921
909 915
910 921
910 916
911 2973
911 926
911 940
911 944
912 934
912 948
913 936
913 920
913 919
914 950
914 943
914 946
915 916
915 952
917 946
917 933
917 938
918 4262
918 942
918 923
918 932
919 947
919 998
920 921
921 936
922 1757
922 2678
923 942
923 937
923 945
924 2969
924 944
925 4288
925 4168
925 4169
926 931
927 945
928 946
928 929
928 935
929 943
930 932
930 940
930 944
931 1756
931 2973
932 937
933 952
933 935
934 3121
934 948
935 948
936 947
937 951
938 952
938 950
939 942
939 939
940 2973
940 4262
941 2677
941 949
945 951
947 991
949 951
949 953
949 1520
950 991
953 1047
953 1054
954 986
955 981
955 974
955 979
956 987
956 982
956 960
957 984
957 986
957 981
958 970
958 962
959 978
959 965
959 969
960 969
960 966
961 963
961 961
962 962
963 965
964 968
964 983
965 978
966 972
966 987
967 982
967 1006
967 979
968 1006
968 970
969 981
970 973
971 973
971 975
972 977
973 975
974 975
974 979
976 982
976 976
977 977
978 986
980 984
980 980
983 1028
985 987
985 985
988 1014
988 1114
989 1024
990 1010
990 1820
991 1056
992 1005
992 992
993 993
993 1012
994 3077
994 1019
995 1024
995 1014
996 3647
996 1010
996 3657
997 4044
997 4036
997 4037
997 4040
998 1019
998 1012
999 1004
1000 1005
1000 3077
1000 1021
1001 1008
1001 1007
1001 1015
1002 1009
1002 1014
1002 1013
1003 1022
1004 1015
1004 1025
1005 2976
1006 1028
1008 1028
1008 1015
1009 1056
1009 1011
1010 3669
1011 1012
1013 1024
1016 1020
1016 1023
1016 2547
1017 3652
1018 1027
1018 1022
1022 1027
1026 1029
1027 4036
1029 1820
1030 1065
1031 1037
1031 1040
1031 1049
1032 1058
1032 3076
1033 1054
1033 1061
1034 4197
1035 1044
1035 1042
1035 1060
1036 1043
1037 1049
1037 1040
1038 1062
1038 1039
1038 1041
1039 1041
1040 1124
1041 1074
1042 3113
1042 1095
1042 1060
1043 1048
1043 1047
1044 4196
1045 1124
1045 1051
1045 4196
1046 1052
1047 1064
1049 1063
1050 1053
1050 1060
1050 3075
1051 1067
1052 1061
1053 1062
1054 1057
1055 1064
1056 1065
1058 3076
1059 1065
1061 1064
1066 1072
1066 1085
1066 4199
1067 1099
1068 1075
1068 1106
1068 1086
1069 1098
1070 1097
1070 1111
1070 4012
1071 1110
1071 1103
1071 3751
1071 1083
1072 1080
1072 1135
1073 1087
1074 1108
1075 1092
1076 1078
1077 3759
1077 1081
1077 3756
1079 1089
1079 1102
1079 1094
1081 3073
1081 3751
1082 1104
1082 1085
1082 1093
1085 1093
1086 1088
1086 3110
1087 1100
1087 1091
1088 1105
1088 1092
1089 1102
1089 3759
1090 4012
1090 1097
1091 1109
1092 4200
1093 4198
1094 3756
1095 3112
1096 1099
1096 1101
1096 1108
1097 1111
1100 1109
1100 1105
1101 4012
1101 1108
1102 3753
1103 3985
1103 3070
1104 4197
1104 1107
1105 4199
1106 4016
1107 3112
1107 3111
1107 3113
1109 4198
1112 1122
1112 3989
1112 1113
1112 1119
1113 1115
1113 3988
1113 1119
1114 3072
1114 3071
1115 3987
1115 3986
1116 1118
1116 3070
1116 3762
1116 3986
1117 3992
1117 1121
1118 3071
1118 3074
1119 3984
1120 4013
1121 3991
1121 1122
1122 3990
1123 1130
1123 1139
1123 1141
1124 1132
1125 1146
1125 1131
1126 1154
1126 1142
1127 1133
1128 3069
1129 1146
1129 1131
1129 1137
1132 3078
1134 1139
1134 1147
1134 1149
1135 4200
1135 4202
1136 4201
1136 1140
1137 1146
1138 1148
1138 1155
1138 1158
1139 1144
1140 1145
1141 1145
1141 1147
1143 1158
1143 1148
1145 1157
1147 4201
1148 1155
1149 4202
1150 1154
1150 1151
1151 1156
1152 4031
1152 3109
1152 4025
1153 1154
1155 1156
1157 3069
1157 4031
1159 1248
1160 1460
1160 3523
1160 2287
1161 2146
1161 1458
1161 2147
1162 2296
1162 1163
1162 2287
1163 2279
1163 1968
1164 2293
1164 1980
1164 2295
1165 1167
1165 1171
1165 2279
1166 1168
1166 2296
1166 2812
1167 1168
1167 1169
1168 1169
1169 1170
1171 1172
1171 1173
1172 1176
1172 1181
1173 1177
1173 1174
1174 1178
1174 1179
1175 1176
1175 1982
1175 1487
1176 1181
1177 1178
1177 1972
1178 1179
1179 1180
1181 1182
1182 1183
1182 2280
1183 2282
1183 1977
1184 3032
1184 3682
1185 3682
1186 2053
1187 4149
1188 2770
1188 1190
1188 2771
1189 1192
1189 4228
1189 1193
1190 1561
1190 1272
1191 1192
1191 1561
1192 1193
1194 4149
1196 3047
1196 1198
1197 1198
1198 1199
1199 2181
1199 2202
1200 1208
1200 1204
1200 2718
1201 1202
1201 1204
1202 1585
1202 1205
1203 4161
1203 2718
1203 1208
1203 1871
1204 1205
1204 1214
1205 1216
1206 3042
1207 1586
1207 2184
1207 2185
1208 1210
1208 1209
1209 1212
1209 1214
1210 1213
1210 1212
1211 3051
1211 1584
1211 3050
1212 1582
1212 2245
1213 1582
1213 1215
1214 1216
1214 1222
1215 1583
1215 3037
1216 2191
1216 1224
1217 1221
1218 1231
1218 1218
1219 2245
1219 1583
1219 1582
1220 1222
1221 1223
1221 1227
1222 1224
1222 2186
1223 1229
1223 4232
1225 3037
1225 1885
1225 1237
1226 2187
1227 1228
1227 4161
1228 1234
1228 1244
1228 4161
1229 1235
1229 1230
1231 1232
1231 1234
1232 1885
1232 1238
1233 4232
1234 1240
1235 1875
1235 1872
1236 1237
1236 2245
1236 2187
1238 1240
1238 1554
1239 3036
1239 1247
1240 1304
1241 1875
1241 1245
1241 1872
1242 1243
1242 1554
1242 1304
1243 1244
1243 2209
1244 1245
1244 1255
1246 1884
1247 1249
1247 2207
1248 1250
1248 2210
1248 2212
1249 1251
1250 1305
1250 1881
1251 1253
1252 1255
1252 2207
1252 2209
1252 1254
1253 1254
1255 1260
1255 1259
1256 2224
1256 1489
1256 2239
1257 1258
1257 2242
1257 2238
1258 1258
1259 1261
1259 1884
1261 1884
1261 1262
1262 1262
1263 2535
1263 4166
1267 1269
1268 3193
1268 2786
1270 3035
1270 3774
1270 3776
1271 3782
1271 2174
1271 3784
1272 3034
1273 4230
1273 4235
1274 1275
1274 4236
1274 4231
1276 4236
1276 1522
1277 1279
1278 1280
1278 1279
1279 1281
1280 1286
1281 1283
1282 1285
1283 1284
1285 2702
1285 1288
1287 2703
1288 1289
1288 2704
1290 3703
1291 3028
1291 3030
1292 4238
1292 3018
1292 3023
1293 4238
1294 3008
1294 2534
1295 3010
1295 3009
1296 1301
1296 3588
1297 1889
1297 3043
1297 4160
1298 1899
1298 1889
1299 1300
1299 2195
1301 3145
1301 1960
1302 1887
1303 1304
1305 2214
1305 1306
1306 2230
1306 2228
1307 3145
1308 1529
1308 1789
1308 1530
1309 1789
1310 2437
1310 2438
1310 1542
1310 1540
1311 3059
1311 3060
1311 1312
1312 4189
1312 3658
1313 2852
1313 3714
1313 3466
1313 1514
1314 1315
1315 1316
1315 1318
1316 1319
1316 1545
1317 2444
1317 1320
1317 1324
1318 2936
1318 2935
1319 1323
1319 2450
1320 2448
1320 1324
1321 1325
1321 1323
1321 2450
1322 1798
1322 1804
1322 1808
1323 1330
1324 1325
1324 2454
1325 1329
1326 1811
1326 1809
1326 1332
1327 1804
1327 1335
1327 1328
1328 1815
1330 1581
1330 3626
1331 2457
1331 2456
1331 2453
1332 1333
1333 1337
1333 1813
1334 3626
1336 3108
1336 1337
1336 1340
1337 1338
1338 1339
1339 1340
1340 1341
1342 1547
1342 1550
1342 3093
1343 1551
1343 1343
1344 2427
1344 2048
1344 1549
1345 1349
1345 2464
1346 1347
1346 1348
1346 4062
1347 1350
1347 1351
1348 1350
1348 2476
1349 1861
1350 1356
1351 1354
1351 2425
1352 1353
1353 1356
1353 2476
1354 1359
1354 2692
1355 1356
1356 1357
1358 2046
1358 3634
1358 2385
1359 1360
1359 1361
1361 1365
1361 1368
1362 1369
1362 1368
1362 1380
1363 1364
1364 1367
1364 1382
1365 2430
1365 4105
1366 1366
1366 1371
1367 1377
1367 1378
1368 1374
1369 1380
1369 1374
1370 2982
1370 1381
1370 2052
1371 1375
1371 1373
1372 1387
1373 1373
1374 1389
1375 1575
1375 2387
1375 1574
1376 2430
1377 1378
1377 1388
1378 1379
1379 2382
1379 2388
1380 1389
1381 2982
1381 2433
1382 1384
1382 1387
1383 1385
1385 1386
1385 4067
1385 4065
1387 1388
1388 1395
1389 1392
1390 1392
1391 4068
1391 1394
1391 4061
1392 1402
1393 1403
1393 4061
1393 1395
1394 4067
1394 4063
1394 4064
1395 2389
1396 2433
1396 2388
1396 2391
1397 1407
1397 1400
1397 1405
1398 1401
1399 1403
1401 1414
1401 2984
1402 1411
1402 1408
1403 1405
1404 1406
1404 4064
1404 1410
1405 1407
1406 1415
1406 2045
1407 1409
1408 2393
1408 2394
1409 1415
1409 1410
1410 1413
1411 2394
1411 2395
1412 1415
1414 2395
1414 2397
1416 1419
1416 1418
1416 2397
1417 2984
1417 4223
1417 4103
1417 4102
1418 1421
1418 2404
1419 4103
1419 1420
1420 2407
1420 1421
1421 1422
1421 2413
1423 2407
1423 2862
1423 2381
1424 2863
1424 2412
1424 2375
1425 2378
1425 2408
1425 2420
1425 2403
1426 2378
1426 1427
1426 2413
1426 1428
1427 1429
1427 1430
1427 2417
1429 2422
1429 1431
1431 1432
1433 1435
1433 1434
1434 1435
1435 2143
1436 1440
1436 2018
1437 1438
1437 2300
1437 1439
1438 2539
1438 2302
1439 1443
1439 2738
1440 2741
1440 2740
1441 1445
1441 3833
1441 1947
1442 2304
1442 2306
1442 2305
1443 2015
1443 1444
1444 2540
1444 1450
1445 1449
1445 2131
1446 2127
1446 2138
1447 2306
1447 2308
1447 2312
1447 1453
1448 2309
1448 1451
1449 2138
1449 2139
1450 1455
1450 2310
1451 2313
1451 2319
1452 2317
1452 2312
1452 2314
1453 1456
1453 2299
1454 2319
1454 1455
1454 2324
1455 1460
1456 2013
1456 1459
1457 2714
1457 1458
1457 2321
1461 2818
1462 2714
1462 3136
1462 4219
1463 1467
1464 4219
1464 1468
1464 2290
1464 2288
1465 1466
1465 1465
1466 1474
1466 1473
1467 1470
1467 2150
1468 1979
1469 3135
1469 3136
1470 1968
1470 1967
1471 1472
1472 1967
1472 1968
1473 1986
1473 1987
1474 3835
1475 1476
1475 1979
1475 1477
1476 1477
1476 2008
1477 1478
1478 1479
1478 3135
1479 1480
1479 1481
1480 1482
1481 1980
1481 1483
1482 1486
1482 1485
1483 1486
1483 1484
1484 1484
1486 1982
1487 2280
1488 1489
1488 2244
1490 1599
1491 1494
1492 1599
1492 1592
1493 2835
1494 1496
1494 2579
1494 1495
1495 2580
1495 1592
1496 2582
1496 2581
1496 2120
1497 3527
1497 3529
1497 2581
1498 2840
1498 3527
1499 3493
1499 3635
1499 3671
1500 1500
1500 3087
1501 1504
1501 3087
1501 3495
1502 3492
1502 3511
1502 2989
1503 3636
1504 1673
1504 3636
1505 1507
1505 3412
1505 1506
1506 1508
1506 3130
1507 1509
1507 3103
1508 3132
1508 1510
1509 1511
1510 1512
1510 3102
1511 3409
1512 3418
1512 1513
1513 3406
1513 3409
1514 2849
1514 3483
1515 1517
1516 1910
1516 1518
1516 3507
1517 3714
1517 3713
1518 3097
1518 4011
1518 1519
1520 2972
1521 2437
1522 2760
1523 1525
1523 1524
1524 2760
1524 1526
1525 2757
1525 1526
1526 2760
1527 1528
1528 1532
1528 2597
1529 1787
1529 1530
1530 1791
1531 1788
1532 1791
1533 1534
1533 2597
1534 1803
1534 2447
1535 2468
1535 3698
1535 3700
1536 2469
1536 2470
1537 1538
1537 4188
1538 1539
1538 2985
1539 1540
1539 1747
1540 3678
1541 3678
1542 1543
1542 2935
1543 1544
1543 1545
1544 2443
1544 1545
1546 2615
1546 2688
1546 2675
1546 2616
1547 1550
1548 1549
1548 1551
1550 1551
1552 2651
1552 1851
1552 1763
1553 2842
1555 3066
1556 3208
1556 3184
1556 3530
1557 2110
1559 4236
1559 1560
1562 1571
1563 1571
1564 1568
1565 3359
1565 1567
1565 4093
1566 2338
1566 3673
1566 3675
1567 2032
1567 4092
1568 4129
1570 1572
1570 1571
1570 3770
1572 3771
1573 4129
1574 1576
1574 1578
1575 2382
1575 1577
1576 1577
1576 1578
1577 1578
1579 2473
1579 1580
1579 3575
1583 3037
1584 3053
1584 2185
1585 1587
1585 1586
1586 1587
1587 1588
1588 3053
1589 1590
1589 3000
1590 3001
1590 3048
1591 3001
1592 1593
1593 1594
1593 3519
1594 1596
1594 1595
1595 3519
1597 4207
1597 4208
1598 1599
1600 1603
1601 1607
1601 1602
1603 1604
1605 4170
1606 4170
1606 3122
1606 3120
1607 4171
1607 4164
1608 1609
1609 3107
1609 4284
1610 3107
1611 1613
1612 4205
1612 1614
1615 2836
1616 2836
1617 1618
1617 1620
1617 3104
1618 1621
1618 1619
1622 1624
1623 1625
1624 1625
1626 1628
1626 1629
1627 1629
1628 1631
1629 1632
1630 3999
1630 3899
1631 1633
1631 2594
1633 1634
1633 2595
1635 1638
1636 1640
1637 1639
1638 1639
1639 2554
1640 2555
1641 2538
1642 3625
1642 1644
1643 3886
1644 1645
1644 1647
1646 2930
1646 2931
1646 3875
1647 3730
1647 3875
1648 1649
1649 1654
1649 1653
1650 1652
1651 1656
1652 1655
1652 3724
1652 1659
1653 1654
1653 4162
1655 3214
1657 3283
1657 3284
1657 3266
1658 3233
1658 2997
1660 3232
1660 3227
1660 2998
1662 1663
1662 3080
1664 1665
1666 4050
1666 3499
1667 3497
1667 3499
1667 3491
1667 3496
1668 3635
1669 1670
1670 1672
1670 1671
1672 1674
1672 3637
1673 3637
1673 3405
1673 3413
1674 3638
1674 3414
1675 1676
1676 1677
1676 3639
1678 3484
1679 1682
1680 1684
1680 3488
1680 1682
1681 1687
1681 1683
1681 1686
1682 1684
1683 1688
1683 1685
1684 1686
1685 1690
1685 1691
1686 1689
1686 1687
1687 1688
1688 1690
1689 1694
1690 1691
1691 1910
1692 1697
1692 1693
1692 1695
1693 1698
1693 1696
1694 1695
1695 1697
1696 1699
1697 1698
1698 1699
1700 1708
1701 1703
1702 1705
1703 1704
1703 1705
1705 1707
1706 1707
1707 1709
1708 1709
1708 1710
1709 1711
1711 1712
1712 1714
1712 1713
1713 1719
1714 1715
1714 1720
1715 1716
1715 1718
1717 3641
1719 3641
1719 4186
1721 1723
1722 1724
1723 1724
1725 1726
1726 1729
1726 1731
1727 1730
1728 1730
1729 1732
1729 1731
1730 1732
1730 1734
1731 1735
1732 1733
1733 1734
1733 1735
1734 1736
1735 1739
1736 1745
1736 1739
1737 1741
1738 1742
1739 1745
1740 1743
1741 1742
1741 1747
1742 1743
1742 1744
1743 1744
1744 1747
1746 1747
1748 1749
1750 3665
1750 3664
1751 1752
1751 1751
1752 1754
1753 1754
1755 1757
1756 1757
1756 2977
1756 4299
1757 1758
1758 1760
1758 1759
1761 3657
1762 1774
1763 1769
1763 3832
1764 1766
1764 3832
1765 1773
1765 3091
1765 1769
1766 1772
1766 1771
1767 3828
1767 1768
1767 3158
1768 3158
1768 3827
1769 1770
1770 1771
1770 1773
1771 3816
1772 1775
1772 3819
1773 1774
1773 3088
1774 1776
1775 1777
1777 3819
1778 3089
1778 1779
1778 3088
1780 3822
1781 2600
1781 1783
1782 2600
1782 2601
1782 1783
1783 1784
1785 2605
1786 1787
1787 1788
1788 1789
1788 1792
1789 1790
1790 1795
1790 1791
1792 3059
1792 3662
1793 1803
1793 1799
1794 1800
1794 1795
1794 1796
1795 1799
1796 1797
1796 1800
1797 1798
1797 1801
1798 3060
1799 1812
1800 1802
1803 3708
1804 1805
1806 1808
1806 1810
1807 1813
1810 1812
1813 1819
1814 1815
1815 1816
1816 1817
1818 1819
1820 1822
1821 3665
1821 1824
1822 1823
1823 1826
1824 1825
1825 1829
1825 1826
1826 1827
1827 3661
1828 1829
1828 1831
1830 1833
1830 1831
1830 1840
1831 1832
1831 1834
1832 2660
1832 2661
1833 1836
1833 1834
1833 1842
1834 1835
1834 1837
1835 2667
1835 2661
1836 1849
1836 1837
1837 1838
1838 2667
1839 2655
1840 1841
1840 1842
1840 1845
1841 1847
1841 1843
1842 1843
1843 1850
1844 2669
1844 2664
1844 2665
1845 1846
1846 1847
1847 1848
1850 2668
1850 2865
1851 2638
1851 2688
1852 2646
1852 1854
1852 2629
1853 2641
1853 2617
1854 2654
1854 3090
1855 2506
1855 1856
1857 1858
1859 1860
1860 2464
1860 1863
1862 1863
1863 2463
1864 4167
1864 2565
1864 2568
1865 1866
1866 1867
1866 4029
1867 2729
1868 4034
1868 4037
1869 3397
1870 1871
1872 1873
1873 1874
1873 1875
1876 1878
1876 1877
1878 1879
1880 1881
1880 1880
1881 2217
1882 1883
1882 1882
1883 2218
1883 2215
1885 1886
1887 1888
1889 1890
1891 1895
1892 2181
1892 3518
1892 2201
1893 1896
1894 1897
1895 1896
1895 1899
1896 1897
1897 1898
1899 2199
1900 1901
1901 1904
1901 1902
1902 2798
1903 1904
1904 1905
1906 4152
1907 3058
1908 1909
1910 3508
1911 1916
1912 3154
1914 4151
1914 1915
1915 3314
1916 3154
1916 3141
1917 3606
1917 1949
1917 1918
1918 3643
1918 1922
1919 1921
1919 1956
1919 3341
1920 1921
1920 1923
1920 1949
1921 1926
1922 1923
1922 1924
1923 1924
1924 1951
1925 3335
1925 1926
1925 1951
1926 1961
1927 1930
1927 1928
1927 3335
1928 1930
1928 3334
1929 1952
1929 1932
1930 3332
1931 3332
1931 3333
1931 1954
1932 1933
1933 1954
1934 1936
1934 1935
1934 2891
1935 1937
1935 1947
1936 1938
1936 1948
1937 1947
1937 3643
1937 1939
1938 1948
1938 1942
1939 1940
1940 1941
1941 3610
1941 3643
1942 3610
1942 1943
1943 3610
1943 3608
1944 1946
1944 2891
1944 1945
1945 3593
1945 2753
1946 3612
1946 1948
1948 3609
1949 1950
1950 1963
1950 2163
1950 1956
1951 3334
1953 3312
1954 2813
1955 2751
1956 1957
1957 1959
1957 3338
1958 2826
1958 3340
1958 3338
1959 3337
1959 3341
1960 1962
1960 3340
1960 3342
1961 3342
1961 3336
1962 3342
1962 4151
1963 1964
1964 2163
1965 2163
1966 1967
1969 1974
1970 1971
1970 1974
1970 1975
1971 1973
1971 1978
1972 1978
1972 1977
1973 1975
1974 1976
1980 1981
1981 1982
1981 2278
1982 2011
1983 3135
1983 2010
1984 1985
1984 2596
1985 1986
1987 1988
1988 1989
1989 1990
1991 1992
1991 2304
1991 4234
1991 2020
1992 1993
1992 2979
1993 1994
1994 1995
1994 2000
1995 1996
1996 1998
1997 1999
1997 2001
1998 3836
1999 2978
1999 2004
2000 2978
2000 3836
2002 2003
2003 2596
2005 2007
2006 2008
2007 2009
2007 2008
2010 2011
2012 2013
2013 2014
2015 2738
2015 2742
2016 2018
2016 2017
2016 2140
2017 2744
2017 3833
2018 2031
2019 2020
2019 2031
2019 2027
2021 2022
2021 2023
2021 2031
2023 2027
2023 2024
2024 2026
2024 2025
2025 2030
2026 2028
2027 2028
2029 2030
2030 3157
2032 2791
2032 3149
2033 4096
2034 3364
2034 3674
2034 2867
2035 3363
2035 4070
2035 2869
2035 2878
2036 3148
2036 3149
2036 2037
2037 4096
2038 2980
2039 2980
2039 2043
2040 3346
2040 3356
2040 2041
2041 3156
2041 2042
2042 3356
2042 2140
2043 2044
2043 3364
2043 2980
2046 2047
2048 2423
2048 2049
2049 2050
2050 2382
2051 2052
2052 2427
2054 2055
2056 2057
2057 2060
2057 2482
2058 2061
2059 2490
2059 2063
2059 2484
2060 2062
2060 2061
2061 2062
2063 2065
2064 4117
2064 2490
2064 4115
2065 2067
2065 2068
2067 2500
2069 2070
2070 2074
2070 2072
2071 4108
2071 3748
2073 2075
2075 2079
2077 2082
2078 2090
2078 4116
2079 2090
2080 2087
2080 3739
2081 2088
2081 2082
2082 2084
2083 2085
2085 2088
2085 2089
2086 2088
2087 2511
2089 2514
2090 2093
2091 4119
2091 2515
2091 2508
2092 2093
2092 4119
2092 4118
2093 2094
2094 2096
2094 2095
2095 2097
2097 2098
2098 2374
2099 2100
2100 2506
2101 2102
2102 2104
2102 2103
2105 3815
2105 2106
2105 2108
2106 2108
2106 2109
2107 3815
2108 2109
2111 3177
2111 3165
2111 3163
2112 4217
2113 3386
2113 3378
2114 3380
2115 2116
2116 2946
2117 2118
2120 2584
2120 2583
2121 2122
2121 3888
2122 3887
2122 3974
2123 3887
2124 2826
2124 2163
2125 2128
2125 2131
2126 2130
2127 2130
2127 2145
2128 2129
2128 2132
2130 2134
2131 2137
2132 2133
2132 2135
2135 2136
2136 2137
2137 2138
2140 2141
2142 2143
2143 2302
2144 2145
2146 2148
2146 2147
2147 2149
2148 3524
2148 2150
2149 2151
2149 2152
2150 2152
2151 2153
2151 2156
2152 2153
2153 3147
2154 4218
2154 2156
2154 2157
2155 2293
2155 3146
2155 3147
2156 2157
2157 3146
2158 2159
2158 2160
2158 3012
2159 2161
2160 2161
2161 2940
2162 2165
2162 2940
2162 2941
2164 2165
2165 4226
2166 2167
2167 2168
2167 2169
2170 2171
2172 2173
2172 3034
2174 3776
2174 2176
2175 2176
2176 2177
2178 2179
2180 2181
2182 2183
2184 3057
2185 3055
2186 2187
2186 3036
2189 2191
2192 2194
2196 2197
2197 2198
2197 2199
2199 4152
2200 2201
2201 2792
2202 2203
2203 2204
2203 2205
2206 2207
2208 2209
2211 2214
2213 2215
2214 2215
2216 2217
2217 2223
2218 2221
2218 2219
2220 2224
2221 2225
2221 2222
2223 2224
2223 2226
2225 2229
2225 2228
2227 2230
2228 2231
2230 2233
2231 2234
2231 2235
2232 2236
2233 2236
2233 2237
2236 2238
2238 2240
2239 2242
2239 2241
2242 2243
2246 2247
2247 2263
2248 2249
2250 2545
2250 2548
2250 3644
2251 2252
2252 2254
2253 2254
2254 2256
2255 2256
2257 2258
2259 2260
2261 2263
2262 2264
2263 2264
2265 3724
2265 3399
2265 2266
2267 3962
2268 3953
2268 3955
2268 3962
2269 2270
2269 2271
2271 2274
2271 2272
2272 2273
2272 2274
2274 2798
2275 2276
2277 2278
2278 2279
2280 2281
2281 2282
2281 2283
2282 2285
2284 2285
2286 4220
2287 2289
2288 4218
2288 4220
2290 3136
2290 2291
2292 2293
2294 2295
2295 2298
2296 2297
2299 2724
2300 2302
2301 2304
2303 2305
2305 2741
2306 2307
2308 2314
2309 2310
2309 2311
2310 2319
2312 2315
2313 2314
2313 2318
2316 2320
2317 2321
2317 2323
2320 4234
2321 2322
2324 2325
2326 2327
2328 2329
2329 2331
2330 2332
2333 2334
2335 2336
2337 2338
2337 2337
2339 2340
2341 2342
2341 2343
2343 2344
2345 2347
2346 2348
2349 2350
2349 2349
2350 2352
2351 2352
2352 4133
2353 2354
2354 2368
2354 2365
2355 2359
2356 2356
2356 2363
2357 2361
2358 2360
2358 2359
2359 2361
2360 2364
2361 2362
2365 2366
2366 2367
2367 2368
2368 2373
2369 2371
2370 2373
2371 2372
2371 2374
2374 4120
2375 2414
2375 2376
2376 2377
2376 4073
2378 2379
2380 2381
2381 2415
2383 2387
2384 2385
2385 2386
2386 4065
2386 4063
2387 4068
2388 2390
2389 2390
2391 2392
2391 2393
2392 2393
2392 2398
2394 2400
2395 2399
2396 2397
2400 2406
2400 2403
2401 2407
2402 2404
2403 2405
2404 2408
2406 2408
2406 2409
2408 2413
2410 3798
2410 2412
2410 2708
2411 2414
2413 2415
2414 4074
2415 2417
2416 2418
2417 2422
2418 2419
2418 2420
2420 2421
2420 3157
2422 4074
2423 2424
2425 2426
2425 3093
2427 2428
2429 2692
2430 2431
2432 2433
2434 2435
2436 2437
2439 2443
2440 2442
2441 2442
2442 2444
2443 2444
2445 2448
2446 2447
2447 2448
2449 2450
2451 2454
2452 2456
2454 2456
2455 2457
2457 2460
2458 2460
2459 2462
2460 2462
2461 2463
2462 2463
2464 2465
2466 2469
2467 2470
2468 2470
2468 2471
2469 3707
2473 2475
2474 2477
2476 2691
2478 2479
2479 2482
2479 2483
2480 2481
2480 2486
2481 3520
2481 2489
2482 2484
2483 2484
2483 2485
2485 2490
2485 2487
2488 2491
2491 2493
2493 2497
2493 2495
2496 2498
2497 2502
2498 2687
2499 2503
2500 2501
2501 4106
2501 4107
2504 4112
2505 2506
2507 4108
2507 3750
2507 3749
2508 4119
2509 4103
2509 4102
2509 4223
2510 3745
2510 3744
2511 2513
2511 3741
2511 3740
2512 4110
2512 3743
2512 3742
2513 2514
2515 2517
2515 2519
2516 2855
2516 3795
2516 3794
2518 2859
2518 3793
2518 3792
2519 2521
2520 2523
2520 4147
2520 4146
2522 2859
2522 3791
2522 3790
2522 3798
2523 2525
2523 3722
2524 4136
2524 2526
2524 3721
2525 3722
2525 2526
2527 4118
2528 4143
2528 4142
2529 2862
2529 2863
2529 3803
2529 3802
2530 4140
2530 4139
2531 4140
2531 3721
2531 3007
2532 3371
2532 4140
2533 3007
2533 4214
2534 3009
2534 3010
2535 2536
2536 2538
2536 2537
2538 4167
2539 2540
2541 2542
2543 2548
2544 2549
2545 4004
2545 2547
2546 2550
2547 3905
2549 2550
2550 2552
2551 2555
2552 2553
2554 2555
2554 2556
2557 2558
2557 2560
2558 2563
2559 4166
2559 2566
2560 2561
2560 2562
2565 2571
2567 3736
2567 2570
2569 2573
2569 2593
2572 2575
2574 2576
2577 2578
2579 2719
2579 2835
2580 3519
2580 2585
2581 2582
2581 2719
2583 2584
2584 2585
2586 2587
2588 2590
2588 2589
2589 2591
2592 2593
2597 2599
2598 2599
2600 2602
2601 2602
2601 2605
2602 2603
2603 2604
2603 2605
2604 2606
2607 2609
2607 2619
2608 2618
2608 2610
2609 2620
2610 2611
2610 2626
2611 2627
2612 2613
2612 2621
2613 2622
2614 2615
2614 2623
2615 2625
2616 2688
2617 2620
2618 2626
2618 2619
2618 2633
2619 2620
2619 2634
2620 2635
2621 2624
2621 2622
2621 2637
2622 2627
2622 2629
2623 2625
2623 2624
2623 2632
2624 2636
2625 2688
2625 2639
2626 2627
2626 2631
2627 2628
2628 2630
2628 2629
2630 2631
2630 2640
2631 2633
2632 2636
2632 2642
2633 2640
2633 2634
2634 2635
2635 2641
2636 2637
2636 2644
2637 2646
2638 2639
2638 2647
2639 2642
2640 2641
2642 2643
2643 2644
2643 2648
2644 2645
2645 2646
2645 2650
2647 2651
2647 2648
2648 2652
2648 2649
2649 2653
2649 2650
2650 2654
2651 2652
2652 2653
2653 2654
2655 2656
2655 2657
2656 2658
2656 3661
2657 2658
2657 2664
2658 2659
2659 2663
2659 2660
2661 2662
2662 2665
2662 2663
2663 2664
2665 2666
2666 2670
2666 2667
2668 2864
2669 2675
2669 2670
2670 2671
2671 2674
2672 2864
2673 2674
2674 2675
2676 2677
2677 3713
2678 2851
2678 3134
2680 2681
2680 2686
2681 2686
2681 2684
2682 2683
2684 2685
2686 2687
2689 4296
2689 4292
2690 4204
2690 4209
2691 4100
2692 2693
2694 3363
2695 3363
2696 2698
2697 2700
2698 2700
2698 2699
2699 2700
2699 2701
2702 2704
2702 2703
2703 2704
2705 2705
2705 2707
2706 2708
2707 2709
2709 2710
2711 2712
2713 2714
2715 2716
2716 3371
2717 4162
2719 3528
2720 2721
2721 2723
2721 2722
2725 4046
2726 3079
2727 4008
2727 4182
2728 4029
2728 4030
2728 2729
2729 4032
2729 4028
2730 2739
2730 2740
2731 2740
2731 2733
2731 2732
2732 2734
2732 2741
2733 2742
2733 2739
2734 2736
2735 2737
2735 2742
2736 2737
2738 2739
2743 2745
2744 2747
2745 2746
2745 2747
2746 2747
2748 2904
2748 2749
2748 2901
2749 2901
2749 2753
2749 2888
2750 2888
2750 2897
2750 2892
2751 2897
2751 2891
2752 2889
2752 3603
2752 2904
2753 2889
2754 2914
2754 2906
2754 2755
2754 3597
2755 3613
2755 2756
2755 3593
2756 2917
2756 2913
2757 2766
2758 2759
2758 2762
2758 2766
2759 2763
2759 2767
2761 2766
2761 2762
2762 2763
2763 2764
2764 2765
2764 2767
2765 2774
2765 2773
2767 2768
2768 2769
2768 2774
2769 2773
2769 2771
2772 2773
2773 2774
2775 2778
2775 2776
2775 3031
2776 2777
2777 2778
2779 2781
2780 3045
2780 2782
2781 2782
2781 2784
2782 2783
2782 2784
2784 2785
2786 3208
2786 3186
2787 2788
2789 3839
2789 2790
2791 4080
2791 4091
2792 2792
2793 2795
2794 2799
2794 3343
2794 2796
2795 2796
2796 2799
2796 2801
2797 2797
2797 2798
2799 2801
2799 2800
2800 2802
2800 3343
2800 2803
2801 2803
2802 2804
2802 2805
2802 3343
2803 2805
2804 3310
2804 2805
2804 3154
2804 3309
2806 2807
2806 2808
2807 4110
2807 2809
2808 2809
2809 2855
2810 2811
2812 2814
2812 2813
2813 2814
2815 3891
2816 3891
2816 3979
2817 2818
2819 3397
2819 4034
2819 2820
2821 2822
2822 3834
2823 2824
2825 2827
2826 2827
2827 2828
2829 4171
2830 4208
2830 4203
2831 2834
2831 2832
2832 2834
2833 2974
2833 2836
2834 2835
2837 2839
2838 2854
2839 2841
2840 3529
2841 2842
2842 2854
2844 2845
2847 2990
2847 2991
2847 3680
2847 3085
2848 2849
2848 3448
2848 3407
2849 3468
2849 2987
2850 3456
2850 3448
2850 3450
2851 2853
2851 2977
2852 2853
2852 2969
2853 2977
2855 2857
2856 2857
2857 2858
2859 3801
2860 2861
2860 3804
2860 2862
2861 3805
2861 2863
2864 2865
2866 2873
2866 2870
2867 2870
2867 2869
2868 2877
2868 2871
2869 2871
2870 2872
2871 2876
2872 2874
2872 2873
2873 2875
2874 2876
2874 2875
2875 2877
2876 2877
2878 3155
2878 2881
2879 2880
2879 2886
2879 3156
2880 2884
2880 3357
2881 2883
2881 2882
2882 2884
2882 4078
2882 3362
2884 2885
2885 3357
2885 3362
2886 2887
2886 3155
2888 2892
2888 2911
2889 3603
2892 2896
2893 2896
2893 2894
2893 3116
2894 3117
2894 2895
2895 3115
2895 3116
2896 3115
2897 2898
2898 2899
2899 2900
2901 2902
2902 2903
2902 2907
2903 2909
2904 2905
2905 3604
2905 3614
2906 3595
2906 3594
2908 2909
2908 2910
2912 2919
2912 3584
2912 3586
2913 3579
2913 3592
2914 2916
2914 2915
2915 2917
2915 2916
2916 2918
2917 2918
2918 2919
2919 3581
2920 3580
2920 3579
2920 3590
2921 3061
2921 3589
2922 4192
2922 2923
2922 3633
2923 2924
2923 4191
2924 3670
2924 2927
2925 3630
2925 3633
2925 2926
2926 2927
2926 3629
2927 2986
2928 2929
2930 3969
2930 3725
2930 3875
2931 2932
2931 3968
2931 3969
2932 3868
2932 2934
2933 4007
2933 3876
2933 3874
2934 3873
2934 3874
2936 4059
2937 2938
2940 2941
2942 2944
2943 2944
2945 2946
2947 2961
2947 2949
2947 2948
2948 2954
2948 3403
2949 2956
2949 3403
2950 2968
2950 2951
2950 2964
2951 3695
2951 3693
2952 2955
2952 2953
2952 2964
2953 2994
2953 2954
2954 2955
2955 2960
2956 2959
2956 2957
2957 2995
2957 2958
2958 2967
2958 2959
2959 2962
2960 2963
2960 2961
2961 2962
2962 2963
2963 3098
2964 2965
2965 3100
2965 2966
2967 3401
2969 3720
2970 3716
2970 2971
2970 2972
2974 4207
2975 2976
2976 3077
2978 2979
2979 4234
2981 2982
2983 2984
2985 3677
2986 3629
2986 3670
2987 2988
2987 3410
2988 3410
2988 3408
2989 2990
2989 3491
2990 4193
2992 3097
2992 3402
2993 2995
2993 2994
2993 3403
2994 3697
2995 3485
2996 4055
2996 3103
2996 3405
3000 3001
3002 4163
3004 4213
3004 4217
3005 4142
3005 4213
3006 4141
3006 4142
3007 3008
3010 4138
3011 3012
3011 3014
3011 4122
3012 4130
3013 3014
3013 4131
3016 3017
3018 3019
3018 3023
3019 3020
3019 3024
3020 3021
3020 3025
3021 3022
3021 3026
3022 3027
3022 3028
3023 3024
3024 3025
3025 3026
3026 3027
3027 3029
3028 3029
3029 3030
3030 4238
3031 3032
3033 4229
3034 3773
3034 3772
3035 3779
3035 3777
3038 3039
3038 3065
3040 3786
3040 3785
3041 3042
3046 3046
3046 3047
3049 3051
3050 3051
3050 3052
3052 3053
3054 3055
3055 3057
3056 3057
3056 3056
3059 3060
3061 3622
3061 3062
3062 3065
3064 3066
3064 3065
3068 3069
3070 3763
3071 3072
3071 3074
3072 3764
3073 3761
3073 3760
3074 4013
3075 3076
3079 3080
3080 3081
3081 3082
3083 4010
3084 3500
3084 3086
3084 3085
3085 3086
3086 3515
3087 3635
3087 3636
3088 3089
3089 3817
3090 3831
3091 3829
3091 3831
3092 3093
3094 3095
3096 3100
3096 3099
3096 3404
3097 3098
3098 3099
3099 3100
3100 3101
3101 3103
3101 4055
3102 3418
3102 3420
3103 3412
3104 3105
3105 4010
3106 4206
3106 4207
3107 4208
3107 4247
3109 4015
3109 4017
3112 4197
3112 3113
3113 4196
3114 3865
3114 3877
3114 3911
3116 3118
3117 3118
3119 4263
3120 4257
3120 4259
3120 4261
3120 4262
3121 4165
3121 4168
3122 4170
3122 4171
3123 3124
3124 3125
3124 3139
3125 3126
3125 4287
3127 3129
3128 3129
3128 4263
3128 4257
3129 4287
3130 3131
3131 3640
3131 3642
3132 3133
3133 3134
3134 3434
3136 4219
3137 3138
3137 4280
3137 3139
3138 4252
3138 4278
3139 4267
3140 3141
3142 3144
3143 3144
3144 3145
3146 3147
3148 3148
3149 4095
3149 4080
3150 4081
3150 4084
3151 4084
3151 3676
3151 3153
3152 4087
3152 3153
3152 3676
3153 3679
3155 3156
3159 4122
3159 4123
3160 3161
3161 3625
3161 3162
3164 3209
3165 3180
3165 3166
3165 3213
3166 3181
3166 3174
3167 3169
3168 3182
3168 3183
3168 3184
3169 3172
3169 3173
3169 3177
3170 3175
3170 3173
3170 3171
3171 3175
3171 3179
3172 3174
3172 3173
3174 3175
3176 3177
3177 3178
3179 3181
3179 3182
3180 3209
3180 3181
3182 3183
3183 3185
3184 3185
3185 3530
3186 3198
3186 3197
3187 3200
3187 3198
3187 3189
3187 3197
3188 3191
3188 3202
3188 3189
3188 3645
3189 3190
3189 3201
3190 3645
3190 3198
3191 3195
3191 3192
3191 3203
3192 3193
3192 3196
3193 3645
3194 3205
3194 3195
3194 3196
3195 3196
3195 3204
3197 3199
3205 3206
3205 3207
3208 3646
3209 3212
3210 3211
3210 3213
3211 3212
3212 3213
3214 3216
3214 3215
3216 3217
3218 3220
3219 3220
3220 3221
3221 3222
3222 3223
3222 3224
3223 3224
3223 3226
3224 3226
3225 3226
3227 3243
3227 3228
3228 3230
3229 3230
3229 3243
3231 3236
3231 3235
3231 3240
3232 3246
3232 3233
3233 3234
3234 3235
3234 3237
3235 3237
3236 3244
3236 3237
3238 3239
3238 3240
3238 3241
3239 3240
3239 3241
3241 3254
3241 3253
3242 3250
3243 3250
3244 3246
3244 3245
3245 3247
3245 3246
3247 3248
3247 3250
3249 3251
3250 3251
3251 3252
3252 3252
3253 3254
3253 3256
3254 3258
3255 3256
3257 3265
3258 3259
3258 3261
3260 3264
3261 3262
3261 3264
3262 3263
3262 3265
3263 3264
3263 3265
3266 3269
3266 3267
3267 3270
3267 3273
3268 3270
3268 3279
3268 3271
3269 3279
3269 3270
3272 3273
3272 3274
3274 3275
3274 3291
3275 3277
3276 3277
3277 3278
3279 3281
3280 3281
3281 3282
3283 3287
3283 3295
3284 3285
3285 3286
3286 3295
3287 3288
3287 3291
3288 3289
3288 3290
3291 3293
3292 3293
3292 3294
3294 3294
3295 3296
3297 3298
3298 3302
3298 3301
3299 3300
3299 3302
3299 3304
3300 3305
3300 3301
3301 3302
3303 3304
3304 3305
3305 3307
3306 3307
3307 3308
3311 3312
3313 3320
3314 3317
3314 3316
3315 3316
3315 3329
3315 3327
3316 3317
3317 3320
3318 3321
3318 3327
3318 3324
3319 3321
3319 3320
3319 3325
3321 3325
3322 3323
3322 3326
3322 3331
3323 3330
3323 3328
3324 3326
3324 3325
3326 3327
3328 3330
3328 3329
3329 3330
3332 3333
3334 3335
3336 3341
3336 3337
3337 3339
3338 3339
3339 3340
3344 3347
3345 3389
3346 3393
3346 3351
3346 3355
3347 3349
3347 3348
3349 3351
3349 3396
3350 3355
3350 3353
3350 3394
3351 3395
3352 3354
3352 3355
3352 3387
3356 4099
3357 3358
3359 3766
3359 4095
3360 3361
3361 3362
3361 4095
3364 3365
3366 3368
3367 3368
3368 3369
3370 3377
3370 3372
3370 3384
3371 3374
3372 3375
3372 3384
3373 3375
3374 3377
3374 3381
3374 3375
3376 3377
3376 3381
3376 3382
3378 3379
3379 3381
3379 3386
3380 3386
3380 3382
3382 3383
3383 3384
3383 3385
3388 3389
3389 3391
3390 3391
3391 3393
3392 3393
3397 3398
3398 3398
3399 3400
3399 3730
3401 3402
3404 3410
3405 4054
3406 3408
3406 3418
3406 3407
3407 3408
3408 3409
3411 3639
3411 3413
3411 3412
3412 3640
3413 3638
3415 3417
3415 3420
3415 3469
3415 3418
3416 3428
3416 3417
3417 3426
3417 3427
3419 3421
3420 3421
3420 3426
3421 3424
3422 3424
3423 3424
3425 3426
3428 3466
3428 3429
3430 3432
3431 3432
3431 3434
3432 3436
3433 3435
3434 3435
3435 3436
3436 3441
3437 3441
3437 3438
3437 3440
3438 3445
3438 3439
3439 3443
3439 3440
3440 3443
3441 3442
3443 3444
3446 3475
3446 3469
3446 3460
3447 3461
3447 3473
3447 3479
3448 3457
3448 3451
3449 3483
3449 3454
3449 3455
3450 3452
3450 3451
3451 3468
3452 3454
3452 3453
3453 3455
3453 3468
3454 3455
3456 3463
3456 3457
3457 3459
3458 3463
3458 3459
3458 3460
3459 3461
3460 3461
3462 3464
3463 3464
3464 3465
3466 3467
3469 3474
3470 3472
3470 3474
3470 3471
3471 3473
3471 3475
3472 3476
3472 3477
3473 3477
3474 3475
3476 3478
3476 3477
3478 3481
3478 3482
3479 3482
3479 3481
3480 3483
3481 3482
3484 3489
3484 3485
3485 3486
3487 3488
3488 3489
3489 3490
3491 3494
3492 4053
3492 3494
3493 3495
3493 4052
3494 4052
3495 4053
3498 3499
3500 3505
3500 3503
3501 3503
3502 3503
3503 3504
3505 3509
3505 3506
3508 3680
3508 3509
3509 3510
3511 3513
3511 3512
3513 3514
3513 3515
3515 3516
3517 4049
3517 4046
3520 3521
3522 3523
3523 3524
3524 3525
3526 3527
3528 3529
3531 3535
3532 3535
3532 3533
3532 3534
3536 3537
3536 3557
3536 3559
3537 3555
3537 3545
3538 3545
3538 3539
3538 3552
3539 3540
3539 3541
3540 3552
3541 3542
3541 3543
3542 3544
3543 3544
3543 3546
3544 3546
3545 3554
3547 3549
3547 3548
3547 3550
3548 3569
3548 3571
3549 3567
3549 3569
3550 3571
3550 3573
3551 3552
3551 3553
3552 3554
3553 3554
3554 3555
3555 3557
3556 3557
3556 3558
3557 3559
3558 3559
3558 3574
3560 3564
3560 3562
3560 3563
3561 3563
3561 3562
3562 3563
3564 3566
3564 3565
3565 3567
3566 3568
3566 3567
3568 3570
3568 3569
3570 3572
3570 3571
3572 3574
3572 3573
3579 3581
3580 3581
3580 3582
3582 3585
3582 3583
3583 3585
3584 3587
3584 3585
3584 3586
3586 3589
3586 3587
3587 3588
3588 3589
3590 3591
3590 3592
3591 3611
3591 3592
3593 3594
3594 3595
3595 3597
3595 3596
3596 3597
3596 3600
3597 3598
3598 3601
3598 3599
3599 3600
3599 3601
3600 3604
3601 3602
3603 3604
3605 3609
3605 3608
3605 3606
3606 3611
3607 3612
3608 3609
3611 3612
3614 3615
3614 3616
3615 3621
3615 3618
3617 3622
3617 3618
3618 3619
3619 3620
3619 3621
3621 3624
3622 3623
3623 3624
3625 3916
3626 3627
3628 4059
3629 4188
3630 3632
3630 4187
3630 3631
3631 4186
3631 3632
3632 4184
3632 3633
3635 4047
3636 3637
3637 3638
3638 3639
3639 3640
3641 4185
3642 4192
3642 4184
3648 3654
3649 3650
3650 3660
3651 3666
3652 3669
3652 3666
3653 3654
3654 3655
3655 3656
3655 3657
3658 3659
3658 3660
3659 3660
3663 3664
3664 3665
3666 3667
3667 3668
3667 3669
3670 4190
3670 4189
3671 4051
3671 4047
3672 4221
3672 3674
3672 3673
3674 3675
3676 4089
3677 3678
3679 4097
3679 4082
3680 3681
3683 3684
3684 3689
3684 3687
3685 3687
3685 4055
3685 3686
3686 3688
3686 4054
3687 3688
3688 3690
3689 3691
3689 3690
3690 3692
3691 3693
3691 3692
3692 3694
3693 3694
3694 3696
3695 3697
3695 3696
3696 3697
3698 3699
3700 3708
3700 3707
3701 4194
3701 3702
3701 3917
3703 3705
3703 3704
3704 3706
3705 3706
3709 3710
3710 3714
3710 3711
3711 3713
3711 3712
3715 3716
3716 3718
3717 3718
3718 3720
3719 3720
3721 4139
3723 3870
3723 3852
3723 3853
3723 3909
3724 3726
3725 3728
3726 3727
3726 3730
3727 3728
3728 3729
3731 3733
3732 3733
3734 3736
3735 3736
3737 3739
3738 3739
3739 3748
3746 3748
3747 3748
3751 3753
3752 3753
3754 3756
3755 3756
3757 3759
3758 3759
3762 4014
3762 4013
3765 4077
3765 4076
3766 4094
3766 4079
3767 4094
3767 4077
3768 3770
3769 3771
3770 3771
3770 4093
3771 4092
3774 3775
3775 3781
3775 3776
3775 3784
3776 3780
3778 3779
3783 3784
3787 3789
3788 3789
3796 3798
3797 3798
3799 3801
3800 3801
3801 3809
3804 3805
3804 3813
3805 3814
3806 3807
3806 3810
3806 3813
3807 3808
3808 3809
3809 3812
3810 3811
3811 3812
3812 3814
3813 3814
3816 3818
3816 3817
3817 3818
3818 3819
3820 3825
3820 3821
3821 3826
3822 3826
3822 3824
3823 3825
3823 3824
3825 3826
3827 3828
3827 3830
3828 3829
3829 3830
3830 3831
3833 3834
3835 3836
3837 4132
3837 3838
3837 4127
3838 4127
3839 3843
3839 3844
3840 3844
3840 3845
3841 3845
3841 3842
3842 3843
3846 3854
3847 3971
3847 3850
3847 3882
3848 3849
3849 3881
3849 3851
3849 3854
3850 3881
3850 3872
3851 3871
3851 3853
3852 3862
3852 3853
3853 3880
3853 3871
3854 3882
3854 3855
3855 3884
3855 3856
3855 3859
3856 3859
3856 3885
3857 3859
3858 3971
3858 3884
3860 3880
3861 3910
3862 3864
3862 3910
3862 3880
3863 3879
3864 3865
3864 3879
3865 3878
3866 3878
3867 3868
3868 3968
3868 3874
3869 3908
3870 3908
3870 3872
3871 3872
3871 3881
3873 3911
3873 3969
3875 3968
3876 3960
3876 3877
3877 3878
3878 3879
3879 3880
3881 3882
3882 3883
3883 3971
3883 3884
3884 3885
3885 3886
3886 3972
3887 3972
3887 3888
3888 3975
3889 3975
3889 3981
3889 3890
3890 3891
3891 3978
3892 3978
3892 3897
3892 3995
3893 3899
3893 3904
3893 3996
3894 3895
3895 3902
3895 4003
3895 4004
3896 3999
3896 3993
3896 3994
3896 4042
3897 3898
3897 3993
3898 3997
3898 3995
3898 3993
3899 3997
3899 3900
3900 3904
3900 3903
3901 3999
3901 3998
3901 4042
3901 4002
3902 4000
3902 3903
3903 4001
3903 4004
3904 3905
3905 3980
3906 3977
3906 3907
3907 3973
3908 3970
3908 3909
3909 3910
3910 3911
3912 3913
3913 3914
3913 3965
3913 3964
3914 3922
3915 3916
3916 3918
3917 3964
3917 3963
3918 3963
3919 3920
3920 3921
3920 3922
3922 3923
3923 3926
3923 3965
3924 3925
3925 3926
3925 3965
3925 3928
3926 3931
3927 3928
3928 3929
3928 3966
3929 3942
3929 3931
3930 3931
3932 3950
3933 3934
3934 3935
3934 3937
3936 3950
3936 3947
3936 3937
3937 3938
3938 3940
3938 3939
3940 3947
3940 3944
3941 3942
3942 3944
3943 3966
3944 3966
3945 3946
3946 3947
3946 3949
3946 3966
3948 3949
3949 3950
3949 3952
3950 3953
3951 3952
3952 3953
3952 3962
3954 3967
3955 3967
3955 3958
3956 3957
3957 3958
3957 3960
3957 3967
3958 3961
3959 3960
3960 3961
3961 4007
3962 3967
3963 3964
3963 4194
3970 3971
3970 3973
3972 3983
3973 3983
3975 3976
3976 3981
3976 3977
3977 3982
3978 3979
3979 3980
3980 3982
3981 3982
3984 3985
3985 3986
3986 4014
3987 4014
3987 3988
3988 3989
3989 3990
3990 3991
3991 3992
3992 4003
3993 4043
3994 4040
3994 4043
3995 3996
3995 3997
3997 3999
3998 4000
3998 4002
4000 4003
4000 4001
4005 4006
4005 4005
4006 4007
4006 4006
4008 4009
4010 4011
4015 4034
4015 4033
4016 4017
4016 4036
4017 4031
4018 4025
4018 4019
4019 4020
4019 4030
4019 4024
4020 4023
4020 4021
4021 4023
4021 4024
4022 4023
4024 4025
4024 4031
4026 4027
4027 4028
4027 4194
4028 4033
4029 4030
4032 4033
4034 4038
4036 4045
4037 4038
4038 4044
4038 4039
4040 4045
4041 4045
4042 4045
4043 4044
4046 4047
4048 4049
4049 4050
4050 4051
4051 4052
4052 4053
4053 4054
4054 4055
4056 4057
4056 4060
4057 4058
4058 4059
4061 4064
4061 4068
4063 4066
4063 4064
4065 4066
4066 4067
4067 4068
4069 4222
4069 4221
4070 4221
4070 4076
4071 4072
4072 4073
4072 4075
4073 4074
4076 4078
4077 4222
4078 4079
4079 4095
4080 4085
4081 4083
4081 4090
4082 4086
4083 4089
4083 4084
4084 4085
4085 4096
4086 4087
4086 4125
4087 4088
4088 4126
4088 4089
4090 4091
4091 4092
4092 4093
4093 4094
4096 4097
4098 4099
4101 4223
4102 4223
4104 4105
4106 4112
4106 4107
4107 4109
4107 4108
4109 4111
4110 4111
4111 4112
4113 4117
4113 4114
4114 4115
4114 4116
4114 4117
4118 4119
4123 4135
4123 4133
4124 4128
4124 4125
4125 4129
4126 4128
4127 4128
4129 4130
4131 4133
4131 4132
4134 4135
4136 4147
4136 4137
4137 4148
4137 4145
4139 4145
4141 4148
4143 4144
4144 4145
4146 4147
4148 4211
4150 4151
4153 4155
4154 4155
4155 4156
4157 4159
4158 4159
4159 4160
4164 4165
4166 4167
4168 4169
4169 4289
4170 4289
4171 4284
4174 4175
4175 4178
4175 4176
4177 4178
4180 4212
4181 4181
4182 4183
4184 4185
4185 4186
4186 4187
4187 4188
4189 4190
4190 4191
4191 4192
4195 4196
4197 4198
4198 4199
4199 4200
4200 4202
4201 4202
4203 4207
4204 4209
4204 4205
4205 4206
4209 4252
4209 4291
4211 4227
4212 4227
4215 4216
4216 4217
4218 4220
4219 4220
4224 4225
4225 4226
4230 4231
4232 4233
4235 4237
4236 4237
4237 4238
4239 4240
4241 4244
4241 4285
4242 4256
4242 4245
4242 4258
4243 4244
4243 4265
4243 4245
4244 4258
4245 4266
4246 4247
4246 4253
4247 4250
4247 4291
4248 4255
4248 4249
4248 4264
4249 4251
4249 4250
4250 4251
4251 4254
4252 4254
4253 4291
4254 4291
4255 4263
4255 4256
4256 4260
4257 4260
4258 4259
4259 4260
4264 4266
4264 4265
4265 4266
4267 4295
4267 4268
4268 4269
4268 4277
4269 4297
4269 4274
4270 4272
4271 4272
4271 4273
4273 4274
4273 4275
4274 4275
4275 4277
4276 4277
4278 4279
4278 4280
4280 4282
4281 4282
4282 4283
4284 4285
4286 4287
4288 4289
4289 4290
4292 4295
4292 4293
4293 4296
4293 4294
4294 4297
4294 4299
4295 4297
4298 4299
