0 643
0 425
0 832
1 705
1 641
1 615
1 34
2 403
2 109
2 664
3 1706
3 1495
3 1709
4 286
4 55
4 1130
5 65
5 27
5 94
6 32
6 69
6 662
7 1876
7 394
7 1907
7 1870
7 1875
8 47
8 31
8 75
9 662
9 78
9 76
10 446
10 1524
10 1232
11 691
11 99
11 828
12 1497
12 154
12 1495
13 1877
13 18
13 1874
14 1899
14 1698
14 52
14 342
15 120
15 504
15 176
16 1024
16 378
16 88
17 30
17 386
17 80
18 1907
18 647
18 96
19 1719
19 1631
19 1794
19 594
20 571
20 79
20 36
21 1234
21 1832
21 1833
22 1791
22 1790
22 566
22 580
23 1504
23 83
23 1942
24 272
24 1626
24 760
25 157
25 1134
25 287
26 421
26 642
26 1269
27 80
27 106
28 61
29 63
29 403
30 89
30 74
31 116
31 104
32 69
32 1852
33 1534
33 1414
33 1263
34 641
34 625
35 658
35 68
35 1498
36 73
36 84
37 337
37 380
37 110
38 94
38 272
38 1630
39 1127
39 1231
39 119
40 829
40 111
40 1904
41 704
41 99
41 1177
42 269
42 271
42 1905
42 95
43 410
43 661
43 69
44 1524
44 1488
44 1194
45 1912
45 95
45 643
45 889
46 593
46 91
46 594
47 278
47 287
48 629
48 1645
48 1644
49 302
49 100
49 60
50 298
50 294
50 116
51 264
51 336
51 92
52 393
52 1907
53 1272
53 1136
53 117
54 587
54 105
54 571
55 284
55 278
55 279
56 282
56 268
56 283
57 828
57 704
57 1607
58 91
58 603
58 600
59 642
59 646
59 1243
60 286
60 1235
61 109
62 67
62 1091
62 581
64 1127
64 1232
64 1832
65 1630
65 654
66 168
66 167
66 114
66 169
67 73
67 1395
68 111
68 1915
70 597
70 93
70 112
71 617
71 633
71 635
71 1053
72 626
72 633
72 705
73 1118
74 94
74 89
75 104
75 288
76 410
76 411
77 1921
77 648
77 650
78 1850
78 409
79 1642
79 827
80 340
81 279
82 760
82 623
82 1706
83 1648
83 223
83 1519
84 1118
84 101
85 624
85 583
85 103
86 1849
86 1934
86 1095
87 650
87 649
88 375
88 369
89 1419
90 106
90 654
90 658
91 1789
92 323
92 337
93 1796
93 1795
95 1576
96 211
96 1698
97 1243
97 625
97 829
97 1911
98 527
98 131
98 545
99 744
100 1139
100 303
101 107
101 152
102 693
102 971
102 1057
103 583
103 620
103 107
104 294
105 999
105 613
105 1081
105 628
106 339
107 1642
108 1137
108 1646
108 1018
108 445
109 664
110 1419
110 336
111 1905
111 631
112 610
112 1796
112 1789
113 1131
113 443
113 444
114 378
114 1921
114 366
115 375
115 1909
115 212
116 296
117 273
117 271
118 1499
118 631
118 615
119 442
119 1832
120 244
120 491
121 124
121 1708
121 623
122 644
122 1908
122 1871
123 124
123 262
123 1217
124 1708
124 614
125 1663
125 314
125 305
125 1664
126 1218
126 1217
126 1919
126 1918
127 330
127 1622
127 128
128 330
128 306
129 547
129 543
129 526
130 547
130 1577
130 1034
131 542
131 543
132 1032
132 1579
132 1031
133 574
133 1830
133 134
134 135
134 599
135 1831
135 598
136 659
136 651
136 137
137 141
137 655
138 141
138 139
138 690
139 142
139 659
139 1940
140 655
140 520
140 656
141 674
142 690
142 1309
143 1870
143 395
143 1908
144 145
144 540
146 1491
146 1468
146 147
146 1490
147 256
148 1284
149 1289
149 672
150 1332
151 152
151 583
151 1218
152 583
153 1626
153 1630
153 155
154 1627
154 156
155 1623
155 156
156 1623
157 288
157 1136
158 219
158 221
158 1922
158 233
159 222
159 160
159 883
160 161
160 163
160 882
161 1845
162 380
162 964
162 388
163 164
164 911
165 1114
166 167
167 170
167 1693
169 508
169 170
170 395
171 172
171 1145
171 733
172 544
172 1702
173 719
173 539
173 544
174 694
174 1269
175 669
175 900
175 898
176 248
176 247
177 497
177 252
177 505
177 1606
178 310
178 762
178 308
179 751
179 607
179 195
179 762
180 199
180 1408
180 1568
180 448
181 332
181 607
181 759
182 197
182 183
182 187
183 185
183 1009
183 1011
184 186
184 1008
184 1701
184 187
185 197
185 762
185 751
186 192
186 191
186 584
187 765
187 192
188 191
188 778
188 584
189 766
189 792
189 1281
190 192
190 572
190 191
190 775
191 777
192 766
193 764
193 1282
193 757
194 1861
194 1281
194 1340
195 824
195 749
196 767
196 753
196 757
197 767
198 748
198 747
198 941
199 747
199 808
200 750
200 201
200 1805
201 1439
201 1442
202 451
202 1428
202 203
203 1433
203 204
204 205
204 957
205 941
205 1433
206 1935
206 1805
206 833
206 809
207 809
207 208
208 937
208 209
209 809
209 1337
210 1458
210 538
210 541
211 1900
211 1697
211 289
212 359
212 362
212 647
213 215
213 1112
214 1152
214 215
215 216
216 227
216 219
216 1150
217 218
217 219
217 221
218 1111
218 222
220 1111
220 878
220 1592
221 228
222 228
223 226
223 224
224 225
224 1153
226 232
226 1594
227 233
227 229
228 1653
229 230
229 232
230 1254
230 233
231 1252
231 1254
232 1255
234 1255
234 1252
234 236
235 481
235 236
235 1656
236 239
237 239
237 238
237 1661
238 1655
238 240
239 241
240 244
240 243
241 491
241 492
242 243
242 1653
242 1655
243 245
243 1109
244 245
245 246
246 247
246 1724
247 249
248 251
248 249
249 250
249 254
250 251
250 255
250 252
251 505
251 504
252 1604
252 258
253 1468
253 1583
253 1490
253 1724
254 256
254 1724
254 255
255 257
255 258
256 257
256 1468
257 668
257 259
258 507
258 518
259 260
259 667
259 507
260 524
260 666
261 1918
262 326
262 313
263 324
263 623
263 264
264 325
265 266
265 1912
265 274
266 267
266 268
267 274
267 276
268 269
269 270
270 271
270 283
270 273
272 336
273 1135
274 276
274 437
275 1261
275 284
275 277
276 1261
277 1521
277 438
278 285
279 280
280 1261
280 282
281 283
281 282
281 1600
284 439
285 286
285 296
287 288
288 291
289 292
289 1901
290 291
290 343
290 292
291 295
292 1273
293 1273
294 295
295 301
296 1133
297 299
297 298
297 1581
298 1580
299 300
299 345
300 346
300 344
301 344
301 343
302 1133
302 1580
303 1142
303 304
303 1581
304 1597
304 1143
304 345
305 311
305 963
306 963
306 307
307 1410
307 1663
308 1014
308 1015
309 334
309 1420
309 330
310 334
310 331
311 320
311 316
312 317
312 313
312 1621
313 1919
313 315
314 1919
314 315
315 316
316 317
317 327
317 318
318 322
318 761
318 1620
319 331
319 321
319 332
319 761
320 967
320 322
321 322
321 1622
321 334
323 328
323 325
323 327
324 325
324 326
326 1621
327 1621
327 329
328 338
328 337
328 329
329 1619
331 607
331 332
333 335
333 1620
333 821
335 1619
335 338
338 813
339 341
339 382
339 340
340 385
341 342
341 1898
342 393
342 384
343 351
344 346
345 1596
346 347
347 357
347 350
348 1696
348 351
348 1697
349 353
349 350
349 356
349 354
350 351
352 362
352 353
352 354
353 360
354 1696
355 356
355 357
355 367
356 361
357 358
358 1596
358 1598
359 360
359 362
360 361
361 371
363 372
363 365
363 1143
364 373
364 1022
364 365
365 374
366 1241
366 379
367 368
367 1598
368 1584
368 372
369 1584
369 370
370 371
370 375
371 376
372 374
373 374
373 1024
377 379
377 1024
377 1023
378 379
380 1422
380 813
381 387
381 389
381 383
381 449
382 1429
382 384
382 385
383 390
383 394
383 1429
384 393
385 387
385 386
386 388
386 1422
387 388
389 391
390 391
390 397
392 398
393 394
395 396
396 397
396 453
397 398
398 458
399 1149
400 704
401 1520
401 423
401 1220
402 1375
402 1149
402 403
404 405
404 1203
404 844
404 1202
405 408
405 1215
406 474
406 473
406 843
407 1216
407 408
407 472
408 1378
409 1609
409 1180
410 411
411 412
412 1198
412 1181
413 1198
413 1200
413 1591
414 831
414 416
414 423
415 432
415 1191
415 1662
416 1662
416 424
417 1488
417 1489
417 418
418 1649
418 1179
419 420
419 1489
419 1538
420 1486
420 1651
421 832
421 1520
421 1244
422 1129
422 424
422 430
422 1582
423 424
423 430
424 432
425 430
425 437
426 1521
426 437
426 427
427 435
427 428
428 429
428 1129
431 1582
431 1229
431 1197
432 1582
433 1128
433 434
433 1125
434 1231
434 436
435 439
435 436
436 441
439 1521
440 443
440 442
440 444
441 442
441 1231
443 1130
444 1833
445 446
445 447
446 1599
447 1144
447 1137
448 450
448 449
448 1511
449 450
450 451
451 452
452 1425
452 460
453 454
453 455
455 1539
455 458
456 461
456 1539
456 457
457 513
457 510
458 811
458 1425
459 460
459 467
459 960
460 1481
461 516
461 513
462 1478
462 470
462 1480
463 465
464 469
464 465
464 515
464 470
465 516
466 960
466 818
466 864
467 468
467 958
468 962
468 681
469 521
469 522
470 471
471 671
471 523
472 1151
473 1378
473 1178
475 1690
475 1251
475 476
476 1726
476 1691
477 483
477 1941
477 478
478 479
479 484
479 480
480 1617
480 481
481 484
482 1587
482 483
482 486
483 488
483 484
485 488
485 1656
485 496
486 1936
486 487
487 488
487 489
489 503
489 496
490 503
491 504
492 493
492 494
493 1656
493 494
494 498
494 496
495 499
495 500
495 496
497 499
497 1605
497 498
498 505
498 504
499 1715
501 1715
502 503
506 1606
507 524
508 1539
508 509
509 510
509 511
510 511
511 1669
512 514
512 513
512 1718
514 1920
515 522
515 516
517 1712
517 1535
517 519
518 1016
518 519
518 524
519 1604
520 522
520 1896
521 1896
521 523
523 677
523 1894
525 1369
525 565
525 1575
526 527
526 546
527 546
528 529
529 1124
529 1450
530 1727
530 532
530 531
531 533
531 532
532 559
533 745
533 1006
534 536
534 537
535 541
535 536
535 539
536 539
537 726
538 540
538 541
542 545
542 552
543 547
544 717
545 1727
546 1121
548 561
548 549
549 1929
549 779
550 595
550 1268
550 556
551 1256
551 565
551 561
552 1880
552 1038
552 1727
553 565
553 1893
553 1372
554 1373
554 560
554 1878
555 1369
556 1250
556 1267
557 1363
557 562
557 559
558 1891
558 560
558 1368
558 1365
559 1365
560 1880
562 564
562 745
563 1267
563 1722
563 1571
564 782
564 1703
566 573
566 1639
566 609
566 1532
567 610
567 585
567 1719
568 598
568 1831
568 604
568 586
569 606
569 1400
569 596
570 1090
570 605
570 1396
571 827
572 1434
572 608
572 774
573 609
573 1640
573 597
574 588
574 591
575 599
575 1720
575 576
576 585
576 1830
577 609
577 845
577 1399
577 1401
578 611
578 596
579 1635
579 1633
579 603
580 1638
580 1639
581 1395
581 1080
582 611
584 1466
586 1574
586 604
587 827
587 1643
588 598
588 604
589 1795
589 1637
589 1638
590 1887
590 599
590 1831
591 604
591 1830
591 593
592 1384
592 1532
592 1414
593 1830
594 1632
595 1256
595 1574
596 601
597 1639
599 1831
600 1631
600 1634
601 1398
601 1945
601 1098
601 1397
601 1633
602 1886
602 1720
602 1913
603 1635
605 1636
605 1637
606 1722
606 1398
607 1409
608 1344
608 785
609 1640
609 1078
610 1640
612 638
612 618
612 622
613 632
613 627
614 1644
614 629
615 618
615 625
616 1000
616 618
616 626
617 635
617 634
617 633
618 1629
619 1495
619 627
619 632
620 1642
620 1643
620 637
621 634
621 628
621 1001
622 627
622 640
624 629
624 637
625 646
626 634
628 999
628 998
629 637
630 1270
630 1001
630 640
631 1498
632 637
633 698
635 995
636 1496
638 1496
638 1628
639 988
639 989
639 982
639 1055
640 1000
641 646
641 645
642 1269
643 1912
643 889
644 1875
644 1870
645 700
645 707
647 1909
647 1877
648 649
648 1018
649 650
651 660
651 653
652 1940
652 1748
652 657
653 659
653 1940
654 1219
655 656
656 674
657 1743
657 660
658 1499
660 1743
661 1201
662 1850
663 708
663 842
663 665
664 665
665 1853
666 1494
667 1494
667 668
668 1493
669 899
670 673
670 680
670 1331
672 1285
672 1858
673 682
673 675
674 1894
675 680
675 688
676 684
677 683
677 1316
678 918
678 684
678 1318
679 1837
679 686
679 682
680 684
681 689
681 687
682 1262
683 1313
683 690
685 1859
686 1331
686 1287
688 1262
689 1285
691 817
691 694
691 700
692 707
692 699
692 697
693 974
693 1177
693 706
694 700
695 742
695 708
695 711
696 699
696 1177
696 697
697 744
698 703
698 1051
698 701
699 709
700 744
701 709
701 707
702 711
702 1067
702 840
702 870
703 1052
703 1054
705 1051
706 1379
706 874
707 1051
708 1474
709 1052
710 743
710 1064
710 1379
711 1472
712 869
712 735
712 736
713 716
713 741
713 718
714 739
714 1717
714 730
715 1145
715 1121
715 1913
716 735
716 736
717 722
717 720
717 740
718 733
718 741
718 723
719 1456
719 740
720 1702
720 731
721 734
722 731
722 730
722 729
723 738
723 732
724 1612
724 728
724 1613
725 733
725 1913
725 846
726 1456
726 739
727 1611
727 1717
727 734
728 846
729 734
729 1586
729 736
730 734
730 740
731 732
732 736
732 1702
733 738
735 737
738 1702
739 1455
739 740
741 846
742 1376
742 743
742 874
743 1067
745 1355
746 1409
746 749
746 747
746 1408
748 942
748 749
750 754
750 942
751 752
752 755
752 753
753 756
754 824
754 755
755 756
756 1442
757 758
759 821
759 761
760 1627
763 765
763 764
763 1279
764 1280
765 767
765 768
766 1434
766 768
768 1279
769 780
769 1351
769 1348
769 815
770 779
770 778
770 772
771 772
771 781
771 779
772 777
772 776
773 776
773 815
773 774
774 775
775 777
775 776
776 784
777 778
780 1347
780 1350
781 863
781 784
782 783
784 863
785 792
785 796
786 922
786 793
786 794
787 791
787 1004
787 788
788 791
788 793
789 797
789 794
789 791
790 795
790 928
790 799
792 796
793 922
794 797
795 802
795 929
796 1004
797 802
798 801
799 806
799 803
800 805
801 805
801 806
802 805
804 1721
804 1946
804 1935
806 932
807 1890
807 1946
807 1721
810 957
810 1222
810 945
810 1428
811 812
811 1481
812 970
812 968
813 964
814 1090
814 1098
815 863
816 1284
816 1837
817 1249
817 1865
818 867
818 1222
819 877
819 875
820 836
820 837
821 1568
822 823
822 825
822 824
826 1184
826 1180
826 1866
826 1190
827 1643
828 1865
829 1917
830 890
830 916
830 1576
831 1190
831 1826
832 889
833 839
833 834
834 838
834 836
835 838
837 838
837 1704
838 839
839 1704
840 1389
840 1214
841 1472
841 1209
841 842
842 1471
843 1227
843 1228
844 1616
844 1228
845 1027
845 1026
845 1389
847 1332
847 866
847 1806
848 953
848 1226
848 868
849 851
849 852
849 862
850 855
851 854
851 859
852 858
852 856
853 862
855 859
855 858
855 860
856 859
857 859
858 860
858 862
860 861
860 862
861 919
861 918
864 866
864 865
865 1224
865 866
867 868
867 945
868 950
870 1066
870 1028
871 872
871 1066
871 1056
873 971
873 1059
873 1062
874 1476
875 1721
875 876
876 927
876 877
877 1705
878 883
878 884
879 917
879 884
879 1592
880 917
880 881
880 882
881 883
881 884
882 917
882 1516
885 1246
885 912
885 887
885 896
886 888
886 892
886 913
887 892
887 912
887 914
888 891
888 914
888 915
889 1242
890 894
890 1245
891 1904
891 893
892 913
892 897
893 915
893 916
894 897
894 1867
895 1917
895 896
895 1904
896 914
897 1247
898 1114
898 899
900 1537
900 909
901 906
901 907
901 1537
902 905
902 903
903 908
904 905
904 909
904 908
905 1711
907 910
908 910
909 910
912 1247
913 914
915 916
915 1867
920 1318
921 1360
921 938
922 1360
923 938
923 929
923 934
924 927
924 925
924 926
928 1890
928 1889
929 930
931 1889
933 937
935 938
936 937
939 957
940 954
941 943
942 1438
943 951
944 953
945 1221
945 948
946 951
947 956
949 956
952 954
953 1225
954 955
955 956
955 1443
958 959
958 960
960 1513
961 962
962 1482
963 967
964 966
965 968
966 1512
966 1511
967 1622
968 969
971 972
972 975
972 973
973 975
973 974
974 977
975 977
976 978
976 1117
976 981
977 979
978 981
978 980
979 980
980 982
981 982
983 984
984 985
984 986
985 987
985 991
986 989
986 987
987 991
988 1666
988 1053
989 1666
989 992
990 993
991 993
992 994
992 1668
993 997
993 1668
994 995
994 1667
995 998
996 1668
997 999
997 998
998 999
1000 1270
1001 1270
1002 1003
1003 1004
1003 1364
1005 1006
1006 1119
1007 1007
1007 1363
1008 1466
1008 1010
1009 1701
1009 1010
1010 1011
1011 1012
1012 1014
1012 1013
1013 1013
1014 1015
1015 1420
1016 1485
1017 1277
1017 1020
1017 1146
1018 1019
1018 1146
1019 1021
1019 1241
1020 1139
1020 1021
1021 1141
1022 1023
1022 1024
1023 1141
1023 1241
1025 1071
1025 1116
1025 1506
1026 1075
1026 1073
1026 1078
1027 1028
1027 1389
1028 1069
1028 1073
1029 1069
1029 1071
1029 1063
1030 1075
1030 1386
1030 1082
1030 1086
1031 1032
1031 1577
1032 1033
1033 1036
1033 1035
1034 1577
1034 1035
1035 1036
1036 1037
1037 1675
1037 1881
1037 1679
1038 1675
1038 1881
1039 1942
1039 1725
1039 1040
1040 1108
1040 1041
1041 1500
1041 1108
1042 1764
1042 1743
1042 1763
1043 1760
1043 1779
1043 1778
1043 1769
1044 1788
1044 1764
1044 1750
1044 1050
1045 1755
1045 1048
1045 1050
1046 1771
1046 1754
1046 1755
1046 1773
1047 1754
1047 1753
1047 1756
1048 1787
1049 1751
1050 1758
1052 1055
1053 1054
1054 1055
1056 1057
1056 1061
1057 1064
1058 1059
1058 1060
1058 1062
1059 1061
1060 1061
1060 1063
1060 1388
1062 1506
1062 1063
1064 1065
1065 1067
1065 1066
1066 1068
1069 1070
1070 1072
1070 1071
1072 1076
1072 1077
1073 1077
1074 1383
1074 1089
1074 1386
1075 1076
1075 1077
1076 1383
1078 1384
1079 1390
1079 1083
1079 1080
1080 1394
1081 1083
1081 1085
1082 1084
1082 1088
1083 1084
1084 1085
1085 1086
1086 1387
1087 1384
1087 1414
1087 1264
1087 1088
1088 1384
1089 1387
1089 1116
1090 1094
1091 1095
1091 1092
1092 1415
1092 1093
1092 1094
1093 1392
1093 1263
1094 1096
1095 1415
1096 1097
1096 1415
1097 1417
1097 1098
1099 1102
1100 1104
1101 1103
1101 1109
1101 1102
1102 1103
1102 1104
1103 1105
1104 1106
1104 1107
1105 1106
1105 1109
1106 1109
1108 1690
1110 1111
1113 1114
1115 1117
1116 1505
1117 1505
1118 1918
1119 1124
1120 1121
1120 1145
1122 1123
1122 1452
1123 1447
1123 1148
1124 1447
1125 1126
1125 1196
1126 1127
1128 1129
1128 1582
1130 1131
1131 1235
1132 1133
1134 1135
1134 1507
1135 1136
1137 1147
1138 1144
1139 1140
1140 1142
1140 1141
1142 1143
1144 1233
1146 1278
1147 1277
1147 1278
1150 1153
1150 1152
1151 1152
1151 1153
1154 1545
1154 1160
1154 1156
1155 1156
1155 1168
1155 1844
1156 1540
1156 1602
1157 1540
1158 1550
1159 1556
1160 1165
1160 1541
1160 1548
1161 1541
1162 1560
1163 1563
1163 1164
1163 1560
1164 1566
1164 1170
1165 1544
1165 1542
1165 1551
1166 1542
1167 1552
1168 1602
1168 1842
1169 1175
1170 1567
1170 1711
1171 1543
1172 1567
1172 1564
1172 1565
1173 1174
1173 1543
1173 1547
1174 1546
1174 1846
1174 1549
1175 1562
1175 1556
1176 1550
1178 1178
1179 1650
1179 1502
1179 1944
1180 1182
1181 1182
1181 1189
1182 1183
1183 1185
1183 1184
1184 1186
1185 1189
1185 1186
1186 1187
1187 1188
1187 1190
1187 1662
1188 1191
1188 1189
1191 1193
1192 1193
1192 1522
1192 1591
1193 1194
1194 1229
1195 1196
1195 1523
1195 1197
1196 1582
1197 1230
1198 1200
1199 1202
1199 1201
1199 1200
1201 1260
1202 1260
1203 1204
1203 1227
1205 1207
1205 1206
1205 1260
1207 1471
1207 1208
1209 1214
1209 1210
1210 1211
1210 1212
1213 1214
1215 1216
1215 1517
1216 1519
1217 1218
1220 1249
1220 1820
1222 1223
1224 1335
1224 1226
1225 1335
1225 1226
1227 1228
1229 1230
1230 1599
1232 1233
1233 1234
1234 1237
1235 1236
1236 1238
1236 1237
1237 1239
1238 1239
1240 1485
1240 1651
1240 1690
1242 1245
1242 1576
1243 1903
1244 1245
1244 1248
1246 1248
1246 1903
1247 1248
1249 1520
1252 1253
1254 1255
1256 1258
1257 1258
1258 1259
1262 1837
1263 1264
1264 1265
1265 1526
1265 1393
1266 1526
1267 1571
1271 1272
1272 1509
1273 1274
1275 1941
1275 1692
1275 1589
1276 1691
1276 1692
1276 1484
1277 1278
1279 1280
1280 1339
1281 1339
1282 1341
1283 1284
1283 1286
1283 1289
1285 1860
1287 1291
1287 1290
1288 1289
1292 1316
1292 1317
1292 1298
1293 1319
1294 1312
1295 1317
1295 1319
1296 1308
1296 1323
1297 1301
1297 1308
1298 1299
1298 1315
1300 1300
1300 1329
1301 1320
1302 1737
1302 1327
1302 1312
1303 1304
1304 1305
1304 1741
1305 1326
1305 1310
1306 1310
1306 1312
1307 1322
1308 1324
1309 1328
1309 1761
1311 1327
1313 1315
1313 1733
1314 1318
1315 1316
1317 1319
1320 1740
1320 1739
1321 1766
1321 1329
1321 1322
1322 1328
1323 1323
1325 1741
1327 1766
1328 1329
1329 1738
1330 1331
1332 1808
1333 1335
1333 1334
1333 1806
1334 1806
1334 1336
1336 1704
1336 1808
1338 1341
1339 1340
1340 1341
1342 1861
1343 1863
1344 1351
1344 1345
1346 1351
1348 1349
1348 1926
1352 1354
1352 1360
1353 1359
1354 1703
1354 1361
1355 1358
1355 1359
1356 1358
1357 1358
1362 1363
1365 1366
1367 1930
1367 1891
1367 1929
1368 1926
1368 1930
1369 1374
1370 1373
1370 1886
1370 1374
1371 1374
1371 1372
1373 1892
1376 1476
1376 1469
1377 1378
1379 1380
1380 1382
1380 1381
1383 1385
1386 1387
1388 1388
1390 1530
1390 1394
1391 1395
1392 1394
1392 1393
1393 1530
1397 1398
1397 1848
1402 1406
1402 1408
1402 1404
1403 1849
1403 1407
1403 1417
1404 1409
1404 1568
1405 1410
1409 1418
1410 1411
1412 1413
1413 1417
1413 1416
1416 1848
1416 1847
1419 1423
1420 1461
1421 1461
1422 1423
1423 1916
1424 1428
1425 1427
1426 1429
1430 1432
1431 1432
1432 1433
1434 1440
1435 1441
1436 1438
1437 1445
1438 1445
1441 1446
1441 1443
1442 1444
1443 1446
1445 1446
1447 1449
1448 1450
1451 1452
1453 1457
1454 1456
1457 1458
1458 1459
1460 1462
1460 1465
1460 1463
1461 1464
1465 1466
1465 1467
1469 1474
1469 1470
1471 1472
1472 1473
1474 1475
1476 1477
1478 1482
1478 1479
1481 1482
1483 1798
1484 1647
1484 1587
1485 1647
1486 1487
1486 1500
1488 1489
1490 1492
1491 1492
1492 1711
1496 1497
1497 1628
1498 1728
1499 1728
1500 1501
1503 1519
1503 1648
1503 1518
1504 1648
1504 1943
1505 1506
1507 1600
1507 1508
1509 1901
1509 1699
1510 1511
1513 1798
1513 1514
1515 1748
1515 1746
1515 1744
1517 1518
1517 1649
1518 1650
1522 1599
1522 1524
1525 1528
1525 1529
1525 1527
1526 1527
1527 1528
1528 1529
1529 1530
1531 1533
1531 1532
1533 1534
1534 1791
1535 1938
1535 1536
1536 1536
1537 1593
1538 1943
1538 1801
1540 1840
1540 1844
1541 1542
1541 1840
1542 1543
1543 1544
1544 1547
1544 1554
1545 1548
1545 1602
1545 1552
1546 1550
1546 1838
1546 1553
1547 1549
1547 1557
1548 1555
1548 1551
1549 1553
1549 1558
1550 1556
1551 1559
1551 1554
1552 1560
1552 1555
1553 1556
1553 1562
1554 1557
1554 1561
1555 1563
1555 1559
1557 1558
1557 1564
1558 1562
1558 1565
1559 1566
1559 1561
1560 1563
1561 1564
1561 1567
1562 1565
1563 1566
1564 1565
1566 1567
1569 1570
1570 1571
1570 1572
1572 1573
1573 1574
1575 1720
1578 1884
1578 1579
1579 1879
1580 1581
1583 1724
1583 1845
1584 1585
1587 1588
1590 1591
1594 1595
1594 1725
1596 1597
1597 1598
1600 1601
1602 1841
1603 1604
1605 1714
1605 1606
1607 1609
1607 1608
1609 1610
1611 1612
1613 1614
1613 1615
1616 1651
1616 1649
1617 1726
1617 1618
1619 1620
1623 1624
1625 1915
1626 1627
1628 1629
1629 1728
1631 1634
1632 1794
1632 1793
1633 1792
1634 1794
1634 1635
1634 1792
1635 1792
1636 1795
1636 1637
1636 1796
1637 1790
1638 1790
1641 1934
1641 1848
1641 1847
1644 1645
1644 1707
1645 1710
1646 1691
1646 1647
1648 1944
1649 1650
1652 1653
1652 1654
1654 1655
1657 1660
1657 1658
1657 1659
1658 1660
1660 1661
1661 1799
1663 1664
1664 1934
1665 1666
1669 1920
1669 1673
1670 1671
1670 1673
1670 1674
1672 1673
1675 1882
1676 1677
1676 1680
1676 1681
1677 1682
1677 1680
1678 1684
1678 1687
1678 1683
1679 1882
1679 1685
1680 1680
1681 1682
1681 1686
1682 1683
1683 1686
1684 1688
1684 1685
1685 1689
1686 1687
1687 1688
1688 1689
1689 1882
1692 1888
1693 1694
1693 1873
1695 1696
1697 1698
1700 1701
1706 1709
1707 1710
1707 1708
1709 1710
1712 1714
1712 1713
1714 1715
1716 1717
1722 1723
1723 1723
1725 1726
1726 1941
1729 1902
1730 1731
1730 1736
1730 1737
1731 1734
1731 1735
1732 1733
1733 1735
1735 1737
1740 1742
1741 1742
1744 1745
1745 1746
1746 1762
1747 1748
1749 1750
1750 1764
1750 1781
1751 1773
1751 1776
1751 1787
1752 1768
1752 1760
1752 1753
1753 1759
1753 1768
1754 1770
1754 1771
1755 1786
1755 1774
1756 1757
1756 1759
1757 1769
1757 1758
1757 1771
1758 1786
1758 1785
1759 1769
1759 1760
1761 1762
1762 1768
1763 1763
1764 1780
1765 1766
1767 1768
1769 1785
1771 1786
1772 1773
1773 1774
1774 1787
1775 1778
1777 1778
1778 1779
1779 1788
1782 1783
1783 1784
1783 1788
1785 1788
1789 1796
1790 1791
1792 1793
1792 1794
1792 1945
1793 1945
1797 1798
1799 1800
1799 1922
1800 1923
1802 1808
1803 1808
1804 1805
1806 1807
1809 1826
1809 1810
1809 1813
1811 1812
1811 1814
1811 1822
1812 1824
1812 1813
1813 1814
1814 1820
1815 1835
1815 1822
1815 1816
1816 1817
1816 1819
1817 1828
1817 1818
1817 1835
1819 1829
1819 1820
1820 1821
1822 1823
1822 1824
1824 1866
1825 1826
1827 1866
1833 1834
1835 1836
1839 1840
1843 1844
1844 1845
1847 1849
1850 1851
1852 1853
1852 1854
1853 1855
1854 1855
1856 1859
1857 1858
1858 1859
1861 1863
1862 1863
1864 1865
1867 1911
1868 1869
1868 1877
1868 1909
1869 1871
1869 1872
1870 1908
1871 1910
1872 1873
1872 1910
1872 1909
1873 1910
1874 1907
1874 1876
1875 1876
1879 1887
1880 1885
1881 1885
1883 1884
1884 1885
1886 1887
1889 1890
1892 1893
1894 1895
1896 1897
1898 1914
1898 1899
1899 1900
1900 1906
1901 1902
1902 1906
1903 1911
1904 1905
1905 1906
1906 1914
1908 1910
1911 1917
1914 1915
1920 1921
1922 1923
1924 1928
1924 1927
1925 1927
1925 1926
1925 1928
1928 1932
1929 1932
1930 1931
1931 1933
1932 1933
1935 1946
1936 1938
1936 1937
1938 1939
1939 1939
1942 1943
1943 1944
