0 620
0 1102
0 2579
1 205
1 2
2 3
2 2034
3 2580
3 4
4 2577
5 66
5 729
5 1105
6 712
6 1666
6 943
7 52
7 706
7 159
8 164
8 28
8 51
9 1715
9 1383
9 126
10 553
10 1056
10 1049
11 1754
11 1846
11 553
12 1790
12 1053
12 1815
13 631
13 682
13 14
13 150
14 113
14 679
15 855
15 1786
15 814
16 17
16 1786
16 36
17 18
17 36
17 813
18 19
18 1815
19 36
19 938
20 670
20 116
20 2132
21 973
21 128
21 960
22 26
22 205
22 475
23 665
23 559
23 556
24 485
24 788
24 193
24 486
25 191
25 222
25 2010
25 216
26 1489
27 1543
27 1549
27 1283
27 736
28 116
28 50
29 116
29 2015
29 111
30 2030
30 532
30 523
31 727
31 1688
31 666
31 1679
32 1688
32 1678
32 1667
33 149
33 167
33 1806
34 200
34 158
34 44
35 158
35 58
35 45
35 706
37 157
37 1135
37 1936
38 65
38 66
38 2580
39 2570
39 2569
39 65
40 41
40 1105
40 964
41 730
41 2578
42 1799
42 681
42 1779
43 1758
43 1746
43 1756
43 1752
44 1838
44 1830
44 1825
45 1670
45 1674
46 47
46 154
46 155
47 48
47 379
48 381
48 379
49 378
49 2584
49 380
50 53
50 2042
50 111
51 2041
51 2042
51 2040
52 2134
52 2041
53 2134
53 783
53 666
54 2281
54 985
54 1544
55 56
56 704
56 449
57 704
57 110
57 64
58 59
58 2499
58 1676
59 714
59 445
60 62
60 1673
60 61
61 1671
61 444
61 786
62 107
62 725
63 439
63 446
63 109
64 940
64 439
65 2576
66 2579
67 129
67 828
67 1872
68 69
68 248
68 249
69 70
69 249
70 503
70 71
71 1527
71 1531
72 514
72 1536
72 1529
73 1668
73 1680
73 1679
73 1536
73 2523
74 2343
74 77
74 2345
75 2374
75 2039
75 2376
76 2039
76 83
76 2356
76 1895
76 2353
77 186
77 1895
78 2238
78 152
78 2237
79 2377
79 2188
79 641
80 1361
80 1373
80 81
81 103
81 87
81 2494
82 102
82 91
82 2496
82 1322
83 647
83 84
84 650
84 1923
85 650
86 649
86 647
86 1337
87 1337
87 649
88 89
88 231
88 2129
89 651
89 1926
90 656
90 660
90 461
91 656
91 1319
92 1125
92 2130
92 984
93 2123
93 2080
93 2081
94 463
94 180
94 95
94 177
95 2639
95 1644
95 2074
96 2073
96 97
96 99
97 2075
97 98
98 99
98 1304
99 2076
100 2128
101 388
101 386
101 831
102 389
102 1777
103 2064
103 105
104 2064
104 1348
104 643
105 2493
105 1142
106 184
106 218
106 230
107 702
107 440
108 441
108 109
108 702
109 763
109 442
110 433
110 432
111 2016
111 727
112 670
112 166
112 518
113 855
113 939
114 1493
114 1467
114 1485
115 1485
115 1847
117 2568
117 1541
117 418
118 1188
118 669
118 668
119 567
119 2292
119 120
119 1712
120 1453
120 1505
121 970
121 921
121 122
121 1562
122 1723
122 823
123 920
123 589
123 549
124 2543
124 919
124 588
125 1714
125 1462
125 1427
126 1465
126 1727
127 1410
127 1956
127 960
128 960
128 974
129 527
129 2029
130 170
130 1830
130 1800
131 1378
131 315
131 132
132 2447
132 2572
133 968
133 134
133 1378
134 1467
134 2572
135 234
135 138
135 140
136 233
136 140
136 137
137 431
137 1559
138 1287
138 234
139 1559
139 235
139 1287
140 233
141 1681
141 200
141 2014
142 2105
142 1709
143 144
143 946
143 1709
144 548
144 945
145 547
145 545
145 548
146 1545
146 547
146 1708
147 667
147 1064
147 1742
148 1781
148 1792
148 1785
149 1819
149 1805
150 1907
150 2334
151 152
151 1907
151 2291
152 501
153 1901
153 2235
153 1911
154 1936
154 155
155 1346
156 1346
156 377
156 157
157 1936
158 159
159 168
160 1800
160 165
160 161
161 2040
161 162
162 164
162 163
163 2297
163 941
164 166
165 2294
165 167
165 2298
166 173
166 2296
167 814
168 170
168 169
169 942
170 942
171 941
172 173
172 518
172 1872
173 176
174 1872
174 632
174 175
175 631
175 176
176 2298
177 178
177 2123
178 179
178 2077
179 182
179 181
180 2073
180 182
182 183
184 187
184 230
185 230
185 2531
185 188
186 188
186 189
187 231
187 189
188 2345
189 1923
190 789
191 479
191 195
192 485
192 193
192 194
193 195
194 2002
194 196
195 222
196 479
196 482
197 2008
197 646
197 2002
198 1771
198 201
198 667
199 201
199 1545
199 1771
200 982
201 202
202 900
202 1752
203 2623
203 204
203 1099
204 1097
204 205
206 228
206 226
206 212
206 229
207 210
207 208
207 2540
208 209
208 218
210 212
210 211
211 213
211 214
212 213
213 678
214 215
214 488
215 216
215 2010
215 219
216 219
217 793
217 935
217 481
217 265
218 229
219 221
219 227
220 223
220 221
220 227
221 791
221 222
222 2009
223 489
223 224
224 225
224 2126
225 228
225 226
226 227
228 229
231 1037
232 430
232 1541
232 1570
233 713
234 975
235 723
235 1285
235 1557
236 1699
236 522
236 252
237 825
237 238
238 241
238 872
239 380
239 381
239 382
240 1532
240 1519
240 1522
241 242
241 742
242 821
242 1669
243 2501
243 1669
243 1683
244 447
244 2504
244 2506
245 246
246 1517
246 247
247 1516
248 504
248 249
249 250
250 1291
250 251
251 513
251 1242
252 1663
252 1698
253 711
253 1706
253 2502
254 2198
254 450
254 1314
254 2196
255 1334
255 1937
255 1367
256 259
256 490
256 1117
257 258
257 1117
257 1169
258 1114
258 1117
259 260
259 2052
260 261
260 1114
261 478
261 1121
262 646
262 1966
262 1995
262 1181
263 2007
263 1181
263 1182
264 646
264 265
264 1962
264 2001
265 924
266 1158
266 342
266 1160
266 1161
267 334
267 268
267 335
268 332
268 1514
269 270
269 330
269 1939
270 328
270 330
271 2137
271 1876
272 1217
272 629
272 1221
272 273
273 277
274 277
274 544
274 2631
275 564
275 276
275 277
276 552
276 564
278 1942
278 1223
278 280
279 1942
279 1941
279 321
280 2137
280 1217
281 1876
281 629
281 294
282 285
282 1876
282 283
283 1375
283 284
285 293
285 294
286 291
286 617
286 2036
287 290
287 292
287 1453
288 2036
288 297
288 2037
289 2037
289 290
289 563
290 563
291 292
291 617
292 1505
293 295
293 297
294 297
295 296
295 304
297 300
298 843
298 306
298 299
299 861
299 1475
300 306
300 305
301 302
301 307
301 305
302 303
302 850
303 304
304 1215
305 306
308 309
308 1103
308 1952
309 312
309 311
310 312
310 314
310 313
310 311
311 312
314 315
315 1378
316 2447
316 2573
316 1387
316 2572
317 319
317 1447
317 318
318 320
318 1482
319 2447
319 320
320 1948
321 1943
321 327
321 1944
322 729
322 2575
322 1100
323 327
323 1463
323 1485
324 326
324 325
324 327
328 1597
328 329
329 333
329 347
330 331
331 1649
331 1469
333 335
333 347
334 561
334 335
336 341
336 337
336 560
337 341
337 338
337 1115
337 1590
338 340
338 339
340 2603
341 1650
342 1164
342 2603
343 624
343 344
343 619
344 2034
344 618
345 356
345 346
345 1293
346 1292
346 623
347 2019
348 765
348 351
348 350
349 350
349 1612
349 765
350 1612
351 1086
351 352
352 1074
352 1076
353 354
353 1086
353 1598
354 1585
354 395
355 1625
355 357
355 1116
356 361
356 1116
357 358
357 360
358 359
358 395
359 600
359 1586
360 367
360 600
361 615
361 1096
362 1082
362 363
362 1068
362 616
363 370
363 368
364 368
364 365
364 1078
365 366
365 367
366 1096
366 367
368 369
370 370
371 475
371 474
371 1098
372 1225
372 1099
372 1097
373 1110
373 1112
373 2617
374 1469
374 2618
374 1939
375 2202
375 2198
375 1314
376 1334
376 1342
376 377
377 1346
378 383
378 380
379 385
381 382
382 842
383 385
383 384
384 1331
384 385
386 387
386 1149
387 387
388 2495
388 389
389 2495
390 1345
390 1144
390 1149
391 1333
391 1148
391 1144
391 392
392 1369
392 1883
393 1362
393 1338
393 2218
393 856
394 1627
394 2219
394 996
394 2218
395 396
396 1583
397 399
397 1173
397 1600
398 1600
399 400
399 1176
400 405
400 401
401 402
401 403
403 404
403 1309
405 1177
405 1309
406 407
406 1177
407 408
408 2441
408 410
409 1171
409 1745
409 1044
410 1044
410 1755
410 1299
411 1610
411 1601
411 412
412 1172
412 1212
412 413
413 644
413 2440
414 554
415 604
415 1641
415 416
416 644
417 748
418 1516
418 424
418 1572
419 420
419 424
419 422
420 421
420 422
421 1030
421 422
422 425
423 424
423 425
423 1029
426 973
426 713
426 1569
427 1954
427 431
427 1569
428 1955
428 1554
428 1568
429 974
429 1955
429 973
430 717
430 431
432 435
432 438
433 436
433 437
434 435
434 437
434 438
435 436
436 437
438 700
439 940
440 441
440 443
441 442
442 447
443 1701
443 1671
444 1676
444 1673
445 1673
445 726
446 703
446 1695
447 2457
448 1691
448 1705
448 1693
448 711
450 2195
450 451
451 1312
451 1349
452 453
453 1883
453 1329
454 455
454 1319
454 2514
455 456
455 2515
457 458
457 2515
457 2512
458 460
458 459
460 462
460 1155
461 651
461 462
462 1123
463 2119
463 465
464 2119
465 466
465 2117
466 1648
466 2115
467 468
467 1648
467 2123
468 469
468 2055
469 1589
469 1587
470 1589
471 472
471 1225
471 2587
472 1657
472 473
473 1226
473 833
474 475
474 1104
476 1633
476 1119
476 478
477 478
479 480
480 482
480 792
480 481
481 482
482 2001
483 791
484 790
485 486
485 2004
486 491
487 792
489 2125
489 2126
489 795
490 1034
490 797
491 789
491 1166
492 497
492 496
492 493
493 635
493 496
494 634
494 496
494 497
495 634
497 1890
498 860
498 910
498 633
499 2183
499 2184
499 500
500 2185
500 2184
502 2236
502 2235
502 638
503 504
503 528
503 532
504 1873
504 2029
505 2274
505 2275
505 507
506 875
506 509
506 1262
507 508
507 509
508 2254
508 2244
509 2255
510 529
510 511
510 1262
511 1021
511 512
512 1026
512 513
513 1874
514 2524
514 1022
514 517
515 529
515 1258
516 1866
516 530
516 1261
517 521
517 1291
518 671
519 863
519 866
519 1276
519 522
520 526
520 2509
520 1259
522 1863
523 535
523 528
524 1276
524 531
524 1278
525 531
525 1275
525 526
526 1270
527 2132
527 671
527 528
529 534
530 2510
530 2509
531 533
532 1527
533 1268
533 1264
534 873
534 1288
535 2132
535 2015
536 1860
536 1284
536 537
537 749
537 1284
538 541
538 2506
538 539
539 749
539 540
540 1857
540 541
541 2503
542 1857
542 1859
542 543
543 742
543 1856
544 2576
544 2631
545 1564
545 1716
545 1720
546 1722
546 1383
546 809
546 1564
547 1555
547 1708
548 1555
549 1492
549 1390
550 1381
550 551
550 2444
550 1491
551 1103
551 2562
551 571
552 1103
552 2631
553 1846
554 1584
554 1194
555 557
555 562
555 664
556 559
556 558
557 558
557 1077
558 1077
559 560
560 561
561 562
562 664
563 565
564 568
565 568
565 732
566 569
566 567
566 1511
566 732
567 572
568 645
569 1460
569 645
570 1460
572 1445
572 1436
573 1462
573 1445
573 1712
574 575
574 576
574 577
575 575
575 892
576 1187
576 1439
577 1187
577 892
578 1406
579 1406
579 580
579 1211
580 1736
580 1766
581 1434
582 583
582 587
582 584
583 1442
583 1510
583 1106
584 586
584 1488
584 587
585 1488
587 1508
588 1416
588 1731
589 590
589 919
590 591
590 592
591 592
591 1412
592 1418
593 1393
593 895
593 1421
593 2491
594 2093
594 2611
594 595
595 896
595 884
596 597
596 668
596 1737
597 599
597 598
600 605
601 602
601 1620
601 603
601 612
602 1399
602 1607
603 1619
603 1607
603 604
604 1579
605 1623
605 609
605 606
606 1617
606 1579
607 610
607 626
607 608
608 609
608 610
609 611
610 1624
611 1588
611 1574
612 613
612 626
613 1654
613 1623
614 616
614 2035
614 1095
615 618
615 1095
616 1073
617 1420
618 2035
619 2034
619 2595
619 620
620 1489
621 1389
621 622
621 1597
622 2595
622 2023
623 624
623 625
624 625
625 2595
626 1616
627 627
627 1616
628 1080
628 1066
628 1420
629 630
631 632
632 2349
633 634
633 635
635 2278
636 1910
636 910
636 1890
637 1140
637 2372
637 1906
638 639
638 851
639 640
639 641
640 2372
640 851
641 2236
642 1373
642 2374
642 643
643 1361
644 1212
644 1213
645 732
645 1103
646 2000
647 648
648 650
648 649
651 652
652 655
652 653
653 654
653 1922
654 655
654 2288
655 2288
656 657
657 663
657 658
658 658
659 663
659 2288
660 661
660 662
664 1112
665 1079
665 1115
665 1307
666 779
667 1739
668 669
669 1204
670 672
671 673
672 673
674 692
674 676
674 677
675 692
675 677
675 676
676 692
677 692
677 835
679 680
680 687
680 681
680 1804
681 690
682 685
682 1845
683 1798
683 1845
683 686
684 1839
684 1826
684 1780
685 1804
685 686
686 1845
686 691
687 691
687 689
687 1804
688 1840
688 1816
688 1796
689 1796
689 690
689 1816
690 1796
690 1797
691 1834
691 1816
693 698
693 940
693 694
694 695
694 699
695 696
695 697
696 698
696 697
697 763
698 763
700 701
700 1685
702 703
703 725
704 2457
705 2133
706 707
707 2133
707 709
708 783
708 2134
708 2133
708 2135
710 1677
711 2508
712 975
712 2044
713 2103
714 1687
714 1685
715 1687
715 716
715 2500
716 726
716 1695
717 720
717 1559
718 719
718 2102
718 721
718 720
719 720
719 722
721 722
721 723
721 2101
722 723
724 2182
724 835
724 1909
725 726
727 2497
728 2447
728 2573
728 2569
729 2578
730 731
730 1944
731 2460
731 2486
731 2462
732 1453
733 1594
733 1077
733 2636
734 735
734 1578
734 1099
736 1859
736 1860
737 1566
737 1550
737 2279
738 741
738 2279
738 739
739 741
739 740
740 1544
740 1549
741 2280
742 1530
743 1855
743 1854
743 1530
744 1855
744 1854
745 1283
745 1543
745 2286
746 747
746 2287
747 748
749 750
750 1858
750 1859
751 867
751 2452
751 757
752 759
752 2452
752 755
753 754
753 759
753 761
754 2352
754 1947
755 756
755 760
756 758
756 757
757 758
758 878
759 760
759 817
760 880
762 1941
764 765
764 770
766 774
766 775
766 1625
767 768
767 773
767 1071
768 778
768 776
769 770
769 777
769 778
771 772
771 1067
771 774
772 1071
772 773
773 1067
774 775
775 1067
776 777
776 1071
777 778
779 782
780 2136
780 781
780 785
781 782
781 1960
782 783
783 1960
784 1664
784 785
784 2136
785 1701
786 1664
786 1694
787 959
787 1084
787 969
788 789
788 790
790 2009
791 2009
792 2010
792 793
793 2083
793 794
795 796
795 800
796 805
796 802
797 805
797 801
798 802
798 799
798 803
799 800
801 804
801 803
802 804
803 804
804 805
806 2565
806 2020
807 911
807 2020
807 2021
808 900
808 811
808 812
809 812
809 811
810 1708
810 1716
810 811
812 908
813 1841
813 2046
813 1062
814 1824
815 816
816 905
817 1947
818 2191
818 1316
818 1355
819 820
819 1848
820 1661
820 2582
821 825
821 1692
822 1379
822 1710
822 1438
823 1710
823 1410
824 1427
824 2543
824 1379
825 1700
826 1494
826 1849
826 1506
826 903
827 2413
827 859
827 2114
827 2587
828 835
828 844
829 914
829 911
829 2017
830 2114
830 2111
831 2290
831 2496
831 1362
832 913
832 848
832 914
833 2626
833 2624
834 1380
834 1515
834 1423
835 844
836 838
836 1031
836 1452
837 2097
837 840
837 2096
838 1456
838 1032
839 1333
839 852
839 1344
840 1006
840 845
841 858
841 1456
841 1031
842 1328
842 853
843 1475
843 2565
843 912
843 913
844 860
845 1852
845 1012
846 2018
846 2022
846 915
847 916
847 2024
847 2018
848 2022
848 914
849 1139
849 1882
849 1145
850 861
851 860
852 854
852 1886
853 1354
853 2454
854 1008
854 1133
855 909
857 2278
857 1011
857 1012
858 905
859 2412
859 2216
860 1901
862 915
862 2023
862 916
863 1522
863 1271
864 2264
864 1878
864 2240
865 2033
865 1092
865 1662
866 1266
866 2072
868 2526
868 2525
868 1691
869 1534
869 2592
869 879
870 2242
870 2239
871 877
871 2240
871 2277
872 1521
872 1702
873 2258
873 2250
874 1281
874 1690
874 881
874 1667
875 2250
875 1875
876 2511
876 1871
876 1520
876 1865
878 1265
878 1272
879 2510
879 1520
880 1272
880 1266
881 1665
881 1668
882 889
882 1849
882 1065
883 2226
883 2613
883 2092
883 2091
884 888
884 894
885 2092
885 2598
885 2613
886 2608
886 903
886 2602
887 1394
887 1411
887 902
888 901
888 1391
889 1439
889 1849
890 1744
890 891
890 1753
891 1769
891 898
892 1188
893 894
894 2292
895 1066
895 896
896 1507
897 1746
897 1760
897 899
898 1743
898 907
898 1759
899 1759
899 900
901 2611
901 2293
902 2293
902 2608
903 1065
904 906
904 2624
905 906
907 908
907 1757
907 1747
908 1747
909 2298
910 1898
910 1315
911 2017
912 2021
912 913
915 2023
916 2024
917 918
918 920
918 1717
920 1718
921 1424
921 1717
922 2025
922 1749
922 1045
923 1185
923 1186
923 933
923 1182
924 925
924 934
926 2025
926 929
926 2013
927 936
928 1813
928 1837
928 2026
929 931
929 930
930 1827
930 1784
931 1761
931 1784
932 1837
932 1827
932 1807
933 936
933 1184
934 935
934 936
935 1840
937 1795
937 1185
937 1180
938 939
938 1807
939 2067
939 1795
941 2294
943 2500
943 1670
944 946
944 945
946 2103
947 965
947 952
947 959
948 966
948 951
949 957
949 955
950 959
950 1486
950 952
951 966
952 954
953 2231
953 964
953 963
954 967
954 961
955 956
955 958
956 962
956 957
958 958
960 1727
961 965
961 962
962 965
963 1943
963 1944
964 2231
966 967
967 1428
968 1449
968 1397
969 1448
969 1083
970 1546
970 1567
971 1956
971 1567
971 1540
972 1573
972 974
972 1956
975 978
976 979
976 978
977 2044
977 981
977 979
978 980
980 981
982 2014
982 1771
983 2130
983 2129
983 1153
984 1153
984 2127
985 1572
985 1570
986 987
986 1283
986 1547
987 2281
987 1570
988 992
989 992
989 2582
989 997
990 2111
990 991
990 2112
992 997
993 994
993 996
993 2413
995 1851
995 996
995 1363
997 1851
998 1001
998 1006
998 1003
999 1004
1000 1004
1000 1001
1000 1660
1001 1005
1002 1006
1002 1932
1002 1933
1003 1007
1003 1884
1005 1932
1005 1015
1008 1009
1008 2519
1009 1884
1009 1340
1010 1853
1010 1012
1010 1852
1010 1011
1011 1887
1013 1015
1013 1778
1013 1945
1014 1778
1014 1933
1014 1017
1015 1934
1016 1018
1016 1113
1016 1017
1018 1931
1019 1241
1019 1025
1019 1236
1020 1023
1020 1236
1020 1028
1021 1027
1021 1025
1021 1026
1022 1864
1022 1023
1023 1028
1024 1245
1024 1027
1024 2489
1025 1027
1026 1232
1028 2487
1029 2567
1030 1518
1031 1380
1032 1033
1032 2626
1034 2125
1034 2127
1034 2124
1035 1036
1036 1304
1036 2512
1038 1040
1039 1040
1040 1153
1041 1977
1041 1981
1041 1042
1041 1170
1042 1994
1042 2633
1043 1045
1044 1764
1044 1216
1045 1047
1046 1772
1046 1048
1046 1047
1047 1745
1048 1755
1048 1764
1049 1052
1049 1059
1050 1055
1050 1748
1050 1052
1051 1056
1051 2299
1051 2047
1052 1768
1053 1823
1053 1057
1054 1748
1054 1200
1054 1768
1055 2047
1055 1750
1056 1057
1057 1754
1057 2299
1058 1059
1058 1060
1058 1760
1059 1758
1061 1754
1061 1823
1061 1803
1062 1809
1062 1811
1062 1801
1063 1801
1063 1806
1063 1802
1064 1809
1064 1792
1064 1846
1065 1849
1065 1421
1066 2596
1066 1507
1068 1095
1068 1096
1069 1082
1070 1072
1072 1073
1072 1081
1073 1082
1073 1080
1074 1576
1074 1593
1075 1078
1076 1621
1076 1614
1077 2436
1078 1622
1079 2012
1079 1166
1080 2596
1082 2596
1083 1397
1083 1473
1084 1540
1084 1455
1085 2333
1085 1472
1085 2303
1085 2312
1086 1630
1087 1605
1087 1602
1087 1618
1088 1293
1088 1590
1088 1650
1089 1295
1089 1296
1089 1612
1090 1690
1090 2525
1090 1093
1091 1093
1091 1092
1091 1665
1092 1093
1094 1879
1094 1878
1094 2099
1095 2035
1096 1116
1097 1099
1098 1629
1098 2623
1100 1101
1100 2574
1101 2577
1101 2570
1102 2574
1104 2069
1104 2070
1105 2578
1105 2579
1106 1381
1106 1471
1107 2622
1107 2621
1107 2615
1108 1109
1108 2615
1108 1110
1108 2618
1109 1111
1109 2621
1110 2618
1111 2620
1111 2619
1112 2617
1114 1121
1115 2012
1116 1294
1118 2054
1118 1125
1118 2127
1118 1924
1119 1120
1119 1122
1120 1122
1120 1169
1121 1122
1123 1123
1124 2130
1124 1925
1124 2129
1125 1126
1126 1925
1126 1924
1127 1132
1127 1133
1127 1139
1128 1128
1128 1133
1129 1372
1129 1320
1129 1360
1130 1138
1130 1137
1130 1968
1131 1135
1132 1134
1132 1968
1134 1968
1134 1137
1136 1148
1136 1146
1136 1773
1137 1150
1139 1320
1140 2094
1140 1351
1141 1371
1141 1152
1141 1777
1143 1151
1143 1143
1144 1148
1145 1881
1145 1903
1146 1913
1146 1366
1147 1150
1149 1371
1150 1774
1150 1776
1151 1152
1154 2077
1155 1924
1155 2512
1155 2077
1156 1165
1157 1162
1157 1163
1157 1168
1157 1167
1158 1999
1158 1170
1159 1171
1159 2007
1159 1168
1160 1167
1160 1165
1161 1164
1161 2635
1162 1301
1162 1303
1163 1167
1163 1170
1164 2012
1165 1167
1166 2635
1168 1171
1169 1633
1172 1175
1172 1174
1173 1610
1173 1175
1174 1176
1174 1177
1175 1176
1177 1299
1178 1307
1179 1308
1179 1301
1179 1299
1180 1184
1181 2003
1182 1965
1183 1186
1185 1186
1187 1196
1188 1196
1189 1190
1189 1199
1189 1191
1190 1194
1190 1204
1191 1191
1192 1197
1192 1200
1192 1199
1193 1603
1193 1615
1193 1203
1194 1603
1195 1198
1195 1201
1195 1202
1196 1204
1198 1199
1198 1200
1205 1393
1205 1399
1205 1210
1206 1209
1206 1210
1207 2091
1207 2607
1207 2093
1208 1209
1209 2596
1212 1586
1213 1214
1213 1611
1214 1214
1215 1374
1217 1219
1218 1222
1219 1221
1219 1220
1219 1222
1220 1222
1220 1223
1221 1223
1224 1225
1226 1230
1227 1230
1227 1228
1227 1231
1228 1231
1229 1230
1232 1234
1232 1243
1233 1241
1233 1235
1233 1238
1234 1244
1234 1237
1235 1241
1235 1237
1236 1239
1237 1241
1238 1239
1238 1240
1239 1244
1242 1243
1242 1291
1243 1244
1245 2487
1245 1868
1246 1255
1246 1254
1246 1249
1247 1255
1247 1249
1247 1253
1247 1248
1248 1257
1248 1251
1249 1254
1250 1251
1250 1256
1250 1252
1251 1256
1252 1253
1252 1255
1253 1257
1254 2487
1256 1257
1258 1262
1259 1280
1259 1260
1260 1261
1260 1290
1261 1288
1263 1274
1263 1272
1263 1266
1265 1267
1265 1273
1268 1273
1268 2072
1269 1273
1271 1532
1271 1538
1275 1862
1275 1279
1276 1863
1277 2588
1277 1862
1277 1863
1281 2529
1281 2526
1282 1533
1284 1286
1285 1286
1285 1557
1286 2281
1287 1565
1288 2489
1289 2489
1292 1293
1292 2019
1293 1294
1294 1634
1297 1590
1297 1632
1297 1628
1297 1618
1298 1630
1298 1605
1298 1634
1298 1308
1300 1304
1301 1302
1305 1306
1305 2124
1305 1307
1308 1309
1310 1341
1310 1324
1310 1326
1311 1352
1313 1366
1313 1371
1313 1777
1314 2206
1314 1339
1315 1364
1315 1915
1316 1326
1316 1328
1317 1338
1317 1369
1317 1321
1318 1359
1319 2078
1320 1332
1321 2456
1321 2451
1322 1777
1322 2494
1323 1338
1324 1330
1324 1341
1325 2493
1326 1341
1327 1369
1328 1330
1329 1352
1329 2284
1330 1347
1331 1661
1331 1358
1333 1335
1334 1367
1335 1335
1336 1360
1337 1373
1340 1350
1340 1886
1342 2204
1342 1365
1343 1362
1347 1347
1348 1913
1348 2094
1348 1902
1351 1880
1351 1364
1352 1357
1352 1370
1353 1365
1356 1365
1356 2204
1356 2200
1359 2210
1359 2212
1360 1773
1361 1368
1363 2584
1363 2219
1364 1906
1366 2108
1367 2212
1376 1423
1377 1432
1377 1457
1377 1478
1379 1451
1380 1515
1381 1433
1382 1494
1383 1468
1384 1440
1384 1480
1384 1454
1385 1465
1386 2051
1386 2573
1387 1479
1387 1493
1388 1438
1388 1710
1388 1721
1390 1477
1390 1731
1391 2542
1391 2292
1392 1421
1393 1500
1395 1732
1395 1468
1395 1480
1396 1951
1397 1484
1398 1515
1398 1466
1398 1489
1399 1503
1400 1469
1401 1470
1401 1427
1401 2131
1402 1429
1403 1406
1404 1504
1405 1411
1407 1417
1408 1443
1409 1511
1410 1502
1411 1494
1413 1479
1413 1476
1414 1474
1414 1430
1414 1501
1415 1502
1415 1504
1415 1446
1415 1444
1417 1437
1417 1475
1419 1444
1420 1507
1422 1424
1422 1457
1422 1478
1423 1459
1424 1556
1425 1429
1425 1470
1425 1501
1426 1466
1428 1958
1428 2312
1429 1714
1430 1444
1430 1474
1431 1496
1433 1491
1433 1953
1434 1508
1434 1488
1435 1457
1436 1445
1436 1511
1438 1483
1439 1497
1440 1707
1440 1462
1441 1461
1441 1508
1441 1499
1442 1477
1442 2305
1443 1491
1443 1950
1443 1949
1449 1467
1450 1474
1453 1505
1456 1487
1458 2571
1458 2051
1458 2573
1460 1511
1461 1461
1463 2575
1463 2458
1464 1721
1465 1728
1466 2017
1468 1480
1470 1483
1472 1513
1472 2308
1477 1490
1478 1486
1481 1514
1483 1729
1486 2448
1492 2333
1492 1495
1493 1847
1496 2308
1497 1712
1497 2628
1498 1510
1501 1504
1502 1727
1505 1507
1509 1512
1510 1512
1512 2310
1513 2307
1513 2310
1514 1939
1516 1517
1517 1518
1519 2352
1519 1538
1520 1534
1521 1682
1521 1523
1522 1532
1523 1537
1523 1855
1524 1537
1525 1539
1526 2032
1526 2031
1526 2016
1527 1531
1528 1533
1529 1531
1529 1536
1530 1533
1534 2033
1535 1682
1535 1538
1535 1539
1537 1539
1540 1553
1541 1550
1542 1563
1543 1549
1544 2280
1545 1563
1546 1561
1546 1560
1547 1550
1548 1561
1548 1551
1552 1709
1552 1563
1552 1555
1553 1567
1553 1562
1554 1573
1556 2448
1556 1562
1557 1565
1558 1568
1564 1724
1565 2499
1568 1954
1569 1571
1570 1572
1572 2282
1575 1618
1576 1593
1577 1615
1579 1619
1580 1596
1581 1622
1582 2614
1582 2433
1582 1638
1583 1601
1584 1611
1584 1603
1585 1625
1585 1639
1586 1635
1589 2121
1590 1634
1590 1650
1591 1628
1592 1622
1593 1614
1594 2433
1594 2415
1595 1630
1596 1604
1596 1638
1597 1649
1597 2019
1598 1600
1598 1610
1599 2616
1599 1606
1599 2621
1601 1647
1605 1652
1607 1641
1608 1628
1609 1614
1611 1635
1613 2416
1613 2411
1613 2410
1613 2415
1615 1635
1616 1640
1619 1620
1620 1623
1626 2024
1626 1642
1626 1649
1627 2425
1627 2641
1628 1637
1629 1655
1629 2622
1631 1632
1632 2217
1633 1653
1636 2122
1638 2616
1639 1646
1641 1645
1643 1644
1644 2128
1648 2122
1651 2117
1656 1660
1658 1659
1659 1661
1660 1935
1662 1665
1662 1675
1663 1692
1663 1946
1664 1701
1665 1690
1666 1684
1666 1670
1667 1688
1668 2511
1668 1675
1669 1683
1672 1683
1674 1681
1674 1684
1675 2511
1676 1694
1677 1678
1677 2507
1678 1706
1679 1680
1680 2032
1681 1684
1682 1702
1683 1705
1685 1686
1686 1687
1686 1695
1689 1699
1690 2525
1691 1704
1692 1699
1693 1703
1693 1704
1694 2135
1696 2521
1697 1946
1698 1946
1698 1704
1699 1700
1700 1702
1705 1856
1706 2521
1711 1719
1711 1718
1711 1734
1713 1721
1714 1728
1715 1732
1716 1726
1716 1730
1717 1734
1718 1723
1719 1734
1719 1723
1722 1722
1725 1728
1731 1733
1735 1740
1736 1747
1736 1770
1737 1763
1737 1744
1738 1751
1738 1762
1738 1767
1739 1756
1739 1838
1740 1772
1740 1764
1741 1757
1744 1753
1745 1772
1746 1758
1746 1752
1748 1768
1749 1761
1749 1750
1750 1755
1751 1757
1751 1770
1752 1756
1753 1760
1759 1765
1761 2050
1762 1762
1766 2442
1766 1770
1773 1776
1774 1775
1774 1776
1779 1836
1779 1822
1780 1839
1780 2060
1781 1819
1781 1832
1782 1807
1783 1823
1783 1803
1783 1821
1784 1815
1785 1802
1785 1817
1786 1810
1787 1812
1787 1794
1787 1805
1788 1797
1789 1834
1790 2046
1790 1821
1791 1818
1792 1801
1793 1795
1794 1805
1794 1800
1797 1818
1798 1826
1798 1842
1799 2062
1799 2068
1802 1817
1803 1811
1806 1817
1808 1841
1809 1829
1811 1821
1812 1825
1812 1830
1813 2028
1813 2013
1814 1824
1818 1822
1819 1828
1820 1826
1822 1831
1824 1841
1825 1833
1827 1837
1834 1843
1835 1838
1836 2062
1836 2067
1840 2060
1844 2028
1850 1851
1852 1887
1854 1855
1856 1857
1858 1859
1858 1860
1861 2589
1861 2592
1861 2033
1862 2594
1864 1866
1864 1868
1865 2524
1865 1870
1866 1868
1867 1869
1867 1870
1869 1871
1870 1871
1870 2524
1871 2523
1874 2278
1874 2277
1877 2100
1877 1879
1880 1881
1880 1914
1881 1882
1882 1914
1883 1886
1884 1885
1887 1929
1888 1908
1888 1892
1888 2369
1888 2354
1889 1915
1890 1904
1891 2366
1891 1919
1891 1918
1893 2360
1894 2366
1894 2356
1894 2370
1895 2355
1895 2353
1896 1898
1896 1897
1896 1903
1897 1905
1897 1910
1898 1903
1899 1912
1900 1904
1900 1910
1901 1909
1902 1912
1902 1914
1906 1915
1907 1919
1908 2361
1908 2355
1909 1911
1911 2237
1912 1913
1916 2341
1916 1918
1916 1917
1917 2059
1917 1920
1918 1920
1919 1921
1920 2361
1921 2341
1921 2339
1923 2353
1925 1926
1926 1927
1928 1930
1929 2099
1929 1931
1930 1932
1930 1933
1931 2581
1933 2581
1937 1938
1937 2284
1940 1941
1940 1942
1940 2138
1941 2138
1942 1943
1949 1950
1949 1952
1950 1951
1951 1952
1954 1955
1957 1958
1958 1959
1960 2136
1960 2135
1961 1967
1961 1973
1961 1978
1962 1966
1962 1976
1963 1973
1963 1967
1963 1974
1964 1975
1964 1972
1964 1973
1965 1971
1965 1970
1965 1976
1966 1974
1966 1970
1967 1983
1969 1972
1969 1970
1969 1975
1969 1996
1970 1976
1971 1996
1971 1983
1972 1973
1974 1975
1977 1988
1977 1986
1978 1996
1978 1983
1979 2003
1979 1980
1979 1989
1980 1987
1980 1985
1981 1986
1981 1982
1981 1985
1984 1987
1984 1993
1984 1988
1985 2003
1985 2006
1986 1987
1988 1997
1989 1995
1989 1992
1990 1995
1990 1994
1990 1991
1990 1992
1991 1995
1991 2000
1992 1993
1993 1997
1994 1997
1994 1999
1998 2635
1998 2008
1998 1999
1999 2000
2000 2008
2001 2002
2002 2004
2003 2006
2004 2005
2006 2007
2011 2457
2012 2635
2013 2027
2014 2105
2015 2030
2016 2498
2016 2497
2018 2022
2020 2021
2025 2027
2027 2028
2029 2150
2030 2031
2031 2032
2032 2497
2034 2035
2036 2037
2038 2039
2040 2041
2042 2043
2044 2103
2045 2046
2047 2049
2048 2050
2050 2299
2053 2080
2053 2079
2053 2054
2054 2079
2055 2056
2055 2080
2056 2058
2056 2057
2059 2533
2059 2538
2060 2061
2062 2063
2064 2065
2066 2067
2071 2072
2073 2074
2074 2290
2079 2082
2083 2087
2083 2088
2083 2085
2084 2085
2085 2086
2086 2088
2086 2087
2087 2090
2088 2090
2089 2090
2091 2612
2092 2226
2093 2226
2094 2095
2095 2095
2097 2517
2097 2098
2099 2100
2104 2105
2106 2108
2106 2107
2106 2213
2108 2109
2110 2111
2113 2114
2116 2121
2117 2118
2118 2119
2118 2120
2121 2122
2124 2128
2125 2126
2137 2138
2139 2150
2139 2140
2139 2142
2140 2141
2140 2170
2141 2142
2141 2151
2142 2154
2143 2170
2143 2149
2143 2173
2144 2159
2144 2149
2144 2168
2145 2159
2145 2166
2145 2161
2146 2176
2146 2155
2146 2177
2147 2181
2147 2176
2147 2154
2148 2151
2148 2153
2148 2158
2149 2169
2150 2155
2150 2171
2151 2156
2152 2153
2153 2154
2153 2172
2154 2155
2156 2169
2156 2157
2157 2158
2157 2168
2158 2160
2158 2172
2159 2167
2160 2167
2160 2166
2161 2165
2161 2163
2162 2163
2162 2162
2163 2164
2164 2164
2165 2165
2166 2167
2167 2168
2168 2169
2169 2170
2170 2174
2171 2174
2171 2173
2172 2181
2173 2174
2174 2175
2176 2177
2177 2179
2177 2180
2178 2178
2178 2179
2179 2180
2180 2181
2182 2349
2182 2183
2183 2348
2184 2488
2186 2581
2187 2237
2187 2223
2187 2224
2188 2189
2188 2238
2190 2191
2191 2193
2192 2193
2193 2195
2194 2195
2197 2198
2199 2200
2200 2202
2201 2202
2203 2204
2205 2206
2206 2208
2207 2208
2208 2210
2209 2210
2211 2212
2214 2383
2214 2423
2214 2409
2214 2424
2215 2424
2218 2219
2220 2416
2220 2644
2220 2645
2221 2222
2221 2425
2221 2642
2222 2639
2222 2640
2223 2225
2223 2238
2224 2225
2224 2235
2225 2236
2226 2611
2227 2229
2228 2228
2228 2229
2229 2230
2230 2231
2230 2232
2232 2233
2232 2234
2240 2241
2242 2258
2242 2243
2244 2273
2244 2247
2245 2277
2246 2274
2248 2274
2249 2276
2249 2269
2250 2252
2251 2252
2252 2253
2254 2255
2254 2257
2255 2259
2256 2258
2260 2269
2261 2276
2262 2265
2262 2266
2262 2271
2263 2266
2263 2270
2263 2267
2264 2270
2264 2272
2266 2269
2268 2270
2279 2280
2283 2565
2284 2285
2286 2287
2289 2290
2293 2542
2294 2295
2296 2297
2300 2330
2300 2323
2300 2313
2301 2303
2302 2303
2304 2305
2305 2307
2306 2307
2309 2310
2311 2315
2311 2328
2311 2316
2312 2315
2313 2314
2313 2317
2313 2318
2315 2316
2316 2317
2316 2324
2317 2323
2317 2328
2318 2319
2318 2330
2318 2325
2319 2325
2319 2326
2320 2332
2321 2322
2322 2332
2322 2333
2323 2327
2323 2324
2324 2329
2325 2328
2326 2330
2326 2331
2327 2331
2327 2329
2329 2332
2330 2331
2334 2335
2334 2336
2335 2347
2335 2336
2336 2537
2337 2536
2337 2339
2337 2537
2338 2536
2339 2535
2340 2535
2341 2534
2342 2534
2343 2532
2343 2538
2344 2532
2345 2531
2346 2531
2348 2349
2348 2350
2351 2352
2354 2356
2354 2358
2355 2360
2357 2358
2358 2359
2359 2360
2361 2369
2362 2363
2362 2365
2362 2367
2363 2369
2363 2364
2364 2365
2364 2368
2365 2371
2366 2367
2367 2371
2367 2370
2368 2370
2368 2371
2372 2373
2374 2375
2376 2377
2378 2411
2378 2412
2378 2403
2379 2386
2380 2406
2380 2410
2380 2389
2380 2418
2381 2388
2382 2430
2383 2387
2383 2423
2384 2418
2384 2386
2384 2407
2385 2393
2385 2422
2385 2392
2386 2408
2387 2394
2387 2422
2387 2390
2388 2389
2388 2404
2389 2405
2390 2395
2390 2396
2391 2427
2392 2398
2392 2393
2392 2427
2393 2399
2393 2421
2394 2400
2394 2395
2394 2421
2395 2401
2395 2396
2396 2402
2397 2426
2398 2408
2398 2399
2398 2426
2399 2407
2399 2420
2400 2406
2400 2401
2400 2420
2401 2405
2401 2402
2402 2404
2403 2424
2403 2404
2404 2405
2405 2406
2406 2419
2407 2408
2407 2419
2408 2426
2409 2641
2409 2417
2410 2417
2410 2411
2411 2432
2412 2413
2414 2432
2415 2416
2416 2417
2417 2418
2418 2419
2419 2420
2420 2421
2421 2422
2422 2428
2423 2429
2423 2428
2425 2641
2425 2643
2426 2427
2427 2428
2429 2430
2431 2432
2433 2434
2434 2435
2434 2437
2436 2437
2436 2439
2437 2438
2437 2439
2440 2441
2442 2628
2442 2443
2444 2446
2444 2445
2445 2446
2448 2449
2450 2456
2452 2453
2454 2455
2454 2456
2458 2470
2458 2483
2459 2463
2459 2470
2460 2467
2460 2466
2461 2464
2461 2468
2461 2463
2462 2468
2463 2465
2464 2465
2464 2466
2465 2467
2466 2467
2468 2469
2471 2477
2471 2483
2472 2473
2472 2477
2472 2476
2473 2474
2473 2475
2474 2475
2474 2476
2475 2476
2477 2479
2478 2481
2478 2478
2479 2481
2479 2480
2481 2482
2484 2486
2485 2486
2490 2542
2491 2492
2491 2612
2493 2494
2495 2496
2499 2500
2501 2503
2501 2505
2502 2508
2502 2507
2503 2506
2504 2505
2504 2507
2505 2508
2509 2510
2511 2523
2513 2514
2515 2516
2517 2519
2517 2518
2519 2520
2521 2522
2526 2530
2527 2530
2527 2528
2528 2529
2529 2530
2531 2532
2532 2539
2533 2540
2533 2539
2533 2534
2534 2535
2535 2536
2536 2537
2538 2539
2540 2541
2543 2546
2544 2549
2544 2551
2544 2553
2545 2550
2545 2556
2545 2630
2546 2550
2546 2547
2548 2549
2548 2630
2548 2556
2549 2556
2550 2554
2550 2630
2551 2554
2551 2553
2552 2553
2552 2555
2552 2554
2557 2560
2557 2562
2557 2564
2558 2560
2558 2559
2559 2562
2559 2564
2560 2561
2563 2564
2566 2567
2566 2568
2569 2571
2569 2576
2570 2571
2571 2577
2574 2575
2574 2577
2575 2578
2576 2580
2579 2580
2582 2583
2584 2585
2586 2587
2588 2589
2588 2594
2589 2591
2590 2594
2590 2593
2590 2591
2591 2592
2597 2610
2598 2599
2598 2610
2598 2602
2600 2613
2601 2609
2602 2609
2603 2604
2604 2606
2604 2605
2608 2609
2609 2610
2610 2611
2612 2613
2614 2619
2614 2616
2615 2621
2617 2620
2619 2620
2622 2623
2624 2625
2625 2626
2625 2627
2628 2629
2632 2633
2633 2634
2636 2637
2636 2638
2637 2645
2637 2638
2638 2640
2639 2640
2641 2642
2642 2644
2644 2645
