0 1510
1 1509
1 1049
2 185
2 634
2 620
2 1057
3 112
3 441
3 461
3 509
4 257
4 289
4 88
5 289
5 6
5 962
6 85
6 381
6 83
7 369
7 293
7 49
7 248
8 392
8 366
8 291
8 682
8 365
9 135
9 139
9 1580
10 11
10 135
11 12
11 879
12 136
13 763
13 343
13 345
13 955
14 774
14 342
14 775
15 881
15 16
15 57
16 17
16 1598
17 18
17 1475
18 21
18 19
19 54
19 341
20 57
20 67
20 56
21 579
22 162
22 165
22 1077
23 951
23 948
23 959
24 38
24 760
24 36
24 1376
25 866
25 865
25 50
25 760
26 82
26 292
26 545
27 363
27 759
27 392
27 1153
28 364
28 995
28 52
28 998
29 767
29 77
29 30
30 357
30 359
31 872
31 859
31 191
31 33
32 1334
32 709
32 1378
33 34
33 40
33 1134
34 37
34 41
34 35
35 1378
35 41
36 1377
36 1334
37 40
37 1377
38 39
38 772
40 1323
40 42
41 782
42 246
42 759
43 797
43 862
43 47
44 45
44 47
44 797
45 1134
45 46
46 1132
46 1133
47 655
47 246
48 49
48 370
48 996
49 395
50 1153
50 391
51 379
51 1342
51 1493
51 291
51 391
52 1000
52 87
52 767
53 75
53 411
53 896
53 900
53 1089
54 885
54 56
55 885
55 56
55 887
57 58
58 63
58 68
59 63
59 62
59 68
60 66
60 72
60 64
61 62
61 65
61 69
62 70
63 64
64 67
65 71
65 66
66 73
67 72
68 1381
69 70
70 819
71 73
72 898
73 74
74 898
74 719
74 725
75 442
75 913
75 444
76 657
76 442
76 1056
77 1502
77 1501
78 378
78 546
78 1508
79 80
79 260
79 325
80 1005
80 396
81 1135
81 1010
81 1011
82 1369
82 536
83 549
83 382
84 1086
84 529
84 546
85 980
85 870
86 247
86 87
86 870
87 1003
88 125
88 741
89 741
89 247
89 1587
90 1587
90 347
90 820
91 899
91 993
91 1498
91 901
92 669
92 247
92 821
92 636
93 94
93 1033
93 125
94 95
94 1042
95 981
95 347
96 1505
96 102
96 101
97 410
97 98
97 1339
97 1340
98 99
98 105
99 103
99 100
100 1312
100 102
101 103
101 120
102 103
104 1275
104 1277
104 120
104 280
105 126
105 471
106 438
106 108
106 112
107 109
107 111
107 127
108 109
108 111
109 471
110 462
110 1601
110 1546
111 440
112 113
113 471
113 258
114 1032
114 1035
114 115
115 825
115 120
116 122
116 1035
116 117
117 1043
117 118
117 1024
118 1036
118 1019
118 1032
119 1025
119 121
119 1022
120 1040
121 593
121 122
122 614
123 1293
123 1303
123 1068
123 423
124 998
124 249
124 535
125 981
126 127
126 406
127 288
128 789
129 405
129 262
130 155
130 526
130 1077
131 132
131 525
131 155
132 952
133 866
133 944
133 1543
134 794
135 1581
136 137
137 1572
137 138
138 139
138 1573
139 1579
140 1581
140 1580
140 1576
141 142
141 163
141 151
142 146
142 167
143 144
143 953
143 148
144 161
144 160
144 150
144 159
145 146
145 161
145 1059
145 151
146 353
146 300
147 958
147 300
147 212
147 956
148 169
148 952
148 170
149 150
149 169
149 153
150 151
152 1059
152 166
152 1060
153 154
153 163
154 525
154 164
154 170
155 525
156 159
156 348
157 168
157 166
157 299
157 302
158 991
158 1357
158 299
158 1355
159 949
160 161
160 1058
162 167
162 164
163 1491
164 165
164 1491
165 670
166 353
167 296
167 1148
169 170
171 625
171 173
171 172
171 1593
172 1057
173 675
173 174
173 175
176 1586
176 214
177 1536
177 1539
177 178
177 208
178 198
178 212
178 179
178 208
178 1532
179 202
179 212
179 1487
180 1487
180 227
180 777
181 778
182 933
182 675
182 681
183 935
183 184
183 186
184 1518
184 934
185 620
185 1326
185 306
185 1591
186 652
186 619
186 627
187 1107
187 905
187 303
188 619
189 1116
189 190
189 218
190 651
190 1121
191 802
191 221
191 297
192 216
192 193
192 195
192 1534
193 199
193 197
194 195
194 1586
195 1586
196 1533
196 213
196 205
197 1533
197 198
198 201
199 201
199 970
200 970
200 651
200 969
201 623
202 658
202 1486
202 1119
203 204
203 658
203 1116
204 631
204 626
205 1534
205 215
206 237
206 676
206 667
207 937
207 210
207 939
208 937
209 215
209 213
209 1536
210 212
210 354
211 354
211 238
211 237
211 524
213 1532
214 1583
214 1539
215 1535
216 621
217 621
217 653
217 968
218 629
218 1017
218 765
219 1330
219 298
219 225
219 649
220 232
220 1329
220 224
220 295
221 222
221 649
222 802
222 871
222 223
223 640
223 663
223 649
224 295
224 788
225 1328
225 758
226 233
226 232
226 1328
227 228
227 1486
228 1519
228 936
228 938
229 1541
229 631
229 679
230 679
230 1541
230 233
231 629
231 787
231 1541
232 1507
232 1329
233 1327
234 518
234 976
234 519
235 514
235 1361
235 515
236 667
236 237
236 513
236 524
238 240
238 485
239 355
239 792
239 961
240 664
240 929
241 481
241 1346
241 484
242 801
242 297
242 799
242 803
243 804
243 526
243 799
244 526
244 804
244 527
244 1492
245 630
246 655
248 249
248 565
249 395
250 251
250 408
250 783
251 1511
251 254
251 487
252 253
252 488
252 500
253 267
253 757
253 499
254 255
254 783
255 258
255 472
256 474
256 257
256 472
257 258
258 271
259 272
259 465
259 509
260 325
260 1013
261 1544
261 399
261 1322
261 316
262 895
263 264
263 1527
263 265
264 265
264 1007
264 1006
265 1528
266 324
266 399
266 746
267 268
267 1513
267 1512
268 497
268 562
269 270
269 501
269 508
270 336
270 465
271 272
271 509
272 273
272 503
273 274
273 508
274 507
274 508
275 276
275 1544
276 1524
277 773
277 701
278 903
278 725
278 728
278 1046
279 603
279 613
279 1285
281 283
281 609
282 913
282 1600
282 889
283 1600
283 610
284 1501
284 657
284 412
284 665
285 666
286 904
287 734
287 730
288 462
288 441
289 741
290 1605
290 817
290 1273
290 1248
291 292
291 293
292 1495
293 1495
294 949
294 953
295 1330
295 764
296 806
296 954
296 780
296 1146
297 298
298 780
299 1356
299 990
300 950
300 951
301 1140
301 957
301 1372
302 790
302 648
302 791
303 1082
303 989
303 1080
304 305
304 1081
304 1346
304 1356
305 974
305 349
305 1079
306 634
306 1592
307 334
307 309
307 308
308 331
308 313
309 310
309 396
310 556
310 318
310 313
311 328
311 556
311 563
312 330
312 313
312 315
313 314
314 563
314 327
315 979
315 331
315 389
316 398
316 1014
317 746
317 402
317 324
318 397
318 322
318 323
319 812
319 323
319 813
320 326
320 328
320 554
321 322
321 554
321 1103
322 559
323 324
323 559
324 398
325 397
326 327
326 329
327 330
328 554
329 330
329 548
331 332
332 697
332 390
333 1499
333 375
333 1154
334 1348
334 1009
335 336
337 757
338 339
338 1324
338 1589
339 1590
340 1325
340 1589
340 1590
341 774
342 579
343 345
343 959
343 1141
344 1141
344 948
344 1145
345 960
345 957
346 938
346 960
346 1140
347 981
348 1060
348 1058
349 1355
349 978
350 351
350 666
351 641
351 638
352 638
352 869
352 646
352 641
353 356
354 355
355 956
356 791
356 950
357 360
357 358
358 359
358 361
358 994
359 995
360 363
360 542
361 544
361 542
361 362
362 370
362 544
363 531
364 996
364 994
365 367
365 394
366 544
366 531
366 367
367 368
368 370
368 393
369 394
369 393
371 596
371 422
371 475
372 775
372 774
373 378
373 473
373 979
374 375
374 538
374 1155
374 380
375 388
376 660
376 1499
376 389
377 857
377 854
377 537
378 1545
379 545
379 966
380 1508
380 1343
381 565
381 549
381 535
382 582
382 583
383 1154
383 384
383 386
384 385
384 699
385 668
385 386
386 660
387 388
387 1545
387 473
388 389
388 538
390 1548
390 668
391 682
392 677
392 531
393 394
396 397
398 399
400 874
400 745
401 402
401 747
401 746
401 753
402 812
403 404
404 405
404 1322
405 789
405 895
406 407
406 410
407 1339
407 410
408 814
408 1086
409 1071
409 904
409 1290
411 889
411 416
412 1056
412 684
413 432
413 414
413 418
415 885
415 430
415 1485
416 436
416 888
417 419
417 1139
418 431
418 1136
419 420
419 1138
420 421
420 422
421 892
421 893
422 589
423 726
423 728
424 1341
424 1277
424 1280
425 426
425 1299
425 1300
426 730
426 1301
427 428
427 890
427 891
427 1123
428 429
428 431
429 430
429 431
430 1484
432 1484
432 433
432 1118
433 1118
433 476
434 891
434 887
434 480
435 896
435 1152
435 1498
436 909
436 911
437 897
437 1019
437 825
438 440
438 439
439 440
439 441
442 738
443 642
443 738
443 444
444 642
445 447
445 446
446 862
446 1352
447 1352
448 510
449 1469
449 450
449 1436
450 983
450 988
450 985
451 1409
451 982
451 1408
451 983
452 1398
452 1400
452 1407
453 459
453 1550
453 1430
454 1550
454 1555
454 1551
455 578
455 1564
455 460
456 511
456 1368
457 828
457 579
457 467
458 924
458 925
458 512
459 1574
459 926
460 1367
460 1202
460 511
460 784
461 1091
461 1324
462 1096
463 464
463 465
464 1324
466 580
466 577
467 1193
468 1176
468 577
468 469
469 580
469 1202
469 576
470 1426
470 1389
471 1312
472 474
473 979
474 783
475 894
475 908
476 477
476 1485
477 479
477 478
478 918
478 828
480 893
480 911
481 972
481 484
482 483
482 972
483 484
483 1107
485 523
485 524
485 519
485 929
486 1085
486 929
486 974
486 1366
486 978
487 488
487 489
488 493
490 493
491 492
491 494
491 496
492 850
492 497
493 495
494 558
494 496
496 497
496 498
497 1016
499 501
499 500
499 503
500 502
500 503
501 504
504 505
504 507
506 507
510 511
511 784
511 1367
512 925
512 926
513 514
513 520
514 520
515 521
515 975
516 975
516 517
516 522
517 523
517 976
518 928
518 931
519 931
520 521
521 522
522 523
525 527
527 670
528 564
528 1380
528 532
529 583
529 1380
530 572
530 534
530 547
531 552
532 539
532 543
532 1083
533 571
533 547
533 536
534 549
534 573
535 980
536 543
537 854
537 551
538 1545
539 543
539 541
540 1084
540 1369
541 570
541 549
542 552
544 552
545 1369
546 1354
547 570
548 1511
548 550
551 693
551 795
553 553
553 560
555 561
555 1111
555 559
556 563
557 560
557 562
557 1512
558 849
558 838
560 836
561 1111
561 1104
562 839
565 573
566 567
566 571
566 570
567 569
567 572
568 1494
568 571
569 573
569 572
574 585
574 575
574 584
578 1367
578 1368
579 774
580 1202
580 784
581 772
582 1087
582 1086
583 1087
584 684
584 585
586 724
586 618
586 604
587 589
588 1285
588 617
588 608
588 1292
590 591
590 607
590 610
591 610
591 615
592 615
593 612
593 618
594 617
594 1306
594 604
595 599
596 599
597 598
597 904
597 1289
600 609
601 608
601 604
601 617
601 618
602 1281
602 608
602 1283
603 1289
603 1291
603 1287
604 736
605 1282
606 736
607 615
607 609
608 1282
611 1056
612 1284
612 1281
613 616
613 1338
614 1293
614 724
616 1280
616 1278
616 1338
619 627
620 1593
620 1518
621 645
621 624
622 740
622 635
622 665
623 1125
623 651
624 969
624 970
625 934
625 1593
626 658
626 637
627 933
628 632
628 766
628 1542
629 1542
629 766
629 631
630 655
630 659
631 647
632 1331
632 1379
632 761
632 787
633 1017
633 802
633 663
635 636
635 883
636 992
637 647
637 936
638 666
639 961
639 643
639 664
640 1330
640 663
641 646
642 899
643 656
643 644
643 664
644 793
644 991
646 1502
647 936
647 679
648 792
648 656
648 793
650 674
650 652
653 1098
654 661
656 1594
657 665
659 771
659 770
660 668
661 673
661 672
662 990
667 676
669 883
669 1003
670 1492
671 672
672 781
673 683
673 684
674 989
674 1518
674 974
675 935
676 939
677 682
677 1153
678 788
678 1379
678 787
679 1519
680 1133
680 859
681 778
685 696
685 689
685 686
686 690
686 688
687 691
687 688
687 695
688 697
689 690
689 702
690 1348
691 703
692 700
693 699
693 946
694 700
695 703
696 701
696 810
697 700
698 699
701 1135
704 706
704 1492
704 800
705 947
705 803
705 806
707 714
707 712
707 711
708 1336
708 713
708 709
709 761
710 712
710 1336
710 875
712 713
713 714
714 715
716 727
717 1303
717 739
717 730
718 721
718 733
718 1064
719 734
719 729
720 736
721 723
721 735
722 729
722 728
722 726
723 735
724 1293
725 902
726 1297
727 737
727 738
729 816
731 736
732 739
733 903
733 887
739 1071
740 740
742 754
742 747
742 746
743 755
743 752
744 754
745 754
745 756
747 756
748 756
749 754
750 945
750 1350
750 751
751 756
751 753
753 945
755 1513
757 1513
758 762
758 955
759 769
760 1376
761 875
762 763
762 955
763 779
764 788
764 1332
765 940
765 766
766 1331
767 768
769 770
769 1376
770 772
771 861
776 777
777 938
779 1144
779 780
782 1108
782 872
785 786
785 878
785 880
787 1542
790 793
790 990
791 792
792 1594
794 855
794 971
795 854
795 971
796 1132
797 798
798 1132
798 1352
799 803
800 947
800 805
802 868
803 804
804 947
806 1597
807 808
807 954
808 1597
808 947
809 1383
809 1002
809 941
811 945
811 813
811 812
812 813
814 962
814 815
816 816
817 823
817 826
818 1381
819 822
819 826
820 1496
820 824
820 1587
821 824
822 1044
822 823
823 1482
823 826
825 1034
825 1152
827 829
827 1186
827 828
829 1178
829 832
830 834
830 1180
830 832
831 833
832 1189
832 1178
833 1189
833 1191
834 1182
834 1179
834 1188
835 1181
835 1185
835 1186
836 841
836 838
836 843
837 838
837 847
837 844
839 843
839 849
840 850
841 849
841 843
842 845
845 846
845 848
848 1512
848 1511
850 1350
851 853
852 853
852 1503
852 1606
853 1607
854 855
856 858
857 1543
857 858
858 946
860 863
860 864
861 862
861 864
863 864
865 943
865 1333
866 1333
866 1606
867 869
868 1149
868 872
869 873
870 980
874 1351
875 940
876 878
877 881
878 881
882 1002
883 1002
884 1176
884 1193
885 886
886 887
886 891
888 894
888 908
888 906
889 912
889 894
890 893
890 891
892 917
892 893
895 1322
895 1321
896 900
896 1151
897 909
897 1034
897 1105
898 902
899 1365
899 900
901 992
901 1365
902 1106
902 903
903 1053
906 908
906 917
907 914
907 915
909 910
910 916
911 916
911 917
912 1089
913 914
918 919
918 921
919 920
919 922
921 922
921 924
922 923
922 924
925 926
927 1364
927 933
927 930
927 974
928 1363
928 932
928 1359
929 932
929 1366
931 932
934 935
936 1519
937 939
938 1373
940 1331
941 1382
941 1002
942 1384
942 1387
942 1388
943 1493
943 944
944 1333
946 1155
948 1595
950 956
951 958
954 1597
957 1596
957 959
958 1375
959 1595
960 1596
961 1594
962 963
964 965
965 966
965 1084
966 1493
967 1575
967 1574
967 1579
968 1098
968 969
973 1360
975 1360
976 1359
977 1085
978 1357
978 1355
981 1587
982 1439
982 1441
983 988
984 1443
984 1410
984 1409
985 986
985 1572
986 987
987 988
988 1423
989 1078
989 1326
989 1518
990 991
991 1366
992 993
992 1365
993 1496
994 995
996 997
998 1001
998 999
1003 1004
1005 1009
1005 1008
1006 1007
1006 1010
1007 1015
1008 1012
1008 1009
1010 1012
1011 1117
1011 1012
1013 1014
1013 1015
1014 1015
1017 1332
1018 1022
1019 1032
1019 1036
1020 1036
1020 1039
1020 1024
1021 1038
1021 1027
1022 1029
1023 1035
1024 1028
1024 1030
1025 1040
1025 1037
1026 1027
1026 1038
1026 1041
1028 1031
1028 1030
1028 1043
1030 1052
1031 1050
1031 1043
1033 1042
1033 1505
1034 1151
1036 1039
1037 1041
1037 1038
1039 1105
1040 1041
1042 1504
1044 1054
1044 1049
1045 1048
1046 1053
1046 1047
1046 1050
1047 1051
1047 1050
1048 1055
1048 1054
1049 1054
1050 1052
1052 1053
1058 1059
1060 1061
1061 1062
1061 1063
1064 1106
1064 1065
1065 1065
1066 1067
1066 1069
1066 1307
1067 1068
1067 1069
1068 1306
1069 1309
1070 1071
1070 1075
1070 1305
1072 1074
1072 1287
1072 1075
1073 1292
1073 1074
1075 1076
1078 1079
1078 1080
1079 1081
1080 1081
1082 1591
1082 1326
1084 1370
1087 1088
1088 1088
1090 1091
1091 1092
1092 1094
1092 1096
1093 1094
1094 1095
1096 1097
1099 1359
1100 1101
1101 1103
1101 1112
1102 1107
1103 1112
1104 1115
1104 1111
1105 1113
1106 1114
1109 1544
1110 1115
1112 1115
1116 1122
1117 1124
1117 1135
1119 1128
1119 1126
1120 1122
1121 1131
1121 1129
1122 1131
1123 1136
1123 1138
1125 1126
1125 1137
1126 1127
1129 1130
1129 1131
1133 1134
1136 1139
1138 1139
1140 1596
1141 1595
1142 1147
1143 1147
1143 1144
1143 1145
1144 1146
1145 1148
1146 1147
1147 1148
1150 1151
1151 1152
1154 1155
1156 1498
1157 1160
1157 1163
1157 1158
1158 1177
1158 1192
1159 1160
1159 1188
1159 1191
1160 1161
1161 1192
1161 1191
1162 1165
1162 1166
1162 1163
1163 1164
1164 1177
1164 1165
1165 1175
1166 1174
1166 1168
1167 1168
1168 1169
1169 1170
1169 1174
1170 1173
1170 1172
1171 1172
1172 1173
1173 1175
1174 1175
1176 1177
1178 1180
1179 1180
1179 1190
1181 1190
1181 1185
1182 1187
1182 1184
1183 1183
1183 1184
1184 1187
1185 1187
1186 1190
1188 1189
1192 1193
1194 1201
1195 1565
1195 1560
1195 1570
1196 1197
1196 1552
1196 1554
1197 1551
1198 1557
1198 1554
1198 1199
1199 1200
1199 1559
1200 1201
1200 1567
1201 1202
1203 1225
1203 1204
1203 1223
1204 1206
1204 1223
1204 1207
1205 1260
1205 1271
1205 1221
1205 1206
1206 1222
1206 1272
1207 1269
1207 1208
1208 1232
1208 1225
1208 1270
1209 1315
1209 1212
1209 1211
1210 1212
1210 1266
1210 1215
1211 1212
1211 1266
1212 1316
1213 1215
1213 1314
1213 1318
1214 1216
1214 1317
1214 1263
1214 1314
1215 1231
1215 1218
1216 1313
1216 1319
1217 1218
1218 1220
1218 1313
1219 1220
1219 1255
1219 1234
1219 1251
1220 1230
1221 1261
1221 1222
1222 1223
1224 1601
1224 1266
1224 1547
1224 1225
1226 1270
1226 1230
1226 1267
1226 1234
1227 1228
1227 1292
1227 1229
1230 1231
1231 1232
1232 1266
1233 1234
1233 1255
1233 1240
1235 1236
1235 1254
1235 1255
1237 1257
1237 1241
1237 1242
1238 1257
1239 1245
1239 1242
1239 1243
1240 1245
1240 1256
1242 1259
1243 1244
1243 1256
1243 1260
1245 1246
1246 1247
1246 1255
1246 1258
1248 1249
1248 1251
1250 1251
1251 1254
1252 1254
1253 1605
1254 1605
1256 1267
1257 1258
1258 1259
1258 1262
1259 1262
1259 1260
1260 1261
1261 1262
1264 1265
1265 1317
1265 1315
1267 1268
1267 1271
1268 1269
1268 1270
1269 1272
1271 1272
1274 1275
1274 1276
1274 1279
1275 1284
1276 1277
1276 1278
1276 1280
1278 1283
1279 1281
1279 1284
1279 1283
1282 1283
1282 1285
1286 1290
1286 1291
1286 1287
1288 1289
1288 1288
1290 1291
1294 1297
1294 1299
1294 1295
1296 1297
1298 1299
1302 1303
1304 1305
1305 1309
1306 1307
1307 1308
1309 1310
1311 1312
1313 1314
1315 1316
1316 1318
1317 1318
1320 1601
1320 1516
1320 1515
1321 1322
1328 1329
1332 1379
1334 1335
1336 1337
1338 1340
1338 1341
1338 1339
1340 1341
1343 1354
1343 1369
1344 1345
1345 1345
1345 1346
1347 1348
1349 1350
1353 1508
1354 1508
1355 1356
1357 1366
1358 1361
1359 1360
1360 1361
1361 1362
1367 1368
1371 1372
1372 1375
1373 1374
1374 1375
1376 1377
1377 1378
1378 1379
1382 1384
1382 1383
1383 1387
1384 1385
1385 1386
1386 1387
1388 1388
1389 1425
1389 1424
1390 1423
1390 1424
1390 1426
1391 1452
1391 1450
1391 1453
1392 1457
1392 1455
1392 1458
1393 1461
1393 1463
1393 1458
1394 1395
1394 1468
1394 1397
1395 1396
1395 1468
1396 1428
1396 1407
1396 1467
1397 1398
1397 1407
1398 1399
1399 1401
1399 1400
1400 1427
1401 1403
1401 1402
1402 1404
1402 1427
1403 1405
1403 1404
1404 1406
1405 1430
1405 1406
1406 1430
1408 1422
1408 1423
1409 1422
1410 1445
1410 1421
1411 1447
1411 1445
1411 1420
1412 1413
1412 1414
1412 1420
1413 1449
1413 1447
1414 1415
1414 1416
1415 1451
1415 1449
1416 1417
1416 1419
1417 1451
1417 1452
1418 1454
1418 1452
1418 1419
1419 1456
1420 1421
1421 1422
1424 1426
1427 1428
1428 1429
1431 1432
1431 1470
1432 1433
1433 1470
1433 1435
1434 1470
1434 1435
1434 1437
1435 1438
1436 1437
1436 1439
1437 1438
1438 1440
1439 1440
1440 1442
1441 1442
1441 1443
1442 1471
1443 1471
1444 1445
1444 1471
1444 1446
1446 1447
1446 1448
1448 1449
1448 1450
1450 1451
1453 1454
1453 1455
1454 1456
1455 1456
1456 1457
1457 1459
1457 1460
1458 1459
1459 1461
1459 1460
1460 1462
1461 1462
1461 1464
1462 1465
1463 1464
1463 1466
1464 1467
1464 1465
1465 1467
1466 1467
1466 1468
1469 1573
1469 1470
1472 1478
1473 1474
1474 1477
1474 1478
1475 1481
1475 1575
1476 1480
1476 1479
1476 1477
1478 1479
1479 1480
1480 1577
1481 1576
1481 1577
1481 1598
1483 1514
1483 1516
1484 1485
1486 1487
1488 1489
1489 1490
1490 1603
1490 1514
1494 1495
1496 1497
1499 1500
1501 1502
1505 1506
1506 1506
1509 1510
1509 1602
1510 1588
1514 1517
1515 1517
1515 1602
1517 1603
1520 1530
1520 1521
1521 1523
1522 1523
1522 1529
1522 1530
1523 1525
1524 1527
1524 1525
1525 1526
1526 1529
1526 1527
1528 1531
1528 1529
1530 1531
1532 1536
1532 1533
1533 1534
1534 1535
1535 1585
1535 1536
1537 1538
1538 1539
1538 1540
1543 1607
1546 1547
1549 1550
1551 1552
1552 1553
1554 1555
1555 1561
1556 1557
1557 1558
1557 1563
1558 1559
1558 1562
1558 1563
1559 1560
1560 1563
1560 1561
1561 1564
1564 1565
1565 1569
1566 1567
1567 1569
1567 1571
1568 1569
1572 1573
1573 1578
1574 1575
1574 1578
1575 1576
1576 1581
1577 1598
1578 1579
1579 1580
1580 1581
1582 1583
1583 1585
1584 1585
1588 1603
1589 1590
1591 1592
1599 1600
1601 1602
1602 1603
1604 1605
1606 1607
