0 1822
0 1698
0 1821
1 2
1 65
1 112
2 113
2 65
3 4
3 8
3 96
4 9
4 1997
5 95
5 6
5 9
6 7
6 95
7 8
7 234
8 96
9 1998
10 95
10 1501
10 1978
11 12
11 93
11 1666
12 94
12 517
13 14
13 1486
14 1446
14 1832
15 1257
15 423
15 1254
16 17
16 107
16 109
17 18
17 1344
18 108
18 104
19 106
19 105
19 216
20 107
20 106
20 253
21 1517
21 138
22 346
22 390
22 1352
23 24
23 54
23 55
24 25
24 314
25 1342
25 26
26 161
26 58
26 63
27 28
27 33
27 100
27 50
28 100
28 97
28 1492
29 146
29 1488
29 97
29 347
30 1491
30 1490
30 1495
30 1494
31 32
31 1494
31 1497
31 504
32 1500
32 1411
33 122
33 100
34 374
34 1502
34 1498
35 424
35 128
35 1502
36 37
36 1022
37 121
37 51
38 39
38 121
38 143
39 355
39 1508
39 40
40 1019
40 41
41 42
41 171
42 162
42 1019
43 326
43 44
43 162
44 1351
44 346
45 89
45 46
45 161
46 47
46 124
47 177
47 48
48 49
48 133
49 50
49 123
50 89
51 136
51 52
52 125
52 53
52 128
53 183
53 174
54 172
54 60
54 63
55 182
55 1798
56 153
56 117
56 1797
57 1902
57 1334
57 1663
58 61
58 1342
59 143
59 126
59 163
60 134
60 172
61 62
61 87
62 130
62 398
63 134
64 117
64 164
64 173
65 1135
66 67
66 1135
66 888
67 69
67 68
68 69
68 72
69 70
70 71
70 73
71 135
71 73
72 888
72 1367
73 1365
74 148
74 77
74 1106
75 139
75 141
75 150
76 837
76 77
76 139
77 1106
78 1841
78 79
78 149
79 1842
80 976
80 1307
80 1240
81 977
81 1661
81 1660
82 974
82 84
82 970
83 494
83 574
83 1990
85 129
85 146
85 132
86 1781
86 1786
86 1791
87 1339
87 88
88 89
90 1313
90 1697
91 1455
91 1456
91 1453
92 1458
92 1461
92 1456
92 1457
93 1501
94 1486
94 1832
94 469
96 1500
97 336
98 151
98 1488
98 1800
99 151
99 1491
99 475
100 1354
101 1346
101 390
101 1018
102 1021
102 1015
102 1351
103 108
103 1357
103 1359
104 105
104 108
105 216
106 253
107 109
109 1517
110 111
110 113
110 1822
111 112
111 114
112 114
113 1821
114 877
114 1337
115 1509
115 802
116 173
116 127
116 142
117 1745
117 174
117 185
118 185
118 179
118 160
118 126
119 136
119 184
119 143
120 1018
120 1523
120 158
120 1021
121 378
122 1498
122 1356
123 374
123 1812
124 127
124 167
125 1812
125 133
126 169
127 188
128 1507
129 1783
129 132
130 1332
130 465
131 476
131 145
131 1751
132 1784
133 183
134 154
135 1367
135 1113
136 160
137 1206
137 804
138 969
139 842
140 1784
140 1789
140 1790
141 150
141 148
142 188
142 154
144 830
144 817
144 150
145 498
145 476
145 1790
146 427
147 1332
147 574
147 454
148 870
149 494
149 1990
151 485
152 1352
152 1353
152 418
153 158
153 1806
153 1745
154 187
155 747
156 1896
156 1894
156 1895
157 382
157 1467
157 1608
158 180
159 168
159 162
159 171
160 166
161 188
163 168
163 171
164 183
164 177
165 186
165 175
165 181
166 176
166 174
167 177
167 173
168 169
169 178
170 175
172 182
175 185
178 181
178 1393
181 1806
182 1797
187 188
187 1401
189 227
189 196
189 1605
190 230
190 366
190 207
190 222
191 1605
191 1544
191 1607
192 245
192 397
192 231
193 212
193 1934
193 201
193 1609
194 234
194 1607
194 1606
195 213
195 243
195 1051
196 1605
196 202
197 232
197 228
197 1473
198 918
198 200
198 916
199 1932
199 243
199 224
200 612
200 1053
201 245
201 310
202 207
202 210
203 220
203 631
203 214
204 242
204 218
204 228
205 224
205 220
205 626
206 214
206 232
206 617
207 1935
207 380
208 344
208 230
208 233
209 355
209 1802
209 331
210 575
210 236
211 1263
211 647
211 650
212 239
212 223
213 1569
213 226
214 632
215 238
215 1769
215 219
216 244
217 949
217 948
217 645
218 236
218 228
219 1028
219 237
219 391
221 235
221 1562
221 246
221 1931
222 230
222 239
223 239
223 1935
224 1933
225 304
225 1263
226 608
226 612
227 240
227 437
228 1473
229 948
229 235
229 1623
231 399
231 355
231 367
232 1029
233 429
233 1016
234 468
235 1931
236 240
237 1394
237 244
238 1026
238 1019
240 1473
241 922
241 246
241 1939
241 919
242 1025
242 1695
243 606
244 251
245 332
246 922
247 249
247 337
247 250
247 901
248 251
248 968
248 323
249 901
249 903
249 337
250 898
250 899
251 253
252 898
252 363
252 968
252 896
254 937
254 256
254 649
255 1099
255 1059
255 283
255 966
256 263
256 649
257 1710
258 282
259 291
259 266
259 1648
260 264
260 279
260 288
261 751
261 1069
261 268
262 716
262 271
262 286
262 722
263 645
263 643
264 966
264 283
265 270
265 1230
265 277
266 1179
266 1654
267 980
267 779
267 1080
268 1068
268 737
269 276
269 286
269 740
270 748
270 275
271 281
271 719
272 1549
272 769
272 1232
273 422
273 287
273 291
274 1767
274 285
274 1768
275 748
275 1899
276 713
276 279
277 745
277 287
277 1230
278 282
278 285
278 1710
279 288
280 984
280 752
280 1971
281 284
281 733
282 1768
283 1768
285 1767
286 721
286 725
287 742
288 292
289 290
289 292
289 1767
290 1762
290 292
291 1180
293 301
293 1630
293 1463
294 297
294 1093
294 295
295 1912
295 306
296 305
296 297
296 1582
297 302
298 303
298 300
298 307
299 306
299 1043
299 302
300 1043
300 309
301 308
301 1631
302 306
303 304
303 1909
304 1914
305 1630
305 309
307 1464
307 309
308 308
310 351
310 325
311 1301
311 1310
311 360
312 652
312 1574
312 1410
313 1344
313 396
313 373
314 349
314 1796
315 337
315 323
315 542
315 363
316 428
316 400
316 1142
316 1004
317 371
318 1147
319 896
319 363
319 392
319 897
320 1598
320 430
320 635
321 1574
321 1409
322 677
322 381
322 661
324 442
324 669
324 638
325 1611
325 342
325 351
326 346
326 1853
327 1237
327 1415
327 1422
328 428
328 409
328 1130
329 365
329 384
329 1091
330 1933
330 439
330 627
333 1827
333 1664
333 379
333 410
334 356
335 370
335 350
338 362
338 669
338 637
338 1573
339 415
339 412
339 1853
340 1394
340 418
340 1542
341 437
342 424
342 408
343 1518
343 373
343 1522
344 366
344 420
345 1145
347 366
347 1499
348 1879
348 354
348 1967
349 372
349 410
350 1097
351 408
352 375
352 1413
352 507
353 384
353 357
353 1275
354 1885
354 1618
356 397
356 399
357 377
357 1469
358 391
358 602
358 580
359 694
359 369
359 1945
360 431
360 1748
361 431
361 1839
362 376
362 627
362 1594
362 698
364 426
364 528
364 1753
365 1642
365 422
367 617
367 391
367 1747
368 1660
368 977
368 1306
368 978
369 655
369 675
370 1703
370 1038
371 408
371 378
372 1345
372 401
373 410
373 396
374 1812
375 512
375 1415
376 414
376 439
377 1274
377 1815
378 399
379 1331
379 444
380 1499
381 1048
381 402
382 1274
382 1860
383 423
383 413
383 489
384 416
385 1147
385 440
385 1392
385 1390
386 705
386 1703
386 952
387 767
387 1465
387 436
388 419
388 437
388 635
389 1144
389 426
389 1140
389 1390
390 401
391 406
392 1701
392 1753
393 411
393 655
393 656
394 1599
394 405
394 685
395 1997
395 404
395 1411
396 1735
397 408
398 432
398 454
400 1142
400 440
401 1518
402 1599
402 629
403 1618
403 1865
403 1617
404 425
404 1412
405 1150
405 1598
406 542
406 417
407 1945
407 1946
407 672
411 684
412 1541
412 415
413 433
413 462
414 1590
414 1589
415 1542
416 435
416 1090
417 601
417 1907
418 1361
419 635
419 430
421 428
422 1636
423 1832
424 429
425 434
425 1411
426 1390
428 1119
429 1609
429 1614
430 1633
431 1750
432 1331
432 452
433 1237
433 463
434 1413
434 1892
436 767
436 1636
438 1735
439 642
440 1145
441 1142
442 1150
442 1402
443 1665
443 1902
443 1334
444 446
444 1830
445 1202
446 455
446 1202
447 1827
447 1201
447 448
447 1829
449 1664
449 1665
449 1795
450 457
451 457
451 459
451 458
452 456
452 455
453 459
454 457
455 1224
459 1224
460 466
460 959
461 485
463 1981
463 477
464 500
465 1338
466 508
467 1886
467 510
467 497
469 1635
469 1449
470 519
471 486
472 496
472 487
472 1441
473 480
473 512
473 1425
474 514
475 504
475 492
476 482
476 514
477 1983
478 502
478 516
478 1442
479 491
479 1788
479 482
480 1434
480 1046
481 488
481 498
481 493
482 495
483 1423
483 1417
483 1415
484 513
484 499
484 498
485 500
486 487
486 515
487 1434
487 506
490 508
491 518
491 1788
494 520
495 1792
495 514
496 507
496 1413
497 504
497 1886
500 511
501 1429
501 1436
501 1435
502 1440
502 1430
503 1666
505 1791
507 512
508 803
509 1635
510 510
515 519
516 1436
516 1437
520 1792
520 572
521 523
521 995
521 1098
522 530
523 527
523 1098
524 524
524 532
525 530
525 535
525 532
526 529
526 534
526 1006
527 528
527 967
528 999
529 533
529 530
531 535
532 1392
535 1098
536 557
536 551
536 561
537 541
537 911
537 907
538 569
538 555
538 556
539 564
540 561
540 557
540 912
542 567
543 562
543 1168
543 568
544 905
545 1395
546 547
546 563
546 568
547 564
547 558
548 550
548 1395
548 555
549 908
549 564
549 910
550 1056
550 904
551 554
551 915
552 1056
553 562
554 1058
554 1399
555 570
557 912
559 567
560 566
561 568
562 566
565 567
566 571
568 571
571 1701
572 577
572 576
573 577
574 576
575 1747
575 1695
576 577
578 1082
578 590
578 1622
579 602
579 601
579 583
580 584
580 597
581 611
581 608
581 593
582 592
583 586
583 597
584 603
584 601
585 606
585 1561
585 592
587 597
588 1404
588 604
588 1405
589 599
589 609
589 598
590 605
590 593
591 607
592 1563
593 608
594 603
595 949
596 1050
596 1053
596 938
598 612
598 1572
600 1561
602 1398
603 1562
604 1803
604 1946
606 626
607 1083
607 1082
608 1051
610 1082
611 1404
611 1932
613 619
613 634
613 622
614 640
614 634
614 625
615 633
615 1848
615 1849
616 638
617 626
618 638
618 623
620 622
621 624
621 641
621 627
622 640
623 634
623 625
625 1149
627 637
628 633
628 1603
628 664
628 700
630 632
632 641
633 1624
636 640
637 641
639 1402
639 1407
639 1592
643 645
643 647
644 649
644 646
644 934
645 648
646 933
646 651
647 650
648 650
648 949
651 937
651 941
652 657
652 686
653 703
654 1576
654 667
654 1036
655 679
656 662
656 673
657 690
657 1410
657 700
658 661
658 686
658 1602
659 682
659 697
659 667
660 670
660 699
660 693
661 688
662 675
662 1594
663 692
664 671
664 1602
665 687
665 681
665 689
666 674
666 678
666 701
667 1576
667 683
668 1408
668 685
668 703
669 692
670 680
670 682
670 1574
674 1955
674 683
675 1597
676 697
678 680
678 702
680 690
681 689
681 1575
681 1038
682 687
682 1036
683 702
684 1573
685 691
686 1604
686 1047
687 1575
689 693
689 699
690 1410
691 695
691 1406
692 1406
693 1573
696 699
697 702
700 1604
703 1047
704 1260
705 706
705 1256
706 707
706 1616
708 728
708 719
708 718
708 722
709 711
710 1485
711 714
711 734
712 1485
713 721
713 1153
714 1155
714 1763
715 1485
715 737
715 1100
716 733
716 721
717 1763
718 724
718 735
719 727
720 1480
720 1154
720 1065
722 725
723 731
723 1708
723 1608
724 735
724 730
724 726
725 740
726 730
726 795
727 735
728 732
728 730
729 733
729 967
729 966
731 1163
731 739
736 737
738 1064
740 1477
741 766
741 752
741 1702
742 764
742 1230
743 781
743 770
743 763
744 753
744 1070
744 776
745 1638
745 748
746 751
746 760
746 1101
747 771
747 759
749 749
749 769
750 750
750 776
751 756
751 1483
752 782
753 785
753 758
754 770
754 768
754 790
755 776
756 775
756 774
757 783
757 777
757 780
759 1080
759 765
760 773
760 778
761 780
762 1641
762 1400
762 1637
764 1187
764 1974
765 768
765 779
767 1641
768 1228
769 786
770 796
771 1228
771 1227
772 1070
772 774
772 1071
773 778
773 774
777 1174
777 1893
778 1070
779 784
780 1187
781 1644
781 792
782 784
782 794
784 788
786 1227
786 1101
787 796
788 791
788 794
789 798
789 793
789 794
790 790
791 792
791 798
792 797
793 1089
793 1647
795 1232
795 956
796 1079
798 1646
799 1739
799 1658
799 1807
800 1659
801 1273
801 1269
802 803
802 1509
803 804
805 1733
806 1734
806 821
806 813
807 809
807 811
807 808
808 814
808 811
809 812
809 815
810 821
810 824
810 841
811 818
811 815
812 819
812 816
813 825
813 821
814 818
814 828
815 822
815 819
816 823
816 820
818 822
818 834
819 826
819 823
820 829
820 833
821 825
822 826
822 838
823 832
823 833
824 1103
824 836
825 830
826 831
826 844
827 868
828 834
828 850
829 840
829 843
830 841
831 839
831 832
832 835
833 845
833 843
834 849
834 838
835 845
835 839
836 847
836 855
837 888
837 1825
838 853
838 844
839 851
840 846
840 854
841 847
842 1824
842 1823
843 852
843 846
844 858
844 851
845 852
845 856
846 857
846 854
847 855
848 868
848 850
849 853
849 850
851 860
851 856
852 857
852 862
853 858
854 861
855 865
855 859
856 863
856 862
857 861
857 864
858 860
860 863
861 866
862 867
862 864
863 867
864 869
864 866
866 869
867 869
868 1337
870 871
870 874
871 875
871 873
872 1106
872 874
872 1363
873 876
873 1673
874 875
874 878
875 878
875 876
876 878
876 1675
877 969
877 1514
878 879
879 880
879 883
880 881
880 883
881 882
881 885
882 884
882 887
883 885
884 886
884 890
885 887
886 889
886 892
887 890
889 891
889 893
890 1696
891 894
891 1343
892 1696
892 893
893 1343
895 1135
895 1055
895 1474
896 899
896 897
897 899
897 900
898 899
900 901
900 902
901 903
902 903
903 904
904 905
905 906
906 909
906 908
908 909
909 910
910 911
911 915
912 930
913 1168
913 1059
913 929
914 923
915 920
916 917
916 921
917 918
917 919
917 921
918 919
918 926
919 926
920 1756
920 927
920 931
921 922
923 925
923 945
924 924
924 929
926 928
927 932
927 934
928 1947
928 1940
929 939
930 931
930 933
931 932
931 933
932 934
932 933
934 935
936 1947
936 940
936 1950
937 943
938 940
938 1949
939 942
939 941
940 1623
940 1622
941 943
941 946
943 944
944 947
944 1162
945 946
946 947
946 1162
948 949
950 1622
950 951
950 1081
950 1152
951 952
951 1596
952 1045
953 965
953 964
953 981
954 1169
954 965
954 1738
955 983
955 956
955 992
956 1080
957 960
957 1159
957 1158
958 1707
961 1996
961 1706
962 1992
962 981
962 965
963 997
963 992
963 964
967 999
968 969
970 1034
970 1035
971 1032
971 1035
972 975
973 1923
973 976
974 977
974 975
976 1661
976 978
978 1307
979 982
980 985
980 984
981 982
982 1995
983 991
983 992
983 985
984 986
985 988
986 990
986 988
987 989
987 990
987 1194
988 1737
989 1737
989 990
993 1194
994 1000
995 997
995 1000
996 998
997 998
998 1000
999 1168
1001 1002
1001 1007
1001 1867
1002 1010
1002 1387
1003 1379
1003 1009
1003 1383
1004 1111
1004 1161
1005 1008
1005 1381
1005 1006
1006 1159
1008 1009
1008 1380
1009 1382
1010 1379
1010 1386
1011 1111
1011 1160
1011 1110
1012 1238
1013 1032
1014 1017
1014 1018
1014 1346
1015 1018
1015 1021
1016 1356
1016 1354
1017 1020
1017 1523
1019 1802
1020 1798
1020 1523
1021 1532
1022 1507
1023 1695
1023 1747
1023 1025
1024 1025
1026 1027
1027 1802
1028 1769
1028 1847
1029 1031
1029 1030
1032 1033
1033 1034
1034 1035
1036 1037
1036 1577
1037 1575
1037 1040
1038 1039
1039 1976
1039 1088
1039 1086
1040 1088
1040 1041
1040 1085
1041 1086
1041 1087
1041 1976
1042 1087
1042 1944
1043 1044
1044 1044
1045 1705
1045 1954
1046 1438
1046 1434
1047 1102
1048 1049
1048 1601
1051 1052
1053 1054
1055 1674
1055 1343
1056 1057
1059 1060
1060 1061
1060 1062
1063 1066
1064 1480
1064 1066
1066 1067
1067 1067
1068 1071
1068 1899
1069 1101
1069 1078
1071 1899
1072 1076
1072 1549
1072 1077
1073 1074
1073 1100
1073 1157
1074 1075
1074 1157
1075 1156
1075 1078
1076 1157
1076 1077
1077 1156
1078 1156
1080 1232
1083 1151
1083 1084
1085 1668
1085 1578
1086 1087
1088 1575
1090 1986
1090 1988
1092 1095
1092 1914
1092 1094
1093 1097
1093 1094
1094 1585
1095 1096
1095 1587
1096 1584
1096 1097
1097 1583
1099 1163
1099 1708
1100 1731
1103 1104
1103 1376
1105 1165
1105 1160
1105 1108
1107 1108
1107 1109
1107 1114
1108 1166
1109 1110
1109 1112
1110 1111
1112 1118
1112 1114
1113 1362
1113 1363
1114 1115
1115 1118
1115 1117
1116 1117
1116 1384
1117 1120
1117 1121
1118 1119
1119 1122
1120 1123
1120 1122
1121 1126
1121 1125
1122 1123
1123 1126
1124 1127
1124 1144
1124 1388
1124 1512
1125 1128
1125 1129
1126 1128
1126 1130
1128 1131
1128 1132
1129 1131
1129 1134
1130 1132
1131 1133
1131 1138
1132 1136
1133 1139
1133 1137
1134 1139
1134 1141
1136 1137
1136 1143
1137 1140
1137 1146
1139 1140
1139 1141
1140 1146
1141 1144
1142 1145
1145 1147
1146 1147
1148 1149
1149 1150
1151 1152
1154 1762
1154 1155
1155 1713
1159 1707
1160 1164
1161 1387
1161 1381
1162 1163
1164 1165
1164 1166
1165 1166
1167 1706
1167 1707
1169 1968
1170 1178
1170 1177
1171 1176
1171 1766
1172 1183
1172 1173
1172 1979
1173 1183
1173 1174
1174 1175
1175 1897
1175 1236
1176 1236
1176 1226
1177 1178
1177 1766
1179 1651
1179 1266
1180 1184
1180 1181
1181 1182
1181 1186
1182 1183
1182 1276
1184 1265
1184 1185
1185 1265
1185 1186
1186 1979
1187 1894
1188 1189
1188 1975
1188 1972
1188 1973
1189 1193
1189 1190
1190 1191
1191 1970
1192 1193
1192 1897
1192 1898
1193 1898
1195 1326
1195 1739
1195 1813
1195 1658
1196 1197
1196 1813
1196 1846
1197 1225
1197 1813
1198 1199
1198 1225
1198 1836
1199 1200
1199 1316
1200 1223
1200 1203
1201 1317
1201 1202
1203 1317
1203 1316
1204 1205
1204 1222
1204 1210
1205 1212
1205 1211
1206 1207
1206 1993
1207 1511
1207 1208
1208 1315
1208 1209
1209 1210
1209 1928
1210 1211
1211 1699
1212 1963
1212 1322
1213 1834
1213 1221
1213 1214
1214 1326
1214 1216
1214 1215
1215 1216
1215 1739
1216 1810
1217 1218
1217 1883
1217 1219
1218 1837
1218 1219
1219 1833
1220 1318
1220 1833
1220 1225
1221 1837
1221 1834
1222 1318
1222 1314
1223 1835
1223 1317
1224 1835
1226 1766
1227 1551
1228 1229
1229 1230
1229 1231
1233 1234
1233 1898
1234 1235
1235 1236
1237 1826
1238 1241
1238 1242
1239 1924
1239 1242
1239 1841
1240 1243
1240 1840
1241 1826
1241 1751
1242 1751
1243 1841
1243 1924
1244 1245
1244 1457
1244 1545
1244 1546
1245 1460
1246 1248
1246 1255
1246 1247
1247 1255
1248 1253
1249 1915
1249 1252
1249 1631
1250 1251
1250 1628
1250 1916
1251 1253
1251 1915
1252 1463
1253 1283
1254 1255
1254 1742
1256 1260
1256 1622
1257 1957
1257 1258
1258 1277
1258 1259
1259 1451
1259 1261
1260 1910
1261 1628
1261 1280
1261 1916
1262 1852
1262 1279
1262 1820
1262 1281
1263 1620
1263 1910
1264 1621
1264 1615
1265 1266
1266 1267
1267 1268
1267 1269
1268 1470
1268 1270
1269 1273
1270 1273
1270 1271
1272 1815
1272 1984
1274 1919
1275 1984
1275 1965
1277 1927
1277 1916
1278 1281
1278 1279
1278 1634
1279 1626
1280 1744
1280 1282
1281 1282
1282 1851
1283 1284
1283 1957
1284 1925
1284 1285
1285 1926
1285 1927
1286 1752
1286 1289
1287 1752
1288 1290
1289 1291
1290 1319
1291 1292
1292 1320
1293 1319
1293 1883
1293 1882
1294 1298
1295 1296
1295 1298
1295 1311
1296 1310
1296 1311
1297 1304
1298 1299
1299 1302
1299 1303
1300 1301
1300 1311
1300 1310
1301 1302
1302 1303
1303 1305
1304 1305
1304 1306
1305 1306
1307 1922
1308 1327
1308 1309
1308 1839
1309 1750
1312 1313
1312 1461
1314 1318
1314 1315
1315 1316
1319 1320
1320 1323
1321 1322
1321 1324
1322 1963
1323 1324
1323 1964
1324 1325
1326 1834
1328 1330
1329 1330
1330 1332
1331 1662
1333 1335
1335 1344
1335 1337
1336 1340
1336 1338
1336 1785
1338 1339
1339 1341
1341 1341
1342 1902
1345 1346
1347 1536
1347 1353
1347 1534
1348 1527
1348 1537
1348 1536
1349 1350
1349 1531
1349 1537
1350 1778
1350 1357
1351 1804
1352 1539
1353 1355
1354 1356
1355 1357
1355 1540
1357 1358
1358 1540
1359 1360
1359 1361
1363 1365
1364 1365
1366 1367
1368 1371
1369 1371
1370 1373
1371 1376
1372 1373
1373 1375
1374 1377
1375 1377
1375 1376
1377 1378
1379 1385
1381 1382
1382 1383
1383 1385
1384 1388
1385 1386
1386 1387
1388 1389
1391 1392
1394 1396
1395 1397
1402 1406
1403 1404
1409 1573
1412 1414
1412 2002
1416 1419
1417 1425
1417 1419
1418 1423
1419 1420
1421 1422
1422 1428
1423 1427
1424 1442
1425 1438
1426 1427
1426 1432
1426 1428
1427 1429
1428 1435
1429 1430
1430 1431
1433 1435
1436 1437
1437 1442
1438 1439
1439 1440
1443 1444
1444 1445
1444 1446
1446 1447
1448 1449
1449 1451
1450 1451
1452 1742
1452 1453
1452 1487
1453 1454
1454 1458
1454 1459
1455 1457
1455 1456
1456 1458
1458 1459
1459 1461
1460 1462
1460 1543
1463 1464
1465 1468
1465 1466
1467 1469
1467 1468
1468 1469
1468 1608
1470 1651
1471 1903
1471 1811
1472 1811
1472 1906
1472 1810
1475 1476
1476 1477
1476 1479
1477 1478
1480 1481
1481 1481
1482 1483
1483 1484
1488 1489
1490 1493
1491 1495
1493 1494
1495 1497
1496 1498
1499 1500
1502 1503
1503 1504
1503 1505
1506 1507
1510 1960
1511 1961
1511 1994
1512 1673
1512 1867
1513 1822
1515 1516
1516 1519
1516 1517
1518 1520
1521 1522
1522 1529
1523 1524
1525 1529
1525 1528
1525 1535
1526 1536
1526 1534
1526 1527
1527 1530
1528 1533
1528 1778
1529 1777
1530 1537
1530 1531
1531 1777
1534 1538
1535 1778
1535 1777
1539 1541
1542 1853
1547 1556
1547 1554
1547 1558
1548 1559
1548 1572
1548 1566
1549 1550
1552 1557
1553 1558
1554 1554
1555 1559
1556 1557
1556 1560
1557 1559
1558 1561
1562 1566
1563 1565
1563 1568
1564 1566
1567 1568
1568 1569
1569 1570
1571 1572
1576 1577
1577 1819
1578 1819
1578 1943
1579 1943
1579 1581
1579 1816
1580 1581
1581 1582
1582 1630
1585 1586
1585 1588
1590 1946
1590 1591
1593 1596
1594 1595
1596 1803
1598 1848
1599 1600
1602 1603
1603 1604
1606 1607
1609 1610
1610 1612
1610 1614
1611 1614
1611 1612
1612 1613
1618 1868
1619 1868
1619 1621
1619 1620
1620 1621
1623 1931
1624 1850
1624 1625
1625 1820
1625 1626
1625 1850
1626 1632
1627 1629
1627 1911
1627 1631
1628 1915
1628 1629
1629 1744
1632 1633
1632 1634
1633 1849
1634 1851
1635 1851
1636 1640
1637 1638
1637 1640
1638 1639
1640 1641
1642 1642
1643 1644
1644 1974
1645 1646
1646 1973
1648 1649
1648 1650
1651 1652
1653 1654
1654 1986
1655 1656
1656 1657
1656 1846
1657 1845
1657 1844
1658 1659
1659 1845
1660 1661
1662 1663
1662 1664
1663 1665
1666 1667
1668 1944
1668 1669
1669 1670
1669 1671
1670 1672
1670 1943
1671 1672
1673 1675
1674 1680
1674 1681
1675 1680
1676 1684
1676 1694
1676 1679
1677 1685
1677 1687
1677 1694
1678 1681
1678 1692
1678 1682
1678 1687
1679 1680
1679 1682
1681 1696
1682 1690
1683 1685
1683 1686
1683 1689
1684 1688
1684 1693
1685 1693
1686 1691
1686 1689
1687 1691
1688 1690
1688 1692
1689 1692
1690 1691
1693 1694
1698 1958
1698 1961
1699 1963
1700 1701
1703 1704
1704 1942
1704 1705
1705 1942
1706 1995
1708 1709
1710 1712
1711 1712
1713 1731
1713 1729
1714 1729
1714 1726
1714 1727
1715 1723
1715 1725
1715 1726
1716 1718
1716 1717
1716 1719
1717 1718
1717 1728
1718 1720
1719 1720
1719 1721
1720 1722
1721 1722
1721 1723
1722 1724
1723 1724
1724 1725
1725 1727
1726 1727
1729 1730
1731 1732
1733 1734
1735 1736
1737 1738
1739 1808
1740 1808
1740 1809
1740 1814
1741 1743
1742 1743
1744 1852
1745 1746
1748 1922
1748 1749
1749 1750
1749 1843
1753 1754
1755 1756
1755 1758
1756 1759
1757 1761
1757 1758
1757 1759
1758 1759
1759 1760
1762 1764
1763 1764
1764 1765
1769 1772
1770 1847
1770 1771
1770 1775
1772 1774
1772 1773
1773 1774
1773 1847
1774 1775
1775 1776
1779 1782
1779 1784
1779 1783
1780 1782
1780 1781
1781 1789
1783 1786
1785 1791
1785 1787
1786 1787
1787 1791
1788 1790
1789 1790
1792 1793
1793 1794
1795 1796
1797 1798
1799 1800
1800 1801
1803 1945
1804 1805
1804 1806
1807 1921
1807 1814
1808 1809
1809 1906
1810 1905
1816 1817
1816 1819
1817 1818
1817 1911
1818 1913
1818 1820
1821 1822
1823 1824
1827 1828
1829 1830
1831 1867
1833 1837
1835 1836
1836 1846
1838 1839
1840 1842
1840 1841
1842 1843
1843 1922
1844 1845
1848 1849
1850 1955
1852 1913
1854 1868
1854 1869
1854 1855
1856 1872
1857 1962
1857 1858
1857 1871
1858 1962
1858 1859
1859 1877
1859 1862
1860 1874
1860 1861
1861 1875
1861 1900
1862 1875
1862 1876
1863 1877
1864 1876
1865 1907
1865 1866
1869 1870
1870 1872
1870 1871
1871 1872
1873 1971
1874 1879
1874 1875
1876 1962
1876 1900
1877 1878
1878 1879
1878 1880
1880 1881
1880 1884
1882 1905
1882 1883
1884 1885
1886 1892
1887 1890
1888 1891
1889 1890
1890 1891
1891 1892
1894 1974
1896 1975
1896 1972
1897 1972
1900 1901
1901 1918
1903 1904
1904 1905
1907 1908
1910 1914
1911 1913
1917 1919
1917 1920
1918 1919
1923 1924
1927 1957
1928 1929
1930 1931
1932 1933
1934 1938
1934 1937
1935 1936
1936 1937
1936 1938
1937 1938
1941 1942
1947 1951
1947 1948
1951 1952
1951 1953
1955 1956
1958 1960
1958 1961
1959 1993
1959 1994
1959 1960
1965 1966
1968 1989
1969 1970
1970 1971
1973 1975
1976 1977
1980 1981
1981 1983
1982 1983
1984 1985
1986 1987
1990 1991
1992 1996
1993 1994
1995 1996
1997 1998
1998 2002
1999 2001
2000 2001
2001 2002
